trade_date,entry_time,exit_time,model_version,account,strategy_name,bot_name,ab_mode,symbol,instrument,direction,contracts,entry_price,exit_price,gross_pnl,net_pnl,ticks,win_loss,exit_reason,initial_stop_price,initial_stop_distance,export_timestamp
2026-04-30,2026-04-30 03:15:00,2026-04-30 03:25:00,OG,SimADX Gu5,AdxDiCrossBracketOG,OG_AdxDiCrossBracketOG,OG,NQ,NQ JUN26,LONG,1,27326.50,27305.50,-420.00,-420.00,-84.0,LOSS,STOP_HIT,27299.00,550.00,2026-05-05 19:29:57
2026-04-30,2026-04-30 11:05:00,2026-04-30 11:25:00,OG,SimADX Gu5,AdxDiCrossBracketOG,OG_AdxDiCrossBracketOG,OG,NQ,NQ JUN26,LONG,1,27359.25,27382.75,470.00,470.00,94.0,WIN,STOP_HIT,27300.25,1180.00,2026-05-05 19:29:57
2026-05-01,2026-05-01 03:20:00,2026-05-01 03:30:00,OG,SimADX Gu5,AdxDiCrossBracketOG,OG_AdxDiCrossBracketOG,OG,NQ,NQ JUN26,LONG,1,27617.75,27608.25,-190.00,-190.00,-38.0,LOSS,STOP_HIT,27608.00,195.00,2026-05-05 19:29:57
2026-05-01,2026-05-01 11:10:00,2026-05-01 11:15:00,OG,SimADX Gu5,AdxDiCrossBracketOG,OG_AdxDiCrossBracketOG,OG,NQ,NQ JUN26,SHORT,1,27795.75,27835.50,-795.00,-795.00,-159.0,LOSS,STOP_HIT,27835.50,795.00,2026-05-05 19:29:57
2026-05-01,2026-05-01 11:20:00,2026-05-01 11:40:00,OG,SimADX Gu5,AdxDiCrossBracketOG,OG_AdxDiCrossBracketOG,OG,NQ,NQ JUN26,LONG,1,27836.75,27877.00,805.00,805.00,161.0,WIN,TARGET_HIT,27797.00,795.00,2026-05-05 19:29:57
2026-05-04,2026-05-04 03:25:00,2026-05-04 03:35:00,OG,SimADX Gu5,AdxDiCrossBracketOG,OG_AdxDiCrossBracketOG,OG,NQ,NQ JUN26,LONG,1,27940.25,27929.75,-210.00,-210.00,-42.0,LOSS,STOP_HIT,27926.50,275.00,2026-05-05 19:29:57
2026-05-04,2026-05-04 14:05:00,2026-05-04 14:15:00,OG,SimADX Gu5,AdxDiCrossBracketOG,OG_AdxDiCrossBracketOG,OG,NQ,NQ JUN26,LONG,1,27792.25,27791.00,-25.00,-25.00,-5.0,LOSS,STOP_HIT,27759.25,660.00,2026-05-05 19:29:57
2026-05-04,2026-05-04 14:25:00,2026-05-04 14:30:00,OG,SimADX Gu5,AdxDiCrossBracketOG,OG_AdxDiCrossBracketOG,OG,NQ,NQ JUN26,SHORT,1,27774.25,27763.75,210.00,210.00,42.0,WIN,STOP_HIT,27805.00,615.00,2026-05-05 19:29:57
2026-05-04,2026-05-04 03:25:00,2026-05-04 03:35:00,OG,SimADX1,AdxDiCrossBracketOG,OG_AdxDiCrossBracketOG,OG,NQ,NQ JUN26,LONG,1,27940.25,27929.75,-210.00,-210.00,-42.0,LOSS,STOP_HIT,27926.50,275.00,2026-05-07 07:27:48
2026-05-04,2026-05-04 14:05:00,2026-05-04 14:15:00,OG,SimADX1,AdxDiCrossBracketOG,OG_AdxDiCrossBracketOG,OG,NQ,NQ JUN26,LONG,1,27792.25,27791.00,-25.00,-25.00,-5.0,LOSS,STOP_HIT,27759.25,660.00,2026-05-07 07:27:48
2026-05-04,2026-05-04 14:25:00,2026-05-04 14:30:00,OG,SimADX1,AdxDiCrossBracketOG,OG_AdxDiCrossBracketOG,OG,NQ,NQ JUN26,SHORT,1,27774.25,27763.75,210.00,210.00,42.0,WIN,STOP_HIT,27805.00,615.00,2026-05-07 07:27:48
2026-05-06,2026-05-06 09:55:00,2026-05-06 09:55:00,OG,SimADX1,AdxDiCrossBracketOG,OG_AdxDiCrossBracketOG,OG,NQ,NQ JUN26,LONG,1,28468.75,28425.25,-870.00,-870.00,-174.0,LOSS,STOP_HIT,28425.25,870.00,2026-05-07 07:27:48
2026-05-06,2026-05-06 10:00:00,2026-05-06 10:05:00,OG,SimADX1,AdxDiCrossBracketOG,OG_AdxDiCrossBracketOG,OG,NQ,NQ JUN26,SHORT,1,28495.25,28449.00,925.00,925.00,185.0,WIN,TARGET_HIT,28541.50,925.00,2026-05-07 07:27:48
2026-05-06,2026-05-06 10:55:00,2026-05-06 11:15:00,OG,SimADX1,AdxDiCrossBracketOG,OG_AdxDiCrossBracketOG,OG,NQ,NQ JUN26,LONG,1,28536.50,28536.25,-5.00,-5.00,-1.0,LOSS,STOP_HIT,28488.75,955.00,2026-05-07 07:27:48
2026-05-07,2026-05-07 04:35:00,2026-05-07 04:55:00,OG,SimADX1,AdxDiCrossBracketOG,OG_AdxDiCrossBracketOG,OG,NQ,NQ JUN26,SHORT,1,28747.25,28747.25,0.00,0.00,0.0,SCRATCH,STOP_HIT,28769.25,440.00,2026-05-07 07:27:48
2026-05-04,2026-05-04 03:25:00,2026-05-04 03:35:00,OG,SimADX1,AdxDiCrossBracketOG 5m Trinity false,OG_AdxDiCrossBracketOG,OG,NQ,NQ JUN26,LONG,1,27940.25,27929.75,-210.00,-210.00,-42.0,LOSS,STOP_HIT,27926.50,275.00,2026-05-07 08:40:05
2026-05-04,2026-05-04 14:05:00,2026-05-04 14:15:00,OG,SimADX1,AdxDiCrossBracketOG 5m Trinity false,OG_AdxDiCrossBracketOG,OG,NQ,NQ JUN26,LONG,1,27792.25,27791.00,-25.00,-25.00,-5.0,LOSS,STOP_HIT,27759.25,660.00,2026-05-07 08:40:05
2026-05-04,2026-05-04 14:25:00,2026-05-04 14:30:00,OG,SimADX1,AdxDiCrossBracketOG 5m Trinity false,OG_AdxDiCrossBracketOG,OG,NQ,NQ JUN26,SHORT,1,27774.25,27763.75,210.00,210.00,42.0,WIN,STOP_HIT,27805.00,615.00,2026-05-07 08:40:05
2026-05-06,2026-05-06 09:55:00,2026-05-06 09:55:00,OG,SimADX1,AdxDiCrossBracketOG 5m Trinity false,OG_AdxDiCrossBracketOG,OG,NQ,NQ JUN26,LONG,1,28468.75,28425.25,-870.00,-870.00,-174.0,LOSS,STOP_HIT,28425.25,870.00,2026-05-07 08:40:05
2026-05-06,2026-05-06 10:00:00,2026-05-06 10:05:00,OG,SimADX1,AdxDiCrossBracketOG 5m Trinity false,OG_AdxDiCrossBracketOG,OG,NQ,NQ JUN26,SHORT,1,28495.25,28449.00,925.00,925.00,185.0,WIN,TARGET_HIT,28541.50,925.00,2026-05-07 08:40:05
2026-05-06,2026-05-06 10:55:00,2026-05-06 11:15:00,OG,SimADX1,AdxDiCrossBracketOG 5m Trinity false,OG_AdxDiCrossBracketOG,OG,NQ,NQ JUN26,LONG,1,28536.50,28536.25,-5.00,-5.00,-1.0,LOSS,STOP_HIT,28488.75,955.00,2026-05-07 08:40:05
2026-05-07,2026-05-07 04:35:00,2026-05-07 04:55:00,OG,SimADX1,AdxDiCrossBracketOG 5m Trinity false,OG_AdxDiCrossBracketOG,OG,NQ,NQ JUN26,SHORT,1,28747.25,28747.25,0.00,0.00,0.0,SCRATCH,STOP_HIT,28769.25,440.00,2026-05-07 08:40:05
2026-05-04,2026-05-04 03:25:00,2026-05-04 03:35:00,OG,SimADX1,AdxDiCrossBracketOG 5m Trinity false,OG_AdxDiCrossBracketOG,OG,NQ,NQ JUN26,LONG,1,27940.25,27929.75,-210.00,-210.00,-42.0,LOSS,STOP_HIT,27926.50,275.00,2026-05-07 08:46:58
2026-05-04,2026-05-04 14:05:00,2026-05-04 14:15:00,OG,SimADX1,AdxDiCrossBracketOG 5m Trinity false,OG_AdxDiCrossBracketOG,OG,NQ,NQ JUN26,LONG,1,27792.25,27791.00,-25.00,-25.00,-5.0,LOSS,STOP_HIT,27759.25,660.00,2026-05-07 08:46:58
2026-05-04,2026-05-04 14:25:00,2026-05-04 14:30:00,OG,SimADX1,AdxDiCrossBracketOG 5m Trinity false,OG_AdxDiCrossBracketOG,OG,NQ,NQ JUN26,SHORT,1,27774.25,27763.75,210.00,210.00,42.0,WIN,STOP_HIT,27805.00,615.00,2026-05-07 08:46:58
2026-05-06,2026-05-06 09:55:00,2026-05-06 09:55:00,OG,SimADX1,AdxDiCrossBracketOG 5m Trinity false,OG_AdxDiCrossBracketOG,OG,NQ,NQ JUN26,LONG,1,28468.75,28425.25,-870.00,-870.00,-174.0,LOSS,STOP_HIT,28425.25,870.00,2026-05-07 08:46:58
2026-05-06,2026-05-06 10:00:00,2026-05-06 10:05:00,OG,SimADX1,AdxDiCrossBracketOG 5m Trinity false,OG_AdxDiCrossBracketOG,OG,NQ,NQ JUN26,SHORT,1,28495.25,28449.00,925.00,925.00,185.0,WIN,TARGET_HIT,28541.50,925.00,2026-05-07 08:46:58
2026-05-06,2026-05-06 10:55:00,2026-05-06 11:15:00,OG,SimADX1,AdxDiCrossBracketOG 5m Trinity false,OG_AdxDiCrossBracketOG,OG,NQ,NQ JUN26,LONG,1,28536.50,28536.25,-5.00,-5.00,-1.0,LOSS,STOP_HIT,28488.75,955.00,2026-05-07 08:46:58
2026-05-07,2026-05-07 04:35:00,2026-05-07 04:55:00,OG,SimADX1,AdxDiCrossBracketOG 5m Trinity false,OG_AdxDiCrossBracketOG,OG,NQ,NQ JUN26,SHORT,1,28747.25,28747.25,0.00,0.00,0.0,SCRATCH,STOP_HIT,28769.25,440.00,2026-05-07 08:46:58
2026-01-02,2026-01-02 14:20:00,2026-01-02 14:35:00,OG,Backtest,AdxDiCrossBracketOG,OG_AdxDiCrossBracketOG,OG,NQ,NQ JUN26,LONG,1,25595.75,25633.00,740.64,736.28,147.3,WIN,TARGET_HIT,25557.00,775.00,2026-05-07 09:17:07
2026-01-05,2026-01-05 12:30:00,2026-01-05 13:10:00,OG,Backtest,AdxDiCrossBracketOG,OG_AdxDiCrossBracketOG,OG,NQ,NQ JUN26,SHORT,1,25838.50,25812.50,515.64,511.28,102.3,WIN,TARGET_HIT,25868.00,590.00,2026-05-07 09:17:07
2026-01-06,2026-01-06 11:00:00,2026-01-06 11:05:00,OG,Backtest,AdxDiCrossBracketOG,OG_AdxDiCrossBracketOG,OG,NQ,NQ JUN26,SHORT,1,25908.50,25880.75,550.64,546.28,109.3,WIN,TARGET_HIT,25938.25,595.00,2026-05-07 09:17:07
2026-01-07,2026-01-07 09:50:00,2026-01-07 09:50:00,OG,Backtest,AdxDiCrossBracketOG,OG_AdxDiCrossBracketOG,OG,NQ,NQ JUN26,LONG,1,26064.50,26079.75,300.64,296.28,59.3,WIN,TARGET_HIT,26047.25,345.00,2026-05-07 09:17:07
2026-01-09,2026-01-09 09:45:00,2026-01-09 09:50:00,OG,Backtest,AdxDiCrossBracketOG,OG_AdxDiCrossBracketOG,OG,NQ,NQ JUN26,LONG,1,25965.75,25936.75,-584.36,-588.72,-117.7,LOSS,STOP_HIT,25938.00,555.00,2026-05-07 09:17:07
2026-01-09,2026-01-09 09:55:00,2026-01-09 09:55:00,OG,Backtest,AdxDiCrossBracketOG,OG_AdxDiCrossBracketOG,OG,NQ,NQ JUN26,SHORT,1,25912.50,25949.00,-734.36,-738.72,-147.7,LOSS,STOP_HIT,25947.75,705.00,2026-05-07 09:17:07
2026-01-16,2026-01-16 11:30:00,2026-01-16 11:35:00,OG,Backtest,AdxDiCrossBracketOG,OG_AdxDiCrossBracketOG,OG,NQ,NQ JUN26,LONG,1,25912.25,25924.50,240.64,236.28,47.3,WIN,STOP_HIT,25874.75,750.00,2026-05-07 09:17:07
2026-01-20,2026-01-20 10:50:00,2026-01-20 10:55:00,OG,Backtest,AdxDiCrossBracketOG,OG_AdxDiCrossBracketOG,OG,NQ,NQ JUN26,LONG,1,25598.75,25558.75,-804.36,-808.72,-161.7,LOSS,STOP_HIT,25550.75,960.00,2026-05-07 09:17:07
2026-01-21,2026-01-21 11:45:00,2026-01-21 11:45:00,OG,Backtest,AdxDiCrossBracketOG,OG_AdxDiCrossBracketOG,OG,NQ,NQ JUN26,SHORT,1,25543.00,25505.75,740.64,736.28,147.3,WIN,TARGET_HIT,25582.25,785.00,2026-05-07 09:17:07
2026-01-21,2026-01-21 13:55:00,2026-01-21 14:05:00,OG,Backtest,AdxDiCrossBracketOG,OG_AdxDiCrossBracketOG,OG,NQ,NQ JUN26,LONG,1,25481.00,25489.75,170.64,166.28,33.3,WIN,STOP_HIT,25433.00,960.00,2026-05-07 09:17:07
2026-01-27,2026-01-27 12:35:00,2026-01-27 12:40:00,OG,Backtest,AdxDiCrossBracketOG,OG_AdxDiCrossBracketOG,OG,NQ,NQ JUN26,LONG,1,26293.00,26289.50,-74.36,-78.72,-15.7,LOSS,STOP_HIT,26274.25,375.00,2026-05-07 09:17:07
2026-01-28,2026-01-28 10:55:00,2026-01-28 11:15:00,OG,Backtest,AdxDiCrossBracketOG,OG_AdxDiCrossBracketOG,OG,NQ,NQ JUN26,SHORT,1,26394.50,26395.75,-29.36,-33.72,-6.7,LOSS,STOP_HIT,26429.00,690.00,2026-05-07 09:17:07
2026-01-29,2026-01-29 13:00:00,2026-01-29 13:05:00,OG,Backtest,AdxDiCrossBracketOG,OG_AdxDiCrossBracketOG,OG,NQ,NQ JUN26,SHORT,1,25965.00,26015.25,-1009.36,-1013.72,-202.7,LOSS,STOP_HIT,26014.00,980.00,2026-05-07 09:17:07
2026-02-03,2026-02-03 09:50:00,2026-02-03 09:50:00,OG,Backtest,AdxDiCrossBracketOG,OG_AdxDiCrossBracketOG,OG,NQ,NQ JUN26,SHORT,1,25960.00,25999.25,-789.36,-793.72,-158.7,LOSS,STOP_HIT,25998.00,760.00,2026-05-07 09:17:07
2026-02-05,2026-02-05 11:40:00,2026-02-05 11:50:00,OG,Backtest,AdxDiCrossBracketOG,OG_AdxDiCrossBracketOG,OG,NQ,NQ JUN26,LONG,1,25026.25,24991.50,-699.36,-703.72,-140.7,LOSS,STOP_HIT,24938.00,1765.00,2026-05-07 09:17:07
2026-02-09,2026-02-09 13:30:00,2026-02-09 13:35:00,OG,Backtest,AdxDiCrossBracketOG,OG_AdxDiCrossBracketOG,OG,NQ,NQ JUN26,SHORT,1,25567.50,25541.50,515.64,511.28,102.3,WIN,TARGET_HIT,25593.50,520.00,2026-05-07 09:17:07
2026-02-10,2026-02-10 09:45:00,2026-02-10 09:45:00,OG,Backtest,AdxDiCrossBracketOG,OG_AdxDiCrossBracketOG,OG,NQ,NQ JUN26,SHORT,1,25534.50,25512.25,440.64,436.28,87.3,WIN,TARGET_HIT,25559.75,505.00,2026-05-07 09:17:07
2026-02-11,2026-02-11 10:20:00,2026-02-11 10:20:00,OG,Backtest,AdxDiCrossBracketOG,OG_AdxDiCrossBracketOG,OG,NQ,NQ JUN26,SHORT,1,25395.25,25345.50,990.64,986.28,197.3,WIN,TARGET_HIT,25448.50,1065.00,2026-05-07 09:17:07
2026-02-11,2026-02-11 11:05:00,2026-02-11 11:10:00,OG,Backtest,AdxDiCrossBracketOG,OG_AdxDiCrossBracketOG,OG,NQ,NQ JUN26,LONG,1,25454.25,25417.50,-739.36,-743.72,-148.7,LOSS,STOP_HIT,25393.00,1225.00,2026-05-07 09:17:07
2026-02-12,2026-02-12 14:00:00,2026-02-12 14:10:00,OG,Backtest,AdxDiCrossBracketOG,OG_AdxDiCrossBracketOG,OG,NQ,NQ JUN26,LONG,1,25129.25,25100.25,-584.36,-588.72,-117.7,LOSS,STOP_HIT,25079.75,990.00,2026-05-07 09:17:07
2026-02-13,2026-02-13 10:35:00,2026-02-13 10:35:00,OG,Backtest,AdxDiCrossBracketOG,OG_AdxDiCrossBracketOG,OG,NQ,NQ JUN26,LONG,1,25058.75,25127.00,1360.64,1356.28,271.3,WIN,TARGET_HIT,24987.50,1425.00,2026-05-07 09:17:07
2026-02-17,2026-02-17 11:10:00,2026-02-17 11:10:00,OG,Backtest,AdxDiCrossBracketOG,OG_AdxDiCrossBracketOG,OG,NQ,NQ JUN26,LONG,1,24862.00,24927.25,1300.64,1296.28,259.3,WIN,TARGET_HIT,24793.75,1365.00,2026-05-07 09:17:07
2026-02-18,2026-02-18 13:35:00,2026-02-18 13:45:00,OG,Backtest,AdxDiCrossBracketOG,OG_AdxDiCrossBracketOG,OG,NQ,NQ JUN26,SHORT,1,25270.75,25247.25,465.64,461.28,92.3,WIN,TARGET_HIT,25296.25,510.00,2026-05-07 09:17:07
2026-02-23,2026-02-23 13:20:00,2026-02-23 13:25:00,OG,Backtest,AdxDiCrossBracketOG,OG_AdxDiCrossBracketOG,OG,NQ,NQ JUN26,LONG,1,24994.50,25026.50,635.64,631.28,126.3,WIN,TARGET_HIT,24959.00,710.00,2026-05-07 09:17:07
2026-02-23,2026-02-23 15:40:00,2026-02-23 15:40:00,OG,Backtest,AdxDiCrossBracketOG,OG_AdxDiCrossBracketOG,OG,NQ,NQ JUN26,LONG,1,24955.50,24928.75,-539.36,-543.72,-108.7,LOSS,STOP_HIT,24930.00,510.00,2026-05-07 09:17:07
2026-02-24,2026-02-24 09:50:00,2026-02-24 09:50:00,OG,Backtest,AdxDiCrossBracketOG,OG_AdxDiCrossBracketOG,OG,NQ,NQ JUN26,LONG,1,25121.25,25157.50,720.64,716.28,143.3,WIN,TARGET_HIT,25081.50,795.00,2026-05-07 09:17:07
2026-02-24,2026-02-24 10:10:00,2026-02-24 10:10:00,OG,Backtest,AdxDiCrossBracketOG,OG_AdxDiCrossBracketOG,OG,NQ,NQ JUN26,SHORT,1,25048.00,25093.50,-914.36,-918.72,-183.7,LOSS,STOP_HIT,25092.25,885.00,2026-05-07 09:17:07
2026-02-24,2026-02-24 10:15:00,2026-02-24 10:15:00,OG,Backtest,AdxDiCrossBracketOG,OG_AdxDiCrossBracketOG,OG,NQ,NQ JUN26,LONG,1,25110.00,25063.00,-944.36,-948.72,-189.7,LOSS,STOP_HIT,25064.25,915.00,2026-05-07 09:17:07
2026-02-25,2026-02-25 15:40:00,2026-02-25 15:40:00,OG,Backtest,AdxDiCrossBracketOG,OG_AdxDiCrossBracketOG,OG,NQ,NQ JUN26,SHORT,1,25564.25,25577.75,-274.36,-278.72,-55.7,LOSS,STOP_HIT,25576.50,245.00,2026-05-07 09:17:07
2026-02-25,2026-02-25 15:45:00,2026-02-25 15:50:00,OG,Backtest,AdxDiCrossBracketOG,OG_AdxDiCrossBracketOG,OG,NQ,NQ JUN26,LONG,1,25583.50,25594.25,210.64,206.28,41.3,WIN,TARGET_HIT,25570.75,255.00,2026-05-07 09:17:07
2026-02-26,2026-02-26 13:45:00,2026-02-26 14:10:00,OG,Backtest,AdxDiCrossBracketOG,OG_AdxDiCrossBracketOG,OG,NQ,NQ JUN26,LONG,1,25208.75,25244.50,710.64,706.28,141.3,WIN,TARGET_HIT,25168.00,815.00,2026-05-07 09:17:07
2026-03-03,2026-03-03 11:25:00,2026-03-03 11:40:00,OG,Backtest,AdxDiCrossBracketOG,OG_AdxDiCrossBracketOG,OG,NQ,NQ JUN26,LONG,1,24795.25,24816.50,420.64,416.28,83.3,WIN,STOP_HIT,24724.00,1425.00,2026-05-07 09:17:07
2026-03-06,2026-03-06 11:10:00,2026-03-06 11:15:00,OG,Backtest,AdxDiCrossBracketOG,OG_AdxDiCrossBracketOG,OG,NQ,NQ JUN26,LONG,1,25102.25,25058.25,-884.36,-888.72,-177.7,LOSS,STOP_HIT,25038.75,1270.00,2026-05-07 09:17:07
2026-03-09,2026-03-09 10:45:00,2026-03-09 10:50:00,OG,Backtest,AdxDiCrossBracketOG,OG_AdxDiCrossBracketOG,OG,NQ,NQ JUN26,LONG,1,24692.75,24762.25,1385.64,1381.28,276.3,WIN,TARGET_HIT,24622.25,1410.00,2026-05-07 09:17:07
2026-03-09,2026-03-09 13:25:00,2026-03-09 13:30:00,OG,Backtest,AdxDiCrossBracketOG,OG_AdxDiCrossBracketOG,OG,NQ,NQ JUN26,SHORT,1,24852.25,24815.00,740.64,736.28,147.3,WIN,TARGET_HIT,24892.50,805.00,2026-05-07 09:17:07
2026-03-10,2026-03-10 13:45:00,2026-03-10 13:50:00,OG,Backtest,AdxDiCrossBracketOG,OG_AdxDiCrossBracketOG,OG,NQ,NQ JUN26,SHORT,1,25341.25,25382.00,-819.36,-823.72,-164.7,LOSS,STOP_HIT,25380.75,790.00,2026-05-07 09:17:07
2026-03-12,2026-03-12 11:50:00,2026-03-12 11:50:00,OG,Backtest,AdxDiCrossBracketOG,OG_AdxDiCrossBracketOG,OG,NQ,NQ JUN26,LONG,1,24898.75,24843.25,-1114.36,-1118.72,-223.7,LOSS,STOP_HIT,24844.50,1085.00,2026-05-07 09:17:07
2026-03-16,2026-03-16 12:30:00,2026-03-16 12:40:00,OG,Backtest,AdxDiCrossBracketOG,OG_AdxDiCrossBracketOG,OG,NQ,NQ JUN26,SHORT,1,24843.00,24847.50,-94.36,-98.72,-19.7,LOSS,STOP_HIT,24880.75,755.00,2026-05-07 09:17:07
2026-03-19,2026-03-19 11:15:00,2026-03-19 11:25:00,OG,Backtest,AdxDiCrossBracketOG,OG_AdxDiCrossBracketOG,OG,NQ,NQ JUN26,LONG,1,24531.00,24485.50,-914.36,-918.72,-183.7,LOSS,STOP_HIT,24473.00,1160.00,2026-05-07 09:17:07
2026-03-20,2026-03-20 11:30:00,2026-03-20 11:55:00,OG,Backtest,AdxDiCrossBracketOG,OG_AdxDiCrossBracketOG,OG,NQ,NQ JUN26,LONG,1,24275.00,24293.25,360.64,356.28,71.3,WIN,STOP_HIT,24219.75,1105.00,2026-05-07 09:17:07
2026-03-23,2026-03-23 13:45:00,2026-03-23 13:50:00,OG,Backtest,AdxDiCrossBracketOG,OG_AdxDiCrossBracketOG,OG,NQ,NQ JUN26,LONG,1,24450.75,24397.75,-1064.36,-1068.72,-213.7,LOSS,STOP_HIT,24399.00,1035.00,2026-05-07 09:17:07
2026-03-23,2026-03-23 13:55:00,2026-03-23 14:00:00,OG,Backtest,AdxDiCrossBracketOG,OG_AdxDiCrossBracketOG,OG,NQ,NQ JUN26,SHORT,1,24409.50,24441.00,-634.36,-638.72,-127.7,LOSS,STOP_HIT,24460.75,1025.00,2026-05-07 09:17:07
2026-03-24,2026-03-24 11:00:00,2026-03-24 11:00:00,OG,Backtest,AdxDiCrossBracketOG,OG_AdxDiCrossBracketOG,OG,NQ,NQ JUN26,LONG,1,24282.25,24217.00,-1309.36,-1313.72,-262.7,LOSS,STOP_HIT,24218.25,1280.00,2026-05-07 09:17:07
2026-03-25,2026-03-25 11:20:00,2026-03-25 11:20:00,OG,Backtest,AdxDiCrossBracketOG,OG_AdxDiCrossBracketOG,OG,NQ,NQ JUN26,SHORT,1,24385.25,24336.50,970.64,966.28,193.3,WIN,TARGET_HIT,24438.00,1055.00,2026-05-07 09:17:07
2026-03-25,2026-03-25 12:35:00,2026-03-25 12:40:00,OG,Backtest,AdxDiCrossBracketOG,OG_AdxDiCrossBracketOG,OG,NQ,NQ JUN26,LONG,1,24413.50,24437.25,470.64,466.28,93.3,WIN,STOP_HIT,24365.25,965.00,2026-05-07 09:17:07
2026-03-27,2026-03-27 11:40:00,2026-03-27 11:45:00,OG,Backtest,AdxDiCrossBracketOG,OG_AdxDiCrossBracketOG,OG,NQ,NQ JUN26,LONG,1,23597.75,23540.25,-1154.36,-1158.72,-231.7,LOSS,STOP_HIT,23541.50,1125.00,2026-05-07 09:17:07
2026-04-01,2026-04-01 13:55:00,2026-04-01 14:00:00,OG,Backtest,AdxDiCrossBracketOG,OG_AdxDiCrossBracketOG,OG,NQ,NQ JUN26,SHORT,1,24302.50,24281.50,415.64,411.28,82.3,WIN,TARGET_HIT,24327.00,490.00,2026-05-07 09:17:07
2026-04-01,2026-04-01 15:35:00,2026-04-01 15:40:00,OG,Backtest,AdxDiCrossBracketOG,OG_AdxDiCrossBracketOG,OG,NQ,NQ JUN26,LONG,1,24235.25,24202.50,-659.36,-663.72,-132.7,LOSS,STOP_HIT,24203.75,630.00,2026-05-07 09:17:07
2026-04-01,2026-04-01 15:45:00,2026-04-01 15:50:00,OG,Backtest,AdxDiCrossBracketOG,OG_AdxDiCrossBracketOG,OG,NQ,NQ JUN26,SHORT,1,24227.50,24230.00,-54.36,-58.72,-11.7,LOSS,STOP_HIT,24258.50,620.00,2026-05-07 09:17:07
2026-04-02,2026-04-02 10:45:00,2026-04-02 10:45:00,OG,Backtest,AdxDiCrossBracketOG,OG_AdxDiCrossBracketOG,OG,NQ,NQ JUN26,LONG,1,24211.00,24133.25,-1559.36,-1563.72,-312.7,LOSS,STOP_HIT,24134.50,1530.00,2026-05-07 09:17:07
2026-04-06,2026-04-06 10:55:00,2026-04-06 11:00:00,OG,Backtest,AdxDiCrossBracketOG,OG_AdxDiCrossBracketOG,OG,NQ,NQ JUN26,SHORT,1,24269.25,24322.25,-1064.36,-1068.72,-213.7,LOSS,STOP_HIT,24321.00,1035.00,2026-05-07 09:17:07
2026-04-06,2026-04-06 11:05:00,2026-04-06 11:30:00,OG,Backtest,AdxDiCrossBracketOG,OG_AdxDiCrossBracketOG,OG,NQ,NQ JUN26,LONG,1,24307.50,24285.25,-449.36,-453.72,-90.7,LOSS,STOP_HIT,24255.50,1040.00,2026-05-07 09:17:07
2026-04-07,2026-04-07 11:40:00,2026-04-07 12:00:00,OG,Backtest,AdxDiCrossBracketOG,OG_AdxDiCrossBracketOG,OG,NQ,NQ JUN26,LONG,1,24072.25,24082.25,195.64,191.28,38.3,WIN,STOP_HIT,24025.00,945.00,2026-05-07 09:17:07
2026-04-07,2026-04-07 14:50:00,2026-04-07 14:55:00,OG,Backtest,AdxDiCrossBracketOG,OG_AdxDiCrossBracketOG,OG,NQ,NQ JUN26,SHORT,1,24165.00,24135.25,590.64,586.28,117.3,WIN,TARGET_HIT,24196.25,625.00,2026-05-07 09:17:07
2026-04-07,2026-04-07 15:25:00,2026-04-07 15:25:00,OG,Backtest,AdxDiCrossBracketOG,OG_AdxDiCrossBracketOG,OG,NQ,NQ JUN26,LONG,1,24253.00,24293.25,800.64,796.28,159.3,WIN,TARGET_HIT,24210.75,845.00,2026-05-07 09:17:07
2026-04-08,2026-04-08 13:45:00,2026-04-08 14:05:00,OG,Backtest,AdxDiCrossBracketOG,OG_AdxDiCrossBracketOG,OG,NQ,NQ JUN26,SHORT,1,25085.25,25115.50,-609.36,-613.72,-122.7,LOSS,STOP_HIT,25114.25,580.00,2026-05-07 09:17:07
2026-04-09,2026-04-09 14:10:00,2026-04-09 15:05:00,OG,Backtest,AdxDiCrossBracketOG,OG_AdxDiCrossBracketOG,OG,NQ,NQ JUN26,SHORT,1,25165.00,25181.50,-334.36,-338.72,-67.7,LOSS,STOP_HIT,25197.25,645.00,2026-05-07 09:17:07
2026-01-06,2026-01-06 11:00:00,2026-01-06 11:05:00,OG,Backtest,AdxDiCrossBracketOG,OG_AdxDiCrossBracketOG,OG,NQ,NQ JUN26,SHORT,1,25908.50,25880.75,550.64,546.28,109.3,WIN,TARGET_HIT,25938.25,595.00,2026-05-07 09:17:22
2026-01-07,2026-01-07 09:50:00,2026-01-07 09:50:00,OG,Backtest,AdxDiCrossBracketOG,OG_AdxDiCrossBracketOG,OG,NQ,NQ JUN26,LONG,1,26064.50,26079.75,300.64,296.28,59.3,WIN,TARGET_HIT,26047.25,345.00,2026-05-07 09:17:22
2026-01-09,2026-01-09 09:45:00,2026-01-09 09:50:00,OG,Backtest,AdxDiCrossBracketOG,OG_AdxDiCrossBracketOG,OG,NQ,NQ JUN26,LONG,1,25965.75,25936.75,-584.36,-588.72,-117.7,LOSS,STOP_HIT,25938.00,555.00,2026-05-07 09:17:22
2026-01-09,2026-01-09 09:55:00,2026-01-09 09:55:00,OG,Backtest,AdxDiCrossBracketOG,OG_AdxDiCrossBracketOG,OG,NQ,NQ JUN26,SHORT,1,25912.50,25949.00,-734.36,-738.72,-147.7,LOSS,STOP_HIT,25947.75,705.00,2026-05-07 09:17:22
2026-01-16,2026-01-16 11:30:00,2026-01-16 11:35:00,OG,Backtest,AdxDiCrossBracketOG,OG_AdxDiCrossBracketOG,OG,NQ,NQ JUN26,LONG,1,25912.25,25924.50,240.64,236.28,47.3,WIN,STOP_HIT,25874.75,750.00,2026-05-07 09:17:22
2026-01-20,2026-01-20 10:50:00,2026-01-20 10:55:00,OG,Backtest,AdxDiCrossBracketOG,OG_AdxDiCrossBracketOG,OG,NQ,NQ JUN26,LONG,1,25598.75,25558.75,-804.36,-808.72,-161.7,LOSS,STOP_HIT,25550.75,960.00,2026-05-07 09:17:22
2026-01-21,2026-01-21 11:45:00,2026-01-21 11:45:00,OG,Backtest,AdxDiCrossBracketOG,OG_AdxDiCrossBracketOG,OG,NQ,NQ JUN26,SHORT,1,25543.00,25505.75,740.64,736.28,147.3,WIN,TARGET_HIT,25582.25,785.00,2026-05-07 09:17:22
2026-01-28,2026-01-28 10:55:00,2026-01-28 11:15:00,OG,Backtest,AdxDiCrossBracketOG,OG_AdxDiCrossBracketOG,OG,NQ,NQ JUN26,SHORT,1,26394.50,26395.75,-29.36,-33.72,-6.7,LOSS,STOP_HIT,26429.00,690.00,2026-05-07 09:17:22
2026-02-03,2026-02-03 09:50:00,2026-02-03 09:50:00,OG,Backtest,AdxDiCrossBracketOG,OG_AdxDiCrossBracketOG,OG,NQ,NQ JUN26,SHORT,1,25960.00,25999.25,-789.36,-793.72,-158.7,LOSS,STOP_HIT,25998.00,760.00,2026-05-07 09:17:22
2026-02-05,2026-02-05 11:40:00,2026-02-05 11:50:00,OG,Backtest,AdxDiCrossBracketOG,OG_AdxDiCrossBracketOG,OG,NQ,NQ JUN26,LONG,1,25026.25,24991.50,-699.36,-703.72,-140.7,LOSS,STOP_HIT,24938.00,1765.00,2026-05-07 09:17:22
2026-02-10,2026-02-10 09:45:00,2026-02-10 09:45:00,OG,Backtest,AdxDiCrossBracketOG,OG_AdxDiCrossBracketOG,OG,NQ,NQ JUN26,SHORT,1,25534.50,25512.25,440.64,436.28,87.3,WIN,TARGET_HIT,25559.75,505.00,2026-05-07 09:17:22
2026-02-11,2026-02-11 10:20:00,2026-02-11 10:20:00,OG,Backtest,AdxDiCrossBracketOG,OG_AdxDiCrossBracketOG,OG,NQ,NQ JUN26,SHORT,1,25395.25,25345.50,990.64,986.28,197.3,WIN,TARGET_HIT,25448.50,1065.00,2026-05-07 09:17:22
2026-02-11,2026-02-11 11:05:00,2026-02-11 11:10:00,OG,Backtest,AdxDiCrossBracketOG,OG_AdxDiCrossBracketOG,OG,NQ,NQ JUN26,LONG,1,25454.25,25417.50,-739.36,-743.72,-148.7,LOSS,STOP_HIT,25393.00,1225.00,2026-05-07 09:17:22
2026-02-13,2026-02-13 10:35:00,2026-02-13 10:35:00,OG,Backtest,AdxDiCrossBracketOG,OG_AdxDiCrossBracketOG,OG,NQ,NQ JUN26,LONG,1,25058.75,25127.00,1360.64,1356.28,271.3,WIN,TARGET_HIT,24987.50,1425.00,2026-05-07 09:17:22
2026-02-17,2026-02-17 11:10:00,2026-02-17 11:10:00,OG,Backtest,AdxDiCrossBracketOG,OG_AdxDiCrossBracketOG,OG,NQ,NQ JUN26,LONG,1,24862.00,24927.25,1300.64,1296.28,259.3,WIN,TARGET_HIT,24793.75,1365.00,2026-05-07 09:17:22
2026-02-24,2026-02-24 09:50:00,2026-02-24 09:50:00,OG,Backtest,AdxDiCrossBracketOG,OG_AdxDiCrossBracketOG,OG,NQ,NQ JUN26,LONG,1,25121.25,25157.50,720.64,716.28,143.3,WIN,TARGET_HIT,25081.50,795.00,2026-05-07 09:17:22
2026-02-24,2026-02-24 10:10:00,2026-02-24 10:10:00,OG,Backtest,AdxDiCrossBracketOG,OG_AdxDiCrossBracketOG,OG,NQ,NQ JUN26,SHORT,1,25048.00,25093.50,-914.36,-918.72,-183.7,LOSS,STOP_HIT,25092.25,885.00,2026-05-07 09:17:22
2026-02-24,2026-02-24 10:15:00,2026-02-24 10:15:00,OG,Backtest,AdxDiCrossBracketOG,OG_AdxDiCrossBracketOG,OG,NQ,NQ JUN26,LONG,1,25110.00,25063.00,-944.36,-948.72,-189.7,LOSS,STOP_HIT,25064.25,915.00,2026-05-07 09:17:22
2026-03-03,2026-03-03 11:25:00,2026-03-03 11:40:00,OG,Backtest,AdxDiCrossBracketOG,OG_AdxDiCrossBracketOG,OG,NQ,NQ JUN26,LONG,1,24795.25,24816.50,420.64,416.28,83.3,WIN,STOP_HIT,24724.00,1425.00,2026-05-07 09:17:22
2026-03-06,2026-03-06 11:10:00,2026-03-06 11:15:00,OG,Backtest,AdxDiCrossBracketOG,OG_AdxDiCrossBracketOG,OG,NQ,NQ JUN26,LONG,1,25102.25,25058.25,-884.36,-888.72,-177.7,LOSS,STOP_HIT,25038.75,1270.00,2026-05-07 09:17:22
2026-03-09,2026-03-09 10:45:00,2026-03-09 10:50:00,OG,Backtest,AdxDiCrossBracketOG,OG_AdxDiCrossBracketOG,OG,NQ,NQ JUN26,LONG,1,24692.75,24762.25,1385.64,1381.28,276.3,WIN,TARGET_HIT,24622.25,1410.00,2026-05-07 09:17:22
2026-03-12,2026-03-12 11:50:00,2026-03-12 11:50:00,OG,Backtest,AdxDiCrossBracketOG,OG_AdxDiCrossBracketOG,OG,NQ,NQ JUN26,LONG,1,24898.75,24843.25,-1114.36,-1118.72,-223.7,LOSS,STOP_HIT,24844.50,1085.00,2026-05-07 09:17:22
2026-03-19,2026-03-19 11:15:00,2026-03-19 11:25:00,OG,Backtest,AdxDiCrossBracketOG,OG_AdxDiCrossBracketOG,OG,NQ,NQ JUN26,LONG,1,24531.00,24485.50,-914.36,-918.72,-183.7,LOSS,STOP_HIT,24473.00,1160.00,2026-05-07 09:17:22
2026-03-20,2026-03-20 11:30:00,2026-03-20 11:55:00,OG,Backtest,AdxDiCrossBracketOG,OG_AdxDiCrossBracketOG,OG,NQ,NQ JUN26,LONG,1,24275.00,24293.25,360.64,356.28,71.3,WIN,STOP_HIT,24219.75,1105.00,2026-05-07 09:17:22
2026-03-24,2026-03-24 11:00:00,2026-03-24 11:00:00,OG,Backtest,AdxDiCrossBracketOG,OG_AdxDiCrossBracketOG,OG,NQ,NQ JUN26,LONG,1,24282.25,24217.00,-1309.36,-1313.72,-262.7,LOSS,STOP_HIT,24218.25,1280.00,2026-05-07 09:17:22
2026-03-25,2026-03-25 11:20:00,2026-03-25 11:20:00,OG,Backtest,AdxDiCrossBracketOG,OG_AdxDiCrossBracketOG,OG,NQ,NQ JUN26,SHORT,1,24385.25,24336.50,970.64,966.28,193.3,WIN,TARGET_HIT,24438.00,1055.00,2026-05-07 09:17:22
2026-03-27,2026-03-27 11:40:00,2026-03-27 11:45:00,OG,Backtest,AdxDiCrossBracketOG,OG_AdxDiCrossBracketOG,OG,NQ,NQ JUN26,LONG,1,23597.75,23540.25,-1154.36,-1158.72,-231.7,LOSS,STOP_HIT,23541.50,1125.00,2026-05-07 09:17:22
2026-04-02,2026-04-02 10:45:00,2026-04-02 10:45:00,OG,Backtest,AdxDiCrossBracketOG,OG_AdxDiCrossBracketOG,OG,NQ,NQ JUN26,LONG,1,24211.00,24133.25,-1559.36,-1563.72,-312.7,LOSS,STOP_HIT,24134.50,1530.00,2026-05-07 09:17:22
2026-04-06,2026-04-06 10:55:00,2026-04-06 11:00:00,OG,Backtest,AdxDiCrossBracketOG,OG_AdxDiCrossBracketOG,OG,NQ,NQ JUN26,SHORT,1,24269.25,24322.25,-1064.36,-1068.72,-213.7,LOSS,STOP_HIT,24321.00,1035.00,2026-05-07 09:17:22
2026-04-06,2026-04-06 11:05:00,2026-04-06 11:30:00,OG,Backtest,AdxDiCrossBracketOG,OG_AdxDiCrossBracketOG,OG,NQ,NQ JUN26,LONG,1,24307.50,24285.25,-449.36,-453.72,-90.7,LOSS,STOP_HIT,24255.50,1040.00,2026-05-07 09:17:22
2026-04-07,2026-04-07 11:40:00,2026-04-07 12:00:00,OG,Backtest,AdxDiCrossBracketOG,OG_AdxDiCrossBracketOG,OG,NQ,NQ JUN26,LONG,1,24072.25,24082.25,195.64,191.28,38.3,WIN,STOP_HIT,24025.00,945.00,2026-05-07 09:17:22
2026-01-06,2026-01-06 11:00:00,2026-01-06 11:05:00,OG,Backtest,AdxDiCrossBracketOG,OG_AdxDiCrossBracketOG,OG,NQ,NQ JUN26,SHORT,1,25908.50,25880.75,550.64,546.28,109.3,WIN,TARGET_HIT,25938.25,595.00,2026-05-07 09:20:59
2026-01-09,2026-01-09 10:10:00,2026-01-09 10:10:00,OG,Backtest,AdxDiCrossBracketOG,OG_AdxDiCrossBracketOG,OG,NQ,NQ JUN26,LONG,1,25922.50,25881.00,-834.36,-838.72,-167.7,LOSS,STOP_HIT,25882.25,805.00,2026-05-07 09:20:59
2026-01-07,2026-01-07 09:50:00,2026-01-07 09:50:00,OG,Backtest,AdxDiCrossBracketOG,OG_AdxDiCrossBracketOG,OG,NQ,NQ JUN26,LONG,1,26064.50,26079.75,300.64,296.28,59.3,WIN,TARGET_HIT,26047.25,345.00,2026-05-07 09:20:59
2026-01-07,2026-01-07 10:10:00,2026-01-07 10:10:00,OG,Backtest,AdxDiCrossBracketOG,OG_AdxDiCrossBracketOG,OG,NQ,NQ JUN26,SHORT,1,26050.00,26073.50,-474.36,-478.72,-95.7,LOSS,STOP_HIT,26072.25,445.00,2026-05-07 09:20:59
2026-01-07,2026-01-07 10:10:00,2026-01-07 10:10:00,OG,Backtest,AdxDiCrossBracketOG,OG_AdxDiCrossBracketOG,OG,NQ,NQ JUN26,SHORT,1,26050.00,26073.50,-474.36,-478.72,-95.7,LOSS,STOP_HIT,26072.25,445.00,2026-05-07 09:20:59
2026-01-07,2026-01-07 09:50:00,2026-01-07 09:50:00,OG,Backtest,AdxDiCrossBracketOG,OG_AdxDiCrossBracketOG,OG,NQ,NQ JUN26,LONG,1,26064.50,26079.75,300.64,296.28,59.3,WIN,TARGET_HIT,26047.25,345.00,2026-05-07 09:20:59
2026-01-12,2026-01-12 11:25:00,2026-01-12 11:35:00,OG,Backtest,AdxDiCrossBracketOG,OG_AdxDiCrossBracketOG,OG,NQ,NQ JUN26,LONG,1,26159.50,26149.25,-209.36,-213.72,-42.7,LOSS,STOP_HIT,26131.75,555.00,2026-05-07 09:20:59
2026-01-09,2026-01-09 09:45:00,2026-01-09 09:50:00,OG,Backtest,AdxDiCrossBracketOG,OG_AdxDiCrossBracketOG,OG,NQ,NQ JUN26,LONG,1,25965.75,25936.75,-584.36,-588.72,-117.7,LOSS,STOP_HIT,25938.00,555.00,2026-05-07 09:20:59
2026-01-07,2026-01-07 09:50:00,2026-01-07 09:50:00,OG,Backtest,AdxDiCrossBracketOG,OG_AdxDiCrossBracketOG,OG,NQ,NQ JUN26,LONG,1,26064.50,26079.75,300.64,296.28,59.3,WIN,TARGET_HIT,26047.25,345.00,2026-05-07 09:20:59
2026-01-07,2026-01-07 09:50:00,2026-01-07 09:50:00,OG,Backtest,AdxDiCrossBracketOG,OG_AdxDiCrossBracketOG,OG,NQ,NQ JUN26,LONG,1,26064.50,26079.75,300.64,296.28,59.3,WIN,TARGET_HIT,26047.25,345.00,2026-05-07 09:20:59
2026-01-09,2026-01-09 09:45:00,2026-01-09 09:50:00,OG,Backtest,AdxDiCrossBracketOG,OG_AdxDiCrossBracketOG,OG,NQ,NQ JUN26,LONG,1,25965.75,25936.75,-584.36,-588.72,-117.7,LOSS,STOP_HIT,25938.00,555.00,2026-05-07 09:20:59
2026-01-09,2026-01-09 09:55:00,2026-01-09 09:55:00,OG,Backtest,AdxDiCrossBracketOG,OG_AdxDiCrossBracketOG,OG,NQ,NQ JUN26,SHORT,1,25912.50,25949.00,-734.36,-738.72,-147.7,LOSS,STOP_HIT,25947.75,705.00,2026-05-07 09:20:59
2026-01-09,2026-01-09 10:15:00,2026-01-09 10:15:00,OG,Backtest,AdxDiCrossBracketOG,OG_AdxDiCrossBracketOG,OG,NQ,NQ JUN26,SHORT,1,25849.75,25897.00,-949.36,-953.72,-190.7,LOSS,STOP_HIT,25895.75,920.00,2026-05-07 09:20:59
2026-01-09,2026-01-09 09:45:00,2026-01-09 09:50:00,OG,Backtest,AdxDiCrossBracketOG,OG_AdxDiCrossBracketOG,OG,NQ,NQ JUN26,LONG,1,25965.75,25936.75,-584.36,-588.72,-117.7,LOSS,STOP_HIT,25938.00,555.00,2026-05-07 09:20:59
2026-01-12,2026-01-12 11:25:00,2026-01-12 11:35:00,OG,Backtest,AdxDiCrossBracketOG,OG_AdxDiCrossBracketOG,OG,NQ,NQ JUN26,LONG,1,26159.50,26149.25,-209.36,-213.72,-42.7,LOSS,STOP_HIT,26131.75,555.00,2026-05-07 09:20:59
2026-01-23,2026-01-23 10:10:00,2026-01-23 10:15:00,OG,Backtest,AdxDiCrossBracketOG,OG_AdxDiCrossBracketOG,OG,NQ,NQ JUN26,LONG,1,25921.75,25885.00,-739.36,-743.72,-148.7,LOSS,STOP_HIT,25885.50,725.00,2026-05-07 09:20:59
2026-01-09,2026-01-09 09:55:00,2026-01-09 09:55:00,OG,Backtest,AdxDiCrossBracketOG,OG_AdxDiCrossBracketOG,OG,NQ,NQ JUN26,SHORT,1,25912.50,25949.00,-734.36,-738.72,-147.7,LOSS,STOP_HIT,25947.75,705.00,2026-05-07 09:20:59
2026-01-09,2026-01-09 09:55:00,2026-01-09 09:55:00,OG,Backtest,AdxDiCrossBracketOG,OG_AdxDiCrossBracketOG,OG,NQ,NQ JUN26,SHORT,1,25912.50,25949.00,-734.36,-738.72,-147.7,LOSS,STOP_HIT,25947.75,705.00,2026-05-07 09:20:59
2026-01-09,2026-01-09 10:30:00,2026-01-09 10:30:00,OG,Backtest,AdxDiCrossBracketOG,OG_AdxDiCrossBracketOG,OG,NQ,NQ JUN26,LONG,1,26010.00,26057.25,940.64,936.28,187.3,WIN,TARGET_HIT,25959.75,1005.00,2026-05-07 09:20:59
2026-01-13,2026-01-13 10:10:00,2026-01-13 10:15:00,OG,Backtest,AdxDiCrossBracketOG,OG_AdxDiCrossBracketOG,OG,NQ,NQ JUN26,SHORT,1,26137.25,26108.00,580.64,576.28,115.3,WIN,TARGET_HIT,26168.00,615.00,2026-05-07 09:20:59
2026-01-09,2026-01-09 10:30:00,2026-01-09 10:30:00,OG,Backtest,AdxDiCrossBracketOG,OG_AdxDiCrossBracketOG,OG,NQ,NQ JUN26,LONG,1,26010.00,26057.25,940.64,936.28,187.3,WIN,TARGET_HIT,25959.75,1005.00,2026-05-07 09:20:59
2026-01-20,2026-01-20 10:50:00,2026-01-20 10:55:00,OG,Backtest,AdxDiCrossBracketOG,OG_AdxDiCrossBracketOG,OG,NQ,NQ JUN26,LONG,1,25598.75,25558.75,-804.36,-808.72,-161.7,LOSS,STOP_HIT,25550.75,960.00,2026-05-07 09:20:59
2026-01-09,2026-01-09 10:30:00,2026-01-09 10:30:00,OG,Backtest,AdxDiCrossBracketOG,OG_AdxDiCrossBracketOG,OG,NQ,NQ JUN26,LONG,1,26010.00,26057.25,940.64,936.28,187.3,WIN,TARGET_HIT,25959.75,1005.00,2026-05-07 09:20:59
2026-01-28,2026-01-28 10:55:00,2026-01-28 11:05:00,OG,Backtest,AdxDiCrossBracketOG,OG_AdxDiCrossBracketOG,OG,NQ,NQ JUN26,SHORT,1,26394.50,26393.50,15.64,11.28,2.3,WIN,STOP_HIT,26429.00,690.00,2026-05-07 09:20:59
2026-01-13,2026-01-13 10:10:00,2026-01-13 10:15:00,OG,Backtest,AdxDiCrossBracketOG,OG_AdxDiCrossBracketOG,OG,NQ,NQ JUN26,SHORT,1,26137.25,26108.00,580.64,576.28,115.3,WIN,TARGET_HIT,26168.00,615.00,2026-05-07 09:20:59
2026-01-16,2026-01-16 11:30:00,2026-01-16 11:35:00,OG,Backtest,AdxDiCrossBracketOG,OG_AdxDiCrossBracketOG,OG,NQ,NQ JUN26,LONG,1,25912.25,25924.50,240.64,236.28,47.3,WIN,STOP_HIT,25874.75,750.00,2026-05-07 09:21:00
2026-01-21,2026-01-21 11:45:00,2026-01-21 11:45:00,OG,Backtest,AdxDiCrossBracketOG,OG_AdxDiCrossBracketOG,OG,NQ,NQ JUN26,SHORT,1,25543.00,25505.75,740.64,736.28,147.3,WIN,TARGET_HIT,25582.25,785.00,2026-05-07 09:21:00
2026-01-20,2026-01-20 11:10:00,2026-01-20 11:15:00,OG,Backtest,AdxDiCrossBracketOG,OG_AdxDiCrossBracketOG,OG,NQ,NQ JUN26,LONG,1,25588.25,25600.25,235.64,231.28,46.3,WIN,STOP_HIT,25540.75,950.00,2026-05-07 09:21:00
2026-01-30,2026-01-30 11:00:00,2026-01-30 11:10:00,OG,Backtest,AdxDiCrossBracketOG,OG_AdxDiCrossBracketOG,OG,NQ,NQ JUN26,SHORT,1,26071.50,26048.25,460.64,456.28,91.3,WIN,STOP_HIT,26129.00,1150.00,2026-05-07 09:21:00
2026-01-21,2026-01-21 11:45:00,2026-01-21 11:45:00,OG,Backtest,AdxDiCrossBracketOG,OG_AdxDiCrossBracketOG,OG,NQ,NQ JUN26,SHORT,1,25543.00,25505.75,740.64,736.28,147.3,WIN,TARGET_HIT,25582.25,785.00,2026-05-07 09:21:00
2026-01-23,2026-01-23 10:10:00,2026-01-23 10:15:00,OG,Backtest,AdxDiCrossBracketOG,OG_AdxDiCrossBracketOG,OG,NQ,NQ JUN26,LONG,1,25921.75,25885.00,-739.36,-743.72,-148.7,LOSS,STOP_HIT,25885.50,725.00,2026-05-07 09:21:00
2026-01-28,2026-01-28 11:20:00,2026-01-28 11:25:00,OG,Backtest,AdxDiCrossBracketOG,OG_AdxDiCrossBracketOG,OG,NQ,NQ JUN26,LONG,1,26393.75,26378.25,-314.36,-318.72,-63.7,LOSS,STOP_HIT,26363.25,610.00,2026-05-07 09:21:00
2026-01-30,2026-01-30 10:55:00,2026-01-30 10:55:00,OG,Backtest,AdxDiCrossBracketOG,OG_AdxDiCrossBracketOG,OG,NQ,NQ JUN26,LONG,1,26118.00,26058.75,-1189.36,-1193.72,-238.7,LOSS,STOP_HIT,26060.00,1160.00,2026-05-07 09:21:00
2026-01-30,2026-01-30 10:55:00,2026-01-30 10:55:00,OG,Backtest,AdxDiCrossBracketOG,OG_AdxDiCrossBracketOG,OG,NQ,NQ JUN26,LONG,1,26118.00,26058.75,-1189.36,-1193.72,-238.7,LOSS,STOP_HIT,26060.00,1160.00,2026-05-07 09:21:00
2026-01-23,2026-01-23 10:10:00,2026-01-23 10:15:00,OG,Backtest,AdxDiCrossBracketOG,OG_AdxDiCrossBracketOG,OG,NQ,NQ JUN26,LONG,1,25921.75,25885.00,-739.36,-743.72,-148.7,LOSS,STOP_HIT,25885.50,725.00,2026-05-07 09:21:00
2026-01-28,2026-01-28 11:20:00,2026-01-28 11:25:00,OG,Backtest,AdxDiCrossBracketOG,OG_AdxDiCrossBracketOG,OG,NQ,NQ JUN26,LONG,1,26393.75,26378.25,-314.36,-318.72,-63.7,LOSS,STOP_HIT,26363.25,610.00,2026-05-07 09:21:00
2026-02-13,2026-02-13 10:35:00,2026-02-13 10:35:00,OG,Backtest,AdxDiCrossBracketOG,OG_AdxDiCrossBracketOG,OG,NQ,NQ JUN26,LONG,1,25058.75,25127.00,1360.64,1356.28,271.3,WIN,TARGET_HIT,24987.50,1425.00,2026-05-07 09:21:00
2026-01-28,2026-01-28 11:20:00,2026-01-28 11:25:00,OG,Backtest,AdxDiCrossBracketOG,OG_AdxDiCrossBracketOG,OG,NQ,NQ JUN26,LONG,1,26393.75,26378.25,-314.36,-318.72,-63.7,LOSS,STOP_HIT,26363.25,610.00,2026-05-07 09:21:00
2026-02-05,2026-02-05 11:40:00,2026-02-05 11:50:00,OG,Backtest,AdxDiCrossBracketOG,OG_AdxDiCrossBracketOG,OG,NQ,NQ JUN26,LONG,1,25026.25,24991.50,-699.36,-703.72,-140.7,LOSS,STOP_HIT,24938.00,1765.00,2026-05-07 09:21:00
2026-02-24,2026-02-24 09:50:00,2026-02-24 09:50:00,OG,Backtest,AdxDiCrossBracketOG,OG_AdxDiCrossBracketOG,OG,NQ,NQ JUN26,LONG,1,25121.25,25157.50,720.64,716.28,143.3,WIN,TARGET_HIT,25081.50,795.00,2026-05-07 09:21:00
2026-01-30,2026-01-30 10:55:00,2026-01-30 10:55:00,OG,Backtest,AdxDiCrossBracketOG,OG_AdxDiCrossBracketOG,OG,NQ,NQ JUN26,LONG,1,26118.00,26058.75,-1189.36,-1193.72,-238.7,LOSS,STOP_HIT,26060.00,1160.00,2026-05-07 09:21:00
2026-02-05,2026-02-05 11:40:00,2026-02-05 11:50:00,OG,Backtest,AdxDiCrossBracketOG,OG_AdxDiCrossBracketOG,OG,NQ,NQ JUN26,LONG,1,25026.25,24991.50,-699.36,-703.72,-140.7,LOSS,STOP_HIT,24938.00,1765.00,2026-05-07 09:21:00
2026-02-11,2026-02-11 11:05:00,2026-02-11 11:10:00,OG,Backtest,AdxDiCrossBracketOG,OG_AdxDiCrossBracketOG,OG,NQ,NQ JUN26,LONG,1,25454.25,25417.50,-739.36,-743.72,-148.7,LOSS,STOP_HIT,25393.00,1225.00,2026-05-07 09:21:00
2026-02-11,2026-02-11 10:20:00,2026-02-11 10:20:00,OG,Backtest,AdxDiCrossBracketOG,OG_AdxDiCrossBracketOG,OG,NQ,NQ JUN26,SHORT,1,25395.25,25345.50,990.64,986.28,197.3,WIN,TARGET_HIT,25448.50,1065.00,2026-05-07 09:21:00
2026-03-03,2026-03-03 11:25:00,2026-03-03 11:35:00,OG,Backtest,AdxDiCrossBracketOG,OG_AdxDiCrossBracketOG,OG,NQ,NQ JUN26,LONG,1,24795.25,24818.25,455.64,451.28,90.3,WIN,STOP_HIT,24724.00,1425.00,2026-05-07 09:21:00
2026-02-17,2026-02-17 11:10:00,2026-02-17 11:10:00,OG,Backtest,AdxDiCrossBracketOG,OG_AdxDiCrossBracketOG,OG,NQ,NQ JUN26,LONG,1,24862.00,24927.25,1300.64,1296.28,259.3,WIN,TARGET_HIT,24793.75,1365.00,2026-05-07 09:21:00
2026-02-17,2026-02-17 11:10:00,2026-02-17 11:10:00,OG,Backtest,AdxDiCrossBracketOG,OG_AdxDiCrossBracketOG,OG,NQ,NQ JUN26,LONG,1,24862.00,24927.25,1300.64,1296.28,259.3,WIN,TARGET_HIT,24793.75,1365.00,2026-05-07 09:21:00
2026-03-03,2026-03-03 11:40:00,2026-03-03 11:50:00,OG,Backtest,AdxDiCrossBracketOG,OG_AdxDiCrossBracketOG,OG,NQ,NQ JUN26,SHORT,1,24816.50,24865.00,-974.36,-978.72,-195.7,LOSS,STOP_HIT,24882.75,1325.00,2026-05-07 09:21:00
2026-03-03,2026-03-03 11:25:00,2026-03-03 11:35:00,OG,Backtest,AdxDiCrossBracketOG,OG_AdxDiCrossBracketOG,OG,NQ,NQ JUN26,LONG,1,24795.25,24818.25,455.64,451.28,90.3,WIN,STOP_HIT,24724.00,1425.00,2026-05-07 09:21:00
2026-02-17,2026-02-17 11:10:00,2026-02-17 11:10:00,OG,Backtest,AdxDiCrossBracketOG,OG_AdxDiCrossBracketOG,OG,NQ,NQ JUN26,LONG,1,24862.00,24927.25,1300.64,1296.28,259.3,WIN,TARGET_HIT,24793.75,1365.00,2026-05-07 09:21:00
2026-02-24,2026-02-24 10:10:00,2026-02-24 10:10:00,OG,Backtest,AdxDiCrossBracketOG,OG_AdxDiCrossBracketOG,OG,NQ,NQ JUN26,SHORT,1,25048.00,25093.50,-914.36,-918.72,-183.7,LOSS,STOP_HIT,25092.25,885.00,2026-05-07 09:21:00
2026-02-17,2026-02-17 11:10:00,2026-02-17 11:10:00,OG,Backtest,AdxDiCrossBracketOG,OG_AdxDiCrossBracketOG,OG,NQ,NQ JUN26,LONG,1,24862.00,24927.25,1300.64,1296.28,259.3,WIN,TARGET_HIT,24793.75,1365.00,2026-05-07 09:21:00
2026-02-24,2026-02-24 10:10:00,2026-02-24 10:10:00,OG,Backtest,AdxDiCrossBracketOG,OG_AdxDiCrossBracketOG,OG,NQ,NQ JUN26,SHORT,1,25048.00,25093.50,-914.36,-918.72,-183.7,LOSS,STOP_HIT,25092.25,885.00,2026-05-07 09:21:00
2026-02-24,2026-02-24 10:10:00,2026-02-24 10:10:00,OG,Backtest,AdxDiCrossBracketOG,OG_AdxDiCrossBracketOG,OG,NQ,NQ JUN26,SHORT,1,25048.00,25093.50,-914.36,-918.72,-183.7,LOSS,STOP_HIT,25092.25,885.00,2026-05-07 09:21:00
2026-02-17,2026-02-17 11:10:00,2026-02-17 11:10:00,OG,Backtest,AdxDiCrossBracketOG,OG_AdxDiCrossBracketOG,OG,NQ,NQ JUN26,LONG,1,24862.00,24927.25,1300.64,1296.28,259.3,WIN,TARGET_HIT,24793.75,1365.00,2026-05-07 09:21:00
2026-02-24,2026-02-24 10:15:00,2026-02-24 10:15:00,OG,Backtest,AdxDiCrossBracketOG,OG_AdxDiCrossBracketOG,OG,NQ,NQ JUN26,LONG,1,25110.00,25063.00,-944.36,-948.72,-189.7,LOSS,STOP_HIT,25064.25,915.00,2026-05-07 09:21:00
2026-02-24,2026-02-24 10:10:00,2026-02-24 10:10:00,OG,Backtest,AdxDiCrossBracketOG,OG_AdxDiCrossBracketOG,OG,NQ,NQ JUN26,SHORT,1,25048.00,25093.50,-914.36,-918.72,-183.7,LOSS,STOP_HIT,25092.25,885.00,2026-05-07 09:21:00
2026-03-06,2026-03-06 11:10:00,2026-03-06 11:15:00,OG,Backtest,AdxDiCrossBracketOG,OG_AdxDiCrossBracketOG,OG,NQ,NQ JUN26,LONG,1,25102.25,25058.25,-884.36,-888.72,-177.7,LOSS,STOP_HIT,25038.75,1270.00,2026-05-07 09:21:00
2026-02-24,2026-02-24 09:50:00,2026-02-24 09:50:00,OG,Backtest,AdxDiCrossBracketOG,OG_AdxDiCrossBracketOG,OG,NQ,NQ JUN26,LONG,1,25121.25,25157.50,720.64,716.28,143.3,WIN,TARGET_HIT,25081.50,795.00,2026-05-07 09:21:00
2026-03-02,2026-03-02 11:15:00,2026-03-02 11:20:00,OG,Backtest,AdxDiCrossBracketOG,OG_AdxDiCrossBracketOG,OG,NQ,NQ JUN26,LONG,1,25187.75,25180.00,-159.36,-163.72,-32.7,LOSS,STOP_HIT,25129.50,1165.00,2026-05-07 09:21:00
2026-03-03,2026-03-03 11:25:00,2026-03-03 11:35:00,OG,Backtest,AdxDiCrossBracketOG,OG_AdxDiCrossBracketOG,OG,NQ,NQ JUN26,LONG,1,24795.25,24818.25,455.64,451.28,90.3,WIN,STOP_HIT,24724.00,1425.00,2026-05-07 09:21:00
2026-03-12,2026-03-12 11:50:00,2026-03-12 11:50:00,OG,Backtest,AdxDiCrossBracketOG,OG_AdxDiCrossBracketOG,OG,NQ,NQ JUN26,LONG,1,24898.75,24843.25,-1114.36,-1118.72,-223.7,LOSS,STOP_HIT,24844.50,1085.00,2026-05-07 09:21:00
2026-03-03,2026-03-03 11:40:00,2026-03-03 11:50:00,OG,Backtest,AdxDiCrossBracketOG,OG_AdxDiCrossBracketOG,OG,NQ,NQ JUN26,SHORT,1,24816.50,24865.00,-974.36,-978.72,-195.7,LOSS,STOP_HIT,24882.75,1325.00,2026-05-07 09:21:00
2026-03-03,2026-03-03 11:25:00,2026-03-03 11:35:00,OG,Backtest,AdxDiCrossBracketOG,OG_AdxDiCrossBracketOG,OG,NQ,NQ JUN26,LONG,1,24795.25,24818.25,455.64,451.28,90.3,WIN,STOP_HIT,24724.00,1425.00,2026-05-07 09:21:00
2026-03-12,2026-03-12 11:50:00,2026-03-12 11:50:00,OG,Backtest,AdxDiCrossBracketOG,OG_AdxDiCrossBracketOG,OG,NQ,NQ JUN26,LONG,1,24898.75,24843.25,-1114.36,-1118.72,-223.7,LOSS,STOP_HIT,24844.50,1085.00,2026-05-07 09:21:00
2026-03-20,2026-03-20 11:30:00,2026-03-20 12:05:00,OG,Backtest,AdxDiCrossBracketOG,OG_AdxDiCrossBracketOG,OG,NQ,NQ JUN26,LONG,1,24275.00,24327.75,1050.64,1046.28,209.3,WIN,TARGET_HIT,24219.75,1105.00,2026-05-07 09:21:00
2026-03-19,2026-03-19 11:15:00,2026-03-19 11:25:00,OG,Backtest,AdxDiCrossBracketOG,OG_AdxDiCrossBracketOG,OG,NQ,NQ JUN26,LONG,1,24531.00,24485.50,-914.36,-918.72,-183.7,LOSS,STOP_HIT,24473.00,1160.00,2026-05-07 09:21:00
2026-03-13,2026-03-13 10:50:00,2026-03-13 10:50:00,OG,Backtest,AdxDiCrossBracketOG,OG_AdxDiCrossBracketOG,OG,NQ,NQ JUN26,SHORT,1,24804.25,24755.00,980.64,976.28,195.3,WIN,TARGET_HIT,24853.50,985.00,2026-05-07 09:21:00
2026-03-12,2026-03-12 11:50:00,2026-03-12 11:50:00,OG,Backtest,AdxDiCrossBracketOG,OG_AdxDiCrossBracketOG,OG,NQ,NQ JUN26,LONG,1,24898.75,24843.25,-1114.36,-1118.72,-223.7,LOSS,STOP_HIT,24844.50,1085.00,2026-05-07 09:21:00
2026-04-02,2026-04-02 10:45:00,2026-04-02 10:45:00,OG,Backtest,AdxDiCrossBracketOG,OG_AdxDiCrossBracketOG,OG,NQ,NQ JUN26,LONG,1,24211.00,24133.25,-1559.36,-1563.72,-312.7,LOSS,STOP_HIT,24134.50,1530.00,2026-05-07 09:21:00
2026-03-03,2026-03-03 11:40:00,2026-03-03 11:50:00,OG,Backtest,AdxDiCrossBracketOG,OG_AdxDiCrossBracketOG,OG,NQ,NQ JUN26,SHORT,1,24816.50,24865.00,-974.36,-978.72,-195.7,LOSS,STOP_HIT,24882.75,1325.00,2026-05-07 09:21:00
2026-03-03,2026-03-03 11:25:00,2026-03-03 11:35:00,OG,Backtest,AdxDiCrossBracketOG,OG_AdxDiCrossBracketOG,OG,NQ,NQ JUN26,LONG,1,24795.25,24818.25,455.64,451.28,90.3,WIN,STOP_HIT,24724.00,1425.00,2026-05-07 09:21:00
2026-03-25,2026-03-25 11:20:00,2026-03-25 11:20:00,OG,Backtest,AdxDiCrossBracketOG,OG_AdxDiCrossBracketOG,OG,NQ,NQ JUN26,SHORT,1,24385.25,24336.50,970.64,966.28,193.3,WIN,TARGET_HIT,24438.00,1055.00,2026-05-07 09:21:00
2026-03-12,2026-03-12 11:50:00,2026-03-12 11:50:00,OG,Backtest,AdxDiCrossBracketOG,OG_AdxDiCrossBracketOG,OG,NQ,NQ JUN26,LONG,1,24898.75,24843.25,-1114.36,-1118.72,-223.7,LOSS,STOP_HIT,24844.50,1085.00,2026-05-07 09:21:00
2026-04-02,2026-04-02 10:45:00,2026-04-02 10:45:00,OG,Backtest,AdxDiCrossBracketOG,OG_AdxDiCrossBracketOG,OG,NQ,NQ JUN26,LONG,1,24211.00,24133.25,-1559.36,-1563.72,-312.7,LOSS,STOP_HIT,24134.50,1530.00,2026-05-07 09:21:00
2026-03-25,2026-03-25 11:20:00,2026-03-25 11:20:00,OG,Backtest,AdxDiCrossBracketOG,OG_AdxDiCrossBracketOG,OG,NQ,NQ JUN26,SHORT,1,24385.25,24336.50,970.64,966.28,193.3,WIN,TARGET_HIT,24438.00,1055.00,2026-05-07 09:21:00
2026-03-13,2026-03-13 10:50:00,2026-03-13 10:50:00,OG,Backtest,AdxDiCrossBracketOG,OG_AdxDiCrossBracketOG,OG,NQ,NQ JUN26,SHORT,1,24804.25,24755.00,980.64,976.28,195.3,WIN,TARGET_HIT,24853.50,985.00,2026-05-07 09:21:00
2026-03-17,2026-03-17 11:15:00,2026-03-17 11:20:00,OG,Backtest,AdxDiCrossBracketOG,OG_AdxDiCrossBracketOG,OG,NQ,NQ JUN26,SHORT,1,25019.75,25057.00,-749.36,-753.72,-150.7,LOSS,STOP_HIT,25056.25,730.00,2026-05-07 09:21:00
2026-03-20,2026-03-20 11:30:00,2026-03-20 12:05:00,OG,Backtest,AdxDiCrossBracketOG,OG_AdxDiCrossBracketOG,OG,NQ,NQ JUN26,LONG,1,24275.00,24327.75,1050.64,1046.28,209.3,WIN,TARGET_HIT,24219.75,1105.00,2026-05-07 09:21:00
2026-03-13,2026-03-13 10:50:00,2026-03-13 10:50:00,OG,Backtest,AdxDiCrossBracketOG,OG_AdxDiCrossBracketOG,OG,NQ,NQ JUN26,SHORT,1,24804.25,24755.00,980.64,976.28,195.3,WIN,TARGET_HIT,24853.50,985.00,2026-05-07 09:21:00
2026-03-27,2026-03-27 11:40:00,2026-03-27 11:45:00,OG,Backtest,AdxDiCrossBracketOG,OG_AdxDiCrossBracketOG,OG,NQ,NQ JUN26,LONG,1,23597.75,23540.25,-1154.36,-1158.72,-231.7,LOSS,STOP_HIT,23541.50,1125.00,2026-05-07 09:21:00
2026-04-07,2026-04-07 11:40:00,2026-04-07 12:00:00,OG,Backtest,AdxDiCrossBracketOG,OG_AdxDiCrossBracketOG,OG,NQ,NQ JUN26,LONG,1,24072.25,24117.50,900.64,896.28,179.3,WIN,TARGET_HIT,24025.00,945.00,2026-05-07 09:21:00
2026-04-02,2026-04-02 10:45:00,2026-04-02 10:45:00,OG,Backtest,AdxDiCrossBracketOG,OG_AdxDiCrossBracketOG,OG,NQ,NQ JUN26,LONG,1,24211.00,24133.25,-1559.36,-1563.72,-312.7,LOSS,STOP_HIT,24134.50,1530.00,2026-05-07 09:21:00
2026-03-25,2026-03-25 11:20:00,2026-03-25 11:20:00,OG,Backtest,AdxDiCrossBracketOG,OG_AdxDiCrossBracketOG,OG,NQ,NQ JUN26,SHORT,1,24385.25,24336.50,970.64,966.28,193.3,WIN,TARGET_HIT,24438.00,1055.00,2026-05-07 09:21:00
2026-04-06,2026-04-06 11:35:00,2026-04-06 11:45:00,OG,Backtest,AdxDiCrossBracketOG,OG_AdxDiCrossBracketOG,OG,NQ,NQ JUN26,SHORT,1,24280.00,24290.75,-219.36,-223.72,-44.7,LOSS,STOP_HIT,24325.50,910.00,2026-05-07 09:21:00
2026-04-06,2026-04-06 10:55:00,2026-04-06 11:00:00,OG,Backtest,AdxDiCrossBracketOG,OG_AdxDiCrossBracketOG,OG,NQ,NQ JUN26,SHORT,1,24269.25,24322.25,-1064.36,-1068.72,-213.7,LOSS,STOP_HIT,24321.00,1035.00,2026-05-07 09:21:00
2026-03-25,2026-03-25 11:20:00,2026-03-25 11:20:00,OG,Backtest,AdxDiCrossBracketOG,OG_AdxDiCrossBracketOG,OG,NQ,NQ JUN26,SHORT,1,24385.25,24336.50,970.64,966.28,193.3,WIN,TARGET_HIT,24438.00,1055.00,2026-05-07 09:21:00
2026-04-06,2026-04-06 11:05:00,2026-04-06 11:25:00,OG,Backtest,AdxDiCrossBracketOG,OG_AdxDiCrossBracketOG,OG,NQ,NQ JUN26,LONG,1,24307.50,24293.75,-279.36,-283.72,-56.7,LOSS,STOP_HIT,24255.50,1040.00,2026-05-07 09:21:00
2026-04-07,2026-04-07 11:40:00,2026-04-07 12:00:00,OG,Backtest,AdxDiCrossBracketOG,OG_AdxDiCrossBracketOG,OG,NQ,NQ JUN26,LONG,1,24072.25,24117.50,900.64,896.28,179.3,WIN,TARGET_HIT,24025.00,945.00,2026-05-07 09:21:00
2026-04-06,2026-04-06 11:35:00,2026-04-06 11:45:00,OG,Backtest,AdxDiCrossBracketOG,OG_AdxDiCrossBracketOG,OG,NQ,NQ JUN26,SHORT,1,24280.00,24290.75,-219.36,-223.72,-44.7,LOSS,STOP_HIT,24325.50,910.00,2026-05-07 09:21:00
2026-04-06,2026-04-06 11:05:00,2026-04-06 11:25:00,OG,Backtest,AdxDiCrossBracketOG,OG_AdxDiCrossBracketOG,OG,NQ,NQ JUN26,LONG,1,24307.50,24293.75,-279.36,-283.72,-56.7,LOSS,STOP_HIT,24255.50,1040.00,2026-05-07 09:21:00
2026-04-06,2026-04-06 10:55:00,2026-04-06 11:00:00,OG,Backtest,AdxDiCrossBracketOG,OG_AdxDiCrossBracketOG,OG,NQ,NQ JUN26,SHORT,1,24269.25,24322.25,-1064.36,-1068.72,-213.7,LOSS,STOP_HIT,24321.00,1035.00,2026-05-07 09:21:00
2026-04-06,2026-04-06 10:55:00,2026-04-06 11:00:00,OG,Backtest,AdxDiCrossBracketOG,OG_AdxDiCrossBracketOG,OG,NQ,NQ JUN26,SHORT,1,24269.25,24322.25,-1064.36,-1068.72,-213.7,LOSS,STOP_HIT,24321.00,1035.00,2026-05-07 09:21:00
2026-04-06,2026-04-06 11:05:00,2026-04-06 11:25:00,OG,Backtest,AdxDiCrossBracketOG,OG_AdxDiCrossBracketOG,OG,NQ,NQ JUN26,LONG,1,24307.50,24293.75,-279.36,-283.72,-56.7,LOSS,STOP_HIT,24255.50,1040.00,2026-05-07 09:21:00
2026-04-07,2026-04-07 11:40:00,2026-04-07 12:00:00,OG,Backtest,AdxDiCrossBracketOG,OG_AdxDiCrossBracketOG,OG,NQ,NQ JUN26,LONG,1,24072.25,24117.50,900.64,896.28,179.3,WIN,TARGET_HIT,24025.00,945.00,2026-05-07 09:21:00
2026-04-06,2026-04-06 11:35:00,2026-04-06 11:45:00,OG,Backtest,AdxDiCrossBracketOG,OG_AdxDiCrossBracketOG,OG,NQ,NQ JUN26,SHORT,1,24280.00,24290.75,-219.36,-223.72,-44.7,LOSS,STOP_HIT,24325.50,910.00,2026-05-07 09:21:00
2026-04-07,2026-04-07 11:40:00,2026-04-07 12:00:00,OG,Backtest,AdxDiCrossBracketOG,OG_AdxDiCrossBracketOG,OG,NQ,NQ JUN26,LONG,1,24072.25,24117.50,900.64,896.28,179.3,WIN,TARGET_HIT,24025.00,945.00,2026-05-07 09:21:00
2026-04-10,2026-04-10 11:45:00,2026-04-10 12:00:00,OG,Backtest,AdxDiCrossBracketOG,OG_AdxDiCrossBracketOG,OG,NQ,NQ JUN26,SHORT,1,25300.75,25269.75,615.64,611.28,122.3,WIN,TARGET_HIT,25334.25,670.00,2026-05-07 09:21:00
2026-01-09,2026-01-09 10:10:00,2026-01-09 10:10:00,OG,Backtest,AdxDiCrossBracketOG,OG_AdxDiCrossBracketOG,OG,NQ,NQ JUN26,LONG,1,25922.50,25881.00,-834.36,-838.72,-167.7,LOSS,STOP_HIT,25882.25,805.00,2026-05-07 09:21:00
2026-01-09,2026-01-09 10:15:00,2026-01-09 10:15:00,OG,Backtest,AdxDiCrossBracketOG,OG_AdxDiCrossBracketOG,OG,NQ,NQ JUN26,SHORT,1,25849.75,25897.00,-949.36,-953.72,-190.7,LOSS,STOP_HIT,25895.75,920.00,2026-05-07 09:21:00
2026-01-13,2026-01-13 10:10:00,2026-01-13 10:15:00,OG,Backtest,AdxDiCrossBracketOG,OG_AdxDiCrossBracketOG,OG,NQ,NQ JUN26,SHORT,1,26137.25,26108.00,580.64,576.28,115.3,WIN,TARGET_HIT,26168.00,615.00,2026-05-07 09:21:00
2026-01-09,2026-01-09 10:10:00,2026-01-09 10:10:00,OG,Backtest,AdxDiCrossBracketOG,OG_AdxDiCrossBracketOG,OG,NQ,NQ JUN26,LONG,1,25922.50,25881.00,-834.36,-838.72,-167.7,LOSS,STOP_HIT,25882.25,805.00,2026-05-07 09:21:00
2026-02-24,2026-02-24 10:15:00,2026-02-24 10:15:00,OG,Backtest,AdxDiCrossBracketOG,OG_AdxDiCrossBracketOG,OG,NQ,NQ JUN26,LONG,1,25110.00,25063.00,-944.36,-948.72,-189.7,LOSS,STOP_HIT,25064.25,915.00,2026-05-07 09:21:00
2026-01-09,2026-01-09 10:30:00,2026-01-09 10:30:00,OG,Backtest,AdxDiCrossBracketOG,OG_AdxDiCrossBracketOG,OG,NQ,NQ JUN26,LONG,1,26010.00,26057.25,940.64,936.28,187.3,WIN,TARGET_HIT,25959.75,1005.00,2026-05-07 09:21:00
2026-01-07,2026-01-07 10:10:00,2026-01-07 10:10:00,OG,Backtest,AdxDiCrossBracketOG,OG_AdxDiCrossBracketOG,OG,NQ,NQ JUN26,SHORT,1,26050.00,26073.50,-474.36,-478.72,-95.7,LOSS,STOP_HIT,26072.25,445.00,2026-05-07 09:21:00
2026-03-06,2026-03-06 11:10:00,2026-03-06 11:15:00,OG,Backtest,AdxDiCrossBracketOG,OG_AdxDiCrossBracketOG,OG,NQ,NQ JUN26,LONG,1,25102.25,25058.25,-884.36,-888.72,-177.7,LOSS,STOP_HIT,25038.75,1270.00,2026-05-07 09:21:00
2026-01-16,2026-01-16 11:30:00,2026-01-16 11:35:00,OG,Backtest,AdxDiCrossBracketOG,OG_AdxDiCrossBracketOG,OG,NQ,NQ JUN26,LONG,1,25912.25,25924.50,240.64,236.28,47.3,WIN,STOP_HIT,25874.75,750.00,2026-05-07 09:21:00
2026-02-17,2026-02-17 11:10:00,2026-02-17 11:10:00,OG,Backtest,AdxDiCrossBracketOG,OG_AdxDiCrossBracketOG,OG,NQ,NQ JUN26,LONG,1,24862.00,24927.25,1300.64,1296.28,259.3,WIN,TARGET_HIT,24793.75,1365.00,2026-05-07 09:21:00
2026-01-09,2026-01-09 10:30:00,2026-01-09 10:30:00,OG,Backtest,AdxDiCrossBracketOG,OG_AdxDiCrossBracketOG,OG,NQ,NQ JUN26,LONG,1,26010.00,26057.25,940.64,936.28,187.3,WIN,TARGET_HIT,25959.75,1005.00,2026-05-07 09:21:00
2026-03-13,2026-03-13 10:50:00,2026-03-13 10:50:00,OG,Backtest,AdxDiCrossBracketOG,OG_AdxDiCrossBracketOG,OG,NQ,NQ JUN26,SHORT,1,24804.25,24755.00,980.64,976.28,195.3,WIN,TARGET_HIT,24853.50,985.00,2026-05-07 09:21:00
2026-01-28,2026-01-28 10:55:00,2026-01-28 11:05:00,OG,Backtest,AdxDiCrossBracketOG,OG_AdxDiCrossBracketOG,OG,NQ,NQ JUN26,SHORT,1,26394.50,26393.50,15.64,11.28,2.3,WIN,STOP_HIT,26429.00,690.00,2026-05-07 09:21:00
2026-02-24,2026-02-24 10:10:00,2026-02-24 10:10:00,OG,Backtest,AdxDiCrossBracketOG,OG_AdxDiCrossBracketOG,OG,NQ,NQ JUN26,SHORT,1,25048.00,25093.50,-914.36,-918.72,-183.7,LOSS,STOP_HIT,25092.25,885.00,2026-05-07 09:21:00
2026-02-24,2026-02-24 09:50:00,2026-02-24 09:50:00,OG,Backtest,AdxDiCrossBracketOG,OG_AdxDiCrossBracketOG,OG,NQ,NQ JUN26,LONG,1,25121.25,25157.50,720.64,716.28,143.3,WIN,TARGET_HIT,25081.50,795.00,2026-05-07 09:21:00
2026-01-28,2026-01-28 11:20:00,2026-01-28 11:25:00,OG,Backtest,AdxDiCrossBracketOG,OG_AdxDiCrossBracketOG,OG,NQ,NQ JUN26,LONG,1,26393.75,26378.25,-314.36,-318.72,-63.7,LOSS,STOP_HIT,26363.25,610.00,2026-05-07 09:21:00
2026-01-07,2026-01-07 10:10:00,2026-01-07 10:10:00,OG,Backtest,AdxDiCrossBracketOG,OG_AdxDiCrossBracketOG,OG,NQ,NQ JUN26,SHORT,1,26050.00,26073.50,-474.36,-478.72,-95.7,LOSS,STOP_HIT,26072.25,445.00,2026-05-07 09:21:00
2026-03-02,2026-03-02 11:15:00,2026-03-02 11:20:00,OG,Backtest,AdxDiCrossBracketOG,OG_AdxDiCrossBracketOG,OG,NQ,NQ JUN26,LONG,1,25187.75,25180.00,-159.36,-163.72,-32.7,LOSS,STOP_HIT,25129.50,1165.00,2026-05-07 09:21:00
2026-02-24,2026-02-24 10:15:00,2026-02-24 10:15:00,OG,Backtest,AdxDiCrossBracketOG,OG_AdxDiCrossBracketOG,OG,NQ,NQ JUN26,LONG,1,25110.00,25063.00,-944.36,-948.72,-189.7,LOSS,STOP_HIT,25064.25,915.00,2026-05-07 09:21:00
2026-01-30,2026-01-30 11:00:00,2026-01-30 11:10:00,OG,Backtest,AdxDiCrossBracketOG,OG_AdxDiCrossBracketOG,OG,NQ,NQ JUN26,SHORT,1,26071.50,26048.25,460.64,456.28,91.3,WIN,STOP_HIT,26129.00,1150.00,2026-05-07 09:21:00
2026-01-09,2026-01-09 09:55:00,2026-01-09 09:55:00,OG,Backtest,AdxDiCrossBracketOG,OG_AdxDiCrossBracketOG,OG,NQ,NQ JUN26,SHORT,1,25912.50,25949.00,-734.36,-738.72,-147.7,LOSS,STOP_HIT,25947.75,705.00,2026-05-07 09:21:00
2026-02-03,2026-02-03 09:50:00,2026-02-03 09:50:00,OG,Backtest,AdxDiCrossBracketOG,OG_AdxDiCrossBracketOG,OG,NQ,NQ JUN26,SHORT,1,25960.00,25999.25,-789.36,-793.72,-158.7,LOSS,STOP_HIT,25998.00,760.00,2026-05-07 09:21:00
2026-04-06,2026-04-06 10:55:00,2026-04-06 11:00:00,OG,Backtest,AdxDiCrossBracketOG,OG_AdxDiCrossBracketOG,OG,NQ,NQ JUN26,SHORT,1,24269.25,24322.25,-1064.36,-1068.72,-213.7,LOSS,STOP_HIT,24321.00,1035.00,2026-05-07 09:21:00
2026-01-09,2026-01-09 09:45:00,2026-01-09 09:50:00,OG,Backtest,AdxDiCrossBracketOG,OG_AdxDiCrossBracketOG,OG,NQ,NQ JUN26,LONG,1,25965.75,25936.75,-584.36,-588.72,-117.7,LOSS,STOP_HIT,25938.00,555.00,2026-05-07 09:21:00
2026-02-05,2026-02-05 11:40:00,2026-02-05 11:50:00,OG,Backtest,AdxDiCrossBracketOG,OG_AdxDiCrossBracketOG,OG,NQ,NQ JUN26,LONG,1,25026.25,24991.50,-699.36,-703.72,-140.7,LOSS,STOP_HIT,24938.00,1765.00,2026-05-07 09:21:00
2026-01-07,2026-01-07 10:10:00,2026-01-07 10:10:00,OG,Backtest,AdxDiCrossBracketOG,OG_AdxDiCrossBracketOG,OG,NQ,NQ JUN26,SHORT,1,26050.00,26073.50,-474.36,-478.72,-95.7,LOSS,STOP_HIT,26072.25,445.00,2026-05-07 09:21:00
2026-01-06,2026-01-06 11:00:00,2026-01-06 11:05:00,OG,Backtest,AdxDiCrossBracketOG,OG_AdxDiCrossBracketOG,OG,NQ,NQ JUN26,SHORT,1,25908.50,25880.75,550.64,546.28,109.3,WIN,TARGET_HIT,25938.25,595.00,2026-05-07 09:21:00
2026-03-12,2026-03-12 11:50:00,2026-03-12 11:50:00,OG,Backtest,AdxDiCrossBracketOG,OG_AdxDiCrossBracketOG,OG,NQ,NQ JUN26,LONG,1,24898.75,24843.25,-1114.36,-1118.72,-223.7,LOSS,STOP_HIT,24844.50,1085.00,2026-05-07 09:21:00
2026-01-09,2026-01-09 09:45:00,2026-01-09 09:50:00,OG,Backtest,AdxDiCrossBracketOG,OG_AdxDiCrossBracketOG,OG,NQ,NQ JUN26,LONG,1,25965.75,25936.75,-584.36,-588.72,-117.7,LOSS,STOP_HIT,25938.00,555.00,2026-05-07 09:21:00
2026-03-12,2026-03-12 11:50:00,2026-03-12 11:50:00,OG,Backtest,AdxDiCrossBracketOG,OG_AdxDiCrossBracketOG,OG,NQ,NQ JUN26,LONG,1,24898.75,24843.25,-1114.36,-1118.72,-223.7,LOSS,STOP_HIT,24844.50,1085.00,2026-05-07 09:21:00
2026-01-06,2026-01-06 11:00:00,2026-01-06 11:05:00,OG,Backtest,AdxDiCrossBracketOG,OG_AdxDiCrossBracketOG,OG,NQ,NQ JUN26,SHORT,1,25908.50,25880.75,550.64,546.28,109.3,WIN,TARGET_HIT,25938.25,595.00,2026-05-07 09:21:00
2026-02-11,2026-02-11 11:05:00,2026-02-11 11:10:00,OG,Backtest,AdxDiCrossBracketOG,OG_AdxDiCrossBracketOG,OG,NQ,NQ JUN26,LONG,1,25454.25,25417.50,-739.36,-743.72,-148.7,LOSS,STOP_HIT,25393.00,1225.00,2026-05-07 09:21:00
2026-01-09,2026-01-09 10:15:00,2026-01-09 10:15:00,OG,Backtest,AdxDiCrossBracketOG,OG_AdxDiCrossBracketOG,OG,NQ,NQ JUN26,SHORT,1,25849.75,25897.00,-949.36,-953.72,-190.7,LOSS,STOP_HIT,25895.75,920.00,2026-05-07 09:21:00
2026-01-09,2026-01-09 10:15:00,2026-01-09 10:15:00,OG,Backtest,AdxDiCrossBracketOG,OG_AdxDiCrossBracketOG,OG,NQ,NQ JUN26,SHORT,1,25849.75,25897.00,-949.36,-953.72,-190.7,LOSS,STOP_HIT,25895.75,920.00,2026-05-07 09:21:00
2026-01-07,2026-01-07 09:50:00,2026-01-07 09:50:00,OG,Backtest,AdxDiCrossBracketOG,OG_AdxDiCrossBracketOG,OG,NQ,NQ JUN26,LONG,1,26064.50,26079.75,300.64,296.28,59.3,WIN,TARGET_HIT,26047.25,345.00,2026-05-07 09:21:00
2026-02-13,2026-02-13 10:35:00,2026-02-13 10:35:00,OG,Backtest,AdxDiCrossBracketOG,OG_AdxDiCrossBracketOG,OG,NQ,NQ JUN26,LONG,1,25058.75,25127.00,1360.64,1356.28,271.3,WIN,TARGET_HIT,24987.50,1425.00,2026-05-07 09:21:00
2026-03-20,2026-03-20 11:30:00,2026-03-20 12:05:00,OG,Backtest,AdxDiCrossBracketOG,OG_AdxDiCrossBracketOG,OG,NQ,NQ JUN26,LONG,1,24275.00,24327.75,1050.64,1046.28,209.3,WIN,TARGET_HIT,24219.75,1105.00,2026-05-07 09:21:00
2026-01-23,2026-01-23 10:10:00,2026-01-23 10:15:00,OG,Backtest,AdxDiCrossBracketOG,OG_AdxDiCrossBracketOG,OG,NQ,NQ JUN26,LONG,1,25921.75,25885.00,-739.36,-743.72,-148.7,LOSS,STOP_HIT,25885.50,725.00,2026-05-07 09:21:00
2026-01-09,2026-01-09 09:55:00,2026-01-09 09:55:00,OG,Backtest,AdxDiCrossBracketOG,OG_AdxDiCrossBracketOG,OG,NQ,NQ JUN26,SHORT,1,25912.50,25949.00,-734.36,-738.72,-147.7,LOSS,STOP_HIT,25947.75,705.00,2026-05-07 09:21:00
2026-02-24,2026-02-24 10:10:00,2026-02-24 10:10:00,OG,Backtest,AdxDiCrossBracketOG,OG_AdxDiCrossBracketOG,OG,NQ,NQ JUN26,SHORT,1,25048.00,25093.50,-914.36,-918.72,-183.7,LOSS,STOP_HIT,25092.25,885.00,2026-05-07 09:21:00
2026-01-12,2026-01-12 11:25:00,2026-01-12 11:35:00,OG,Backtest,AdxDiCrossBracketOG,OG_AdxDiCrossBracketOG,OG,NQ,NQ JUN26,LONG,1,26159.50,26149.25,-209.36,-213.72,-42.7,LOSS,STOP_HIT,26131.75,555.00,2026-05-07 09:21:00
2026-01-09,2026-01-09 10:10:00,2026-01-09 10:10:00,OG,Backtest,AdxDiCrossBracketOG,OG_AdxDiCrossBracketOG,OG,NQ,NQ JUN26,LONG,1,25922.50,25881.00,-834.36,-838.72,-167.7,LOSS,STOP_HIT,25882.25,805.00,2026-05-07 09:21:00
2026-02-13,2026-02-13 10:35:00,2026-02-13 10:35:00,OG,Backtest,AdxDiCrossBracketOG,OG_AdxDiCrossBracketOG,OG,NQ,NQ JUN26,LONG,1,25058.75,25127.00,1360.64,1356.28,271.3,WIN,TARGET_HIT,24987.50,1425.00,2026-05-07 09:21:00
2026-01-28,2026-01-28 10:55:00,2026-01-28 11:05:00,OG,Backtest,AdxDiCrossBracketOG,OG_AdxDiCrossBracketOG,OG,NQ,NQ JUN26,SHORT,1,26394.50,26393.50,15.64,11.28,2.3,WIN,STOP_HIT,26429.00,690.00,2026-05-07 09:21:00
2026-03-02,2026-03-02 11:15:00,2026-03-02 11:20:00,OG,Backtest,AdxDiCrossBracketOG,OG_AdxDiCrossBracketOG,OG,NQ,NQ JUN26,LONG,1,25187.75,25180.00,-159.36,-163.72,-32.7,LOSS,STOP_HIT,25129.50,1165.00,2026-05-07 09:21:00
2026-01-30,2026-01-30 10:55:00,2026-01-30 10:55:00,OG,Backtest,AdxDiCrossBracketOG,OG_AdxDiCrossBracketOG,OG,NQ,NQ JUN26,LONG,1,26118.00,26058.75,-1189.36,-1193.72,-238.7,LOSS,STOP_HIT,26060.00,1160.00,2026-05-07 09:21:00
2026-01-13,2026-01-13 10:10:00,2026-01-13 10:15:00,OG,Backtest,AdxDiCrossBracketOG,OG_AdxDiCrossBracketOG,OG,NQ,NQ JUN26,SHORT,1,26137.25,26108.00,580.64,576.28,115.3,WIN,TARGET_HIT,26168.00,615.00,2026-05-07 09:21:00
2026-04-07,2026-04-07 11:40:00,2026-04-07 12:00:00,OG,Backtest,AdxDiCrossBracketOG,OG_AdxDiCrossBracketOG,OG,NQ,NQ JUN26,LONG,1,24072.25,24117.50,900.64,896.28,179.3,WIN,TARGET_HIT,24025.00,945.00,2026-05-07 09:21:00
2026-01-12,2026-01-12 11:25:00,2026-01-12 11:35:00,OG,Backtest,AdxDiCrossBracketOG,OG_AdxDiCrossBracketOG,OG,NQ,NQ JUN26,LONG,1,26159.50,26149.25,-209.36,-213.72,-42.7,LOSS,STOP_HIT,26131.75,555.00,2026-05-07 09:21:00
2026-03-03,2026-03-03 11:40:00,2026-03-03 11:50:00,OG,Backtest,AdxDiCrossBracketOG,OG_AdxDiCrossBracketOG,OG,NQ,NQ JUN26,SHORT,1,24816.50,24865.00,-974.36,-978.72,-195.7,LOSS,STOP_HIT,24882.75,1325.00,2026-05-07 09:21:00
2026-02-03,2026-02-03 09:50:00,2026-02-03 09:50:00,OG,Backtest,AdxDiCrossBracketOG,OG_AdxDiCrossBracketOG,OG,NQ,NQ JUN26,SHORT,1,25960.00,25999.25,-789.36,-793.72,-158.7,LOSS,STOP_HIT,25998.00,760.00,2026-05-07 09:21:00
2026-01-28,2026-01-28 11:20:00,2026-01-28 11:25:00,OG,Backtest,AdxDiCrossBracketOG,OG_AdxDiCrossBracketOG,OG,NQ,NQ JUN26,LONG,1,26393.75,26378.25,-314.36,-318.72,-63.7,LOSS,STOP_HIT,26363.25,610.00,2026-05-07 09:21:00
2026-01-13,2026-01-13 10:10:00,2026-01-13 10:15:00,OG,Backtest,AdxDiCrossBracketOG,OG_AdxDiCrossBracketOG,OG,NQ,NQ JUN26,SHORT,1,26137.25,26108.00,580.64,576.28,115.3,WIN,TARGET_HIT,26168.00,615.00,2026-05-07 09:21:00
2026-01-30,2026-01-30 11:00:00,2026-01-30 11:10:00,OG,Backtest,AdxDiCrossBracketOG,OG_AdxDiCrossBracketOG,OG,NQ,NQ JUN26,SHORT,1,26071.50,26048.25,460.64,456.28,91.3,WIN,STOP_HIT,26129.00,1150.00,2026-05-07 09:21:00
2026-01-30,2026-01-30 10:55:00,2026-01-30 10:55:00,OG,Backtest,AdxDiCrossBracketOG,OG_AdxDiCrossBracketOG,OG,NQ,NQ JUN26,LONG,1,26118.00,26058.75,-1189.36,-1193.72,-238.7,LOSS,STOP_HIT,26060.00,1160.00,2026-05-07 09:21:00
2026-03-13,2026-03-13 10:50:00,2026-03-13 10:50:00,OG,Backtest,AdxDiCrossBracketOG,OG_AdxDiCrossBracketOG,OG,NQ,NQ JUN26,SHORT,1,24804.25,24755.00,980.64,976.28,195.3,WIN,TARGET_HIT,24853.50,985.00,2026-05-07 09:21:00
2026-02-11,2026-02-11 10:20:00,2026-02-11 10:20:00,OG,Backtest,AdxDiCrossBracketOG,OG_AdxDiCrossBracketOG,OG,NQ,NQ JUN26,SHORT,1,25395.25,25345.50,990.64,986.28,197.3,WIN,TARGET_HIT,25448.50,1065.00,2026-05-07 09:21:00
2026-01-20,2026-01-20 10:50:00,2026-01-20 10:55:00,OG,Backtest,AdxDiCrossBracketOG,OG_AdxDiCrossBracketOG,OG,NQ,NQ JUN26,LONG,1,25598.75,25558.75,-804.36,-808.72,-161.7,LOSS,STOP_HIT,25550.75,960.00,2026-05-07 09:21:00
2026-03-17,2026-03-17 11:15:00,2026-03-17 11:20:00,OG,Backtest,AdxDiCrossBracketOG,OG_AdxDiCrossBracketOG,OG,NQ,NQ JUN26,SHORT,1,25019.75,25057.00,-749.36,-753.72,-150.7,LOSS,STOP_HIT,25056.25,730.00,2026-05-07 09:21:00
2026-02-11,2026-02-11 10:20:00,2026-02-11 10:20:00,OG,Backtest,AdxDiCrossBracketOG,OG_AdxDiCrossBracketOG,OG,NQ,NQ JUN26,SHORT,1,25395.25,25345.50,990.64,986.28,197.3,WIN,TARGET_HIT,25448.50,1065.00,2026-05-07 09:21:00
2026-03-17,2026-03-17 11:15:00,2026-03-17 11:20:00,OG,Backtest,AdxDiCrossBracketOG,OG_AdxDiCrossBracketOG,OG,NQ,NQ JUN26,SHORT,1,25019.75,25057.00,-749.36,-753.72,-150.7,LOSS,STOP_HIT,25056.25,730.00,2026-05-07 09:21:00
2026-02-03,2026-02-03 09:50:00,2026-02-03 09:50:00,OG,Backtest,AdxDiCrossBracketOG,OG_AdxDiCrossBracketOG,OG,NQ,NQ JUN26,SHORT,1,25960.00,25999.25,-789.36,-793.72,-158.7,LOSS,STOP_HIT,25998.00,760.00,2026-05-07 09:21:00
2026-02-10,2026-02-10 09:45:00,2026-02-10 09:45:00,OG,Backtest,AdxDiCrossBracketOG,OG_AdxDiCrossBracketOG,OG,NQ,NQ JUN26,SHORT,1,25534.50,25512.25,440.64,436.28,87.3,WIN,TARGET_HIT,25559.75,505.00,2026-05-07 09:21:00
2026-02-13,2026-02-13 10:35:00,2026-02-13 10:35:00,OG,Backtest,AdxDiCrossBracketOG,OG_AdxDiCrossBracketOG,OG,NQ,NQ JUN26,LONG,1,25058.75,25127.00,1360.64,1356.28,271.3,WIN,TARGET_HIT,24987.50,1425.00,2026-05-07 09:21:00
2026-02-10,2026-02-10 09:45:00,2026-02-10 09:45:00,OG,Backtest,AdxDiCrossBracketOG,OG_AdxDiCrossBracketOG,OG,NQ,NQ JUN26,SHORT,1,25534.50,25512.25,440.64,436.28,87.3,WIN,TARGET_HIT,25559.75,505.00,2026-05-07 09:21:00
2026-02-10,2026-02-10 09:45:00,2026-02-10 09:45:00,OG,Backtest,AdxDiCrossBracketOG,OG_AdxDiCrossBracketOG,OG,NQ,NQ JUN26,SHORT,1,25534.50,25512.25,440.64,436.28,87.3,WIN,TARGET_HIT,25559.75,505.00,2026-05-07 09:21:00
2026-02-13,2026-02-13 10:50:00,2026-02-13 11:00:00,OG,Backtest,AdxDiCrossBracketOG,OG_AdxDiCrossBracketOG,OG,NQ,NQ JUN26,SHORT,1,24982.25,25030.75,-974.36,-978.72,-195.7,LOSS,STOP_HIT,25055.00,1455.00,2026-05-07 09:21:00
2026-03-27,2026-03-27 11:40:00,2026-03-27 11:45:00,OG,Backtest,AdxDiCrossBracketOG,OG_AdxDiCrossBracketOG,OG,NQ,NQ JUN26,LONG,1,23597.75,23540.25,-1154.36,-1158.72,-231.7,LOSS,STOP_HIT,23541.50,1125.00,2026-05-07 09:21:00
2026-01-13,2026-01-13 10:10:00,2026-01-13 10:15:00,OG,Backtest,AdxDiCrossBracketOG,OG_AdxDiCrossBracketOG,OG,NQ,NQ JUN26,SHORT,1,26137.25,26108.00,580.64,576.28,115.3,WIN,TARGET_HIT,26168.00,615.00,2026-05-07 09:21:00
2026-01-07,2026-01-07 09:50:00,2026-01-07 09:50:00,OG,Backtest,AdxDiCrossBracketOG,OG_AdxDiCrossBracketOG,OG,NQ,NQ JUN26,LONG,1,26064.50,26079.75,300.64,296.28,59.3,WIN,TARGET_HIT,26047.25,345.00,2026-05-07 09:21:00
2026-02-11,2026-02-11 11:05:00,2026-02-11 11:10:00,OG,Backtest,AdxDiCrossBracketOG,OG_AdxDiCrossBracketOG,OG,NQ,NQ JUN26,LONG,1,25454.25,25417.50,-739.36,-743.72,-148.7,LOSS,STOP_HIT,25393.00,1225.00,2026-05-07 09:21:00
2026-02-17,2026-02-17 11:10:00,2026-02-17 11:10:00,OG,Backtest,AdxDiCrossBracketOG,OG_AdxDiCrossBracketOG,OG,NQ,NQ JUN26,LONG,1,24862.00,24927.25,1300.64,1296.28,259.3,WIN,TARGET_HIT,24793.75,1365.00,2026-05-07 09:21:00
2026-02-11,2026-02-11 11:05:00,2026-02-11 11:10:00,OG,Backtest,AdxDiCrossBracketOG,OG_AdxDiCrossBracketOG,OG,NQ,NQ JUN26,LONG,1,25454.25,25417.50,-739.36,-743.72,-148.7,LOSS,STOP_HIT,25393.00,1225.00,2026-05-07 09:21:00
2026-02-11,2026-02-11 11:20:00,2026-02-11 11:25:00,OG,Backtest,AdxDiCrossBracketOG,OG_AdxDiCrossBracketOG,OG,NQ,NQ JUN26,LONG,1,25468.75,25457.00,-239.36,-243.72,-48.7,LOSS,STOP_HIT,25406.75,1240.00,2026-05-07 09:21:00
2026-02-13,2026-02-13 10:50:00,2026-02-13 11:00:00,OG,Backtest,AdxDiCrossBracketOG,OG_AdxDiCrossBracketOG,OG,NQ,NQ JUN26,SHORT,1,24982.25,25030.75,-974.36,-978.72,-195.7,LOSS,STOP_HIT,25055.00,1455.00,2026-05-07 09:21:00
2026-01-21,2026-01-21 11:45:00,2026-01-21 11:45:00,OG,Backtest,AdxDiCrossBracketOG,OG_AdxDiCrossBracketOG,OG,NQ,NQ JUN26,SHORT,1,25543.00,25505.75,740.64,736.28,147.3,WIN,TARGET_HIT,25582.25,785.00,2026-05-07 09:21:00
2026-02-13,2026-02-13 10:50:00,2026-02-13 11:00:00,OG,Backtest,AdxDiCrossBracketOG,OG_AdxDiCrossBracketOG,OG,NQ,NQ JUN26,SHORT,1,24982.25,25030.75,-974.36,-978.72,-195.7,LOSS,STOP_HIT,25055.00,1455.00,2026-05-07 09:21:00
2026-02-24,2026-02-24 10:10:00,2026-02-24 10:10:00,OG,Backtest,AdxDiCrossBracketOG,OG_AdxDiCrossBracketOG,OG,NQ,NQ JUN26,SHORT,1,25048.00,25093.50,-914.36,-918.72,-183.7,LOSS,STOP_HIT,25092.25,885.00,2026-05-07 09:21:00
2026-03-02,2026-03-02 11:15:00,2026-03-02 11:20:00,OG,Backtest,AdxDiCrossBracketOG,OG_AdxDiCrossBracketOG,OG,NQ,NQ JUN26,LONG,1,25187.75,25180.00,-159.36,-163.72,-32.7,LOSS,STOP_HIT,25129.50,1165.00,2026-05-07 09:21:00
2026-03-03,2026-03-03 11:40:00,2026-03-03 11:50:00,OG,Backtest,AdxDiCrossBracketOG,OG_AdxDiCrossBracketOG,OG,NQ,NQ JUN26,SHORT,1,24816.50,24865.00,-974.36,-978.72,-195.7,LOSS,STOP_HIT,24882.75,1325.00,2026-05-07 09:21:00
2026-03-13,2026-03-13 10:50:00,2026-03-13 10:50:00,OG,Backtest,AdxDiCrossBracketOG,OG_AdxDiCrossBracketOG,OG,NQ,NQ JUN26,SHORT,1,24804.25,24755.00,980.64,976.28,195.3,WIN,TARGET_HIT,24853.50,985.00,2026-05-07 09:21:00
2026-02-13,2026-02-13 10:35:00,2026-02-13 10:35:00,OG,Backtest,AdxDiCrossBracketOG,OG_AdxDiCrossBracketOG,OG,NQ,NQ JUN26,LONG,1,25058.75,25127.00,1360.64,1356.28,271.3,WIN,TARGET_HIT,24987.50,1425.00,2026-05-07 09:21:00
2026-01-16,2026-01-16 11:30:00,2026-01-16 11:35:00,OG,Backtest,AdxDiCrossBracketOG,OG_AdxDiCrossBracketOG,OG,NQ,NQ JUN26,LONG,1,25912.25,25924.50,240.64,236.28,47.3,WIN,STOP_HIT,25874.75,750.00,2026-05-07 09:21:00
2026-02-13,2026-02-13 10:35:00,2026-02-13 10:35:00,OG,Backtest,AdxDiCrossBracketOG,OG_AdxDiCrossBracketOG,OG,NQ,NQ JUN26,LONG,1,25058.75,25127.00,1360.64,1356.28,271.3,WIN,TARGET_HIT,24987.50,1425.00,2026-05-07 09:21:00
2026-02-13,2026-02-13 10:50:00,2026-02-13 11:00:00,OG,Backtest,AdxDiCrossBracketOG,OG_AdxDiCrossBracketOG,OG,NQ,NQ JUN26,SHORT,1,24982.25,25030.75,-974.36,-978.72,-195.7,LOSS,STOP_HIT,25055.00,1455.00,2026-05-07 09:21:00
2026-02-13,2026-02-13 10:50:00,2026-02-13 11:00:00,OG,Backtest,AdxDiCrossBracketOG,OG_AdxDiCrossBracketOG,OG,NQ,NQ JUN26,SHORT,1,24982.25,25030.75,-974.36,-978.72,-195.7,LOSS,STOP_HIT,25055.00,1455.00,2026-05-07 09:21:00
2026-03-03,2026-03-03 11:25:00,2026-03-03 11:35:00,OG,Backtest,AdxDiCrossBracketOG,OG_AdxDiCrossBracketOG,OG,NQ,NQ JUN26,LONG,1,24795.25,24818.25,455.64,451.28,90.3,WIN,STOP_HIT,24724.00,1425.00,2026-05-07 09:21:00
2026-03-19,2026-03-19 11:15:00,2026-03-19 11:25:00,OG,Backtest,AdxDiCrossBracketOG,OG_AdxDiCrossBracketOG,OG,NQ,NQ JUN26,LONG,1,24531.00,24485.50,-914.36,-918.72,-183.7,LOSS,STOP_HIT,24473.00,1160.00,2026-05-07 09:21:00
2026-02-24,2026-02-24 10:15:00,2026-02-24 10:15:00,OG,Backtest,AdxDiCrossBracketOG,OG_AdxDiCrossBracketOG,OG,NQ,NQ JUN26,LONG,1,25110.00,25063.00,-944.36,-948.72,-189.7,LOSS,STOP_HIT,25064.25,915.00,2026-05-07 09:21:00
2026-03-03,2026-03-03 11:40:00,2026-03-03 11:50:00,OG,Backtest,AdxDiCrossBracketOG,OG_AdxDiCrossBracketOG,OG,NQ,NQ JUN26,SHORT,1,24816.50,24865.00,-974.36,-978.72,-195.7,LOSS,STOP_HIT,24882.75,1325.00,2026-05-07 09:21:00
2026-02-11,2026-02-11 11:05:00,2026-02-11 11:10:00,OG,Backtest,AdxDiCrossBracketOG,OG_AdxDiCrossBracketOG,OG,NQ,NQ JUN26,LONG,1,25454.25,25417.50,-739.36,-743.72,-148.7,LOSS,STOP_HIT,25393.00,1225.00,2026-05-07 09:21:00
2026-03-20,2026-03-20 11:30:00,2026-03-20 12:05:00,OG,Backtest,AdxDiCrossBracketOG,OG_AdxDiCrossBracketOG,OG,NQ,NQ JUN26,LONG,1,24275.00,24327.75,1050.64,1046.28,209.3,WIN,TARGET_HIT,24219.75,1105.00,2026-05-07 09:21:00
2026-03-09,2026-03-09 10:45:00,2026-03-09 10:50:00,OG,Backtest,AdxDiCrossBracketOG,OG_AdxDiCrossBracketOG,OG,NQ,NQ JUN26,LONG,1,24692.75,24762.25,1385.64,1381.28,276.3,WIN,TARGET_HIT,24622.25,1410.00,2026-05-07 09:21:00
2026-03-02,2026-03-02 11:15:00,2026-03-02 11:20:00,OG,Backtest,AdxDiCrossBracketOG,OG_AdxDiCrossBracketOG,OG,NQ,NQ JUN26,LONG,1,25187.75,25180.00,-159.36,-163.72,-32.7,LOSS,STOP_HIT,25129.50,1165.00,2026-05-07 09:21:00
2026-03-25,2026-03-25 11:20:00,2026-03-25 11:20:00,OG,Backtest,AdxDiCrossBracketOG,OG_AdxDiCrossBracketOG,OG,NQ,NQ JUN26,SHORT,1,24385.25,24336.50,970.64,966.28,193.3,WIN,TARGET_HIT,24438.00,1055.00,2026-05-07 09:21:00
2026-03-13,2026-03-13 10:50:00,2026-03-13 10:50:00,OG,Backtest,AdxDiCrossBracketOG,OG_AdxDiCrossBracketOG,OG,NQ,NQ JUN26,SHORT,1,24804.25,24755.00,980.64,976.28,195.3,WIN,TARGET_HIT,24853.50,985.00,2026-05-07 09:21:00
2026-01-09,2026-01-09 10:10:00,2026-01-09 10:10:00,OG,Backtest,AdxDiCrossBracketOG,OG_AdxDiCrossBracketOG,OG,NQ,NQ JUN26,LONG,1,25922.50,25881.00,-834.36,-838.72,-167.7,LOSS,STOP_HIT,25882.25,805.00,2026-05-07 09:21:00
2026-03-25,2026-03-25 11:20:00,2026-03-25 11:20:00,OG,Backtest,AdxDiCrossBracketOG,OG_AdxDiCrossBracketOG,OG,NQ,NQ JUN26,SHORT,1,24385.25,24336.50,970.64,966.28,193.3,WIN,TARGET_HIT,24438.00,1055.00,2026-05-07 09:21:01
2026-04-02,2026-04-02 10:45:00,2026-04-02 10:45:00,OG,Backtest,AdxDiCrossBracketOG,OG_AdxDiCrossBracketOG,OG,NQ,NQ JUN26,LONG,1,24211.00,24133.25,-1559.36,-1563.72,-312.7,LOSS,STOP_HIT,24134.50,1530.00,2026-05-07 09:21:01
2026-02-24,2026-02-24 10:10:00,2026-02-24 10:10:00,OG,Backtest,AdxDiCrossBracketOG,OG_AdxDiCrossBracketOG,OG,NQ,NQ JUN26,SHORT,1,25048.00,25093.50,-914.36,-918.72,-183.7,LOSS,STOP_HIT,25092.25,885.00,2026-05-07 09:21:01
2026-03-20,2026-03-20 11:30:00,2026-03-20 12:05:00,OG,Backtest,AdxDiCrossBracketOG,OG_AdxDiCrossBracketOG,OG,NQ,NQ JUN26,LONG,1,24275.00,24327.75,1050.64,1046.28,209.3,WIN,TARGET_HIT,24219.75,1105.00,2026-05-07 09:21:01
2026-03-06,2026-03-06 11:10:00,2026-03-06 11:15:00,OG,Backtest,AdxDiCrossBracketOG,OG_AdxDiCrossBracketOG,OG,NQ,NQ JUN26,LONG,1,25102.25,25058.25,-884.36,-888.72,-177.7,LOSS,STOP_HIT,25038.75,1270.00,2026-05-07 09:21:01
2026-03-12,2026-03-12 11:50:00,2026-03-12 11:50:00,OG,Backtest,AdxDiCrossBracketOG,OG_AdxDiCrossBracketOG,OG,NQ,NQ JUN26,LONG,1,24898.75,24843.25,-1114.36,-1118.72,-223.7,LOSS,STOP_HIT,24844.50,1085.00,2026-05-07 09:21:01
2026-03-13,2026-03-13 10:50:00,2026-03-13 10:50:00,OG,Backtest,AdxDiCrossBracketOG,OG_AdxDiCrossBracketOG,OG,NQ,NQ JUN26,SHORT,1,24804.25,24755.00,980.64,976.28,195.3,WIN,TARGET_HIT,24853.50,985.00,2026-05-07 09:21:01
2026-01-13,2026-01-13 10:10:00,2026-01-13 10:15:00,OG,Backtest,AdxDiCrossBracketOG,OG_AdxDiCrossBracketOG,OG,NQ,NQ JUN26,SHORT,1,26137.25,26108.00,580.64,576.28,115.3,WIN,TARGET_HIT,26168.00,615.00,2026-05-07 09:21:01
2026-03-24,2026-03-24 11:00:00,2026-03-24 11:00:00,OG,Backtest,AdxDiCrossBracketOG,OG_AdxDiCrossBracketOG,OG,NQ,NQ JUN26,LONG,1,24282.25,24217.00,-1309.36,-1313.72,-262.7,LOSS,STOP_HIT,24218.25,1280.00,2026-05-07 09:21:01
2026-03-25,2026-03-25 11:20:00,2026-03-25 11:20:00,OG,Backtest,AdxDiCrossBracketOG,OG_AdxDiCrossBracketOG,OG,NQ,NQ JUN26,SHORT,1,24385.25,24336.50,970.64,966.28,193.3,WIN,TARGET_HIT,24438.00,1055.00,2026-05-07 09:21:01
2026-04-10,2026-04-10 11:45:00,2026-04-10 12:00:00,OG,Backtest,AdxDiCrossBracketOG,OG_AdxDiCrossBracketOG,OG,NQ,NQ JUN26,SHORT,1,25300.75,25269.75,615.64,611.28,122.3,WIN,TARGET_HIT,25334.25,670.00,2026-05-07 09:21:01
2026-03-27,2026-03-27 11:40:00,2026-03-27 11:45:00,OG,Backtest,AdxDiCrossBracketOG,OG_AdxDiCrossBracketOG,OG,NQ,NQ JUN26,LONG,1,23597.75,23540.25,-1154.36,-1158.72,-231.7,LOSS,STOP_HIT,23541.50,1125.00,2026-05-07 09:21:01
2026-04-06,2026-04-06 10:55:00,2026-04-06 11:00:00,OG,Backtest,AdxDiCrossBracketOG,OG_AdxDiCrossBracketOG,OG,NQ,NQ JUN26,SHORT,1,24269.25,24322.25,-1064.36,-1068.72,-213.7,LOSS,STOP_HIT,24321.00,1035.00,2026-05-07 09:21:01
2026-04-06,2026-04-06 10:55:00,2026-04-06 11:00:00,OG,Backtest,AdxDiCrossBracketOG,OG_AdxDiCrossBracketOG,OG,NQ,NQ JUN26,SHORT,1,24269.25,24322.25,-1064.36,-1068.72,-213.7,LOSS,STOP_HIT,24321.00,1035.00,2026-05-07 09:21:01
2026-03-25,2026-03-25 11:20:00,2026-03-25 11:20:00,OG,Backtest,AdxDiCrossBracketOG,OG_AdxDiCrossBracketOG,OG,NQ,NQ JUN26,SHORT,1,24385.25,24336.50,970.64,966.28,193.3,WIN,TARGET_HIT,24438.00,1055.00,2026-05-07 09:21:01
2026-03-20,2026-03-20 11:30:00,2026-03-20 12:05:00,OG,Backtest,AdxDiCrossBracketOG,OG_AdxDiCrossBracketOG,OG,NQ,NQ JUN26,LONG,1,24275.00,24327.75,1050.64,1046.28,209.3,WIN,TARGET_HIT,24219.75,1105.00,2026-05-07 09:21:01
2026-03-20,2026-03-20 11:30:00,2026-03-20 12:05:00,OG,Backtest,AdxDiCrossBracketOG,OG_AdxDiCrossBracketOG,OG,NQ,NQ JUN26,LONG,1,24275.00,24327.75,1050.64,1046.28,209.3,WIN,TARGET_HIT,24219.75,1105.00,2026-05-07 09:21:01
2026-03-17,2026-03-17 11:15:00,2026-03-17 11:20:00,OG,Backtest,AdxDiCrossBracketOG,OG_AdxDiCrossBracketOG,OG,NQ,NQ JUN26,SHORT,1,25019.75,25057.00,-749.36,-753.72,-150.7,LOSS,STOP_HIT,25056.25,730.00,2026-05-07 09:21:01
2026-01-30,2026-01-30 10:55:00,2026-01-30 10:55:00,OG,Backtest,AdxDiCrossBracketOG,OG_AdxDiCrossBracketOG,OG,NQ,NQ JUN26,LONG,1,26118.00,26058.75,-1189.36,-1193.72,-238.7,LOSS,STOP_HIT,26060.00,1160.00,2026-05-07 09:21:01
2026-03-02,2026-03-02 11:15:00,2026-03-02 11:20:00,OG,Backtest,AdxDiCrossBracketOG,OG_AdxDiCrossBracketOG,OG,NQ,NQ JUN26,LONG,1,25187.75,25180.00,-159.36,-163.72,-32.7,LOSS,STOP_HIT,25129.50,1165.00,2026-05-07 09:21:01
2026-04-06,2026-04-06 10:55:00,2026-04-06 11:00:00,OG,Backtest,AdxDiCrossBracketOG,OG_AdxDiCrossBracketOG,OG,NQ,NQ JUN26,SHORT,1,24269.25,24322.25,-1064.36,-1068.72,-213.7,LOSS,STOP_HIT,24321.00,1035.00,2026-05-07 09:21:01
2026-01-09,2026-01-09 09:55:00,2026-01-09 09:55:00,OG,Backtest,AdxDiCrossBracketOG,OG_AdxDiCrossBracketOG,OG,NQ,NQ JUN26,SHORT,1,25912.50,25949.00,-734.36,-738.72,-147.7,LOSS,STOP_HIT,25947.75,705.00,2026-05-07 09:21:01
2026-04-06,2026-04-06 11:05:00,2026-04-06 11:25:00,OG,Backtest,AdxDiCrossBracketOG,OG_AdxDiCrossBracketOG,OG,NQ,NQ JUN26,LONG,1,24307.50,24293.75,-279.36,-283.72,-56.7,LOSS,STOP_HIT,24255.50,1040.00,2026-05-07 09:21:01
2026-01-09,2026-01-09 10:10:00,2026-01-09 10:10:00,OG,Backtest,AdxDiCrossBracketOG,OG_AdxDiCrossBracketOG,OG,NQ,NQ JUN26,LONG,1,25922.50,25881.00,-834.36,-838.72,-167.7,LOSS,STOP_HIT,25882.25,805.00,2026-05-07 09:21:01
2026-03-25,2026-03-25 11:20:00,2026-03-25 11:20:00,OG,Backtest,AdxDiCrossBracketOG,OG_AdxDiCrossBracketOG,OG,NQ,NQ JUN26,SHORT,1,24385.25,24336.50,970.64,966.28,193.3,WIN,TARGET_HIT,24438.00,1055.00,2026-05-07 09:21:01
2026-01-09,2026-01-09 10:15:00,2026-01-09 10:15:00,OG,Backtest,AdxDiCrossBracketOG,OG_AdxDiCrossBracketOG,OG,NQ,NQ JUN26,SHORT,1,25849.75,25897.00,-949.36,-953.72,-190.7,LOSS,STOP_HIT,25895.75,920.00,2026-05-07 09:21:01
2026-01-30,2026-01-30 10:55:00,2026-01-30 10:55:00,OG,Backtest,AdxDiCrossBracketOG,OG_AdxDiCrossBracketOG,OG,NQ,NQ JUN26,LONG,1,26118.00,26058.75,-1189.36,-1193.72,-238.7,LOSS,STOP_HIT,26060.00,1160.00,2026-05-07 09:21:01
2026-04-06,2026-04-06 10:55:00,2026-04-06 11:00:00,OG,Backtest,AdxDiCrossBracketOG,OG_AdxDiCrossBracketOG,OG,NQ,NQ JUN26,SHORT,1,24269.25,24322.25,-1064.36,-1068.72,-213.7,LOSS,STOP_HIT,24321.00,1035.00,2026-05-07 09:21:01
2026-04-10,2026-04-10 11:45:00,2026-04-10 12:00:00,OG,Backtest,AdxDiCrossBracketOG,OG_AdxDiCrossBracketOG,OG,NQ,NQ JUN26,SHORT,1,25300.75,25269.75,615.64,611.28,122.3,WIN,TARGET_HIT,25334.25,670.00,2026-05-07 09:21:01
2026-01-13,2026-01-13 10:10:00,2026-01-13 10:15:00,OG,Backtest,AdxDiCrossBracketOG,OG_AdxDiCrossBracketOG,OG,NQ,NQ JUN26,SHORT,1,26137.25,26108.00,580.64,576.28,115.3,WIN,TARGET_HIT,26168.00,615.00,2026-05-07 09:21:01
2026-04-06,2026-04-06 11:35:00,2026-04-06 11:45:00,OG,Backtest,AdxDiCrossBracketOG,OG_AdxDiCrossBracketOG,OG,NQ,NQ JUN26,SHORT,1,24280.00,24290.75,-219.36,-223.72,-44.7,LOSS,STOP_HIT,24325.50,910.00,2026-05-07 09:21:01
2026-01-16,2026-01-16 11:30:00,2026-01-16 11:35:00,OG,Backtest,AdxDiCrossBracketOG,OG_AdxDiCrossBracketOG,OG,NQ,NQ JUN26,LONG,1,25912.25,25924.50,240.64,236.28,47.3,WIN,STOP_HIT,25874.75,750.00,2026-05-07 09:21:01
2026-03-25,2026-03-25 11:20:00,2026-03-25 11:20:00,OG,Backtest,AdxDiCrossBracketOG,OG_AdxDiCrossBracketOG,OG,NQ,NQ JUN26,SHORT,1,24385.25,24336.50,970.64,966.28,193.3,WIN,TARGET_HIT,24438.00,1055.00,2026-05-07 09:21:01
2026-01-20,2026-01-20 10:50:00,2026-01-20 10:55:00,OG,Backtest,AdxDiCrossBracketOG,OG_AdxDiCrossBracketOG,OG,NQ,NQ JUN26,LONG,1,25598.75,25558.75,-804.36,-808.72,-161.7,LOSS,STOP_HIT,25550.75,960.00,2026-05-07 09:21:01
2026-03-24,2026-03-24 11:00:00,2026-03-24 11:00:00,OG,Backtest,AdxDiCrossBracketOG,OG_AdxDiCrossBracketOG,OG,NQ,NQ JUN26,LONG,1,24282.25,24217.00,-1309.36,-1313.72,-262.7,LOSS,STOP_HIT,24218.25,1280.00,2026-05-07 09:21:01
2026-02-05,2026-02-05 11:40:00,2026-02-05 11:50:00,OG,Backtest,AdxDiCrossBracketOG,OG_AdxDiCrossBracketOG,OG,NQ,NQ JUN26,LONG,1,25026.25,24991.50,-699.36,-703.72,-140.7,LOSS,STOP_HIT,24938.00,1765.00,2026-05-07 09:21:01
2026-04-02,2026-04-02 10:45:00,2026-04-02 10:45:00,OG,Backtest,AdxDiCrossBracketOG,OG_AdxDiCrossBracketOG,OG,NQ,NQ JUN26,LONG,1,24211.00,24133.25,-1559.36,-1563.72,-312.7,LOSS,STOP_HIT,24134.50,1530.00,2026-05-07 09:21:01
2026-02-24,2026-02-24 10:10:00,2026-02-24 10:10:00,OG,Backtest,AdxDiCrossBracketOG,OG_AdxDiCrossBracketOG,OG,NQ,NQ JUN26,SHORT,1,25048.00,25093.50,-914.36,-918.72,-183.7,LOSS,STOP_HIT,25092.25,885.00,2026-05-07 09:21:01
2026-04-06,2026-04-06 11:35:00,2026-04-06 11:45:00,OG,Backtest,AdxDiCrossBracketOG,OG_AdxDiCrossBracketOG,OG,NQ,NQ JUN26,SHORT,1,24280.00,24290.75,-219.36,-223.72,-44.7,LOSS,STOP_HIT,24325.50,910.00,2026-05-07 09:21:01
2026-01-09,2026-01-09 10:15:00,2026-01-09 10:15:00,OG,Backtest,AdxDiCrossBracketOG,OG_AdxDiCrossBracketOG,OG,NQ,NQ JUN26,SHORT,1,25849.75,25897.00,-949.36,-953.72,-190.7,LOSS,STOP_HIT,25895.75,920.00,2026-05-07 09:21:01
2026-01-07,2026-01-07 10:10:00,2026-01-07 10:10:00,OG,Backtest,AdxDiCrossBracketOG,OG_AdxDiCrossBracketOG,OG,NQ,NQ JUN26,SHORT,1,26050.00,26073.50,-474.36,-478.72,-95.7,LOSS,STOP_HIT,26072.25,445.00,2026-05-07 09:21:01
2026-01-07,2026-01-07 09:50:00,2026-01-07 09:50:00,OG,Backtest,AdxDiCrossBracketOG,OG_AdxDiCrossBracketOG,OG,NQ,NQ JUN26,LONG,1,26064.50,26079.75,300.64,296.28,59.3,WIN,TARGET_HIT,26047.25,345.00,2026-05-07 09:21:01
2026-03-03,2026-03-03 11:40:00,2026-03-03 11:50:00,OG,Backtest,AdxDiCrossBracketOG,OG_AdxDiCrossBracketOG,OG,NQ,NQ JUN26,SHORT,1,24816.50,24865.00,-974.36,-978.72,-195.7,LOSS,STOP_HIT,24882.75,1325.00,2026-05-07 09:21:01
2026-01-13,2026-01-13 10:10:00,2026-01-13 10:15:00,OG,Backtest,AdxDiCrossBracketOG,OG_AdxDiCrossBracketOG,OG,NQ,NQ JUN26,SHORT,1,26137.25,26108.00,580.64,576.28,115.3,WIN,TARGET_HIT,26168.00,615.00,2026-05-07 09:21:01
2026-01-09,2026-01-09 09:55:00,2026-01-09 09:55:00,OG,Backtest,AdxDiCrossBracketOG,OG_AdxDiCrossBracketOG,OG,NQ,NQ JUN26,SHORT,1,25912.50,25949.00,-734.36,-738.72,-147.7,LOSS,STOP_HIT,25947.75,705.00,2026-05-07 09:21:01
2026-03-06,2026-03-06 11:10:00,2026-03-06 11:15:00,OG,Backtest,AdxDiCrossBracketOG,OG_AdxDiCrossBracketOG,OG,NQ,NQ JUN26,LONG,1,25102.25,25058.25,-884.36,-888.72,-177.7,LOSS,STOP_HIT,25038.75,1270.00,2026-05-07 09:21:01
2026-01-09,2026-01-09 09:55:00,2026-01-09 09:55:00,OG,Backtest,AdxDiCrossBracketOG,OG_AdxDiCrossBracketOG,OG,NQ,NQ JUN26,SHORT,1,25912.50,25949.00,-734.36,-738.72,-147.7,LOSS,STOP_HIT,25947.75,705.00,2026-05-07 09:21:01
2026-01-09,2026-01-09 10:10:00,2026-01-09 10:10:00,OG,Backtest,AdxDiCrossBracketOG,OG_AdxDiCrossBracketOG,OG,NQ,NQ JUN26,LONG,1,25922.50,25881.00,-834.36,-838.72,-167.7,LOSS,STOP_HIT,25882.25,805.00,2026-05-07 09:21:01
2026-01-09,2026-01-09 10:10:00,2026-01-09 10:10:00,OG,Backtest,AdxDiCrossBracketOG,OG_AdxDiCrossBracketOG,OG,NQ,NQ JUN26,LONG,1,25922.50,25881.00,-834.36,-838.72,-167.7,LOSS,STOP_HIT,25882.25,805.00,2026-05-07 09:21:01
2026-01-09,2026-01-09 10:30:00,2026-01-09 10:30:00,OG,Backtest,AdxDiCrossBracketOG,OG_AdxDiCrossBracketOG,OG,NQ,NQ JUN26,LONG,1,26010.00,26057.25,940.64,936.28,187.3,WIN,TARGET_HIT,25959.75,1005.00,2026-05-07 09:21:01
2026-01-12,2026-01-12 11:25:00,2026-01-12 11:35:00,OG,Backtest,AdxDiCrossBracketOG,OG_AdxDiCrossBracketOG,OG,NQ,NQ JUN26,LONG,1,26159.50,26149.25,-209.36,-213.72,-42.7,LOSS,STOP_HIT,26131.75,555.00,2026-05-07 09:21:01
2026-01-07,2026-01-07 10:10:00,2026-01-07 10:10:00,OG,Backtest,AdxDiCrossBracketOG,OG_AdxDiCrossBracketOG,OG,NQ,NQ JUN26,SHORT,1,26050.00,26073.50,-474.36,-478.72,-95.7,LOSS,STOP_HIT,26072.25,445.00,2026-05-07 09:21:01
2026-01-20,2026-01-20 10:50:00,2026-01-20 10:55:00,OG,Backtest,AdxDiCrossBracketOG,OG_AdxDiCrossBracketOG,OG,NQ,NQ JUN26,LONG,1,25598.75,25558.75,-804.36,-808.72,-161.7,LOSS,STOP_HIT,25550.75,960.00,2026-05-07 09:21:01
2026-03-19,2026-03-19 11:15:00,2026-03-19 11:25:00,OG,Backtest,AdxDiCrossBracketOG,OG_AdxDiCrossBracketOG,OG,NQ,NQ JUN26,LONG,1,24531.00,24485.50,-914.36,-918.72,-183.7,LOSS,STOP_HIT,24473.00,1160.00,2026-05-07 09:21:01
2026-01-20,2026-01-20 10:50:00,2026-01-20 10:55:00,OG,Backtest,AdxDiCrossBracketOG,OG_AdxDiCrossBracketOG,OG,NQ,NQ JUN26,LONG,1,25598.75,25558.75,-804.36,-808.72,-161.7,LOSS,STOP_HIT,25550.75,960.00,2026-05-07 09:21:01
2026-02-24,2026-02-24 10:15:00,2026-02-24 10:15:00,OG,Backtest,AdxDiCrossBracketOG,OG_AdxDiCrossBracketOG,OG,NQ,NQ JUN26,LONG,1,25110.00,25063.00,-944.36,-948.72,-189.7,LOSS,STOP_HIT,25064.25,915.00,2026-05-07 09:21:01
2026-01-09,2026-01-09 09:55:00,2026-01-09 09:55:00,OG,Backtest,AdxDiCrossBracketOG,OG_AdxDiCrossBracketOG,OG,NQ,NQ JUN26,SHORT,1,25912.50,25949.00,-734.36,-738.72,-147.7,LOSS,STOP_HIT,25947.75,705.00,2026-05-07 09:21:01
2026-01-20,2026-01-20 11:10:00,2026-01-20 11:15:00,OG,Backtest,AdxDiCrossBracketOG,OG_AdxDiCrossBracketOG,OG,NQ,NQ JUN26,LONG,1,25588.25,25600.25,235.64,231.28,46.3,WIN,STOP_HIT,25540.75,950.00,2026-05-07 09:21:01
2026-01-06,2026-01-06 11:00:00,2026-01-06 11:05:00,OG,Backtest,AdxDiCrossBracketOG,OG_AdxDiCrossBracketOG,OG,NQ,NQ JUN26,SHORT,1,25908.50,25880.75,550.64,546.28,109.3,WIN,TARGET_HIT,25938.25,595.00,2026-05-07 09:21:01
2026-03-03,2026-03-03 11:25:00,2026-03-03 11:35:00,OG,Backtest,AdxDiCrossBracketOG,OG_AdxDiCrossBracketOG,OG,NQ,NQ JUN26,LONG,1,24795.25,24818.25,455.64,451.28,90.3,WIN,STOP_HIT,24724.00,1425.00,2026-05-07 09:21:01
2026-03-27,2026-03-27 11:40:00,2026-03-27 11:45:00,OG,Backtest,AdxDiCrossBracketOG,OG_AdxDiCrossBracketOG,OG,NQ,NQ JUN26,LONG,1,23597.75,23540.25,-1154.36,-1158.72,-231.7,LOSS,STOP_HIT,23541.50,1125.00,2026-05-07 09:21:01
2026-04-06,2026-04-06 11:05:00,2026-04-06 11:25:00,OG,Backtest,AdxDiCrossBracketOG,OG_AdxDiCrossBracketOG,OG,NQ,NQ JUN26,LONG,1,24307.50,24293.75,-279.36,-283.72,-56.7,LOSS,STOP_HIT,24255.50,1040.00,2026-05-07 09:21:01
2026-01-13,2026-01-13 10:10:00,2026-01-13 10:15:00,OG,Backtest,AdxDiCrossBracketOG,OG_AdxDiCrossBracketOG,OG,NQ,NQ JUN26,SHORT,1,26137.25,26108.00,580.64,576.28,115.3,WIN,TARGET_HIT,26168.00,615.00,2026-05-07 09:21:01
2026-01-12,2026-01-12 11:25:00,2026-01-12 11:35:00,OG,Backtest,AdxDiCrossBracketOG,OG_AdxDiCrossBracketOG,OG,NQ,NQ JUN26,LONG,1,26159.50,26149.25,-209.36,-213.72,-42.7,LOSS,STOP_HIT,26131.75,555.00,2026-05-07 09:21:01
2026-02-11,2026-02-11 10:20:00,2026-02-11 10:20:00,OG,Backtest,AdxDiCrossBracketOG,OG_AdxDiCrossBracketOG,OG,NQ,NQ JUN26,SHORT,1,25395.25,25345.50,990.64,986.28,197.3,WIN,TARGET_HIT,25448.50,1065.00,2026-05-07 09:21:01
2026-01-09,2026-01-09 09:55:00,2026-01-09 09:55:00,OG,Backtest,AdxDiCrossBracketOG,OG_AdxDiCrossBracketOG,OG,NQ,NQ JUN26,SHORT,1,25912.50,25949.00,-734.36,-738.72,-147.7,LOSS,STOP_HIT,25947.75,705.00,2026-05-07 09:21:01
2026-01-09,2026-01-09 10:15:00,2026-01-09 10:15:00,OG,Backtest,AdxDiCrossBracketOG,OG_AdxDiCrossBracketOG,OG,NQ,NQ JUN26,SHORT,1,25849.75,25897.00,-949.36,-953.72,-190.7,LOSS,STOP_HIT,25895.75,920.00,2026-05-07 09:21:01
2026-01-30,2026-01-30 11:00:00,2026-01-30 11:10:00,OG,Backtest,AdxDiCrossBracketOG,OG_AdxDiCrossBracketOG,OG,NQ,NQ JUN26,SHORT,1,26071.50,26048.25,460.64,456.28,91.3,WIN,STOP_HIT,26129.00,1150.00,2026-05-07 09:21:01
2026-01-21,2026-01-21 11:45:00,2026-01-21 11:45:00,OG,Backtest,AdxDiCrossBracketOG,OG_AdxDiCrossBracketOG,OG,NQ,NQ JUN26,SHORT,1,25543.00,25505.75,740.64,736.28,147.3,WIN,TARGET_HIT,25582.25,785.00,2026-05-07 09:21:01
2026-01-09,2026-01-09 10:10:00,2026-01-09 10:10:00,OG,Backtest,AdxDiCrossBracketOG,OG_AdxDiCrossBracketOG,OG,NQ,NQ JUN26,LONG,1,25922.50,25881.00,-834.36,-838.72,-167.7,LOSS,STOP_HIT,25882.25,805.00,2026-05-07 09:21:01
2026-01-23,2026-01-23 10:10:00,2026-01-23 10:15:00,OG,Backtest,AdxDiCrossBracketOG,OG_AdxDiCrossBracketOG,OG,NQ,NQ JUN26,LONG,1,25921.75,25885.00,-739.36,-743.72,-148.7,LOSS,STOP_HIT,25885.50,725.00,2026-05-07 09:21:01
2026-01-09,2026-01-09 10:10:00,2026-01-09 10:10:00,OG,Backtest,AdxDiCrossBracketOG,OG_AdxDiCrossBracketOG,OG,NQ,NQ JUN26,LONG,1,25922.50,25881.00,-834.36,-838.72,-167.7,LOSS,STOP_HIT,25882.25,805.00,2026-05-07 09:21:01
2026-01-06,2026-01-06 11:00:00,2026-01-06 11:05:00,OG,Backtest,AdxDiCrossBracketOG,OG_AdxDiCrossBracketOG,OG,NQ,NQ JUN26,SHORT,1,25908.50,25880.75,550.64,546.28,109.3,WIN,TARGET_HIT,25938.25,595.00,2026-05-07 09:21:01
2026-02-11,2026-02-11 11:05:00,2026-02-11 11:10:00,OG,Backtest,AdxDiCrossBracketOG,OG_AdxDiCrossBracketOG,OG,NQ,NQ JUN26,LONG,1,25454.25,25417.50,-739.36,-743.72,-148.7,LOSS,STOP_HIT,25393.00,1225.00,2026-05-07 09:21:01
2026-01-09,2026-01-09 10:15:00,2026-01-09 10:15:00,OG,Backtest,AdxDiCrossBracketOG,OG_AdxDiCrossBracketOG,OG,NQ,NQ JUN26,SHORT,1,25849.75,25897.00,-949.36,-953.72,-190.7,LOSS,STOP_HIT,25895.75,920.00,2026-05-07 09:21:01
2026-02-11,2026-02-11 10:20:00,2026-02-11 10:20:00,OG,Backtest,AdxDiCrossBracketOG,OG_AdxDiCrossBracketOG,OG,NQ,NQ JUN26,SHORT,1,25395.25,25345.50,990.64,986.28,197.3,WIN,TARGET_HIT,25448.50,1065.00,2026-05-07 09:21:01
2026-01-09,2026-01-09 10:10:00,2026-01-09 10:10:00,OG,Backtest,AdxDiCrossBracketOG,OG_AdxDiCrossBracketOG,OG,NQ,NQ JUN26,LONG,1,25922.50,25881.00,-834.36,-838.72,-167.7,LOSS,STOP_HIT,25882.25,805.00,2026-05-07 09:21:01
2026-01-16,2026-01-16 11:30:00,2026-01-16 11:35:00,OG,Backtest,AdxDiCrossBracketOG,OG_AdxDiCrossBracketOG,OG,NQ,NQ JUN26,LONG,1,25912.25,25924.50,240.64,236.28,47.3,WIN,STOP_HIT,25874.75,750.00,2026-05-07 09:21:01
2026-02-11,2026-02-11 11:20:00,2026-02-11 11:25:00,OG,Backtest,AdxDiCrossBracketOG,OG_AdxDiCrossBracketOG,OG,NQ,NQ JUN26,LONG,1,25468.75,25457.00,-239.36,-243.72,-48.7,LOSS,STOP_HIT,25406.75,1240.00,2026-05-07 09:21:01
2026-01-30,2026-01-30 10:55:00,2026-01-30 10:55:00,OG,Backtest,AdxDiCrossBracketOG,OG_AdxDiCrossBracketOG,OG,NQ,NQ JUN26,LONG,1,26118.00,26058.75,-1189.36,-1193.72,-238.7,LOSS,STOP_HIT,26060.00,1160.00,2026-05-07 09:21:01
2026-01-09,2026-01-09 10:30:00,2026-01-09 10:30:00,OG,Backtest,AdxDiCrossBracketOG,OG_AdxDiCrossBracketOG,OG,NQ,NQ JUN26,LONG,1,26010.00,26057.25,940.64,936.28,187.3,WIN,TARGET_HIT,25959.75,1005.00,2026-05-07 09:21:01
2026-02-17,2026-02-17 11:10:00,2026-02-17 11:10:00,OG,Backtest,AdxDiCrossBracketOG,OG_AdxDiCrossBracketOG,OG,NQ,NQ JUN26,LONG,1,24862.00,24927.25,1300.64,1296.28,259.3,WIN,TARGET_HIT,24793.75,1365.00,2026-05-07 09:21:01
2026-01-09,2026-01-09 10:15:00,2026-01-09 10:15:00,OG,Backtest,AdxDiCrossBracketOG,OG_AdxDiCrossBracketOG,OG,NQ,NQ JUN26,SHORT,1,25849.75,25897.00,-949.36,-953.72,-190.7,LOSS,STOP_HIT,25895.75,920.00,2026-05-07 09:21:01
2026-01-20,2026-01-20 11:10:00,2026-01-20 11:15:00,OG,Backtest,AdxDiCrossBracketOG,OG_AdxDiCrossBracketOG,OG,NQ,NQ JUN26,LONG,1,25588.25,25600.25,235.64,231.28,46.3,WIN,STOP_HIT,25540.75,950.00,2026-05-07 09:21:01
2026-01-13,2026-01-13 10:10:00,2026-01-13 10:15:00,OG,Backtest,AdxDiCrossBracketOG,OG_AdxDiCrossBracketOG,OG,NQ,NQ JUN26,SHORT,1,26137.25,26108.00,580.64,576.28,115.3,WIN,TARGET_HIT,26168.00,615.00,2026-05-07 09:21:01
2026-01-09,2026-01-09 10:30:00,2026-01-09 10:30:00,OG,Backtest,AdxDiCrossBracketOG,OG_AdxDiCrossBracketOG,OG,NQ,NQ JUN26,LONG,1,26010.00,26057.25,940.64,936.28,187.3,WIN,TARGET_HIT,25959.75,1005.00,2026-05-07 09:21:01
2026-02-10,2026-02-10 09:45:00,2026-02-10 09:45:00,OG,Backtest,AdxDiCrossBracketOG,OG_AdxDiCrossBracketOG,OG,NQ,NQ JUN26,SHORT,1,25534.50,25512.25,440.64,436.28,87.3,WIN,TARGET_HIT,25559.75,505.00,2026-05-07 09:21:01
2026-02-03,2026-02-03 09:50:00,2026-02-03 09:50:00,OG,Backtest,AdxDiCrossBracketOG,OG_AdxDiCrossBracketOG,OG,NQ,NQ JUN26,SHORT,1,25960.00,25999.25,-789.36,-793.72,-158.7,LOSS,STOP_HIT,25998.00,760.00,2026-05-07 09:21:01
2026-01-12,2026-01-12 11:25:00,2026-01-12 11:35:00,OG,Backtest,AdxDiCrossBracketOG,OG_AdxDiCrossBracketOG,OG,NQ,NQ JUN26,LONG,1,26159.50,26149.25,-209.36,-213.72,-42.7,LOSS,STOP_HIT,26131.75,555.00,2026-05-07 09:21:01
2026-01-20,2026-01-20 11:10:00,2026-01-20 11:15:00,OG,Backtest,AdxDiCrossBracketOG,OG_AdxDiCrossBracketOG,OG,NQ,NQ JUN26,LONG,1,25588.25,25600.25,235.64,231.28,46.3,WIN,STOP_HIT,25540.75,950.00,2026-05-07 09:21:01
2026-01-16,2026-01-16 11:30:00,2026-01-16 11:35:00,OG,Backtest,AdxDiCrossBracketOG,OG_AdxDiCrossBracketOG,OG,NQ,NQ JUN26,LONG,1,25912.25,25924.50,240.64,236.28,47.3,WIN,STOP_HIT,25874.75,750.00,2026-05-07 09:21:01
2026-02-13,2026-02-13 10:35:00,2026-02-13 10:35:00,OG,Backtest,AdxDiCrossBracketOG,OG_AdxDiCrossBracketOG,OG,NQ,NQ JUN26,LONG,1,25058.75,25127.00,1360.64,1356.28,271.3,WIN,TARGET_HIT,24987.50,1425.00,2026-05-07 09:21:01
2026-01-20,2026-01-20 11:10:00,2026-01-20 11:15:00,OG,Backtest,AdxDiCrossBracketOG,OG_AdxDiCrossBracketOG,OG,NQ,NQ JUN26,LONG,1,25588.25,25600.25,235.64,231.28,46.3,WIN,STOP_HIT,25540.75,950.00,2026-05-07 09:21:01
2026-01-30,2026-01-30 11:00:00,2026-01-30 11:10:00,OG,Backtest,AdxDiCrossBracketOG,OG_AdxDiCrossBracketOG,OG,NQ,NQ JUN26,SHORT,1,26071.50,26048.25,460.64,456.28,91.3,WIN,STOP_HIT,26129.00,1150.00,2026-05-07 09:21:01
2026-03-03,2026-03-03 11:25:00,2026-03-03 11:35:00,OG,Backtest,AdxDiCrossBracketOG,OG_AdxDiCrossBracketOG,OG,NQ,NQ JUN26,LONG,1,24795.25,24818.25,455.64,451.28,90.3,WIN,STOP_HIT,24724.00,1425.00,2026-05-07 09:21:01
2026-03-20,2026-03-20 11:30:00,2026-03-20 12:05:00,OG,Backtest,AdxDiCrossBracketOG,OG_AdxDiCrossBracketOG,OG,NQ,NQ JUN26,LONG,1,24275.00,24327.75,1050.64,1046.28,209.3,WIN,TARGET_HIT,24219.75,1105.00,2026-05-07 09:21:01
2026-01-30,2026-01-30 11:00:00,2026-01-30 11:10:00,OG,Backtest,AdxDiCrossBracketOG,OG_AdxDiCrossBracketOG,OG,NQ,NQ JUN26,SHORT,1,26071.50,26048.25,460.64,456.28,91.3,WIN,STOP_HIT,26129.00,1150.00,2026-05-07 09:21:01
2026-02-05,2026-02-05 11:40:00,2026-02-05 11:50:00,OG,Backtest,AdxDiCrossBracketOG,OG_AdxDiCrossBracketOG,OG,NQ,NQ JUN26,LONG,1,25026.25,24991.50,-699.36,-703.72,-140.7,LOSS,STOP_HIT,24938.00,1765.00,2026-05-07 09:21:01
2026-03-06,2026-03-06 11:10:00,2026-03-06 11:15:00,OG,Backtest,AdxDiCrossBracketOG,OG_AdxDiCrossBracketOG,OG,NQ,NQ JUN26,LONG,1,25102.25,25058.25,-884.36,-888.72,-177.7,LOSS,STOP_HIT,25038.75,1270.00,2026-05-07 09:21:01
2026-03-03,2026-03-03 11:40:00,2026-03-03 11:50:00,OG,Backtest,AdxDiCrossBracketOG,OG_AdxDiCrossBracketOG,OG,NQ,NQ JUN26,SHORT,1,24816.50,24865.00,-974.36,-978.72,-195.7,LOSS,STOP_HIT,24882.75,1325.00,2026-05-07 09:21:01
2026-01-30,2026-01-30 10:55:00,2026-01-30 10:55:00,OG,Backtest,AdxDiCrossBracketOG,OG_AdxDiCrossBracketOG,OG,NQ,NQ JUN26,LONG,1,26118.00,26058.75,-1189.36,-1193.72,-238.7,LOSS,STOP_HIT,26060.00,1160.00,2026-05-07 09:21:01
2026-03-13,2026-03-13 10:50:00,2026-03-13 10:50:00,OG,Backtest,AdxDiCrossBracketOG,OG_AdxDiCrossBracketOG,OG,NQ,NQ JUN26,SHORT,1,24804.25,24755.00,980.64,976.28,195.3,WIN,TARGET_HIT,24853.50,985.00,2026-05-07 09:21:01
2026-01-12,2026-01-12 11:25:00,2026-01-12 11:35:00,OG,Backtest,AdxDiCrossBracketOG,OG_AdxDiCrossBracketOG,OG,NQ,NQ JUN26,LONG,1,26159.50,26149.25,-209.36,-213.72,-42.7,LOSS,STOP_HIT,26131.75,555.00,2026-05-07 09:21:01
2026-02-24,2026-02-24 09:50:00,2026-02-24 09:50:00,OG,Backtest,AdxDiCrossBracketOG,OG_AdxDiCrossBracketOG,OG,NQ,NQ JUN26,LONG,1,25121.25,25157.50,720.64,716.28,143.3,WIN,TARGET_HIT,25081.50,795.00,2026-05-07 09:21:01
2026-02-10,2026-02-10 09:45:00,2026-02-10 09:45:00,OG,Backtest,AdxDiCrossBracketOG,OG_AdxDiCrossBracketOG,OG,NQ,NQ JUN26,SHORT,1,25534.50,25512.25,440.64,436.28,87.3,WIN,TARGET_HIT,25559.75,505.00,2026-05-07 09:21:01
2026-03-09,2026-03-09 10:45:00,2026-03-09 10:50:00,OG,Backtest,AdxDiCrossBracketOG,OG_AdxDiCrossBracketOG,OG,NQ,NQ JUN26,LONG,1,24692.75,24762.25,1385.64,1381.28,276.3,WIN,TARGET_HIT,24622.25,1410.00,2026-05-07 09:21:01
2026-03-17,2026-03-17 11:15:00,2026-03-17 11:20:00,OG,Backtest,AdxDiCrossBracketOG,OG_AdxDiCrossBracketOG,OG,NQ,NQ JUN26,SHORT,1,25019.75,25057.00,-749.36,-753.72,-150.7,LOSS,STOP_HIT,25056.25,730.00,2026-05-07 09:21:01
2026-02-05,2026-02-05 11:40:00,2026-02-05 11:50:00,OG,Backtest,AdxDiCrossBracketOG,OG_AdxDiCrossBracketOG,OG,NQ,NQ JUN26,LONG,1,25026.25,24991.50,-699.36,-703.72,-140.7,LOSS,STOP_HIT,24938.00,1765.00,2026-05-07 09:21:01
2026-01-20,2026-01-20 11:10:00,2026-01-20 11:15:00,OG,Backtest,AdxDiCrossBracketOG,OG_AdxDiCrossBracketOG,OG,NQ,NQ JUN26,LONG,1,25588.25,25600.25,235.64,231.28,46.3,WIN,STOP_HIT,25540.75,950.00,2026-05-07 09:21:01
2026-01-30,2026-01-30 11:00:00,2026-01-30 11:10:00,OG,Backtest,AdxDiCrossBracketOG,OG_AdxDiCrossBracketOG,OG,NQ,NQ JUN26,SHORT,1,26071.50,26048.25,460.64,456.28,91.3,WIN,STOP_HIT,26129.00,1150.00,2026-05-07 09:21:01
2026-03-02,2026-03-02 11:15:00,2026-03-02 11:20:00,OG,Backtest,AdxDiCrossBracketOG,OG_AdxDiCrossBracketOG,OG,NQ,NQ JUN26,LONG,1,25187.75,25180.00,-159.36,-163.72,-32.7,LOSS,STOP_HIT,25129.50,1165.00,2026-05-07 09:21:01
2026-01-21,2026-01-21 11:45:00,2026-01-21 11:45:00,OG,Backtest,AdxDiCrossBracketOG,OG_AdxDiCrossBracketOG,OG,NQ,NQ JUN26,SHORT,1,25543.00,25505.75,740.64,736.28,147.3,WIN,TARGET_HIT,25582.25,785.00,2026-05-07 09:21:01
2026-02-24,2026-02-24 09:50:00,2026-02-24 09:50:00,OG,Backtest,AdxDiCrossBracketOG,OG_AdxDiCrossBracketOG,OG,NQ,NQ JUN26,LONG,1,25121.25,25157.50,720.64,716.28,143.3,WIN,TARGET_HIT,25081.50,795.00,2026-05-07 09:21:01
2026-02-11,2026-02-11 10:20:00,2026-02-11 10:20:00,OG,Backtest,AdxDiCrossBracketOG,OG_AdxDiCrossBracketOG,OG,NQ,NQ JUN26,SHORT,1,25395.25,25345.50,990.64,986.28,197.3,WIN,TARGET_HIT,25448.50,1065.00,2026-05-07 09:21:01
2026-04-06,2026-04-06 10:55:00,2026-04-06 11:00:00,OG,Backtest,AdxDiCrossBracketOG,OG_AdxDiCrossBracketOG,OG,NQ,NQ JUN26,SHORT,1,24269.25,24322.25,-1064.36,-1068.72,-213.7,LOSS,STOP_HIT,24321.00,1035.00,2026-05-07 09:21:01
2026-02-13,2026-02-13 10:35:00,2026-02-13 10:35:00,OG,Backtest,AdxDiCrossBracketOG,OG_AdxDiCrossBracketOG,OG,NQ,NQ JUN26,LONG,1,25058.75,25127.00,1360.64,1356.28,271.3,WIN,TARGET_HIT,24987.50,1425.00,2026-05-07 09:21:01
2026-01-20,2026-01-20 11:10:00,2026-01-20 11:15:00,OG,Backtest,AdxDiCrossBracketOG,OG_AdxDiCrossBracketOG,OG,NQ,NQ JUN26,LONG,1,25588.25,25600.25,235.64,231.28,46.3,WIN,STOP_HIT,25540.75,950.00,2026-05-07 09:21:01
2026-04-06,2026-04-06 11:35:00,2026-04-06 11:45:00,OG,Backtest,AdxDiCrossBracketOG,OG_AdxDiCrossBracketOG,OG,NQ,NQ JUN26,SHORT,1,24280.00,24290.75,-219.36,-223.72,-44.7,LOSS,STOP_HIT,24325.50,910.00,2026-05-07 09:21:01
2026-02-24,2026-02-24 10:10:00,2026-02-24 10:10:00,OG,Backtest,AdxDiCrossBracketOG,OG_AdxDiCrossBracketOG,OG,NQ,NQ JUN26,SHORT,1,25048.00,25093.50,-914.36,-918.72,-183.7,LOSS,STOP_HIT,25092.25,885.00,2026-05-07 09:21:01
2026-02-13,2026-02-13 10:35:00,2026-02-13 10:35:00,OG,Backtest,AdxDiCrossBracketOG,OG_AdxDiCrossBracketOG,OG,NQ,NQ JUN26,LONG,1,25058.75,25127.00,1360.64,1356.28,271.3,WIN,TARGET_HIT,24987.50,1425.00,2026-05-07 09:21:01
2026-01-30,2026-01-30 11:00:00,2026-01-30 11:10:00,OG,Backtest,AdxDiCrossBracketOG,OG_AdxDiCrossBracketOG,OG,NQ,NQ JUN26,SHORT,1,26071.50,26048.25,460.64,456.28,91.3,WIN,STOP_HIT,26129.00,1150.00,2026-05-07 09:21:01
2026-02-17,2026-02-17 11:10:00,2026-02-17 11:10:00,OG,Backtest,AdxDiCrossBracketOG,OG_AdxDiCrossBracketOG,OG,NQ,NQ JUN26,LONG,1,24862.00,24927.25,1300.64,1296.28,259.3,WIN,TARGET_HIT,24793.75,1365.00,2026-05-07 09:21:01
2026-03-25,2026-03-25 11:20:00,2026-03-25 11:20:00,OG,Backtest,AdxDiCrossBracketOG,OG_AdxDiCrossBracketOG,OG,NQ,NQ JUN26,SHORT,1,24385.25,24336.50,970.64,966.28,193.3,WIN,TARGET_HIT,24438.00,1055.00,2026-05-07 09:21:01
2026-02-17,2026-02-17 11:10:00,2026-02-17 11:10:00,OG,Backtest,AdxDiCrossBracketOG,OG_AdxDiCrossBracketOG,OG,NQ,NQ JUN26,LONG,1,24862.00,24927.25,1300.64,1296.28,259.3,WIN,TARGET_HIT,24793.75,1365.00,2026-05-07 09:21:01
2026-02-24,2026-02-24 09:50:00,2026-02-24 09:50:00,OG,Backtest,AdxDiCrossBracketOG,OG_AdxDiCrossBracketOG,OG,NQ,NQ JUN26,LONG,1,25121.25,25157.50,720.64,716.28,143.3,WIN,TARGET_HIT,25081.50,795.00,2026-05-07 09:21:01
2026-03-27,2026-03-27 11:40:00,2026-03-27 11:45:00,OG,Backtest,AdxDiCrossBracketOG,OG_AdxDiCrossBracketOG,OG,NQ,NQ JUN26,LONG,1,23597.75,23540.25,-1154.36,-1158.72,-231.7,LOSS,STOP_HIT,23541.50,1125.00,2026-05-07 09:21:01
2026-02-24,2026-02-24 09:50:00,2026-02-24 09:50:00,OG,Backtest,AdxDiCrossBracketOG,OG_AdxDiCrossBracketOG,OG,NQ,NQ JUN26,LONG,1,25121.25,25157.50,720.64,716.28,143.3,WIN,TARGET_HIT,25081.50,795.00,2026-05-07 09:21:01
2026-01-28,2026-01-28 11:20:00,2026-01-28 11:25:00,OG,Backtest,AdxDiCrossBracketOG,OG_AdxDiCrossBracketOG,OG,NQ,NQ JUN26,LONG,1,26393.75,26378.25,-314.36,-318.72,-63.7,LOSS,STOP_HIT,26363.25,610.00,2026-05-07 09:21:01
2026-02-24,2026-02-24 10:15:00,2026-02-24 10:15:00,OG,Backtest,AdxDiCrossBracketOG,OG_AdxDiCrossBracketOG,OG,NQ,NQ JUN26,LONG,1,25110.00,25063.00,-944.36,-948.72,-189.7,LOSS,STOP_HIT,25064.25,915.00,2026-05-07 09:21:01
2026-02-24,2026-02-24 10:10:00,2026-02-24 10:10:00,OG,Backtest,AdxDiCrossBracketOG,OG_AdxDiCrossBracketOG,OG,NQ,NQ JUN26,SHORT,1,25048.00,25093.50,-914.36,-918.72,-183.7,LOSS,STOP_HIT,25092.25,885.00,2026-05-07 09:21:01
2026-03-03,2026-03-03 11:25:00,2026-03-03 11:35:00,OG,Backtest,AdxDiCrossBracketOG,OG_AdxDiCrossBracketOG,OG,NQ,NQ JUN26,LONG,1,24795.25,24818.25,455.64,451.28,90.3,WIN,STOP_HIT,24724.00,1425.00,2026-05-07 09:21:01
2026-03-02,2026-03-02 11:15:00,2026-03-02 11:20:00,OG,Backtest,AdxDiCrossBracketOG,OG_AdxDiCrossBracketOG,OG,NQ,NQ JUN26,LONG,1,25187.75,25180.00,-159.36,-163.72,-32.7,LOSS,STOP_HIT,25129.50,1165.00,2026-05-07 09:21:01
2026-03-02,2026-03-02 11:15:00,2026-03-02 11:20:00,OG,Backtest,AdxDiCrossBracketOG,OG_AdxDiCrossBracketOG,OG,NQ,NQ JUN26,LONG,1,25187.75,25180.00,-159.36,-163.72,-32.7,LOSS,STOP_HIT,25129.50,1165.00,2026-05-07 09:21:01
2026-03-03,2026-03-03 11:25:00,2026-03-03 11:35:00,OG,Backtest,AdxDiCrossBracketOG,OG_AdxDiCrossBracketOG,OG,NQ,NQ JUN26,LONG,1,24795.25,24818.25,455.64,451.28,90.3,WIN,STOP_HIT,24724.00,1425.00,2026-05-07 09:21:01
2026-03-03,2026-03-03 11:25:00,2026-03-03 11:35:00,OG,Backtest,AdxDiCrossBracketOG,OG_AdxDiCrossBracketOG,OG,NQ,NQ JUN26,LONG,1,24795.25,24818.25,455.64,451.28,90.3,WIN,STOP_HIT,24724.00,1425.00,2026-05-07 09:21:01
2026-02-24,2026-02-24 10:15:00,2026-02-24 10:15:00,OG,Backtest,AdxDiCrossBracketOG,OG_AdxDiCrossBracketOG,OG,NQ,NQ JUN26,LONG,1,25110.00,25063.00,-944.36,-948.72,-189.7,LOSS,STOP_HIT,25064.25,915.00,2026-05-07 09:21:01
2026-02-11,2026-02-11 11:20:00,2026-02-11 11:25:00,OG,Backtest,AdxDiCrossBracketOG,OG_AdxDiCrossBracketOG,OG,NQ,NQ JUN26,LONG,1,25468.75,25457.00,-239.36,-243.72,-48.7,LOSS,STOP_HIT,25406.75,1240.00,2026-05-07 09:21:01
2026-03-03,2026-03-03 11:25:00,2026-03-03 11:35:00,OG,Backtest,AdxDiCrossBracketOG,OG_AdxDiCrossBracketOG,OG,NQ,NQ JUN26,LONG,1,24795.25,24818.25,455.64,451.28,90.3,WIN,STOP_HIT,24724.00,1425.00,2026-05-07 09:21:01
2026-03-17,2026-03-17 11:15:00,2026-03-17 11:20:00,OG,Backtest,AdxDiCrossBracketOG,OG_AdxDiCrossBracketOG,OG,NQ,NQ JUN26,SHORT,1,25019.75,25057.00,-749.36,-753.72,-150.7,LOSS,STOP_HIT,25056.25,730.00,2026-05-07 09:21:01
2026-02-24,2026-02-24 10:10:00,2026-02-24 10:10:00,OG,Backtest,AdxDiCrossBracketOG,OG_AdxDiCrossBracketOG,OG,NQ,NQ JUN26,SHORT,1,25048.00,25093.50,-914.36,-918.72,-183.7,LOSS,STOP_HIT,25092.25,885.00,2026-05-07 09:21:01
2026-03-03,2026-03-03 11:40:00,2026-03-03 11:50:00,OG,Backtest,AdxDiCrossBracketOG,OG_AdxDiCrossBracketOG,OG,NQ,NQ JUN26,SHORT,1,24816.50,24865.00,-974.36,-978.72,-195.7,LOSS,STOP_HIT,24882.75,1325.00,2026-05-07 09:21:01
2026-03-27,2026-03-27 11:40:00,2026-03-27 11:45:00,OG,Backtest,AdxDiCrossBracketOG,OG_AdxDiCrossBracketOG,OG,NQ,NQ JUN26,LONG,1,23597.75,23540.25,-1154.36,-1158.72,-231.7,LOSS,STOP_HIT,23541.50,1125.00,2026-05-07 09:21:01
2026-01-12,2026-01-12 11:25:00,2026-01-12 11:35:00,OG,Backtest,AdxDiCrossBracketOG,OG_AdxDiCrossBracketOG,OG,NQ,NQ JUN26,LONG,1,26159.50,26149.25,-209.36,-213.72,-42.7,LOSS,STOP_HIT,26131.75,555.00,2026-05-07 09:21:01
2026-03-09,2026-03-09 10:45:00,2026-03-09 10:50:00,OG,Backtest,AdxDiCrossBracketOG,OG_AdxDiCrossBracketOG,OG,NQ,NQ JUN26,LONG,1,24692.75,24762.25,1385.64,1381.28,276.3,WIN,TARGET_HIT,24622.25,1410.00,2026-05-07 09:21:01
2026-03-13,2026-03-13 10:50:00,2026-03-13 10:50:00,OG,Backtest,AdxDiCrossBracketOG,OG_AdxDiCrossBracketOG,OG,NQ,NQ JUN26,SHORT,1,24804.25,24755.00,980.64,976.28,195.3,WIN,TARGET_HIT,24853.50,985.00,2026-05-07 09:21:01
2026-03-24,2026-03-24 11:00:00,2026-03-24 11:00:00,OG,Backtest,AdxDiCrossBracketOG,OG_AdxDiCrossBracketOG,OG,NQ,NQ JUN26,LONG,1,24282.25,24217.00,-1309.36,-1313.72,-262.7,LOSS,STOP_HIT,24218.25,1280.00,2026-05-07 09:21:01
2026-03-20,2026-03-20 11:30:00,2026-03-20 12:05:00,OG,Backtest,AdxDiCrossBracketOG,OG_AdxDiCrossBracketOG,OG,NQ,NQ JUN26,LONG,1,24275.00,24327.75,1050.64,1046.28,209.3,WIN,TARGET_HIT,24219.75,1105.00,2026-05-07 09:21:01
2026-03-19,2026-03-19 11:15:00,2026-03-19 11:25:00,OG,Backtest,AdxDiCrossBracketOG,OG_AdxDiCrossBracketOG,OG,NQ,NQ JUN26,LONG,1,24531.00,24485.50,-914.36,-918.72,-183.7,LOSS,STOP_HIT,24473.00,1160.00,2026-05-07 09:21:01
2026-03-19,2026-03-19 11:15:00,2026-03-19 11:25:00,OG,Backtest,AdxDiCrossBracketOG,OG_AdxDiCrossBracketOG,OG,NQ,NQ JUN26,LONG,1,24531.00,24485.50,-914.36,-918.72,-183.7,LOSS,STOP_HIT,24473.00,1160.00,2026-05-07 09:21:01
2026-04-06,2026-04-06 10:55:00,2026-04-06 11:00:00,OG,Backtest,AdxDiCrossBracketOG,OG_AdxDiCrossBracketOG,OG,NQ,NQ JUN26,SHORT,1,24269.25,24322.25,-1064.36,-1068.72,-213.7,LOSS,STOP_HIT,24321.00,1035.00,2026-05-07 09:21:01
2026-03-17,2026-03-17 11:15:00,2026-03-17 11:20:00,OG,Backtest,AdxDiCrossBracketOG,OG_AdxDiCrossBracketOG,OG,NQ,NQ JUN26,SHORT,1,25019.75,25057.00,-749.36,-753.72,-150.7,LOSS,STOP_HIT,25056.25,730.00,2026-05-07 09:21:01
2026-04-06,2026-04-06 10:55:00,2026-04-06 11:00:00,OG,Backtest,AdxDiCrossBracketOG,OG_AdxDiCrossBracketOG,OG,NQ,NQ JUN26,SHORT,1,24269.25,24322.25,-1064.36,-1068.72,-213.7,LOSS,STOP_HIT,24321.00,1035.00,2026-05-07 09:21:01
2026-02-24,2026-02-24 10:15:00,2026-02-24 10:15:00,OG,Backtest,AdxDiCrossBracketOG,OG_AdxDiCrossBracketOG,OG,NQ,NQ JUN26,LONG,1,25110.00,25063.00,-944.36,-948.72,-189.7,LOSS,STOP_HIT,25064.25,915.00,2026-05-07 09:21:01
2026-04-06,2026-04-06 10:55:00,2026-04-06 11:00:00,OG,Backtest,AdxDiCrossBracketOG,OG_AdxDiCrossBracketOG,OG,NQ,NQ JUN26,SHORT,1,24269.25,24322.25,-1064.36,-1068.72,-213.7,LOSS,STOP_HIT,24321.00,1035.00,2026-05-07 09:21:01
2026-04-06,2026-04-06 11:05:00,2026-04-06 11:25:00,OG,Backtest,AdxDiCrossBracketOG,OG_AdxDiCrossBracketOG,OG,NQ,NQ JUN26,LONG,1,24307.50,24293.75,-279.36,-283.72,-56.7,LOSS,STOP_HIT,24255.50,1040.00,2026-05-07 09:21:01
2026-04-02,2026-04-02 10:45:00,2026-04-02 10:45:00,OG,Backtest,AdxDiCrossBracketOG,OG_AdxDiCrossBracketOG,OG,NQ,NQ JUN26,LONG,1,24211.00,24133.25,-1559.36,-1563.72,-312.7,LOSS,STOP_HIT,24134.50,1530.00,2026-05-07 09:21:01
2026-01-13,2026-01-13 10:10:00,2026-01-13 10:15:00,OG,Backtest,AdxDiCrossBracketOG,OG_AdxDiCrossBracketOG,OG,NQ,NQ JUN26,SHORT,1,26137.25,26108.00,580.64,576.28,115.3,WIN,TARGET_HIT,26168.00,615.00,2026-05-07 09:21:01
2026-04-06,2026-04-06 11:35:00,2026-04-06 11:45:00,OG,Backtest,AdxDiCrossBracketOG,OG_AdxDiCrossBracketOG,OG,NQ,NQ JUN26,SHORT,1,24280.00,24290.75,-219.36,-223.72,-44.7,LOSS,STOP_HIT,24325.50,910.00,2026-05-07 09:21:01
2026-04-06,2026-04-06 10:55:00,2026-04-06 11:00:00,OG,Backtest,AdxDiCrossBracketOG,OG_AdxDiCrossBracketOG,OG,NQ,NQ JUN26,SHORT,1,24269.25,24322.25,-1064.36,-1068.72,-213.7,LOSS,STOP_HIT,24321.00,1035.00,2026-05-07 09:21:01
2026-04-02,2026-04-02 10:45:00,2026-04-02 10:45:00,OG,Backtest,AdxDiCrossBracketOG,OG_AdxDiCrossBracketOG,OG,NQ,NQ JUN26,LONG,1,24211.00,24133.25,-1559.36,-1563.72,-312.7,LOSS,STOP_HIT,24134.50,1530.00,2026-05-07 09:21:01
2026-03-19,2026-03-19 11:15:00,2026-03-19 11:25:00,OG,Backtest,AdxDiCrossBracketOG,OG_AdxDiCrossBracketOG,OG,NQ,NQ JUN26,LONG,1,24531.00,24485.50,-914.36,-918.72,-183.7,LOSS,STOP_HIT,24473.00,1160.00,2026-05-07 09:21:01
2026-01-09,2026-01-09 09:55:00,2026-01-09 09:55:00,OG,Backtest,AdxDiCrossBracketOG,OG_AdxDiCrossBracketOG,OG,NQ,NQ JUN26,SHORT,1,25912.50,25949.00,-734.36,-738.72,-147.7,LOSS,STOP_HIT,25947.75,705.00,2026-05-07 09:21:01
2026-04-06,2026-04-06 11:35:00,2026-04-06 11:45:00,OG,Backtest,AdxDiCrossBracketOG,OG_AdxDiCrossBracketOG,OG,NQ,NQ JUN26,SHORT,1,24280.00,24290.75,-219.36,-223.72,-44.7,LOSS,STOP_HIT,24325.50,910.00,2026-05-07 09:21:01
2026-01-21,2026-01-21 11:45:00,2026-01-21 11:45:00,OG,Backtest,AdxDiCrossBracketOG,OG_AdxDiCrossBracketOG,OG,NQ,NQ JUN26,SHORT,1,25543.00,25505.75,740.64,736.28,147.3,WIN,TARGET_HIT,25582.25,785.00,2026-05-07 09:21:01
2026-04-10,2026-04-10 11:45:00,2026-04-10 12:00:00,OG,Backtest,AdxDiCrossBracketOG,OG_AdxDiCrossBracketOG,OG,NQ,NQ JUN26,SHORT,1,25300.75,25269.75,615.64,611.28,122.3,WIN,TARGET_HIT,25334.25,670.00,2026-05-07 09:21:01
2026-04-07,2026-04-07 11:40:00,2026-04-07 12:00:00,OG,Backtest,AdxDiCrossBracketOG,OG_AdxDiCrossBracketOG,OG,NQ,NQ JUN26,LONG,1,24072.25,24117.50,900.64,896.28,179.3,WIN,TARGET_HIT,24025.00,945.00,2026-05-07 09:21:01
2026-02-11,2026-02-11 10:20:00,2026-02-11 10:20:00,OG,Backtest,AdxDiCrossBracketOG,OG_AdxDiCrossBracketOG,OG,NQ,NQ JUN26,SHORT,1,25395.25,25345.50,990.64,986.28,197.3,WIN,TARGET_HIT,25448.50,1065.00,2026-05-07 09:21:01
2026-01-20,2026-01-20 10:50:00,2026-01-20 10:55:00,OG,Backtest,AdxDiCrossBracketOG,OG_AdxDiCrossBracketOG,OG,NQ,NQ JUN26,LONG,1,25598.75,25558.75,-804.36,-808.72,-161.7,LOSS,STOP_HIT,25550.75,960.00,2026-05-07 09:21:01
2026-03-19,2026-03-19 11:15:00,2026-03-19 11:25:00,OG,Backtest,AdxDiCrossBracketOG,OG_AdxDiCrossBracketOG,OG,NQ,NQ JUN26,LONG,1,24531.00,24485.50,-914.36,-918.72,-183.7,LOSS,STOP_HIT,24473.00,1160.00,2026-05-07 09:21:01
2026-04-06,2026-04-06 11:05:00,2026-04-06 11:25:00,OG,Backtest,AdxDiCrossBracketOG,OG_AdxDiCrossBracketOG,OG,NQ,NQ JUN26,LONG,1,24307.50,24293.75,-279.36,-283.72,-56.7,LOSS,STOP_HIT,24255.50,1040.00,2026-05-07 09:21:01
2026-01-09,2026-01-09 09:55:00,2026-01-09 09:55:00,OG,Backtest,AdxDiCrossBracketOG,OG_AdxDiCrossBracketOG,OG,NQ,NQ JUN26,SHORT,1,25912.50,25949.00,-734.36,-738.72,-147.7,LOSS,STOP_HIT,25947.75,705.00,2026-05-07 09:21:01
2026-01-16,2026-01-16 11:30:00,2026-01-16 11:35:00,OG,Backtest,AdxDiCrossBracketOG,OG_AdxDiCrossBracketOG,OG,NQ,NQ JUN26,LONG,1,25912.25,25924.50,240.64,236.28,47.3,WIN,STOP_HIT,25874.75,750.00,2026-05-07 09:21:01
2026-01-09,2026-01-09 10:10:00,2026-01-09 10:10:00,OG,Backtest,AdxDiCrossBracketOG,OG_AdxDiCrossBracketOG,OG,NQ,NQ JUN26,LONG,1,25922.50,25881.00,-834.36,-838.72,-167.7,LOSS,STOP_HIT,25882.25,805.00,2026-05-07 09:21:02
2026-01-30,2026-01-30 11:00:00,2026-01-30 11:10:00,OG,Backtest,AdxDiCrossBracketOG,OG_AdxDiCrossBracketOG,OG,NQ,NQ JUN26,SHORT,1,26071.50,26048.25,460.64,456.28,91.3,WIN,STOP_HIT,26129.00,1150.00,2026-05-07 09:21:02
2026-02-11,2026-02-11 11:05:00,2026-02-11 11:10:00,OG,Backtest,AdxDiCrossBracketOG,OG_AdxDiCrossBracketOG,OG,NQ,NQ JUN26,LONG,1,25454.25,25417.50,-739.36,-743.72,-148.7,LOSS,STOP_HIT,25393.00,1225.00,2026-05-07 09:21:02
2026-04-06,2026-04-06 11:05:00,2026-04-06 11:25:00,OG,Backtest,AdxDiCrossBracketOG,OG_AdxDiCrossBracketOG,OG,NQ,NQ JUN26,LONG,1,24307.50,24293.75,-279.36,-283.72,-56.7,LOSS,STOP_HIT,24255.50,1040.00,2026-05-07 09:21:02
2026-04-02,2026-04-02 10:45:00,2026-04-02 10:45:00,OG,Backtest,AdxDiCrossBracketOG,OG_AdxDiCrossBracketOG,OG,NQ,NQ JUN26,LONG,1,24211.00,24133.25,-1559.36,-1563.72,-312.7,LOSS,STOP_HIT,24134.50,1530.00,2026-05-07 09:21:02
2026-01-12,2026-01-12 11:25:00,2026-01-12 11:35:00,OG,Backtest,AdxDiCrossBracketOG,OG_AdxDiCrossBracketOG,OG,NQ,NQ JUN26,LONG,1,26159.50,26149.25,-209.36,-213.72,-42.7,LOSS,STOP_HIT,26131.75,555.00,2026-05-07 09:21:02
2026-01-13,2026-01-13 10:10:00,2026-01-13 10:15:00,OG,Backtest,AdxDiCrossBracketOG,OG_AdxDiCrossBracketOG,OG,NQ,NQ JUN26,SHORT,1,26137.25,26108.00,580.64,576.28,115.3,WIN,TARGET_HIT,26168.00,615.00,2026-05-07 09:21:02
2026-01-13,2026-01-13 10:10:00,2026-01-13 10:15:00,OG,Backtest,AdxDiCrossBracketOG,OG_AdxDiCrossBracketOG,OG,NQ,NQ JUN26,SHORT,1,26137.25,26108.00,580.64,576.28,115.3,WIN,TARGET_HIT,26168.00,615.00,2026-05-07 09:21:02
2026-02-17,2026-02-17 11:10:00,2026-02-17 11:10:00,OG,Backtest,AdxDiCrossBracketOG,OG_AdxDiCrossBracketOG,OG,NQ,NQ JUN26,LONG,1,24862.00,24927.25,1300.64,1296.28,259.3,WIN,TARGET_HIT,24793.75,1365.00,2026-05-07 09:21:02
2026-02-11,2026-02-11 11:20:00,2026-02-11 11:25:00,OG,Backtest,AdxDiCrossBracketOG,OG_AdxDiCrossBracketOG,OG,NQ,NQ JUN26,LONG,1,25468.75,25457.00,-239.36,-243.72,-48.7,LOSS,STOP_HIT,25406.75,1240.00,2026-05-07 09:21:02
2026-01-20,2026-01-20 11:10:00,2026-01-20 11:15:00,OG,Backtest,AdxDiCrossBracketOG,OG_AdxDiCrossBracketOG,OG,NQ,NQ JUN26,LONG,1,25588.25,25600.25,235.64,231.28,46.3,WIN,STOP_HIT,25540.75,950.00,2026-05-07 09:21:02
2026-01-21,2026-01-21 11:45:00,2026-01-21 11:45:00,OG,Backtest,AdxDiCrossBracketOG,OG_AdxDiCrossBracketOG,OG,NQ,NQ JUN26,SHORT,1,25543.00,25505.75,740.64,736.28,147.3,WIN,TARGET_HIT,25582.25,785.00,2026-05-07 09:21:02
2026-04-06,2026-04-06 11:35:00,2026-04-06 11:45:00,OG,Backtest,AdxDiCrossBracketOG,OG_AdxDiCrossBracketOG,OG,NQ,NQ JUN26,SHORT,1,24280.00,24290.75,-219.36,-223.72,-44.7,LOSS,STOP_HIT,24325.50,910.00,2026-05-07 09:21:02
2026-01-09,2026-01-09 10:15:00,2026-01-09 10:15:00,OG,Backtest,AdxDiCrossBracketOG,OG_AdxDiCrossBracketOG,OG,NQ,NQ JUN26,SHORT,1,25849.75,25897.00,-949.36,-953.72,-190.7,LOSS,STOP_HIT,25895.75,920.00,2026-05-07 09:21:02
2026-04-07,2026-04-07 11:40:00,2026-04-07 12:00:00,OG,Backtest,AdxDiCrossBracketOG,OG_AdxDiCrossBracketOG,OG,NQ,NQ JUN26,LONG,1,24072.25,24117.50,900.64,896.28,179.3,WIN,TARGET_HIT,24025.00,945.00,2026-05-07 09:21:02
2026-02-13,2026-02-13 10:35:00,2026-02-13 10:35:00,OG,Backtest,AdxDiCrossBracketOG,OG_AdxDiCrossBracketOG,OG,NQ,NQ JUN26,LONG,1,25058.75,25127.00,1360.64,1356.28,271.3,WIN,TARGET_HIT,24987.50,1425.00,2026-05-07 09:21:02
2026-01-12,2026-01-12 11:25:00,2026-01-12 11:35:00,OG,Backtest,AdxDiCrossBracketOG,OG_AdxDiCrossBracketOG,OG,NQ,NQ JUN26,LONG,1,26159.50,26149.25,-209.36,-213.72,-42.7,LOSS,STOP_HIT,26131.75,555.00,2026-05-07 09:21:02
2026-02-13,2026-02-13 10:50:00,2026-02-13 11:00:00,OG,Backtest,AdxDiCrossBracketOG,OG_AdxDiCrossBracketOG,OG,NQ,NQ JUN26,SHORT,1,24982.25,25030.75,-974.36,-978.72,-195.7,LOSS,STOP_HIT,25055.00,1455.00,2026-05-07 09:21:02
2026-01-30,2026-01-30 10:55:00,2026-01-30 10:55:00,OG,Backtest,AdxDiCrossBracketOG,OG_AdxDiCrossBracketOG,OG,NQ,NQ JUN26,LONG,1,26118.00,26058.75,-1189.36,-1193.72,-238.7,LOSS,STOP_HIT,26060.00,1160.00,2026-05-07 09:21:02
2026-01-09,2026-01-09 09:45:00,2026-01-09 09:50:00,OG,Backtest,AdxDiCrossBracketOG,OG_AdxDiCrossBracketOG,OG,NQ,NQ JUN26,LONG,1,25965.75,25936.75,-584.36,-588.72,-117.7,LOSS,STOP_HIT,25938.00,555.00,2026-05-07 09:21:02
2026-01-30,2026-01-30 11:00:00,2026-01-30 11:10:00,OG,Backtest,AdxDiCrossBracketOG,OG_AdxDiCrossBracketOG,OG,NQ,NQ JUN26,SHORT,1,26071.50,26048.25,460.64,456.28,91.3,WIN,STOP_HIT,26129.00,1150.00,2026-05-07 09:21:02
2026-01-09,2026-01-09 09:55:00,2026-01-09 09:55:00,OG,Backtest,AdxDiCrossBracketOG,OG_AdxDiCrossBracketOG,OG,NQ,NQ JUN26,SHORT,1,25912.50,25949.00,-734.36,-738.72,-147.7,LOSS,STOP_HIT,25947.75,705.00,2026-05-07 09:21:02
2026-02-17,2026-02-17 11:10:00,2026-02-17 11:10:00,OG,Backtest,AdxDiCrossBracketOG,OG_AdxDiCrossBracketOG,OG,NQ,NQ JUN26,LONG,1,24862.00,24927.25,1300.64,1296.28,259.3,WIN,TARGET_HIT,24793.75,1365.00,2026-05-07 09:21:02
2026-01-07,2026-01-07 09:50:00,2026-01-07 09:50:00,OG,Backtest,AdxDiCrossBracketOG,OG_AdxDiCrossBracketOG,OG,NQ,NQ JUN26,LONG,1,26064.50,26079.75,300.64,296.28,59.3,WIN,TARGET_HIT,26047.25,345.00,2026-05-07 09:21:02
2026-03-12,2026-03-12 11:50:00,2026-03-12 11:50:00,OG,Backtest,AdxDiCrossBracketOG,OG_AdxDiCrossBracketOG,OG,NQ,NQ JUN26,LONG,1,24898.75,24843.25,-1114.36,-1118.72,-223.7,LOSS,STOP_HIT,24844.50,1085.00,2026-05-07 09:21:02
2026-01-07,2026-01-07 10:10:00,2026-01-07 10:10:00,OG,Backtest,AdxDiCrossBracketOG,OG_AdxDiCrossBracketOG,OG,NQ,NQ JUN26,SHORT,1,26050.00,26073.50,-474.36,-478.72,-95.7,LOSS,STOP_HIT,26072.25,445.00,2026-05-07 09:21:02
2026-01-21,2026-01-21 11:45:00,2026-01-21 11:45:00,OG,Backtest,AdxDiCrossBracketOG,OG_AdxDiCrossBracketOG,OG,NQ,NQ JUN26,SHORT,1,25543.00,25505.75,740.64,736.28,147.3,WIN,TARGET_HIT,25582.25,785.00,2026-05-07 09:21:02
2026-01-09,2026-01-09 10:10:00,2026-01-09 10:10:00,OG,Backtest,AdxDiCrossBracketOG,OG_AdxDiCrossBracketOG,OG,NQ,NQ JUN26,LONG,1,25922.50,25881.00,-834.36,-838.72,-167.7,LOSS,STOP_HIT,25882.25,805.00,2026-05-07 09:21:02
2026-01-12,2026-01-12 11:25:00,2026-01-12 11:35:00,OG,Backtest,AdxDiCrossBracketOG,OG_AdxDiCrossBracketOG,OG,NQ,NQ JUN26,LONG,1,26159.50,26149.25,-209.36,-213.72,-42.7,LOSS,STOP_HIT,26131.75,555.00,2026-05-07 09:21:02
2026-02-10,2026-02-10 09:45:00,2026-02-10 09:45:00,OG,Backtest,AdxDiCrossBracketOG,OG_AdxDiCrossBracketOG,OG,NQ,NQ JUN26,SHORT,1,25534.50,25512.25,440.64,436.28,87.3,WIN,TARGET_HIT,25559.75,505.00,2026-05-07 09:21:02
2026-01-23,2026-01-23 10:10:00,2026-01-23 10:15:00,OG,Backtest,AdxDiCrossBracketOG,OG_AdxDiCrossBracketOG,OG,NQ,NQ JUN26,LONG,1,25921.75,25885.00,-739.36,-743.72,-148.7,LOSS,STOP_HIT,25885.50,725.00,2026-05-07 09:21:02
2026-03-03,2026-03-03 11:40:00,2026-03-03 11:50:00,OG,Backtest,AdxDiCrossBracketOG,OG_AdxDiCrossBracketOG,OG,NQ,NQ JUN26,SHORT,1,24816.50,24865.00,-974.36,-978.72,-195.7,LOSS,STOP_HIT,24882.75,1325.00,2026-05-07 09:21:02
2026-01-09,2026-01-09 09:55:00,2026-01-09 09:55:00,OG,Backtest,AdxDiCrossBracketOG,OG_AdxDiCrossBracketOG,OG,NQ,NQ JUN26,SHORT,1,25912.50,25949.00,-734.36,-738.72,-147.7,LOSS,STOP_HIT,25947.75,705.00,2026-05-07 09:21:02
2026-02-11,2026-02-11 11:05:00,2026-02-11 11:10:00,OG,Backtest,AdxDiCrossBracketOG,OG_AdxDiCrossBracketOG,OG,NQ,NQ JUN26,LONG,1,25454.25,25417.50,-739.36,-743.72,-148.7,LOSS,STOP_HIT,25393.00,1225.00,2026-05-07 09:21:02
2026-02-11,2026-02-11 10:20:00,2026-02-11 10:20:00,OG,Backtest,AdxDiCrossBracketOG,OG_AdxDiCrossBracketOG,OG,NQ,NQ JUN26,SHORT,1,25395.25,25345.50,990.64,986.28,197.3,WIN,TARGET_HIT,25448.50,1065.00,2026-05-07 09:21:02
2026-03-25,2026-03-25 11:20:00,2026-03-25 11:20:00,OG,Backtest,AdxDiCrossBracketOG,OG_AdxDiCrossBracketOG,OG,NQ,NQ JUN26,SHORT,1,24385.25,24336.50,970.64,966.28,193.3,WIN,TARGET_HIT,24438.00,1055.00,2026-05-07 09:21:02
2026-01-09,2026-01-09 09:45:00,2026-01-09 09:50:00,OG,Backtest,AdxDiCrossBracketOG,OG_AdxDiCrossBracketOG,OG,NQ,NQ JUN26,LONG,1,25965.75,25936.75,-584.36,-588.72,-117.7,LOSS,STOP_HIT,25938.00,555.00,2026-05-07 09:21:02
2026-01-13,2026-01-13 10:10:00,2026-01-13 10:15:00,OG,Backtest,AdxDiCrossBracketOG,OG_AdxDiCrossBracketOG,OG,NQ,NQ JUN26,SHORT,1,26137.25,26108.00,580.64,576.28,115.3,WIN,TARGET_HIT,26168.00,615.00,2026-05-07 09:21:02
2026-03-09,2026-03-09 10:45:00,2026-03-09 10:50:00,OG,Backtest,AdxDiCrossBracketOG,OG_AdxDiCrossBracketOG,OG,NQ,NQ JUN26,LONG,1,24692.75,24762.25,1385.64,1381.28,276.3,WIN,TARGET_HIT,24622.25,1410.00,2026-05-07 09:21:02
2026-04-06,2026-04-06 11:35:00,2026-04-06 11:45:00,OG,Backtest,AdxDiCrossBracketOG,OG_AdxDiCrossBracketOG,OG,NQ,NQ JUN26,SHORT,1,24280.00,24290.75,-219.36,-223.72,-44.7,LOSS,STOP_HIT,24325.50,910.00,2026-05-07 09:21:02
2026-03-12,2026-03-12 11:50:00,2026-03-12 11:50:00,OG,Backtest,AdxDiCrossBracketOG,OG_AdxDiCrossBracketOG,OG,NQ,NQ JUN26,LONG,1,24898.75,24843.25,-1114.36,-1118.72,-223.7,LOSS,STOP_HIT,24844.50,1085.00,2026-05-07 09:21:02
2026-02-13,2026-02-13 10:35:00,2026-02-13 10:35:00,OG,Backtest,AdxDiCrossBracketOG,OG_AdxDiCrossBracketOG,OG,NQ,NQ JUN26,LONG,1,25058.75,25127.00,1360.64,1356.28,271.3,WIN,TARGET_HIT,24987.50,1425.00,2026-05-07 09:21:02
2026-03-13,2026-03-13 10:50:00,2026-03-13 10:50:00,OG,Backtest,AdxDiCrossBracketOG,OG_AdxDiCrossBracketOG,OG,NQ,NQ JUN26,SHORT,1,24804.25,24755.00,980.64,976.28,195.3,WIN,TARGET_HIT,24853.50,985.00,2026-05-07 09:21:02
2026-01-20,2026-01-20 10:50:00,2026-01-20 10:55:00,OG,Backtest,AdxDiCrossBracketOG,OG_AdxDiCrossBracketOG,OG,NQ,NQ JUN26,LONG,1,25598.75,25558.75,-804.36,-808.72,-161.7,LOSS,STOP_HIT,25550.75,960.00,2026-05-07 09:21:02
2026-04-06,2026-04-06 11:35:00,2026-04-06 11:45:00,OG,Backtest,AdxDiCrossBracketOG,OG_AdxDiCrossBracketOG,OG,NQ,NQ JUN26,SHORT,1,24280.00,24290.75,-219.36,-223.72,-44.7,LOSS,STOP_HIT,24325.50,910.00,2026-05-07 09:21:02
2026-01-30,2026-01-30 10:55:00,2026-01-30 10:55:00,OG,Backtest,AdxDiCrossBracketOG,OG_AdxDiCrossBracketOG,OG,NQ,NQ JUN26,LONG,1,26118.00,26058.75,-1189.36,-1193.72,-238.7,LOSS,STOP_HIT,26060.00,1160.00,2026-05-07 09:21:02
2026-01-23,2026-01-23 10:10:00,2026-01-23 10:15:00,OG,Backtest,AdxDiCrossBracketOG,OG_AdxDiCrossBracketOG,OG,NQ,NQ JUN26,LONG,1,25921.75,25885.00,-739.36,-743.72,-148.7,LOSS,STOP_HIT,25885.50,725.00,2026-05-07 09:21:02
2026-02-13,2026-02-13 10:35:00,2026-02-13 10:35:00,OG,Backtest,AdxDiCrossBracketOG,OG_AdxDiCrossBracketOG,OG,NQ,NQ JUN26,LONG,1,25058.75,25127.00,1360.64,1356.28,271.3,WIN,TARGET_HIT,24987.50,1425.00,2026-05-07 09:21:02
2026-02-24,2026-02-24 09:50:00,2026-02-24 09:50:00,OG,Backtest,AdxDiCrossBracketOG,OG_AdxDiCrossBracketOG,OG,NQ,NQ JUN26,LONG,1,25121.25,25157.50,720.64,716.28,143.3,WIN,TARGET_HIT,25081.50,795.00,2026-05-07 09:21:02
2026-01-28,2026-01-28 10:55:00,2026-01-28 11:05:00,OG,Backtest,AdxDiCrossBracketOG,OG_AdxDiCrossBracketOG,OG,NQ,NQ JUN26,SHORT,1,26394.50,26393.50,15.64,11.28,2.3,WIN,STOP_HIT,26429.00,690.00,2026-05-07 09:21:02
2026-01-30,2026-01-30 10:55:00,2026-01-30 10:55:00,OG,Backtest,AdxDiCrossBracketOG,OG_AdxDiCrossBracketOG,OG,NQ,NQ JUN26,LONG,1,26118.00,26058.75,-1189.36,-1193.72,-238.7,LOSS,STOP_HIT,26060.00,1160.00,2026-05-07 09:21:02
2026-01-30,2026-01-30 11:00:00,2026-01-30 11:10:00,OG,Backtest,AdxDiCrossBracketOG,OG_AdxDiCrossBracketOG,OG,NQ,NQ JUN26,SHORT,1,26071.50,26048.25,460.64,456.28,91.3,WIN,STOP_HIT,26129.00,1150.00,2026-05-07 09:21:02
2026-03-03,2026-03-03 11:25:00,2026-03-03 11:35:00,OG,Backtest,AdxDiCrossBracketOG,OG_AdxDiCrossBracketOG,OG,NQ,NQ JUN26,LONG,1,24795.25,24818.25,455.64,451.28,90.3,WIN,STOP_HIT,24724.00,1425.00,2026-05-07 09:21:02
2026-01-28,2026-01-28 11:20:00,2026-01-28 11:25:00,OG,Backtest,AdxDiCrossBracketOG,OG_AdxDiCrossBracketOG,OG,NQ,NQ JUN26,LONG,1,26393.75,26378.25,-314.36,-318.72,-63.7,LOSS,STOP_HIT,26363.25,610.00,2026-05-07 09:21:02
2026-02-03,2026-02-03 09:50:00,2026-02-03 09:50:00,OG,Backtest,AdxDiCrossBracketOG,OG_AdxDiCrossBracketOG,OG,NQ,NQ JUN26,SHORT,1,25960.00,25999.25,-789.36,-793.72,-158.7,LOSS,STOP_HIT,25998.00,760.00,2026-05-07 09:21:02
2026-02-24,2026-02-24 09:50:00,2026-02-24 09:50:00,OG,Backtest,AdxDiCrossBracketOG,OG_AdxDiCrossBracketOG,OG,NQ,NQ JUN26,LONG,1,25121.25,25157.50,720.64,716.28,143.3,WIN,TARGET_HIT,25081.50,795.00,2026-05-07 09:21:02
2026-02-24,2026-02-24 10:10:00,2026-02-24 10:10:00,OG,Backtest,AdxDiCrossBracketOG,OG_AdxDiCrossBracketOG,OG,NQ,NQ JUN26,SHORT,1,25048.00,25093.50,-914.36,-918.72,-183.7,LOSS,STOP_HIT,25092.25,885.00,2026-05-07 09:21:02
2026-01-28,2026-01-28 11:20:00,2026-01-28 11:25:00,OG,Backtest,AdxDiCrossBracketOG,OG_AdxDiCrossBracketOG,OG,NQ,NQ JUN26,LONG,1,26393.75,26378.25,-314.36,-318.72,-63.7,LOSS,STOP_HIT,26363.25,610.00,2026-05-07 09:21:02
2026-02-10,2026-02-10 09:45:00,2026-02-10 09:45:00,OG,Backtest,AdxDiCrossBracketOG,OG_AdxDiCrossBracketOG,OG,NQ,NQ JUN26,SHORT,1,25534.50,25512.25,440.64,436.28,87.3,WIN,TARGET_HIT,25559.75,505.00,2026-05-07 09:21:02
2026-03-19,2026-03-19 11:15:00,2026-03-19 11:25:00,OG,Backtest,AdxDiCrossBracketOG,OG_AdxDiCrossBracketOG,OG,NQ,NQ JUN26,LONG,1,24531.00,24485.50,-914.36,-918.72,-183.7,LOSS,STOP_HIT,24473.00,1160.00,2026-05-07 09:21:02
2026-03-06,2026-03-06 11:10:00,2026-03-06 11:15:00,OG,Backtest,AdxDiCrossBracketOG,OG_AdxDiCrossBracketOG,OG,NQ,NQ JUN26,LONG,1,25102.25,25058.25,-884.36,-888.72,-177.7,LOSS,STOP_HIT,25038.75,1270.00,2026-05-07 09:21:02
2026-02-13,2026-02-13 10:35:00,2026-02-13 10:35:00,OG,Backtest,AdxDiCrossBracketOG,OG_AdxDiCrossBracketOG,OG,NQ,NQ JUN26,LONG,1,25058.75,25127.00,1360.64,1356.28,271.3,WIN,TARGET_HIT,24987.50,1425.00,2026-05-07 09:21:02
2026-02-13,2026-02-13 10:50:00,2026-02-13 11:00:00,OG,Backtest,AdxDiCrossBracketOG,OG_AdxDiCrossBracketOG,OG,NQ,NQ JUN26,SHORT,1,24982.25,25030.75,-974.36,-978.72,-195.7,LOSS,STOP_HIT,25055.00,1455.00,2026-05-07 09:21:02
2026-02-10,2026-02-10 09:45:00,2026-02-10 09:45:00,OG,Backtest,AdxDiCrossBracketOG,OG_AdxDiCrossBracketOG,OG,NQ,NQ JUN26,SHORT,1,25534.50,25512.25,440.64,436.28,87.3,WIN,TARGET_HIT,25559.75,505.00,2026-05-07 09:21:02
2026-02-17,2026-02-17 11:10:00,2026-02-17 11:10:00,OG,Backtest,AdxDiCrossBracketOG,OG_AdxDiCrossBracketOG,OG,NQ,NQ JUN26,LONG,1,24862.00,24927.25,1300.64,1296.28,259.3,WIN,TARGET_HIT,24793.75,1365.00,2026-05-07 09:21:02
2026-01-09,2026-01-09 10:10:00,2026-01-09 10:10:00,OG,Backtest,AdxDiCrossBracketOG,OG_AdxDiCrossBracketOG,OG,NQ,NQ JUN26,LONG,1,25922.50,25881.00,-834.36,-838.72,-167.7,LOSS,STOP_HIT,25882.25,805.00,2026-05-07 09:21:02
2026-02-24,2026-02-24 10:15:00,2026-02-24 10:15:00,OG,Backtest,AdxDiCrossBracketOG,OG_AdxDiCrossBracketOG,OG,NQ,NQ JUN26,LONG,1,25110.00,25063.00,-944.36,-948.72,-189.7,LOSS,STOP_HIT,25064.25,915.00,2026-05-07 09:21:02
2026-02-13,2026-02-13 10:50:00,2026-02-13 11:00:00,OG,Backtest,AdxDiCrossBracketOG,OG_AdxDiCrossBracketOG,OG,NQ,NQ JUN26,SHORT,1,24982.25,25030.75,-974.36,-978.72,-195.7,LOSS,STOP_HIT,25055.00,1455.00,2026-05-07 09:21:02
2026-01-09,2026-01-09 10:15:00,2026-01-09 10:15:00,OG,Backtest,AdxDiCrossBracketOG,OG_AdxDiCrossBracketOG,OG,NQ,NQ JUN26,SHORT,1,25849.75,25897.00,-949.36,-953.72,-190.7,LOSS,STOP_HIT,25895.75,920.00,2026-05-07 09:21:02
2026-03-19,2026-03-19 11:15:00,2026-03-19 11:25:00,OG,Backtest,AdxDiCrossBracketOG,OG_AdxDiCrossBracketOG,OG,NQ,NQ JUN26,LONG,1,24531.00,24485.50,-914.36,-918.72,-183.7,LOSS,STOP_HIT,24473.00,1160.00,2026-05-07 09:21:02
2026-02-24,2026-02-24 10:10:00,2026-02-24 10:10:00,OG,Backtest,AdxDiCrossBracketOG,OG_AdxDiCrossBracketOG,OG,NQ,NQ JUN26,SHORT,1,25048.00,25093.50,-914.36,-918.72,-183.7,LOSS,STOP_HIT,25092.25,885.00,2026-05-07 09:21:02
2026-02-24,2026-02-24 10:10:00,2026-02-24 10:10:00,OG,Backtest,AdxDiCrossBracketOG,OG_AdxDiCrossBracketOG,OG,NQ,NQ JUN26,SHORT,1,25048.00,25093.50,-914.36,-918.72,-183.7,LOSS,STOP_HIT,25092.25,885.00,2026-05-07 09:21:02
2026-03-12,2026-03-12 11:50:00,2026-03-12 11:50:00,OG,Backtest,AdxDiCrossBracketOG,OG_AdxDiCrossBracketOG,OG,NQ,NQ JUN26,LONG,1,24898.75,24843.25,-1114.36,-1118.72,-223.7,LOSS,STOP_HIT,24844.50,1085.00,2026-05-07 09:21:02
2026-03-06,2026-03-06 11:10:00,2026-03-06 11:15:00,OG,Backtest,AdxDiCrossBracketOG,OG_AdxDiCrossBracketOG,OG,NQ,NQ JUN26,LONG,1,25102.25,25058.25,-884.36,-888.72,-177.7,LOSS,STOP_HIT,25038.75,1270.00,2026-05-07 09:21:02
2026-04-06,2026-04-06 10:55:00,2026-04-06 11:00:00,OG,Backtest,AdxDiCrossBracketOG,OG_AdxDiCrossBracketOG,OG,NQ,NQ JUN26,SHORT,1,24269.25,24322.25,-1064.36,-1068.72,-213.7,LOSS,STOP_HIT,24321.00,1035.00,2026-05-07 09:21:02
2026-02-24,2026-02-24 10:15:00,2026-02-24 10:15:00,OG,Backtest,AdxDiCrossBracketOG,OG_AdxDiCrossBracketOG,OG,NQ,NQ JUN26,LONG,1,25110.00,25063.00,-944.36,-948.72,-189.7,LOSS,STOP_HIT,25064.25,915.00,2026-05-07 09:21:02
2026-02-24,2026-02-24 10:15:00,2026-02-24 10:15:00,OG,Backtest,AdxDiCrossBracketOG,OG_AdxDiCrossBracketOG,OG,NQ,NQ JUN26,LONG,1,25110.00,25063.00,-944.36,-948.72,-189.7,LOSS,STOP_HIT,25064.25,915.00,2026-05-07 09:21:02
2026-03-09,2026-03-09 10:45:00,2026-03-09 10:50:00,OG,Backtest,AdxDiCrossBracketOG,OG_AdxDiCrossBracketOG,OG,NQ,NQ JUN26,LONG,1,24692.75,24762.25,1385.64,1381.28,276.3,WIN,TARGET_HIT,24622.25,1410.00,2026-05-07 09:21:02
2026-02-24,2026-02-24 09:50:00,2026-02-24 09:50:00,OG,Backtest,AdxDiCrossBracketOG,OG_AdxDiCrossBracketOG,OG,NQ,NQ JUN26,LONG,1,25121.25,25157.50,720.64,716.28,143.3,WIN,TARGET_HIT,25081.50,795.00,2026-05-07 09:21:02
2026-03-06,2026-03-06 11:10:00,2026-03-06 11:15:00,OG,Backtest,AdxDiCrossBracketOG,OG_AdxDiCrossBracketOG,OG,NQ,NQ JUN26,LONG,1,25102.25,25058.25,-884.36,-888.72,-177.7,LOSS,STOP_HIT,25038.75,1270.00,2026-05-07 09:21:02
2026-02-13,2026-02-13 10:35:00,2026-02-13 10:35:00,OG,Backtest,AdxDiCrossBracketOG,OG_AdxDiCrossBracketOG,OG,NQ,NQ JUN26,LONG,1,25058.75,25127.00,1360.64,1356.28,271.3,WIN,TARGET_HIT,24987.50,1425.00,2026-05-07 09:21:02
2026-03-09,2026-03-09 10:45:00,2026-03-09 10:50:00,OG,Backtest,AdxDiCrossBracketOG,OG_AdxDiCrossBracketOG,OG,NQ,NQ JUN26,LONG,1,24692.75,24762.25,1385.64,1381.28,276.3,WIN,TARGET_HIT,24622.25,1410.00,2026-05-07 09:21:02
2026-01-09,2026-01-09 10:10:00,2026-01-09 10:10:00,OG,Backtest,AdxDiCrossBracketOG,OG_AdxDiCrossBracketOG,OG,NQ,NQ JUN26,LONG,1,25922.50,25881.00,-834.36,-838.72,-167.7,LOSS,STOP_HIT,25882.25,805.00,2026-05-07 09:21:02
2026-03-17,2026-03-17 11:15:00,2026-03-17 11:20:00,OG,Backtest,AdxDiCrossBracketOG,OG_AdxDiCrossBracketOG,OG,NQ,NQ JUN26,SHORT,1,25019.75,25057.00,-749.36,-753.72,-150.7,LOSS,STOP_HIT,25056.25,730.00,2026-05-07 09:21:02
2026-04-06,2026-04-06 10:55:00,2026-04-06 11:00:00,OG,Backtest,AdxDiCrossBracketOG,OG_AdxDiCrossBracketOG,OG,NQ,NQ JUN26,SHORT,1,24269.25,24322.25,-1064.36,-1068.72,-213.7,LOSS,STOP_HIT,24321.00,1035.00,2026-05-07 09:21:02
2026-01-09,2026-01-09 10:15:00,2026-01-09 10:15:00,OG,Backtest,AdxDiCrossBracketOG,OG_AdxDiCrossBracketOG,OG,NQ,NQ JUN26,SHORT,1,25849.75,25897.00,-949.36,-953.72,-190.7,LOSS,STOP_HIT,25895.75,920.00,2026-05-07 09:21:02
2026-03-12,2026-03-12 11:50:00,2026-03-12 11:50:00,OG,Backtest,AdxDiCrossBracketOG,OG_AdxDiCrossBracketOG,OG,NQ,NQ JUN26,LONG,1,24898.75,24843.25,-1114.36,-1118.72,-223.7,LOSS,STOP_HIT,24844.50,1085.00,2026-05-07 09:21:02
2026-03-12,2026-03-12 11:50:00,2026-03-12 11:50:00,OG,Backtest,AdxDiCrossBracketOG,OG_AdxDiCrossBracketOG,OG,NQ,NQ JUN26,LONG,1,24898.75,24843.25,-1114.36,-1118.72,-223.7,LOSS,STOP_HIT,24844.50,1085.00,2026-05-07 09:21:02
2026-03-09,2026-03-09 10:45:00,2026-03-09 10:50:00,OG,Backtest,AdxDiCrossBracketOG,OG_AdxDiCrossBracketOG,OG,NQ,NQ JUN26,LONG,1,24692.75,24762.25,1385.64,1381.28,276.3,WIN,TARGET_HIT,24622.25,1410.00,2026-05-07 09:21:02
2026-01-12,2026-01-12 11:25:00,2026-01-12 11:35:00,OG,Backtest,AdxDiCrossBracketOG,OG_AdxDiCrossBracketOG,OG,NQ,NQ JUN26,LONG,1,26159.50,26149.25,-209.36,-213.72,-42.7,LOSS,STOP_HIT,26131.75,555.00,2026-05-07 09:21:02
2026-02-03,2026-02-03 09:50:00,2026-02-03 09:50:00,OG,Backtest,AdxDiCrossBracketOG,OG_AdxDiCrossBracketOG,OG,NQ,NQ JUN26,SHORT,1,25960.00,25999.25,-789.36,-793.72,-158.7,LOSS,STOP_HIT,25998.00,760.00,2026-05-07 09:21:02
2026-03-13,2026-03-13 10:50:00,2026-03-13 10:50:00,OG,Backtest,AdxDiCrossBracketOG,OG_AdxDiCrossBracketOG,OG,NQ,NQ JUN26,SHORT,1,24804.25,24755.00,980.64,976.28,195.3,WIN,TARGET_HIT,24853.50,985.00,2026-05-07 09:21:02
2026-03-24,2026-03-24 11:00:00,2026-03-24 11:00:00,OG,Backtest,AdxDiCrossBracketOG,OG_AdxDiCrossBracketOG,OG,NQ,NQ JUN26,LONG,1,24282.25,24217.00,-1309.36,-1313.72,-262.7,LOSS,STOP_HIT,24218.25,1280.00,2026-05-07 09:21:02
2026-04-07,2026-04-07 11:40:00,2026-04-07 12:00:00,OG,Backtest,AdxDiCrossBracketOG,OG_AdxDiCrossBracketOG,OG,NQ,NQ JUN26,LONG,1,24072.25,24117.50,900.64,896.28,179.3,WIN,TARGET_HIT,24025.00,945.00,2026-05-07 09:21:02
2026-03-13,2026-03-13 10:50:00,2026-03-13 10:50:00,OG,Backtest,AdxDiCrossBracketOG,OG_AdxDiCrossBracketOG,OG,NQ,NQ JUN26,SHORT,1,24804.25,24755.00,980.64,976.28,195.3,WIN,TARGET_HIT,24853.50,985.00,2026-05-07 09:21:02
2026-03-27,2026-03-27 11:40:00,2026-03-27 11:45:00,OG,Backtest,AdxDiCrossBracketOG,OG_AdxDiCrossBracketOG,OG,NQ,NQ JUN26,LONG,1,23597.75,23540.25,-1154.36,-1158.72,-231.7,LOSS,STOP_HIT,23541.50,1125.00,2026-05-07 09:21:02
2026-03-24,2026-03-24 11:00:00,2026-03-24 11:00:00,OG,Backtest,AdxDiCrossBracketOG,OG_AdxDiCrossBracketOG,OG,NQ,NQ JUN26,LONG,1,24282.25,24217.00,-1309.36,-1313.72,-262.7,LOSS,STOP_HIT,24218.25,1280.00,2026-05-07 09:21:02
2026-01-21,2026-01-21 11:45:00,2026-01-21 11:45:00,OG,Backtest,AdxDiCrossBracketOG,OG_AdxDiCrossBracketOG,OG,NQ,NQ JUN26,SHORT,1,25543.00,25505.75,740.64,736.28,147.3,WIN,TARGET_HIT,25582.25,785.00,2026-05-07 09:21:02
2026-03-20,2026-03-20 11:30:00,2026-03-20 12:05:00,OG,Backtest,AdxDiCrossBracketOG,OG_AdxDiCrossBracketOG,OG,NQ,NQ JUN26,LONG,1,24275.00,24327.75,1050.64,1046.28,209.3,WIN,TARGET_HIT,24219.75,1105.00,2026-05-07 09:21:02
2026-01-16,2026-01-16 11:30:00,2026-01-16 11:35:00,OG,Backtest,AdxDiCrossBracketOG,OG_AdxDiCrossBracketOG,OG,NQ,NQ JUN26,LONG,1,25912.25,25924.50,240.64,236.28,47.3,WIN,STOP_HIT,25874.75,750.00,2026-05-07 09:21:02
2026-01-20,2026-01-20 10:50:00,2026-01-20 10:55:00,OG,Backtest,AdxDiCrossBracketOG,OG_AdxDiCrossBracketOG,OG,NQ,NQ JUN26,LONG,1,25598.75,25558.75,-804.36,-808.72,-161.7,LOSS,STOP_HIT,25550.75,960.00,2026-05-07 09:21:02
2026-02-13,2026-02-13 10:50:00,2026-02-13 11:00:00,OG,Backtest,AdxDiCrossBracketOG,OG_AdxDiCrossBracketOG,OG,NQ,NQ JUN26,SHORT,1,24982.25,25030.75,-974.36,-978.72,-195.7,LOSS,STOP_HIT,25055.00,1455.00,2026-05-07 09:21:02
2026-04-06,2026-04-06 11:35:00,2026-04-06 11:45:00,OG,Backtest,AdxDiCrossBracketOG,OG_AdxDiCrossBracketOG,OG,NQ,NQ JUN26,SHORT,1,24280.00,24290.75,-219.36,-223.72,-44.7,LOSS,STOP_HIT,24325.50,910.00,2026-05-07 09:21:02
2026-01-09,2026-01-09 09:45:00,2026-01-09 09:50:00,OG,Backtest,AdxDiCrossBracketOG,OG_AdxDiCrossBracketOG,OG,NQ,NQ JUN26,LONG,1,25965.75,25936.75,-584.36,-588.72,-117.7,LOSS,STOP_HIT,25938.00,555.00,2026-05-07 09:21:02
2026-01-28,2026-01-28 10:55:00,2026-01-28 11:05:00,OG,Backtest,AdxDiCrossBracketOG,OG_AdxDiCrossBracketOG,OG,NQ,NQ JUN26,SHORT,1,26394.50,26393.50,15.64,11.28,2.3,WIN,STOP_HIT,26429.00,690.00,2026-05-07 09:21:02
2026-03-24,2026-03-24 11:00:00,2026-03-24 11:00:00,OG,Backtest,AdxDiCrossBracketOG,OG_AdxDiCrossBracketOG,OG,NQ,NQ JUN26,LONG,1,24282.25,24217.00,-1309.36,-1313.72,-262.7,LOSS,STOP_HIT,24218.25,1280.00,2026-05-07 09:21:02
2026-04-06,2026-04-06 11:35:00,2026-04-06 11:45:00,OG,Backtest,AdxDiCrossBracketOG,OG_AdxDiCrossBracketOG,OG,NQ,NQ JUN26,SHORT,1,24280.00,24290.75,-219.36,-223.72,-44.7,LOSS,STOP_HIT,24325.50,910.00,2026-05-07 09:21:02
2026-04-06,2026-04-06 10:55:00,2026-04-06 11:00:00,OG,Backtest,AdxDiCrossBracketOG,OG_AdxDiCrossBracketOG,OG,NQ,NQ JUN26,SHORT,1,24269.25,24322.25,-1064.36,-1068.72,-213.7,LOSS,STOP_HIT,24321.00,1035.00,2026-05-07 09:21:02
2026-01-16,2026-01-16 11:30:00,2026-01-16 11:35:00,OG,Backtest,AdxDiCrossBracketOG,OG_AdxDiCrossBracketOG,OG,NQ,NQ JUN26,LONG,1,25912.25,25924.50,240.64,236.28,47.3,WIN,STOP_HIT,25874.75,750.00,2026-05-07 09:21:02
2026-02-05,2026-02-05 11:40:00,2026-02-05 11:50:00,OG,Backtest,AdxDiCrossBracketOG,OG_AdxDiCrossBracketOG,OG,NQ,NQ JUN26,LONG,1,25026.25,24991.50,-699.36,-703.72,-140.7,LOSS,STOP_HIT,24938.00,1765.00,2026-05-07 09:21:02
2026-01-07,2026-01-07 10:10:00,2026-01-07 10:10:00,OG,Backtest,AdxDiCrossBracketOG,OG_AdxDiCrossBracketOG,OG,NQ,NQ JUN26,SHORT,1,26050.00,26073.50,-474.36,-478.72,-95.7,LOSS,STOP_HIT,26072.25,445.00,2026-05-07 09:21:02
2026-04-06,2026-04-06 11:05:00,2026-04-06 11:25:00,OG,Backtest,AdxDiCrossBracketOG,OG_AdxDiCrossBracketOG,OG,NQ,NQ JUN26,LONG,1,24307.50,24293.75,-279.36,-283.72,-56.7,LOSS,STOP_HIT,24255.50,1040.00,2026-05-07 09:21:02
2026-01-30,2026-01-30 10:55:00,2026-01-30 10:55:00,OG,Backtest,AdxDiCrossBracketOG,OG_AdxDiCrossBracketOG,OG,NQ,NQ JUN26,LONG,1,26118.00,26058.75,-1189.36,-1193.72,-238.7,LOSS,STOP_HIT,26060.00,1160.00,2026-05-07 09:21:02
2026-01-12,2026-01-12 11:25:00,2026-01-12 11:35:00,OG,Backtest,AdxDiCrossBracketOG,OG_AdxDiCrossBracketOG,OG,NQ,NQ JUN26,LONG,1,26159.50,26149.25,-209.36,-213.72,-42.7,LOSS,STOP_HIT,26131.75,555.00,2026-05-07 09:21:02
2026-01-30,2026-01-30 10:55:00,2026-01-30 10:55:00,OG,Backtest,AdxDiCrossBracketOG,OG_AdxDiCrossBracketOG,OG,NQ,NQ JUN26,LONG,1,26118.00,26058.75,-1189.36,-1193.72,-238.7,LOSS,STOP_HIT,26060.00,1160.00,2026-05-07 09:21:02
2026-01-16,2026-01-16 11:30:00,2026-01-16 11:35:00,OG,Backtest,AdxDiCrossBracketOG,OG_AdxDiCrossBracketOG,OG,NQ,NQ JUN26,LONG,1,25912.25,25924.50,240.64,236.28,47.3,WIN,STOP_HIT,25874.75,750.00,2026-05-07 09:21:02
2026-04-06,2026-04-06 11:35:00,2026-04-06 11:45:00,OG,Backtest,AdxDiCrossBracketOG,OG_AdxDiCrossBracketOG,OG,NQ,NQ JUN26,SHORT,1,24280.00,24290.75,-219.36,-223.72,-44.7,LOSS,STOP_HIT,24325.50,910.00,2026-05-07 09:21:02
2026-01-16,2026-01-16 11:30:00,2026-01-16 11:35:00,OG,Backtest,AdxDiCrossBracketOG,OG_AdxDiCrossBracketOG,OG,NQ,NQ JUN26,LONG,1,25912.25,25924.50,240.64,236.28,47.3,WIN,STOP_HIT,25874.75,750.00,2026-05-07 09:21:02
2026-02-05,2026-02-05 11:40:00,2026-02-05 11:50:00,OG,Backtest,AdxDiCrossBracketOG,OG_AdxDiCrossBracketOG,OG,NQ,NQ JUN26,LONG,1,25026.25,24991.50,-699.36,-703.72,-140.7,LOSS,STOP_HIT,24938.00,1765.00,2026-05-07 09:21:02
2026-02-13,2026-02-13 10:50:00,2026-02-13 11:00:00,OG,Backtest,AdxDiCrossBracketOG,OG_AdxDiCrossBracketOG,OG,NQ,NQ JUN26,SHORT,1,24982.25,25030.75,-974.36,-978.72,-195.7,LOSS,STOP_HIT,25055.00,1455.00,2026-05-07 09:21:02
2026-01-30,2026-01-30 10:55:00,2026-01-30 10:55:00,OG,Backtest,AdxDiCrossBracketOG,OG_AdxDiCrossBracketOG,OG,NQ,NQ JUN26,LONG,1,26118.00,26058.75,-1189.36,-1193.72,-238.7,LOSS,STOP_HIT,26060.00,1160.00,2026-05-07 09:21:02
2026-01-13,2026-01-13 10:10:00,2026-01-13 10:15:00,OG,Backtest,AdxDiCrossBracketOG,OG_AdxDiCrossBracketOG,OG,NQ,NQ JUN26,SHORT,1,26137.25,26108.00,580.64,576.28,115.3,WIN,TARGET_HIT,26168.00,615.00,2026-05-07 09:21:02
2026-01-30,2026-01-30 11:00:00,2026-01-30 11:10:00,OG,Backtest,AdxDiCrossBracketOG,OG_AdxDiCrossBracketOG,OG,NQ,NQ JUN26,SHORT,1,26071.50,26048.25,460.64,456.28,91.3,WIN,STOP_HIT,26129.00,1150.00,2026-05-07 09:21:02
2026-02-13,2026-02-13 10:50:00,2026-02-13 11:00:00,OG,Backtest,AdxDiCrossBracketOG,OG_AdxDiCrossBracketOG,OG,NQ,NQ JUN26,SHORT,1,24982.25,25030.75,-974.36,-978.72,-195.7,LOSS,STOP_HIT,25055.00,1455.00,2026-05-07 09:21:02
2026-01-13,2026-01-13 10:10:00,2026-01-13 10:15:00,OG,Backtest,AdxDiCrossBracketOG,OG_AdxDiCrossBracketOG,OG,NQ,NQ JUN26,SHORT,1,26137.25,26108.00,580.64,576.28,115.3,WIN,TARGET_HIT,26168.00,615.00,2026-05-07 09:21:02
2026-01-07,2026-01-07 10:10:00,2026-01-07 10:10:00,OG,Backtest,AdxDiCrossBracketOG,OG_AdxDiCrossBracketOG,OG,NQ,NQ JUN26,SHORT,1,26050.00,26073.50,-474.36,-478.72,-95.7,LOSS,STOP_HIT,26072.25,445.00,2026-05-07 09:21:02
2026-01-16,2026-01-16 11:30:00,2026-01-16 11:35:00,OG,Backtest,AdxDiCrossBracketOG,OG_AdxDiCrossBracketOG,OG,NQ,NQ JUN26,LONG,1,25912.25,25924.50,240.64,236.28,47.3,WIN,STOP_HIT,25874.75,750.00,2026-05-07 09:21:02
2026-01-30,2026-01-30 10:55:00,2026-01-30 10:55:00,OG,Backtest,AdxDiCrossBracketOG,OG_AdxDiCrossBracketOG,OG,NQ,NQ JUN26,LONG,1,26118.00,26058.75,-1189.36,-1193.72,-238.7,LOSS,STOP_HIT,26060.00,1160.00,2026-05-07 09:21:02
2026-01-30,2026-01-30 10:55:00,2026-01-30 10:55:00,OG,Backtest,AdxDiCrossBracketOG,OG_AdxDiCrossBracketOG,OG,NQ,NQ JUN26,LONG,1,26118.00,26058.75,-1189.36,-1193.72,-238.7,LOSS,STOP_HIT,26060.00,1160.00,2026-05-07 09:21:02
2026-01-30,2026-01-30 11:00:00,2026-01-30 11:10:00,OG,Backtest,AdxDiCrossBracketOG,OG_AdxDiCrossBracketOG,OG,NQ,NQ JUN26,SHORT,1,26071.50,26048.25,460.64,456.28,91.3,WIN,STOP_HIT,26129.00,1150.00,2026-05-07 09:21:02
2026-02-24,2026-02-24 10:15:00,2026-02-24 10:15:00,OG,Backtest,AdxDiCrossBracketOG,OG_AdxDiCrossBracketOG,OG,NQ,NQ JUN26,LONG,1,25110.00,25063.00,-944.36,-948.72,-189.7,LOSS,STOP_HIT,25064.25,915.00,2026-05-07 09:21:02
2026-02-24,2026-02-24 09:50:00,2026-02-24 09:50:00,OG,Backtest,AdxDiCrossBracketOG,OG_AdxDiCrossBracketOG,OG,NQ,NQ JUN26,LONG,1,25121.25,25157.50,720.64,716.28,143.3,WIN,TARGET_HIT,25081.50,795.00,2026-05-07 09:21:02
2026-04-06,2026-04-06 11:35:00,2026-04-06 11:45:00,OG,Backtest,AdxDiCrossBracketOG,OG_AdxDiCrossBracketOG,OG,NQ,NQ JUN26,SHORT,1,24280.00,24290.75,-219.36,-223.72,-44.7,LOSS,STOP_HIT,24325.50,910.00,2026-05-07 09:21:02
2026-02-03,2026-02-03 09:50:00,2026-02-03 09:50:00,OG,Backtest,AdxDiCrossBracketOG,OG_AdxDiCrossBracketOG,OG,NQ,NQ JUN26,SHORT,1,25960.00,25999.25,-789.36,-793.72,-158.7,LOSS,STOP_HIT,25998.00,760.00,2026-05-07 09:21:02
2026-01-09,2026-01-09 10:30:00,2026-01-09 10:30:00,OG,Backtest,AdxDiCrossBracketOG,OG_AdxDiCrossBracketOG,OG,NQ,NQ JUN26,LONG,1,26010.00,26057.25,940.64,936.28,187.3,WIN,TARGET_HIT,25959.75,1005.00,2026-05-07 09:21:02
2026-01-28,2026-01-28 10:55:00,2026-01-28 11:05:00,OG,Backtest,AdxDiCrossBracketOG,OG_AdxDiCrossBracketOG,OG,NQ,NQ JUN26,SHORT,1,26394.50,26393.50,15.64,11.28,2.3,WIN,STOP_HIT,26429.00,690.00,2026-05-07 09:21:02
2026-02-24,2026-02-24 10:15:00,2026-02-24 10:15:00,OG,Backtest,AdxDiCrossBracketOG,OG_AdxDiCrossBracketOG,OG,NQ,NQ JUN26,LONG,1,25110.00,25063.00,-944.36,-948.72,-189.7,LOSS,STOP_HIT,25064.25,915.00,2026-05-07 09:21:02
2026-01-28,2026-01-28 11:20:00,2026-01-28 11:25:00,OG,Backtest,AdxDiCrossBracketOG,OG_AdxDiCrossBracketOG,OG,NQ,NQ JUN26,LONG,1,26393.75,26378.25,-314.36,-318.72,-63.7,LOSS,STOP_HIT,26363.25,610.00,2026-05-07 09:21:02
2026-01-30,2026-01-30 11:00:00,2026-01-30 11:10:00,OG,Backtest,AdxDiCrossBracketOG,OG_AdxDiCrossBracketOG,OG,NQ,NQ JUN26,SHORT,1,26071.50,26048.25,460.64,456.28,91.3,WIN,STOP_HIT,26129.00,1150.00,2026-05-07 09:21:02
2026-01-09,2026-01-09 10:30:00,2026-01-09 10:30:00,OG,Backtest,AdxDiCrossBracketOG,OG_AdxDiCrossBracketOG,OG,NQ,NQ JUN26,LONG,1,26010.00,26057.25,940.64,936.28,187.3,WIN,TARGET_HIT,25959.75,1005.00,2026-05-07 09:21:02
2026-01-06,2026-01-06 11:00:00,2026-01-06 11:05:00,OG,Backtest,AdxDiCrossBracketOG,OG_AdxDiCrossBracketOG,OG,NQ,NQ JUN26,SHORT,1,25908.50,25880.75,550.64,546.28,109.3,WIN,TARGET_HIT,25938.25,595.00,2026-05-07 09:21:02
2026-01-06,2026-01-06 11:00:00,2026-01-06 11:05:00,OG,Backtest,AdxDiCrossBracketOG,OG_AdxDiCrossBracketOG,OG,NQ,NQ JUN26,SHORT,1,25908.50,25880.75,550.64,546.28,109.3,WIN,TARGET_HIT,25938.25,595.00,2026-05-07 09:21:02
2026-02-13,2026-02-13 10:35:00,2026-02-13 10:35:00,OG,Backtest,AdxDiCrossBracketOG,OG_AdxDiCrossBracketOG,OG,NQ,NQ JUN26,LONG,1,25058.75,25127.00,1360.64,1356.28,271.3,WIN,TARGET_HIT,24987.50,1425.00,2026-05-07 09:21:02
2026-03-06,2026-03-06 11:10:00,2026-03-06 11:15:00,OG,Backtest,AdxDiCrossBracketOG,OG_AdxDiCrossBracketOG,OG,NQ,NQ JUN26,LONG,1,25102.25,25058.25,-884.36,-888.72,-177.7,LOSS,STOP_HIT,25038.75,1270.00,2026-05-07 09:21:02
2026-03-13,2026-03-13 10:50:00,2026-03-13 10:50:00,OG,Backtest,AdxDiCrossBracketOG,OG_AdxDiCrossBracketOG,OG,NQ,NQ JUN26,SHORT,1,24804.25,24755.00,980.64,976.28,195.3,WIN,TARGET_HIT,24853.50,985.00,2026-05-07 09:21:02
2026-01-07,2026-01-07 10:10:00,2026-01-07 10:10:00,OG,Backtest,AdxDiCrossBracketOG,OG_AdxDiCrossBracketOG,OG,NQ,NQ JUN26,SHORT,1,26050.00,26073.50,-474.36,-478.72,-95.7,LOSS,STOP_HIT,26072.25,445.00,2026-05-07 09:21:02
2026-01-07,2026-01-07 10:10:00,2026-01-07 10:10:00,OG,Backtest,AdxDiCrossBracketOG,OG_AdxDiCrossBracketOG,OG,NQ,NQ JUN26,SHORT,1,26050.00,26073.50,-474.36,-478.72,-95.7,LOSS,STOP_HIT,26072.25,445.00,2026-05-07 09:21:02
2026-04-06,2026-04-06 11:35:00,2026-04-06 11:45:00,OG,Backtest,AdxDiCrossBracketOG,OG_AdxDiCrossBracketOG,OG,NQ,NQ JUN26,SHORT,1,24280.00,24290.75,-219.36,-223.72,-44.7,LOSS,STOP_HIT,24325.50,910.00,2026-05-07 09:21:02
2026-03-19,2026-03-19 11:15:00,2026-03-19 11:25:00,OG,Backtest,AdxDiCrossBracketOG,OG_AdxDiCrossBracketOG,OG,NQ,NQ JUN26,LONG,1,24531.00,24485.50,-914.36,-918.72,-183.7,LOSS,STOP_HIT,24473.00,1160.00,2026-05-07 09:21:02
2026-01-09,2026-01-09 10:10:00,2026-01-09 10:10:00,OG,Backtest,AdxDiCrossBracketOG,OG_AdxDiCrossBracketOG,OG,NQ,NQ JUN26,LONG,1,25922.50,25881.00,-834.36,-838.72,-167.7,LOSS,STOP_HIT,25882.25,805.00,2026-05-07 09:21:02
2026-01-09,2026-01-09 10:15:00,2026-01-09 10:15:00,OG,Backtest,AdxDiCrossBracketOG,OG_AdxDiCrossBracketOG,OG,NQ,NQ JUN26,SHORT,1,25849.75,25897.00,-949.36,-953.72,-190.7,LOSS,STOP_HIT,25895.75,920.00,2026-05-07 09:21:02
2026-01-09,2026-01-09 10:15:00,2026-01-09 10:15:00,OG,Backtest,AdxDiCrossBracketOG,OG_AdxDiCrossBracketOG,OG,NQ,NQ JUN26,SHORT,1,25849.75,25897.00,-949.36,-953.72,-190.7,LOSS,STOP_HIT,25895.75,920.00,2026-05-07 09:21:02
2026-01-07,2026-01-07 10:10:00,2026-01-07 10:10:00,OG,Backtest,AdxDiCrossBracketOG,OG_AdxDiCrossBracketOG,OG,NQ,NQ JUN26,SHORT,1,26050.00,26073.50,-474.36,-478.72,-95.7,LOSS,STOP_HIT,26072.25,445.00,2026-05-07 09:21:02
2026-03-24,2026-03-24 11:00:00,2026-03-24 11:00:00,OG,Backtest,AdxDiCrossBracketOG,OG_AdxDiCrossBracketOG,OG,NQ,NQ JUN26,LONG,1,24282.25,24217.00,-1309.36,-1313.72,-262.7,LOSS,STOP_HIT,24218.25,1280.00,2026-05-07 09:21:02
2026-01-09,2026-01-09 10:30:00,2026-01-09 10:30:00,OG,Backtest,AdxDiCrossBracketOG,OG_AdxDiCrossBracketOG,OG,NQ,NQ JUN26,LONG,1,26010.00,26057.25,940.64,936.28,187.3,WIN,TARGET_HIT,25959.75,1005.00,2026-05-07 09:21:02
2026-01-07,2026-01-07 09:50:00,2026-01-07 09:50:00,OG,Backtest,AdxDiCrossBracketOG,OG_AdxDiCrossBracketOG,OG,NQ,NQ JUN26,LONG,1,26064.50,26079.75,300.64,296.28,59.3,WIN,TARGET_HIT,26047.25,345.00,2026-05-07 09:21:02
2026-01-20,2026-01-20 10:50:00,2026-01-20 10:55:00,OG,Backtest,AdxDiCrossBracketOG,OG_AdxDiCrossBracketOG,OG,NQ,NQ JUN26,LONG,1,25598.75,25558.75,-804.36,-808.72,-161.7,LOSS,STOP_HIT,25550.75,960.00,2026-05-07 09:21:02
2026-02-24,2026-02-24 10:10:00,2026-02-24 10:10:00,OG,Backtest,AdxDiCrossBracketOG,OG_AdxDiCrossBracketOG,OG,NQ,NQ JUN26,SHORT,1,25048.00,25093.50,-914.36,-918.72,-183.7,LOSS,STOP_HIT,25092.25,885.00,2026-05-07 09:21:02
2026-03-27,2026-03-27 11:40:00,2026-03-27 11:45:00,OG,Backtest,AdxDiCrossBracketOG,OG_AdxDiCrossBracketOG,OG,NQ,NQ JUN26,LONG,1,23597.75,23540.25,-1154.36,-1158.72,-231.7,LOSS,STOP_HIT,23541.50,1125.00,2026-05-07 09:21:02
2026-01-13,2026-01-13 10:10:00,2026-01-13 10:15:00,OG,Backtest,AdxDiCrossBracketOG,OG_AdxDiCrossBracketOG,OG,NQ,NQ JUN26,SHORT,1,26137.25,26108.00,580.64,576.28,115.3,WIN,TARGET_HIT,26168.00,615.00,2026-05-07 09:21:02
2026-01-16,2026-01-16 11:30:00,2026-01-16 11:35:00,OG,Backtest,AdxDiCrossBracketOG,OG_AdxDiCrossBracketOG,OG,NQ,NQ JUN26,LONG,1,25912.25,25924.50,240.64,236.28,47.3,WIN,STOP_HIT,25874.75,750.00,2026-05-07 09:21:02
2026-03-12,2026-03-12 11:50:00,2026-03-12 11:50:00,OG,Backtest,AdxDiCrossBracketOG,OG_AdxDiCrossBracketOG,OG,NQ,NQ JUN26,LONG,1,24898.75,24843.25,-1114.36,-1118.72,-223.7,LOSS,STOP_HIT,24844.50,1085.00,2026-05-07 09:21:02
2026-01-13,2026-01-13 10:10:00,2026-01-13 10:15:00,OG,Backtest,AdxDiCrossBracketOG,OG_AdxDiCrossBracketOG,OG,NQ,NQ JUN26,SHORT,1,26137.25,26108.00,580.64,576.28,115.3,WIN,TARGET_HIT,26168.00,615.00,2026-05-07 09:21:02
2026-01-20,2026-01-20 11:10:00,2026-01-20 11:15:00,OG,Backtest,AdxDiCrossBracketOG,OG_AdxDiCrossBracketOG,OG,NQ,NQ JUN26,LONG,1,25588.25,25600.25,235.64,231.28,46.3,WIN,STOP_HIT,25540.75,950.00,2026-05-07 09:21:02
2026-01-20,2026-01-20 10:50:00,2026-01-20 10:55:00,OG,Backtest,AdxDiCrossBracketOG,OG_AdxDiCrossBracketOG,OG,NQ,NQ JUN26,LONG,1,25598.75,25558.75,-804.36,-808.72,-161.7,LOSS,STOP_HIT,25550.75,960.00,2026-05-07 09:21:03
2026-01-20,2026-01-20 11:10:00,2026-01-20 11:15:00,OG,Backtest,AdxDiCrossBracketOG,OG_AdxDiCrossBracketOG,OG,NQ,NQ JUN26,LONG,1,25588.25,25600.25,235.64,231.28,46.3,WIN,STOP_HIT,25540.75,950.00,2026-05-07 09:21:03
2026-03-03,2026-03-03 11:40:00,2026-03-03 11:50:00,OG,Backtest,AdxDiCrossBracketOG,OG_AdxDiCrossBracketOG,OG,NQ,NQ JUN26,SHORT,1,24816.50,24865.00,-974.36,-978.72,-195.7,LOSS,STOP_HIT,24882.75,1325.00,2026-05-07 09:21:03
2026-02-10,2026-02-10 09:45:00,2026-02-10 09:45:00,OG,Backtest,AdxDiCrossBracketOG,OG_AdxDiCrossBracketOG,OG,NQ,NQ JUN26,SHORT,1,25534.50,25512.25,440.64,436.28,87.3,WIN,TARGET_HIT,25559.75,505.00,2026-05-07 09:21:03
2026-04-07,2026-04-07 11:40:00,2026-04-07 12:00:00,OG,Backtest,AdxDiCrossBracketOG,OG_AdxDiCrossBracketOG,OG,NQ,NQ JUN26,LONG,1,24072.25,24117.50,900.64,896.28,179.3,WIN,TARGET_HIT,24025.00,945.00,2026-05-07 09:21:03
2026-01-21,2026-01-21 11:45:00,2026-01-21 11:45:00,OG,Backtest,AdxDiCrossBracketOG,OG_AdxDiCrossBracketOG,OG,NQ,NQ JUN26,SHORT,1,25543.00,25505.75,740.64,736.28,147.3,WIN,TARGET_HIT,25582.25,785.00,2026-05-07 09:21:03
2026-01-28,2026-01-28 11:20:00,2026-01-28 11:25:00,OG,Backtest,AdxDiCrossBracketOG,OG_AdxDiCrossBracketOG,OG,NQ,NQ JUN26,LONG,1,26393.75,26378.25,-314.36,-318.72,-63.7,LOSS,STOP_HIT,26363.25,610.00,2026-05-07 09:21:03
2026-01-23,2026-01-23 10:10:00,2026-01-23 10:15:00,OG,Backtest,AdxDiCrossBracketOG,OG_AdxDiCrossBracketOG,OG,NQ,NQ JUN26,LONG,1,25921.75,25885.00,-739.36,-743.72,-148.7,LOSS,STOP_HIT,25885.50,725.00,2026-05-07 09:21:03
2026-01-07,2026-01-07 10:10:00,2026-01-07 10:10:00,OG,Backtest,AdxDiCrossBracketOG,OG_AdxDiCrossBracketOG,OG,NQ,NQ JUN26,SHORT,1,26050.00,26073.50,-474.36,-478.72,-95.7,LOSS,STOP_HIT,26072.25,445.00,2026-05-07 09:21:03
2026-01-28,2026-01-28 11:20:00,2026-01-28 11:25:00,OG,Backtest,AdxDiCrossBracketOG,OG_AdxDiCrossBracketOG,OG,NQ,NQ JUN26,LONG,1,26393.75,26378.25,-314.36,-318.72,-63.7,LOSS,STOP_HIT,26363.25,610.00,2026-05-07 09:21:03
2026-01-20,2026-01-20 11:10:00,2026-01-20 11:15:00,OG,Backtest,AdxDiCrossBracketOG,OG_AdxDiCrossBracketOG,OG,NQ,NQ JUN26,LONG,1,25588.25,25600.25,235.64,231.28,46.3,WIN,STOP_HIT,25540.75,950.00,2026-05-07 09:21:03
2026-03-20,2026-03-20 11:30:00,2026-03-20 12:05:00,OG,Backtest,AdxDiCrossBracketOG,OG_AdxDiCrossBracketOG,OG,NQ,NQ JUN26,LONG,1,24275.00,24327.75,1050.64,1046.28,209.3,WIN,TARGET_HIT,24219.75,1105.00,2026-05-07 09:21:03
2026-01-28,2026-01-28 11:20:00,2026-01-28 11:25:00,OG,Backtest,AdxDiCrossBracketOG,OG_AdxDiCrossBracketOG,OG,NQ,NQ JUN26,LONG,1,26393.75,26378.25,-314.36,-318.72,-63.7,LOSS,STOP_HIT,26363.25,610.00,2026-05-07 09:21:03
2026-03-12,2026-03-12 11:50:00,2026-03-12 11:50:00,OG,Backtest,AdxDiCrossBracketOG,OG_AdxDiCrossBracketOG,OG,NQ,NQ JUN26,LONG,1,24898.75,24843.25,-1114.36,-1118.72,-223.7,LOSS,STOP_HIT,24844.50,1085.00,2026-05-07 09:21:03
2026-01-30,2026-01-30 11:00:00,2026-01-30 11:10:00,OG,Backtest,AdxDiCrossBracketOG,OG_AdxDiCrossBracketOG,OG,NQ,NQ JUN26,SHORT,1,26071.50,26048.25,460.64,456.28,91.3,WIN,STOP_HIT,26129.00,1150.00,2026-05-07 09:21:03
2026-03-13,2026-03-13 10:50:00,2026-03-13 10:50:00,OG,Backtest,AdxDiCrossBracketOG,OG_AdxDiCrossBracketOG,OG,NQ,NQ JUN26,SHORT,1,24804.25,24755.00,980.64,976.28,195.3,WIN,TARGET_HIT,24853.50,985.00,2026-05-07 09:21:03
2026-02-13,2026-02-13 10:35:00,2026-02-13 10:35:00,OG,Backtest,AdxDiCrossBracketOG,OG_AdxDiCrossBracketOG,OG,NQ,NQ JUN26,LONG,1,25058.75,25127.00,1360.64,1356.28,271.3,WIN,TARGET_HIT,24987.50,1425.00,2026-05-07 09:21:03
2026-02-10,2026-02-10 09:45:00,2026-02-10 09:45:00,OG,Backtest,AdxDiCrossBracketOG,OG_AdxDiCrossBracketOG,OG,NQ,NQ JUN26,SHORT,1,25534.50,25512.25,440.64,436.28,87.3,WIN,TARGET_HIT,25559.75,505.00,2026-05-07 09:21:03
2026-02-10,2026-02-10 09:45:00,2026-02-10 09:45:00,OG,Backtest,AdxDiCrossBracketOG,OG_AdxDiCrossBracketOG,OG,NQ,NQ JUN26,SHORT,1,25534.50,25512.25,440.64,436.28,87.3,WIN,TARGET_HIT,25559.75,505.00,2026-05-07 09:21:03
2026-01-21,2026-01-21 11:45:00,2026-01-21 11:45:00,OG,Backtest,AdxDiCrossBracketOG,OG_AdxDiCrossBracketOG,OG,NQ,NQ JUN26,SHORT,1,25543.00,25505.75,740.64,736.28,147.3,WIN,TARGET_HIT,25582.25,785.00,2026-05-07 09:21:03
2026-04-07,2026-04-07 11:40:00,2026-04-07 12:00:00,OG,Backtest,AdxDiCrossBracketOG,OG_AdxDiCrossBracketOG,OG,NQ,NQ JUN26,LONG,1,24072.25,24117.50,900.64,896.28,179.3,WIN,TARGET_HIT,24025.00,945.00,2026-05-07 09:21:03
2026-03-25,2026-03-25 11:20:00,2026-03-25 11:20:00,OG,Backtest,AdxDiCrossBracketOG,OG_AdxDiCrossBracketOG,OG,NQ,NQ JUN26,SHORT,1,24385.25,24336.50,970.64,966.28,193.3,WIN,TARGET_HIT,24438.00,1055.00,2026-05-07 09:21:03
2026-01-13,2026-01-13 10:10:00,2026-01-13 10:15:00,OG,Backtest,AdxDiCrossBracketOG,OG_AdxDiCrossBracketOG,OG,NQ,NQ JUN26,SHORT,1,26137.25,26108.00,580.64,576.28,115.3,WIN,TARGET_HIT,26168.00,615.00,2026-05-07 09:21:03
2026-02-11,2026-02-11 10:20:00,2026-02-11 10:20:00,OG,Backtest,AdxDiCrossBracketOG,OG_AdxDiCrossBracketOG,OG,NQ,NQ JUN26,SHORT,1,25395.25,25345.50,990.64,986.28,197.3,WIN,TARGET_HIT,25448.50,1065.00,2026-05-07 09:21:03
2026-02-13,2026-02-13 10:35:00,2026-02-13 10:35:00,OG,Backtest,AdxDiCrossBracketOG,OG_AdxDiCrossBracketOG,OG,NQ,NQ JUN26,LONG,1,25058.75,25127.00,1360.64,1356.28,271.3,WIN,TARGET_HIT,24987.50,1425.00,2026-05-07 09:21:03
2026-04-02,2026-04-02 10:45:00,2026-04-02 10:45:00,OG,Backtest,AdxDiCrossBracketOG,OG_AdxDiCrossBracketOG,OG,NQ,NQ JUN26,LONG,1,24211.00,24133.25,-1559.36,-1563.72,-312.7,LOSS,STOP_HIT,24134.50,1530.00,2026-05-07 09:21:03
2026-02-11,2026-02-11 11:05:00,2026-02-11 11:10:00,OG,Backtest,AdxDiCrossBracketOG,OG_AdxDiCrossBracketOG,OG,NQ,NQ JUN26,LONG,1,25454.25,25417.50,-739.36,-743.72,-148.7,LOSS,STOP_HIT,25393.00,1225.00,2026-05-07 09:21:03
2026-04-06,2026-04-06 10:55:00,2026-04-06 11:00:00,OG,Backtest,AdxDiCrossBracketOG,OG_AdxDiCrossBracketOG,OG,NQ,NQ JUN26,SHORT,1,24269.25,24322.25,-1064.36,-1068.72,-213.7,LOSS,STOP_HIT,24321.00,1035.00,2026-05-07 09:21:03
2026-01-09,2026-01-09 09:45:00,2026-01-09 09:50:00,OG,Backtest,AdxDiCrossBracketOG,OG_AdxDiCrossBracketOG,OG,NQ,NQ JUN26,LONG,1,25965.75,25936.75,-584.36,-588.72,-117.7,LOSS,STOP_HIT,25938.00,555.00,2026-05-07 09:21:03
2026-02-11,2026-02-11 11:05:00,2026-02-11 11:10:00,OG,Backtest,AdxDiCrossBracketOG,OG_AdxDiCrossBracketOG,OG,NQ,NQ JUN26,LONG,1,25454.25,25417.50,-739.36,-743.72,-148.7,LOSS,STOP_HIT,25393.00,1225.00,2026-05-07 09:21:03
2026-01-06,2026-01-06 11:00:00,2026-01-06 11:05:00,OG,Backtest,AdxDiCrossBracketOG,OG_AdxDiCrossBracketOG,OG,NQ,NQ JUN26,SHORT,1,25908.50,25880.75,550.64,546.28,109.3,WIN,TARGET_HIT,25938.25,595.00,2026-05-07 09:21:03
2026-02-24,2026-02-24 10:15:00,2026-02-24 10:15:00,OG,Backtest,AdxDiCrossBracketOG,OG_AdxDiCrossBracketOG,OG,NQ,NQ JUN26,LONG,1,25110.00,25063.00,-944.36,-948.72,-189.7,LOSS,STOP_HIT,25064.25,915.00,2026-05-07 09:21:03
2026-02-24,2026-02-24 10:10:00,2026-02-24 10:10:00,OG,Backtest,AdxDiCrossBracketOG,OG_AdxDiCrossBracketOG,OG,NQ,NQ JUN26,SHORT,1,25048.00,25093.50,-914.36,-918.72,-183.7,LOSS,STOP_HIT,25092.25,885.00,2026-05-07 09:21:03
2026-02-24,2026-02-24 10:15:00,2026-02-24 10:15:00,OG,Backtest,AdxDiCrossBracketOG,OG_AdxDiCrossBracketOG,OG,NQ,NQ JUN26,LONG,1,25110.00,25063.00,-944.36,-948.72,-189.7,LOSS,STOP_HIT,25064.25,915.00,2026-05-07 09:21:03
2026-03-03,2026-03-03 11:40:00,2026-03-03 11:50:00,OG,Backtest,AdxDiCrossBracketOG,OG_AdxDiCrossBracketOG,OG,NQ,NQ JUN26,SHORT,1,24816.50,24865.00,-974.36,-978.72,-195.7,LOSS,STOP_HIT,24882.75,1325.00,2026-05-07 09:21:03
2026-01-09,2026-01-09 10:30:00,2026-01-09 10:30:00,OG,Backtest,AdxDiCrossBracketOG,OG_AdxDiCrossBracketOG,OG,NQ,NQ JUN26,LONG,1,26010.00,26057.25,940.64,936.28,187.3,WIN,TARGET_HIT,25959.75,1005.00,2026-05-07 09:21:03
2026-01-20,2026-01-20 11:10:00,2026-01-20 11:15:00,OG,Backtest,AdxDiCrossBracketOG,OG_AdxDiCrossBracketOG,OG,NQ,NQ JUN26,LONG,1,25588.25,25600.25,235.64,231.28,46.3,WIN,STOP_HIT,25540.75,950.00,2026-05-07 09:21:03
2026-01-09,2026-01-09 09:55:00,2026-01-09 09:55:00,OG,Backtest,AdxDiCrossBracketOG,OG_AdxDiCrossBracketOG,OG,NQ,NQ JUN26,SHORT,1,25912.50,25949.00,-734.36,-738.72,-147.7,LOSS,STOP_HIT,25947.75,705.00,2026-05-07 09:21:03
2026-01-09,2026-01-09 09:55:00,2026-01-09 09:55:00,OG,Backtest,AdxDiCrossBracketOG,OG_AdxDiCrossBracketOG,OG,NQ,NQ JUN26,SHORT,1,25912.50,25949.00,-734.36,-738.72,-147.7,LOSS,STOP_HIT,25947.75,705.00,2026-05-07 09:21:03
2026-02-13,2026-02-13 10:35:00,2026-02-13 10:35:00,OG,Backtest,AdxDiCrossBracketOG,OG_AdxDiCrossBracketOG,OG,NQ,NQ JUN26,LONG,1,25058.75,25127.00,1360.64,1356.28,271.3,WIN,TARGET_HIT,24987.50,1425.00,2026-05-07 09:21:03
2026-03-03,2026-03-03 11:40:00,2026-03-03 11:50:00,OG,Backtest,AdxDiCrossBracketOG,OG_AdxDiCrossBracketOG,OG,NQ,NQ JUN26,SHORT,1,24816.50,24865.00,-974.36,-978.72,-195.7,LOSS,STOP_HIT,24882.75,1325.00,2026-05-07 09:21:03
2026-03-06,2026-03-06 11:10:00,2026-03-06 11:15:00,OG,Backtest,AdxDiCrossBracketOG,OG_AdxDiCrossBracketOG,OG,NQ,NQ JUN26,LONG,1,25102.25,25058.25,-884.36,-888.72,-177.7,LOSS,STOP_HIT,25038.75,1270.00,2026-05-07 09:21:03
2026-01-07,2026-01-07 09:50:00,2026-01-07 09:50:00,OG,Backtest,AdxDiCrossBracketOG,OG_AdxDiCrossBracketOG,OG,NQ,NQ JUN26,LONG,1,26064.50,26079.75,300.64,296.28,59.3,WIN,TARGET_HIT,26047.25,345.00,2026-05-07 09:21:03
2026-03-09,2026-03-09 10:45:00,2026-03-09 10:50:00,OG,Backtest,AdxDiCrossBracketOG,OG_AdxDiCrossBracketOG,OG,NQ,NQ JUN26,LONG,1,24692.75,24762.25,1385.64,1381.28,276.3,WIN,TARGET_HIT,24622.25,1410.00,2026-05-07 09:21:03
2026-03-09,2026-03-09 10:45:00,2026-03-09 10:50:00,OG,Backtest,AdxDiCrossBracketOG,OG_AdxDiCrossBracketOG,OG,NQ,NQ JUN26,LONG,1,24692.75,24762.25,1385.64,1381.28,276.3,WIN,TARGET_HIT,24622.25,1410.00,2026-05-07 09:21:03
2026-03-03,2026-03-03 11:40:00,2026-03-03 11:50:00,OG,Backtest,AdxDiCrossBracketOG,OG_AdxDiCrossBracketOG,OG,NQ,NQ JUN26,SHORT,1,24816.50,24865.00,-974.36,-978.72,-195.7,LOSS,STOP_HIT,24882.75,1325.00,2026-05-07 09:21:03
2026-01-16,2026-01-16 11:30:00,2026-01-16 11:35:00,OG,Backtest,AdxDiCrossBracketOG,OG_AdxDiCrossBracketOG,OG,NQ,NQ JUN26,LONG,1,25912.25,25924.50,240.64,236.28,47.3,WIN,STOP_HIT,25874.75,750.00,2026-05-07 09:21:03
2026-03-06,2026-03-06 11:10:00,2026-03-06 11:15:00,OG,Backtest,AdxDiCrossBracketOG,OG_AdxDiCrossBracketOG,OG,NQ,NQ JUN26,LONG,1,25102.25,25058.25,-884.36,-888.72,-177.7,LOSS,STOP_HIT,25038.75,1270.00,2026-05-07 09:21:03
2026-03-09,2026-03-09 10:45:00,2026-03-09 10:50:00,OG,Backtest,AdxDiCrossBracketOG,OG_AdxDiCrossBracketOG,OG,NQ,NQ JUN26,LONG,1,24692.75,24762.25,1385.64,1381.28,276.3,WIN,TARGET_HIT,24622.25,1410.00,2026-05-07 09:21:03
2026-03-13,2026-03-13 10:50:00,2026-03-13 10:50:00,OG,Backtest,AdxDiCrossBracketOG,OG_AdxDiCrossBracketOG,OG,NQ,NQ JUN26,SHORT,1,24804.25,24755.00,980.64,976.28,195.3,WIN,TARGET_HIT,24853.50,985.00,2026-05-07 09:21:03
2026-01-20,2026-01-20 10:50:00,2026-01-20 10:55:00,OG,Backtest,AdxDiCrossBracketOG,OG_AdxDiCrossBracketOG,OG,NQ,NQ JUN26,LONG,1,25598.75,25558.75,-804.36,-808.72,-161.7,LOSS,STOP_HIT,25550.75,960.00,2026-05-07 09:21:03
2026-03-27,2026-03-27 11:40:00,2026-03-27 11:45:00,OG,Backtest,AdxDiCrossBracketOG,OG_AdxDiCrossBracketOG,OG,NQ,NQ JUN26,LONG,1,23597.75,23540.25,-1154.36,-1158.72,-231.7,LOSS,STOP_HIT,23541.50,1125.00,2026-05-07 09:21:03
2026-01-21,2026-01-21 11:45:00,2026-01-21 11:45:00,OG,Backtest,AdxDiCrossBracketOG,OG_AdxDiCrossBracketOG,OG,NQ,NQ JUN26,SHORT,1,25543.00,25505.75,740.64,736.28,147.3,WIN,TARGET_HIT,25582.25,785.00,2026-05-07 09:21:03
2026-03-24,2026-03-24 11:00:00,2026-03-24 11:00:00,OG,Backtest,AdxDiCrossBracketOG,OG_AdxDiCrossBracketOG,OG,NQ,NQ JUN26,LONG,1,24282.25,24217.00,-1309.36,-1313.72,-262.7,LOSS,STOP_HIT,24218.25,1280.00,2026-05-07 09:21:03
2026-03-17,2026-03-17 11:15:00,2026-03-17 11:20:00,OG,Backtest,AdxDiCrossBracketOG,OG_AdxDiCrossBracketOG,OG,NQ,NQ JUN26,SHORT,1,25019.75,25057.00,-749.36,-753.72,-150.7,LOSS,STOP_HIT,25056.25,730.00,2026-05-07 09:21:03
2026-03-25,2026-03-25 11:20:00,2026-03-25 11:20:00,OG,Backtest,AdxDiCrossBracketOG,OG_AdxDiCrossBracketOG,OG,NQ,NQ JUN26,SHORT,1,24385.25,24336.50,970.64,966.28,193.3,WIN,TARGET_HIT,24438.00,1055.00,2026-05-07 09:21:03
2026-03-25,2026-03-25 11:20:00,2026-03-25 11:20:00,OG,Backtest,AdxDiCrossBracketOG,OG_AdxDiCrossBracketOG,OG,NQ,NQ JUN26,SHORT,1,24385.25,24336.50,970.64,966.28,193.3,WIN,TARGET_HIT,24438.00,1055.00,2026-05-07 09:21:03
2026-03-25,2026-03-25 11:20:00,2026-03-25 11:20:00,OG,Backtest,AdxDiCrossBracketOG,OG_AdxDiCrossBracketOG,OG,NQ,NQ JUN26,SHORT,1,24385.25,24336.50,970.64,966.28,193.3,WIN,TARGET_HIT,24438.00,1055.00,2026-05-07 09:21:03
2026-01-16,2026-01-16 11:30:00,2026-01-16 11:35:00,OG,Backtest,AdxDiCrossBracketOG,OG_AdxDiCrossBracketOG,OG,NQ,NQ JUN26,LONG,1,25912.25,25924.50,240.64,236.28,47.3,WIN,STOP_HIT,25874.75,750.00,2026-05-07 09:21:03
2026-03-27,2026-03-27 11:40:00,2026-03-27 11:45:00,OG,Backtest,AdxDiCrossBracketOG,OG_AdxDiCrossBracketOG,OG,NQ,NQ JUN26,LONG,1,23597.75,23540.25,-1154.36,-1158.72,-231.7,LOSS,STOP_HIT,23541.50,1125.00,2026-05-07 09:21:03
2026-03-13,2026-03-13 10:50:00,2026-03-13 10:50:00,OG,Backtest,AdxDiCrossBracketOG,OG_AdxDiCrossBracketOG,OG,NQ,NQ JUN26,SHORT,1,24804.25,24755.00,980.64,976.28,195.3,WIN,TARGET_HIT,24853.50,985.00,2026-05-07 09:21:03
2026-04-06,2026-04-06 10:55:00,2026-04-06 11:00:00,OG,Backtest,AdxDiCrossBracketOG,OG_AdxDiCrossBracketOG,OG,NQ,NQ JUN26,SHORT,1,24269.25,24322.25,-1064.36,-1068.72,-213.7,LOSS,STOP_HIT,24321.00,1035.00,2026-05-07 09:21:03
2026-01-07,2026-01-07 09:50:00,2026-01-07 09:50:00,OG,Backtest,AdxDiCrossBracketOG,OG_AdxDiCrossBracketOG,OG,NQ,NQ JUN26,LONG,1,26064.50,26079.75,300.64,296.28,59.3,WIN,TARGET_HIT,26047.25,345.00,2026-05-07 09:21:03
2026-01-30,2026-01-30 10:55:00,2026-01-30 10:55:00,OG,Backtest,AdxDiCrossBracketOG,OG_AdxDiCrossBracketOG,OG,NQ,NQ JUN26,LONG,1,26118.00,26058.75,-1189.36,-1193.72,-238.7,LOSS,STOP_HIT,26060.00,1160.00,2026-05-07 09:21:03
2026-04-10,2026-04-10 11:45:00,2026-04-10 12:00:00,OG,Backtest,AdxDiCrossBracketOG,OG_AdxDiCrossBracketOG,OG,NQ,NQ JUN26,SHORT,1,25300.75,25269.75,615.64,611.28,122.3,WIN,TARGET_HIT,25334.25,670.00,2026-05-07 09:21:03
2026-04-06,2026-04-06 11:35:00,2026-04-06 11:45:00,OG,Backtest,AdxDiCrossBracketOG,OG_AdxDiCrossBracketOG,OG,NQ,NQ JUN26,SHORT,1,24280.00,24290.75,-219.36,-223.72,-44.7,LOSS,STOP_HIT,24325.50,910.00,2026-05-07 09:21:03
2026-02-24,2026-02-24 10:15:00,2026-02-24 10:15:00,OG,Backtest,AdxDiCrossBracketOG,OG_AdxDiCrossBracketOG,OG,NQ,NQ JUN26,LONG,1,25110.00,25063.00,-944.36,-948.72,-189.7,LOSS,STOP_HIT,25064.25,915.00,2026-05-07 09:21:03
2026-02-11,2026-02-11 10:20:00,2026-02-11 10:20:00,OG,Backtest,AdxDiCrossBracketOG,OG_AdxDiCrossBracketOG,OG,NQ,NQ JUN26,SHORT,1,25395.25,25345.50,990.64,986.28,197.3,WIN,TARGET_HIT,25448.50,1065.00,2026-05-07 09:21:03
2026-02-11,2026-02-11 10:20:00,2026-02-11 10:20:00,OG,Backtest,AdxDiCrossBracketOG,OG_AdxDiCrossBracketOG,OG,NQ,NQ JUN26,SHORT,1,25395.25,25345.50,990.64,986.28,197.3,WIN,TARGET_HIT,25448.50,1065.00,2026-05-07 09:21:03
2026-04-06,2026-04-06 11:05:00,2026-04-06 11:25:00,OG,Backtest,AdxDiCrossBracketOG,OG_AdxDiCrossBracketOG,OG,NQ,NQ JUN26,LONG,1,24307.50,24293.75,-279.36,-283.72,-56.7,LOSS,STOP_HIT,24255.50,1040.00,2026-05-07 09:21:03
2026-01-09,2026-01-09 10:15:00,2026-01-09 10:15:00,OG,Backtest,AdxDiCrossBracketOG,OG_AdxDiCrossBracketOG,OG,NQ,NQ JUN26,SHORT,1,25849.75,25897.00,-949.36,-953.72,-190.7,LOSS,STOP_HIT,25895.75,920.00,2026-05-07 09:21:03
2026-01-09,2026-01-09 09:55:00,2026-01-09 09:55:00,OG,Backtest,AdxDiCrossBracketOG,OG_AdxDiCrossBracketOG,OG,NQ,NQ JUN26,SHORT,1,25912.50,25949.00,-734.36,-738.72,-147.7,LOSS,STOP_HIT,25947.75,705.00,2026-05-07 09:21:03
2026-03-03,2026-03-03 11:40:00,2026-03-03 11:50:00,OG,Backtest,AdxDiCrossBracketOG,OG_AdxDiCrossBracketOG,OG,NQ,NQ JUN26,SHORT,1,24816.50,24865.00,-974.36,-978.72,-195.7,LOSS,STOP_HIT,24882.75,1325.00,2026-05-07 09:21:03
2026-01-09,2026-01-09 09:45:00,2026-01-09 09:50:00,OG,Backtest,AdxDiCrossBracketOG,OG_AdxDiCrossBracketOG,OG,NQ,NQ JUN26,LONG,1,25965.75,25936.75,-584.36,-588.72,-117.7,LOSS,STOP_HIT,25938.00,555.00,2026-05-07 09:21:03
2026-03-19,2026-03-19 11:15:00,2026-03-19 11:25:00,OG,Backtest,AdxDiCrossBracketOG,OG_AdxDiCrossBracketOG,OG,NQ,NQ JUN26,LONG,1,24531.00,24485.50,-914.36,-918.72,-183.7,LOSS,STOP_HIT,24473.00,1160.00,2026-05-07 09:21:03
2026-01-09,2026-01-09 10:15:00,2026-01-09 10:15:00,OG,Backtest,AdxDiCrossBracketOG,OG_AdxDiCrossBracketOG,OG,NQ,NQ JUN26,SHORT,1,25849.75,25897.00,-949.36,-953.72,-190.7,LOSS,STOP_HIT,25895.75,920.00,2026-05-07 09:21:03
2026-01-13,2026-01-13 10:10:00,2026-01-13 10:15:00,OG,Backtest,AdxDiCrossBracketOG,OG_AdxDiCrossBracketOG,OG,NQ,NQ JUN26,SHORT,1,26137.25,26108.00,580.64,576.28,115.3,WIN,TARGET_HIT,26168.00,615.00,2026-05-07 09:21:03
2026-02-10,2026-02-10 09:45:00,2026-02-10 09:45:00,OG,Backtest,AdxDiCrossBracketOG,OG_AdxDiCrossBracketOG,OG,NQ,NQ JUN26,SHORT,1,25534.50,25512.25,440.64,436.28,87.3,WIN,TARGET_HIT,25559.75,505.00,2026-05-07 09:21:03
2026-01-28,2026-01-28 10:55:00,2026-01-28 11:05:00,OG,Backtest,AdxDiCrossBracketOG,OG_AdxDiCrossBracketOG,OG,NQ,NQ JUN26,SHORT,1,26394.50,26393.50,15.64,11.28,2.3,WIN,STOP_HIT,26429.00,690.00,2026-05-07 09:21:03
2026-02-24,2026-02-24 10:10:00,2026-02-24 10:10:00,OG,Backtest,AdxDiCrossBracketOG,OG_AdxDiCrossBracketOG,OG,NQ,NQ JUN26,SHORT,1,25048.00,25093.50,-914.36,-918.72,-183.7,LOSS,STOP_HIT,25092.25,885.00,2026-05-07 09:21:03
2026-01-09,2026-01-09 10:30:00,2026-01-09 10:30:00,OG,Backtest,AdxDiCrossBracketOG,OG_AdxDiCrossBracketOG,OG,NQ,NQ JUN26,LONG,1,26010.00,26057.25,940.64,936.28,187.3,WIN,TARGET_HIT,25959.75,1005.00,2026-05-07 09:21:03
2026-01-20,2026-01-20 11:10:00,2026-01-20 11:15:00,OG,Backtest,AdxDiCrossBracketOG,OG_AdxDiCrossBracketOG,OG,NQ,NQ JUN26,LONG,1,25588.25,25600.25,235.64,231.28,46.3,WIN,STOP_HIT,25540.75,950.00,2026-05-07 09:21:03
2026-01-20,2026-01-20 11:10:00,2026-01-20 11:15:00,OG,Backtest,AdxDiCrossBracketOG,OG_AdxDiCrossBracketOG,OG,NQ,NQ JUN26,LONG,1,25588.25,25600.25,235.64,231.28,46.3,WIN,STOP_HIT,25540.75,950.00,2026-05-07 09:21:03
2026-04-02,2026-04-02 10:45:00,2026-04-02 10:45:00,OG,Backtest,AdxDiCrossBracketOG,OG_AdxDiCrossBracketOG,OG,NQ,NQ JUN26,LONG,1,24211.00,24133.25,-1559.36,-1563.72,-312.7,LOSS,STOP_HIT,24134.50,1530.00,2026-05-07 09:21:03
2026-02-05,2026-02-05 11:40:00,2026-02-05 11:50:00,OG,Backtest,AdxDiCrossBracketOG,OG_AdxDiCrossBracketOG,OG,NQ,NQ JUN26,LONG,1,25026.25,24991.50,-699.36,-703.72,-140.7,LOSS,STOP_HIT,24938.00,1765.00,2026-05-07 09:21:03
2026-02-03,2026-02-03 09:50:00,2026-02-03 09:50:00,OG,Backtest,AdxDiCrossBracketOG,OG_AdxDiCrossBracketOG,OG,NQ,NQ JUN26,SHORT,1,25960.00,25999.25,-789.36,-793.72,-158.7,LOSS,STOP_HIT,25998.00,760.00,2026-05-07 09:21:03
2026-04-06,2026-04-06 11:05:00,2026-04-06 11:25:00,OG,Backtest,AdxDiCrossBracketOG,OG_AdxDiCrossBracketOG,OG,NQ,NQ JUN26,LONG,1,24307.50,24293.75,-279.36,-283.72,-56.7,LOSS,STOP_HIT,24255.50,1040.00,2026-05-07 09:21:03
2026-03-13,2026-03-13 10:50:00,2026-03-13 10:50:00,OG,Backtest,AdxDiCrossBracketOG,OG_AdxDiCrossBracketOG,OG,NQ,NQ JUN26,SHORT,1,24804.25,24755.00,980.64,976.28,195.3,WIN,TARGET_HIT,24853.50,985.00,2026-05-07 09:21:03
2026-01-07,2026-01-07 09:50:00,2026-01-07 09:50:00,OG,Backtest,AdxDiCrossBracketOG,OG_AdxDiCrossBracketOG,OG,NQ,NQ JUN26,LONG,1,26064.50,26079.75,300.64,296.28,59.3,WIN,TARGET_HIT,26047.25,345.00,2026-05-07 09:21:03
2026-03-27,2026-03-27 11:40:00,2026-03-27 11:45:00,OG,Backtest,AdxDiCrossBracketOG,OG_AdxDiCrossBracketOG,OG,NQ,NQ JUN26,LONG,1,23597.75,23540.25,-1154.36,-1158.72,-231.7,LOSS,STOP_HIT,23541.50,1125.00,2026-05-07 09:21:03
2026-01-09,2026-01-09 09:45:00,2026-01-09 09:50:00,OG,Backtest,AdxDiCrossBracketOG,OG_AdxDiCrossBracketOG,OG,NQ,NQ JUN26,LONG,1,25965.75,25936.75,-584.36,-588.72,-117.7,LOSS,STOP_HIT,25938.00,555.00,2026-05-07 09:21:03
2026-03-19,2026-03-19 11:15:00,2026-03-19 11:25:00,OG,Backtest,AdxDiCrossBracketOG,OG_AdxDiCrossBracketOG,OG,NQ,NQ JUN26,LONG,1,24531.00,24485.50,-914.36,-918.72,-183.7,LOSS,STOP_HIT,24473.00,1160.00,2026-05-07 09:21:03
2026-02-03,2026-02-03 09:50:00,2026-02-03 09:50:00,OG,Backtest,AdxDiCrossBracketOG,OG_AdxDiCrossBracketOG,OG,NQ,NQ JUN26,SHORT,1,25960.00,25999.25,-789.36,-793.72,-158.7,LOSS,STOP_HIT,25998.00,760.00,2026-05-07 09:21:03
2026-01-06,2026-01-06 11:00:00,2026-01-06 11:05:00,OG,Backtest,AdxDiCrossBracketOG,OG_AdxDiCrossBracketOG,OG,NQ,NQ JUN26,SHORT,1,25908.50,25880.75,550.64,546.28,109.3,WIN,TARGET_HIT,25938.25,595.00,2026-05-07 09:21:03
2026-02-05,2026-02-05 11:40:00,2026-02-05 11:50:00,OG,Backtest,AdxDiCrossBracketOG,OG_AdxDiCrossBracketOG,OG,NQ,NQ JUN26,LONG,1,25026.25,24991.50,-699.36,-703.72,-140.7,LOSS,STOP_HIT,24938.00,1765.00,2026-05-07 09:21:03
2026-03-12,2026-03-12 11:50:00,2026-03-12 11:50:00,OG,Backtest,AdxDiCrossBracketOG,OG_AdxDiCrossBracketOG,OG,NQ,NQ JUN26,LONG,1,24898.75,24843.25,-1114.36,-1118.72,-223.7,LOSS,STOP_HIT,24844.50,1085.00,2026-05-07 09:21:03
2026-03-17,2026-03-17 11:15:00,2026-03-17 11:20:00,OG,Backtest,AdxDiCrossBracketOG,OG_AdxDiCrossBracketOG,OG,NQ,NQ JUN26,SHORT,1,25019.75,25057.00,-749.36,-753.72,-150.7,LOSS,STOP_HIT,25056.25,730.00,2026-05-07 09:21:03
2026-03-03,2026-03-03 11:25:00,2026-03-03 11:35:00,OG,Backtest,AdxDiCrossBracketOG,OG_AdxDiCrossBracketOG,OG,NQ,NQ JUN26,LONG,1,24795.25,24818.25,455.64,451.28,90.3,WIN,STOP_HIT,24724.00,1425.00,2026-05-07 09:21:03
2026-02-13,2026-02-13 10:50:00,2026-02-13 11:00:00,OG,Backtest,AdxDiCrossBracketOG,OG_AdxDiCrossBracketOG,OG,NQ,NQ JUN26,SHORT,1,24982.25,25030.75,-974.36,-978.72,-195.7,LOSS,STOP_HIT,25055.00,1455.00,2026-05-07 09:21:03
2026-01-06,2026-01-06 11:00:00,2026-01-06 11:05:00,OG,Backtest,AdxDiCrossBracketOG,OG_AdxDiCrossBracketOG,OG,NQ,NQ JUN26,SHORT,1,25908.50,25880.75,550.64,546.28,109.3,WIN,TARGET_HIT,25938.25,595.00,2026-05-07 09:21:03
2026-01-13,2026-01-13 10:10:00,2026-01-13 10:15:00,OG,Backtest,AdxDiCrossBracketOG,OG_AdxDiCrossBracketOG,OG,NQ,NQ JUN26,SHORT,1,26137.25,26108.00,580.64,576.28,115.3,WIN,TARGET_HIT,26168.00,615.00,2026-05-07 09:21:03
2026-03-19,2026-03-19 11:15:00,2026-03-19 11:25:00,OG,Backtest,AdxDiCrossBracketOG,OG_AdxDiCrossBracketOG,OG,NQ,NQ JUN26,LONG,1,24531.00,24485.50,-914.36,-918.72,-183.7,LOSS,STOP_HIT,24473.00,1160.00,2026-05-07 09:21:03
2026-01-07,2026-01-07 09:50:00,2026-01-07 09:50:00,OG,Backtest,AdxDiCrossBracketOG,OG_AdxDiCrossBracketOG,OG,NQ,NQ JUN26,LONG,1,26064.50,26079.75,300.64,296.28,59.3,WIN,TARGET_HIT,26047.25,345.00,2026-05-07 09:21:03
2026-01-09,2026-01-09 09:45:00,2026-01-09 09:50:00,OG,Backtest,AdxDiCrossBracketOG,OG_AdxDiCrossBracketOG,OG,NQ,NQ JUN26,LONG,1,25965.75,25936.75,-584.36,-588.72,-117.7,LOSS,STOP_HIT,25938.00,555.00,2026-05-07 09:21:03
2026-02-13,2026-02-13 10:50:00,2026-02-13 11:00:00,OG,Backtest,AdxDiCrossBracketOG,OG_AdxDiCrossBracketOG,OG,NQ,NQ JUN26,SHORT,1,24982.25,25030.75,-974.36,-978.72,-195.7,LOSS,STOP_HIT,25055.00,1455.00,2026-05-07 09:21:03
2026-01-21,2026-01-21 11:45:00,2026-01-21 11:45:00,OG,Backtest,AdxDiCrossBracketOG,OG_AdxDiCrossBracketOG,OG,NQ,NQ JUN26,SHORT,1,25543.00,25505.75,740.64,736.28,147.3,WIN,TARGET_HIT,25582.25,785.00,2026-05-07 09:21:03
2026-01-09,2026-01-09 10:15:00,2026-01-09 10:15:00,OG,Backtest,AdxDiCrossBracketOG,OG_AdxDiCrossBracketOG,OG,NQ,NQ JUN26,SHORT,1,25849.75,25897.00,-949.36,-953.72,-190.7,LOSS,STOP_HIT,25895.75,920.00,2026-05-07 09:21:03
2026-01-09,2026-01-09 09:45:00,2026-01-09 09:50:00,OG,Backtest,AdxDiCrossBracketOG,OG_AdxDiCrossBracketOG,OG,NQ,NQ JUN26,LONG,1,25965.75,25936.75,-584.36,-588.72,-117.7,LOSS,STOP_HIT,25938.00,555.00,2026-05-07 09:21:03
2026-01-09,2026-01-09 10:15:00,2026-01-09 10:15:00,OG,Backtest,AdxDiCrossBracketOG,OG_AdxDiCrossBracketOG,OG,NQ,NQ JUN26,SHORT,1,25849.75,25897.00,-949.36,-953.72,-190.7,LOSS,STOP_HIT,25895.75,920.00,2026-05-07 09:21:03
2026-01-07,2026-01-07 09:50:00,2026-01-07 09:50:00,OG,Backtest,AdxDiCrossBracketOG,OG_AdxDiCrossBracketOG,OG,NQ,NQ JUN26,LONG,1,26064.50,26079.75,300.64,296.28,59.3,WIN,TARGET_HIT,26047.25,345.00,2026-05-07 09:21:03
2026-04-06,2026-04-06 11:05:00,2026-04-06 11:25:00,OG,Backtest,AdxDiCrossBracketOG,OG_AdxDiCrossBracketOG,OG,NQ,NQ JUN26,LONG,1,24307.50,24293.75,-279.36,-283.72,-56.7,LOSS,STOP_HIT,24255.50,1040.00,2026-05-07 09:21:03
2026-01-09,2026-01-09 10:15:00,2026-01-09 10:15:00,OG,Backtest,AdxDiCrossBracketOG,OG_AdxDiCrossBracketOG,OG,NQ,NQ JUN26,SHORT,1,25849.75,25897.00,-949.36,-953.72,-190.7,LOSS,STOP_HIT,25895.75,920.00,2026-05-07 09:21:03
2026-01-28,2026-01-28 11:20:00,2026-01-28 11:25:00,OG,Backtest,AdxDiCrossBracketOG,OG_AdxDiCrossBracketOG,OG,NQ,NQ JUN26,LONG,1,26393.75,26378.25,-314.36,-318.72,-63.7,LOSS,STOP_HIT,26363.25,610.00,2026-05-07 09:21:03
2026-01-13,2026-01-13 10:10:00,2026-01-13 10:15:00,OG,Backtest,AdxDiCrossBracketOG,OG_AdxDiCrossBracketOG,OG,NQ,NQ JUN26,SHORT,1,26137.25,26108.00,580.64,576.28,115.3,WIN,TARGET_HIT,26168.00,615.00,2026-05-07 09:21:03
2026-01-09,2026-01-09 09:55:00,2026-01-09 09:55:00,OG,Backtest,AdxDiCrossBracketOG,OG_AdxDiCrossBracketOG,OG,NQ,NQ JUN26,SHORT,1,25912.50,25949.00,-734.36,-738.72,-147.7,LOSS,STOP_HIT,25947.75,705.00,2026-05-07 09:21:03
2026-04-10,2026-04-10 11:45:00,2026-04-10 12:00:00,OG,Backtest,AdxDiCrossBracketOG,OG_AdxDiCrossBracketOG,OG,NQ,NQ JUN26,SHORT,1,25300.75,25269.75,615.64,611.28,122.3,WIN,TARGET_HIT,25334.25,670.00,2026-05-07 09:21:03
2026-02-03,2026-02-03 09:50:00,2026-02-03 09:50:00,OG,Backtest,AdxDiCrossBracketOG,OG_AdxDiCrossBracketOG,OG,NQ,NQ JUN26,SHORT,1,25960.00,25999.25,-789.36,-793.72,-158.7,LOSS,STOP_HIT,25998.00,760.00,2026-05-07 09:21:03
2026-01-13,2026-01-13 10:10:00,2026-01-13 10:15:00,OG,Backtest,AdxDiCrossBracketOG,OG_AdxDiCrossBracketOG,OG,NQ,NQ JUN26,SHORT,1,26137.25,26108.00,580.64,576.28,115.3,WIN,TARGET_HIT,26168.00,615.00,2026-05-07 09:21:03
2026-01-13,2026-01-13 10:10:00,2026-01-13 10:15:00,OG,Backtest,AdxDiCrossBracketOG,OG_AdxDiCrossBracketOG,OG,NQ,NQ JUN26,SHORT,1,26137.25,26108.00,580.64,576.28,115.3,WIN,TARGET_HIT,26168.00,615.00,2026-05-07 09:21:03
2026-01-16,2026-01-16 11:30:00,2026-01-16 11:35:00,OG,Backtest,AdxDiCrossBracketOG,OG_AdxDiCrossBracketOG,OG,NQ,NQ JUN26,LONG,1,25912.25,25924.50,240.64,236.28,47.3,WIN,STOP_HIT,25874.75,750.00,2026-05-07 09:21:03
2026-03-03,2026-03-03 11:25:00,2026-03-03 11:35:00,OG,Backtest,AdxDiCrossBracketOG,OG_AdxDiCrossBracketOG,OG,NQ,NQ JUN26,LONG,1,24795.25,24818.25,455.64,451.28,90.3,WIN,STOP_HIT,24724.00,1425.00,2026-05-07 09:21:03
2026-03-24,2026-03-24 11:00:00,2026-03-24 11:00:00,OG,Backtest,AdxDiCrossBracketOG,OG_AdxDiCrossBracketOG,OG,NQ,NQ JUN26,LONG,1,24282.25,24217.00,-1309.36,-1313.72,-262.7,LOSS,STOP_HIT,24218.25,1280.00,2026-05-07 09:21:03
2026-01-21,2026-01-21 11:45:00,2026-01-21 11:45:00,OG,Backtest,AdxDiCrossBracketOG,OG_AdxDiCrossBracketOG,OG,NQ,NQ JUN26,SHORT,1,25543.00,25505.75,740.64,736.28,147.3,WIN,TARGET_HIT,25582.25,785.00,2026-05-07 09:21:03
2026-03-19,2026-03-19 11:15:00,2026-03-19 11:25:00,OG,Backtest,AdxDiCrossBracketOG,OG_AdxDiCrossBracketOG,OG,NQ,NQ JUN26,LONG,1,24531.00,24485.50,-914.36,-918.72,-183.7,LOSS,STOP_HIT,24473.00,1160.00,2026-05-07 09:21:03
2026-03-03,2026-03-03 11:40:00,2026-03-03 11:50:00,OG,Backtest,AdxDiCrossBracketOG,OG_AdxDiCrossBracketOG,OG,NQ,NQ JUN26,SHORT,1,24816.50,24865.00,-974.36,-978.72,-195.7,LOSS,STOP_HIT,24882.75,1325.00,2026-05-07 09:21:03
2026-01-09,2026-01-09 10:10:00,2026-01-09 10:10:00,OG,Backtest,AdxDiCrossBracketOG,OG_AdxDiCrossBracketOG,OG,NQ,NQ JUN26,LONG,1,25922.50,25881.00,-834.36,-838.72,-167.7,LOSS,STOP_HIT,25882.25,805.00,2026-05-07 09:21:03
2026-03-12,2026-03-12 11:50:00,2026-03-12 11:50:00,OG,Backtest,AdxDiCrossBracketOG,OG_AdxDiCrossBracketOG,OG,NQ,NQ JUN26,LONG,1,24898.75,24843.25,-1114.36,-1118.72,-223.7,LOSS,STOP_HIT,24844.50,1085.00,2026-05-07 09:21:03
2026-01-09,2026-01-09 10:15:00,2026-01-09 10:15:00,OG,Backtest,AdxDiCrossBracketOG,OG_AdxDiCrossBracketOG,OG,NQ,NQ JUN26,SHORT,1,25849.75,25897.00,-949.36,-953.72,-190.7,LOSS,STOP_HIT,25895.75,920.00,2026-05-07 09:21:03
2026-01-20,2026-01-20 11:10:00,2026-01-20 11:15:00,OG,Backtest,AdxDiCrossBracketOG,OG_AdxDiCrossBracketOG,OG,NQ,NQ JUN26,LONG,1,25588.25,25600.25,235.64,231.28,46.3,WIN,STOP_HIT,25540.75,950.00,2026-05-07 09:21:03
2026-01-30,2026-01-30 10:55:00,2026-01-30 10:55:00,OG,Backtest,AdxDiCrossBracketOG,OG_AdxDiCrossBracketOG,OG,NQ,NQ JUN26,LONG,1,26118.00,26058.75,-1189.36,-1193.72,-238.7,LOSS,STOP_HIT,26060.00,1160.00,2026-05-07 09:21:03
2026-01-09,2026-01-09 10:30:00,2026-01-09 10:30:00,OG,Backtest,AdxDiCrossBracketOG,OG_AdxDiCrossBracketOG,OG,NQ,NQ JUN26,LONG,1,26010.00,26057.25,940.64,936.28,187.3,WIN,TARGET_HIT,25959.75,1005.00,2026-05-07 09:21:03
2026-01-28,2026-01-28 11:20:00,2026-01-28 11:25:00,OG,Backtest,AdxDiCrossBracketOG,OG_AdxDiCrossBracketOG,OG,NQ,NQ JUN26,LONG,1,26393.75,26378.25,-314.36,-318.72,-63.7,LOSS,STOP_HIT,26363.25,610.00,2026-05-07 09:21:03
2026-01-30,2026-01-30 11:00:00,2026-01-30 11:10:00,OG,Backtest,AdxDiCrossBracketOG,OG_AdxDiCrossBracketOG,OG,NQ,NQ JUN26,SHORT,1,26071.50,26048.25,460.64,456.28,91.3,WIN,STOP_HIT,26129.00,1150.00,2026-05-07 09:21:03
2026-01-07,2026-01-07 09:50:00,2026-01-07 09:50:00,OG,Backtest,AdxDiCrossBracketOG,OG_AdxDiCrossBracketOG,OG,NQ,NQ JUN26,LONG,1,26064.50,26079.75,300.64,296.28,59.3,WIN,TARGET_HIT,26047.25,345.00,2026-05-07 09:21:03
2026-04-02,2026-04-02 10:45:00,2026-04-02 10:45:00,OG,Backtest,AdxDiCrossBracketOG,OG_AdxDiCrossBracketOG,OG,NQ,NQ JUN26,LONG,1,24211.00,24133.25,-1559.36,-1563.72,-312.7,LOSS,STOP_HIT,24134.50,1530.00,2026-05-07 09:21:03
2026-01-30,2026-01-30 11:00:00,2026-01-30 11:10:00,OG,Backtest,AdxDiCrossBracketOG,OG_AdxDiCrossBracketOG,OG,NQ,NQ JUN26,SHORT,1,26071.50,26048.25,460.64,456.28,91.3,WIN,STOP_HIT,26129.00,1150.00,2026-05-07 09:21:03
2026-01-13,2026-01-13 10:10:00,2026-01-13 10:15:00,OG,Backtest,AdxDiCrossBracketOG,OG_AdxDiCrossBracketOG,OG,NQ,NQ JUN26,SHORT,1,26137.25,26108.00,580.64,576.28,115.3,WIN,TARGET_HIT,26168.00,615.00,2026-05-07 09:21:03
2026-04-02,2026-04-02 10:45:00,2026-04-02 10:45:00,OG,Backtest,AdxDiCrossBracketOG,OG_AdxDiCrossBracketOG,OG,NQ,NQ JUN26,LONG,1,24211.00,24133.25,-1559.36,-1563.72,-312.7,LOSS,STOP_HIT,24134.50,1530.00,2026-05-07 09:21:03
2026-01-23,2026-01-23 10:10:00,2026-01-23 10:15:00,OG,Backtest,AdxDiCrossBracketOG,OG_AdxDiCrossBracketOG,OG,NQ,NQ JUN26,LONG,1,25921.75,25885.00,-739.36,-743.72,-148.7,LOSS,STOP_HIT,25885.50,725.00,2026-05-07 09:21:03
2026-01-09,2026-01-09 09:55:00,2026-01-09 09:55:00,OG,Backtest,AdxDiCrossBracketOG,OG_AdxDiCrossBracketOG,OG,NQ,NQ JUN26,SHORT,1,25912.50,25949.00,-734.36,-738.72,-147.7,LOSS,STOP_HIT,25947.75,705.00,2026-05-07 09:21:03
2026-04-06,2026-04-06 10:55:00,2026-04-06 11:00:00,OG,Backtest,AdxDiCrossBracketOG,OG_AdxDiCrossBracketOG,OG,NQ,NQ JUN26,SHORT,1,24269.25,24322.25,-1064.36,-1068.72,-213.7,LOSS,STOP_HIT,24321.00,1035.00,2026-05-07 09:21:03
2026-02-05,2026-02-05 11:40:00,2026-02-05 11:50:00,OG,Backtest,AdxDiCrossBracketOG,OG_AdxDiCrossBracketOG,OG,NQ,NQ JUN26,LONG,1,25026.25,24991.50,-699.36,-703.72,-140.7,LOSS,STOP_HIT,24938.00,1765.00,2026-05-07 09:21:03
2026-04-07,2026-04-07 11:40:00,2026-04-07 12:00:00,OG,Backtest,AdxDiCrossBracketOG,OG_AdxDiCrossBracketOG,OG,NQ,NQ JUN26,LONG,1,24072.25,24117.50,900.64,896.28,179.3,WIN,TARGET_HIT,24025.00,945.00,2026-05-07 09:21:03
2026-02-05,2026-02-05 11:40:00,2026-02-05 11:50:00,OG,Backtest,AdxDiCrossBracketOG,OG_AdxDiCrossBracketOG,OG,NQ,NQ JUN26,LONG,1,25026.25,24991.50,-699.36,-703.72,-140.7,LOSS,STOP_HIT,24938.00,1765.00,2026-05-07 09:21:03
2026-01-09,2026-01-09 10:15:00,2026-01-09 10:15:00,OG,Backtest,AdxDiCrossBracketOG,OG_AdxDiCrossBracketOG,OG,NQ,NQ JUN26,SHORT,1,25849.75,25897.00,-949.36,-953.72,-190.7,LOSS,STOP_HIT,25895.75,920.00,2026-05-07 09:21:03
2026-03-27,2026-03-27 11:40:00,2026-03-27 11:45:00,OG,Backtest,AdxDiCrossBracketOG,OG_AdxDiCrossBracketOG,OG,NQ,NQ JUN26,LONG,1,23597.75,23540.25,-1154.36,-1158.72,-231.7,LOSS,STOP_HIT,23541.50,1125.00,2026-05-07 09:21:03
2026-01-07,2026-01-07 10:10:00,2026-01-07 10:10:00,OG,Backtest,AdxDiCrossBracketOG,OG_AdxDiCrossBracketOG,OG,NQ,NQ JUN26,SHORT,1,26050.00,26073.50,-474.36,-478.72,-95.7,LOSS,STOP_HIT,26072.25,445.00,2026-05-07 09:21:03
2026-02-24,2026-02-24 10:15:00,2026-02-24 10:15:00,OG,Backtest,AdxDiCrossBracketOG,OG_AdxDiCrossBracketOG,OG,NQ,NQ JUN26,LONG,1,25110.00,25063.00,-944.36,-948.72,-189.7,LOSS,STOP_HIT,25064.25,915.00,2026-05-07 09:21:03
2026-02-17,2026-02-17 11:10:00,2026-02-17 11:10:00,OG,Backtest,AdxDiCrossBracketOG,OG_AdxDiCrossBracketOG,OG,NQ,NQ JUN26,LONG,1,24862.00,24927.25,1300.64,1296.28,259.3,WIN,TARGET_HIT,24793.75,1365.00,2026-05-07 09:21:03
2026-01-16,2026-01-16 11:30:00,2026-01-16 11:35:00,OG,Backtest,AdxDiCrossBracketOG,OG_AdxDiCrossBracketOG,OG,NQ,NQ JUN26,LONG,1,25912.25,25924.50,240.64,236.28,47.3,WIN,STOP_HIT,25874.75,750.00,2026-05-07 09:21:03
2026-01-28,2026-01-28 11:20:00,2026-01-28 11:25:00,OG,Backtest,AdxDiCrossBracketOG,OG_AdxDiCrossBracketOG,OG,NQ,NQ JUN26,LONG,1,26393.75,26378.25,-314.36,-318.72,-63.7,LOSS,STOP_HIT,26363.25,610.00,2026-05-07 09:21:03
2026-02-13,2026-02-13 10:50:00,2026-02-13 11:00:00,OG,Backtest,AdxDiCrossBracketOG,OG_AdxDiCrossBracketOG,OG,NQ,NQ JUN26,SHORT,1,24982.25,25030.75,-974.36,-978.72,-195.7,LOSS,STOP_HIT,25055.00,1455.00,2026-05-07 09:21:03
2026-02-13,2026-02-13 10:50:00,2026-02-13 11:00:00,OG,Backtest,AdxDiCrossBracketOG,OG_AdxDiCrossBracketOG,OG,NQ,NQ JUN26,SHORT,1,24982.25,25030.75,-974.36,-978.72,-195.7,LOSS,STOP_HIT,25055.00,1455.00,2026-05-07 09:21:03
2026-03-03,2026-03-03 11:25:00,2026-03-03 11:35:00,OG,Backtest,AdxDiCrossBracketOG,OG_AdxDiCrossBracketOG,OG,NQ,NQ JUN26,LONG,1,24795.25,24818.25,455.64,451.28,90.3,WIN,STOP_HIT,24724.00,1425.00,2026-05-07 09:21:03
2026-02-24,2026-02-24 10:10:00,2026-02-24 10:10:00,OG,Backtest,AdxDiCrossBracketOG,OG_AdxDiCrossBracketOG,OG,NQ,NQ JUN26,SHORT,1,25048.00,25093.50,-914.36,-918.72,-183.7,LOSS,STOP_HIT,25092.25,885.00,2026-05-07 09:21:03
2026-02-24,2026-02-24 10:15:00,2026-02-24 10:15:00,OG,Backtest,AdxDiCrossBracketOG,OG_AdxDiCrossBracketOG,OG,NQ,NQ JUN26,LONG,1,25110.00,25063.00,-944.36,-948.72,-189.7,LOSS,STOP_HIT,25064.25,915.00,2026-05-07 09:21:03
2026-01-23,2026-01-23 10:10:00,2026-01-23 10:15:00,OG,Backtest,AdxDiCrossBracketOG,OG_AdxDiCrossBracketOG,OG,NQ,NQ JUN26,LONG,1,25921.75,25885.00,-739.36,-743.72,-148.7,LOSS,STOP_HIT,25885.50,725.00,2026-05-07 09:21:03
2026-03-03,2026-03-03 11:25:00,2026-03-03 11:35:00,OG,Backtest,AdxDiCrossBracketOG,OG_AdxDiCrossBracketOG,OG,NQ,NQ JUN26,LONG,1,24795.25,24818.25,455.64,451.28,90.3,WIN,STOP_HIT,24724.00,1425.00,2026-05-07 09:21:03
2026-03-13,2026-03-13 10:50:00,2026-03-13 10:50:00,OG,Backtest,AdxDiCrossBracketOG,OG_AdxDiCrossBracketOG,OG,NQ,NQ JUN26,SHORT,1,24804.25,24755.00,980.64,976.28,195.3,WIN,TARGET_HIT,24853.50,985.00,2026-05-07 09:21:03
2026-03-06,2026-03-06 11:10:00,2026-03-06 11:15:00,OG,Backtest,AdxDiCrossBracketOG,OG_AdxDiCrossBracketOG,OG,NQ,NQ JUN26,LONG,1,25102.25,25058.25,-884.36,-888.72,-177.7,LOSS,STOP_HIT,25038.75,1270.00,2026-05-07 09:21:03
2026-03-06,2026-03-06 11:10:00,2026-03-06 11:15:00,OG,Backtest,AdxDiCrossBracketOG,OG_AdxDiCrossBracketOG,OG,NQ,NQ JUN26,LONG,1,25102.25,25058.25,-884.36,-888.72,-177.7,LOSS,STOP_HIT,25038.75,1270.00,2026-05-07 09:21:03
2026-03-19,2026-03-19 11:15:00,2026-03-19 11:25:00,OG,Backtest,AdxDiCrossBracketOG,OG_AdxDiCrossBracketOG,OG,NQ,NQ JUN26,LONG,1,24531.00,24485.50,-914.36,-918.72,-183.7,LOSS,STOP_HIT,24473.00,1160.00,2026-05-07 09:21:03
2026-03-25,2026-03-25 11:20:00,2026-03-25 11:20:00,OG,Backtest,AdxDiCrossBracketOG,OG_AdxDiCrossBracketOG,OG,NQ,NQ JUN26,SHORT,1,24385.25,24336.50,970.64,966.28,193.3,WIN,TARGET_HIT,24438.00,1055.00,2026-05-07 09:21:03
2026-03-17,2026-03-17 11:15:00,2026-03-17 11:20:00,OG,Backtest,AdxDiCrossBracketOG,OG_AdxDiCrossBracketOG,OG,NQ,NQ JUN26,SHORT,1,25019.75,25057.00,-749.36,-753.72,-150.7,LOSS,STOP_HIT,25056.25,730.00,2026-05-07 09:21:04
2026-03-13,2026-03-13 10:50:00,2026-03-13 10:50:00,OG,Backtest,AdxDiCrossBracketOG,OG_AdxDiCrossBracketOG,OG,NQ,NQ JUN26,SHORT,1,24804.25,24755.00,980.64,976.28,195.3,WIN,TARGET_HIT,24853.50,985.00,2026-05-07 09:21:04
2026-01-07,2026-01-07 09:50:00,2026-01-07 09:50:00,OG,Backtest,AdxDiCrossBracketOG,OG_AdxDiCrossBracketOG,OG,NQ,NQ JUN26,LONG,1,26064.50,26079.75,300.64,296.28,59.3,WIN,TARGET_HIT,26047.25,345.00,2026-05-07 09:21:04
2026-02-13,2026-02-13 10:35:00,2026-02-13 10:35:00,OG,Backtest,AdxDiCrossBracketOG,OG_AdxDiCrossBracketOG,OG,NQ,NQ JUN26,LONG,1,25058.75,25127.00,1360.64,1356.28,271.3,WIN,TARGET_HIT,24987.50,1425.00,2026-05-07 09:21:04
2026-02-03,2026-02-03 09:50:00,2026-02-03 09:50:00,OG,Backtest,AdxDiCrossBracketOG,OG_AdxDiCrossBracketOG,OG,NQ,NQ JUN26,SHORT,1,25960.00,25999.25,-789.36,-793.72,-158.7,LOSS,STOP_HIT,25998.00,760.00,2026-05-07 09:21:04
2026-01-09,2026-01-09 09:55:00,2026-01-09 09:55:00,OG,Backtest,AdxDiCrossBracketOG,OG_AdxDiCrossBracketOG,OG,NQ,NQ JUN26,SHORT,1,25912.50,25949.00,-734.36,-738.72,-147.7,LOSS,STOP_HIT,25947.75,705.00,2026-05-07 09:21:04
2026-04-06,2026-04-06 10:55:00,2026-04-06 11:00:00,OG,Backtest,AdxDiCrossBracketOG,OG_AdxDiCrossBracketOG,OG,NQ,NQ JUN26,SHORT,1,24269.25,24322.25,-1064.36,-1068.72,-213.7,LOSS,STOP_HIT,24321.00,1035.00,2026-05-07 09:21:04
2026-03-03,2026-03-03 11:40:00,2026-03-03 11:50:00,OG,Backtest,AdxDiCrossBracketOG,OG_AdxDiCrossBracketOG,OG,NQ,NQ JUN26,SHORT,1,24816.50,24865.00,-974.36,-978.72,-195.7,LOSS,STOP_HIT,24882.75,1325.00,2026-05-07 09:21:04
2026-03-19,2026-03-19 11:15:00,2026-03-19 11:25:00,OG,Backtest,AdxDiCrossBracketOG,OG_AdxDiCrossBracketOG,OG,NQ,NQ JUN26,LONG,1,24531.00,24485.50,-914.36,-918.72,-183.7,LOSS,STOP_HIT,24473.00,1160.00,2026-05-07 09:21:04
2026-02-10,2026-02-10 09:45:00,2026-02-10 09:45:00,OG,Backtest,AdxDiCrossBracketOG,OG_AdxDiCrossBracketOG,OG,NQ,NQ JUN26,SHORT,1,25534.50,25512.25,440.64,436.28,87.3,WIN,TARGET_HIT,25559.75,505.00,2026-05-07 09:21:04
2026-03-06,2026-03-06 11:10:00,2026-03-06 11:15:00,OG,Backtest,AdxDiCrossBracketOG,OG_AdxDiCrossBracketOG,OG,NQ,NQ JUN26,LONG,1,25102.25,25058.25,-884.36,-888.72,-177.7,LOSS,STOP_HIT,25038.75,1270.00,2026-05-07 09:21:04
2026-03-24,2026-03-24 11:00:00,2026-03-24 11:00:00,OG,Backtest,AdxDiCrossBracketOG,OG_AdxDiCrossBracketOG,OG,NQ,NQ JUN26,LONG,1,24282.25,24217.00,-1309.36,-1313.72,-262.7,LOSS,STOP_HIT,24218.25,1280.00,2026-05-07 09:21:04
2026-02-11,2026-02-11 11:05:00,2026-02-11 11:10:00,OG,Backtest,AdxDiCrossBracketOG,OG_AdxDiCrossBracketOG,OG,NQ,NQ JUN26,LONG,1,25454.25,25417.50,-739.36,-743.72,-148.7,LOSS,STOP_HIT,25393.00,1225.00,2026-05-07 09:21:04
2026-01-07,2026-01-07 09:50:00,2026-01-07 09:50:00,OG,Backtest,AdxDiCrossBracketOG,OG_AdxDiCrossBracketOG,OG,NQ,NQ JUN26,LONG,1,26064.50,26079.75,300.64,296.28,59.3,WIN,TARGET_HIT,26047.25,345.00,2026-05-07 09:21:04
2026-03-24,2026-03-24 11:00:00,2026-03-24 11:00:00,OG,Backtest,AdxDiCrossBracketOG,OG_AdxDiCrossBracketOG,OG,NQ,NQ JUN26,LONG,1,24282.25,24217.00,-1309.36,-1313.72,-262.7,LOSS,STOP_HIT,24218.25,1280.00,2026-05-07 09:21:04
2026-01-09,2026-01-09 10:15:00,2026-01-09 10:15:00,OG,Backtest,AdxDiCrossBracketOG,OG_AdxDiCrossBracketOG,OG,NQ,NQ JUN26,SHORT,1,25849.75,25897.00,-949.36,-953.72,-190.7,LOSS,STOP_HIT,25895.75,920.00,2026-05-07 09:21:04
2026-04-07,2026-04-07 11:40:00,2026-04-07 12:00:00,OG,Backtest,AdxDiCrossBracketOG,OG_AdxDiCrossBracketOG,OG,NQ,NQ JUN26,LONG,1,24072.25,24117.50,900.64,896.28,179.3,WIN,TARGET_HIT,24025.00,945.00,2026-05-07 09:21:04
2026-04-02,2026-04-02 10:45:00,2026-04-02 10:45:00,OG,Backtest,AdxDiCrossBracketOG,OG_AdxDiCrossBracketOG,OG,NQ,NQ JUN26,LONG,1,24211.00,24133.25,-1559.36,-1563.72,-312.7,LOSS,STOP_HIT,24134.50,1530.00,2026-05-07 09:21:04
2026-04-06,2026-04-06 11:35:00,2026-04-06 11:45:00,OG,Backtest,AdxDiCrossBracketOG,OG_AdxDiCrossBracketOG,OG,NQ,NQ JUN26,SHORT,1,24280.00,24290.75,-219.36,-223.72,-44.7,LOSS,STOP_HIT,24325.50,910.00,2026-05-07 09:21:04
2026-03-03,2026-03-03 11:40:00,2026-03-03 11:50:00,OG,Backtest,AdxDiCrossBracketOG,OG_AdxDiCrossBracketOG,OG,NQ,NQ JUN26,SHORT,1,24816.50,24865.00,-974.36,-978.72,-195.7,LOSS,STOP_HIT,24882.75,1325.00,2026-05-07 09:21:04
2026-01-20,2026-01-20 10:50:00,2026-01-20 10:55:00,OG,Backtest,AdxDiCrossBracketOG,OG_AdxDiCrossBracketOG,OG,NQ,NQ JUN26,LONG,1,25598.75,25558.75,-804.36,-808.72,-161.7,LOSS,STOP_HIT,25550.75,960.00,2026-05-07 09:21:04
2026-03-27,2026-03-27 11:40:00,2026-03-27 11:45:00,OG,Backtest,AdxDiCrossBracketOG,OG_AdxDiCrossBracketOG,OG,NQ,NQ JUN26,LONG,1,23597.75,23540.25,-1154.36,-1158.72,-231.7,LOSS,STOP_HIT,23541.50,1125.00,2026-05-07 09:21:04
2026-01-09,2026-01-09 10:10:00,2026-01-09 10:10:00,OG,Backtest,AdxDiCrossBracketOG,OG_AdxDiCrossBracketOG,OG,NQ,NQ JUN26,LONG,1,25922.50,25881.00,-834.36,-838.72,-167.7,LOSS,STOP_HIT,25882.25,805.00,2026-05-07 09:21:04
2026-01-20,2026-01-20 11:10:00,2026-01-20 11:15:00,OG,Backtest,AdxDiCrossBracketOG,OG_AdxDiCrossBracketOG,OG,NQ,NQ JUN26,LONG,1,25588.25,25600.25,235.64,231.28,46.3,WIN,STOP_HIT,25540.75,950.00,2026-05-07 09:21:04
2026-01-21,2026-01-21 11:45:00,2026-01-21 11:45:00,OG,Backtest,AdxDiCrossBracketOG,OG_AdxDiCrossBracketOG,OG,NQ,NQ JUN26,SHORT,1,25543.00,25505.75,740.64,736.28,147.3,WIN,TARGET_HIT,25582.25,785.00,2026-05-07 09:21:04
2026-04-07,2026-04-07 11:40:00,2026-04-07 12:00:00,OG,Backtest,AdxDiCrossBracketOG,OG_AdxDiCrossBracketOG,OG,NQ,NQ JUN26,LONG,1,24072.25,24117.50,900.64,896.28,179.3,WIN,TARGET_HIT,24025.00,945.00,2026-05-07 09:21:04
2026-03-25,2026-03-25 11:20:00,2026-03-25 11:20:00,OG,Backtest,AdxDiCrossBracketOG,OG_AdxDiCrossBracketOG,OG,NQ,NQ JUN26,SHORT,1,24385.25,24336.50,970.64,966.28,193.3,WIN,TARGET_HIT,24438.00,1055.00,2026-05-07 09:21:04
2026-04-06,2026-04-06 11:05:00,2026-04-06 11:25:00,OG,Backtest,AdxDiCrossBracketOG,OG_AdxDiCrossBracketOG,OG,NQ,NQ JUN26,LONG,1,24307.50,24293.75,-279.36,-283.72,-56.7,LOSS,STOP_HIT,24255.50,1040.00,2026-05-07 09:21:04
2026-04-06,2026-04-06 11:05:00,2026-04-06 11:25:00,OG,Backtest,AdxDiCrossBracketOG,OG_AdxDiCrossBracketOG,OG,NQ,NQ JUN26,LONG,1,24307.50,24293.75,-279.36,-283.72,-56.7,LOSS,STOP_HIT,24255.50,1040.00,2026-05-07 09:21:04
2026-03-03,2026-03-03 11:40:00,2026-03-03 11:50:00,OG,Backtest,AdxDiCrossBracketOG,OG_AdxDiCrossBracketOG,OG,NQ,NQ JUN26,SHORT,1,24816.50,24865.00,-974.36,-978.72,-195.7,LOSS,STOP_HIT,24882.75,1325.00,2026-05-07 09:21:04
2026-01-07,2026-01-07 10:10:00,2026-01-07 10:10:00,OG,Backtest,AdxDiCrossBracketOG,OG_AdxDiCrossBracketOG,OG,NQ,NQ JUN26,SHORT,1,26050.00,26073.50,-474.36,-478.72,-95.7,LOSS,STOP_HIT,26072.25,445.00,2026-05-07 09:21:04
2026-04-02,2026-04-02 10:45:00,2026-04-02 10:45:00,OG,Backtest,AdxDiCrossBracketOG,OG_AdxDiCrossBracketOG,OG,NQ,NQ JUN26,LONG,1,24211.00,24133.25,-1559.36,-1563.72,-312.7,LOSS,STOP_HIT,24134.50,1530.00,2026-05-07 09:21:04
2026-03-20,2026-03-20 11:30:00,2026-03-20 12:05:00,OG,Backtest,AdxDiCrossBracketOG,OG_AdxDiCrossBracketOG,OG,NQ,NQ JUN26,LONG,1,24275.00,24327.75,1050.64,1046.28,209.3,WIN,TARGET_HIT,24219.75,1105.00,2026-05-07 09:21:04
2026-03-03,2026-03-03 11:40:00,2026-03-03 11:50:00,OG,Backtest,AdxDiCrossBracketOG,OG_AdxDiCrossBracketOG,OG,NQ,NQ JUN26,SHORT,1,24816.50,24865.00,-974.36,-978.72,-195.7,LOSS,STOP_HIT,24882.75,1325.00,2026-05-07 09:21:04
2026-01-30,2026-01-30 11:00:00,2026-01-30 11:10:00,OG,Backtest,AdxDiCrossBracketOG,OG_AdxDiCrossBracketOG,OG,NQ,NQ JUN26,SHORT,1,26071.50,26048.25,460.64,456.28,91.3,WIN,STOP_HIT,26129.00,1150.00,2026-05-07 09:21:04
2026-03-12,2026-03-12 11:50:00,2026-03-12 11:50:00,OG,Backtest,AdxDiCrossBracketOG,OG_AdxDiCrossBracketOG,OG,NQ,NQ JUN26,LONG,1,24898.75,24843.25,-1114.36,-1118.72,-223.7,LOSS,STOP_HIT,24844.50,1085.00,2026-05-07 09:21:04
2026-04-06,2026-04-06 11:35:00,2026-04-06 11:45:00,OG,Backtest,AdxDiCrossBracketOG,OG_AdxDiCrossBracketOG,OG,NQ,NQ JUN26,SHORT,1,24280.00,24290.75,-219.36,-223.72,-44.7,LOSS,STOP_HIT,24325.50,910.00,2026-05-07 09:21:04
2026-04-06,2026-04-06 11:35:00,2026-04-06 11:45:00,OG,Backtest,AdxDiCrossBracketOG,OG_AdxDiCrossBracketOG,OG,NQ,NQ JUN26,SHORT,1,24280.00,24290.75,-219.36,-223.72,-44.7,LOSS,STOP_HIT,24325.50,910.00,2026-05-07 09:21:04
2026-01-21,2026-01-21 11:45:00,2026-01-21 11:45:00,OG,Backtest,AdxDiCrossBracketOG,OG_AdxDiCrossBracketOG,OG,NQ,NQ JUN26,SHORT,1,25543.00,25505.75,740.64,736.28,147.3,WIN,TARGET_HIT,25582.25,785.00,2026-05-07 09:21:04
2026-03-17,2026-03-17 11:15:00,2026-03-17 11:20:00,OG,Backtest,AdxDiCrossBracketOG,OG_AdxDiCrossBracketOG,OG,NQ,NQ JUN26,SHORT,1,25019.75,25057.00,-749.36,-753.72,-150.7,LOSS,STOP_HIT,25056.25,730.00,2026-05-07 09:21:04
2026-03-17,2026-03-17 11:15:00,2026-03-17 11:20:00,OG,Backtest,AdxDiCrossBracketOG,OG_AdxDiCrossBracketOG,OG,NQ,NQ JUN26,SHORT,1,25019.75,25057.00,-749.36,-753.72,-150.7,LOSS,STOP_HIT,25056.25,730.00,2026-05-07 09:21:04
2026-02-05,2026-02-05 11:40:00,2026-02-05 11:50:00,OG,Backtest,AdxDiCrossBracketOG,OG_AdxDiCrossBracketOG,OG,NQ,NQ JUN26,LONG,1,25026.25,24991.50,-699.36,-703.72,-140.7,LOSS,STOP_HIT,24938.00,1765.00,2026-05-07 09:21:04
2026-02-11,2026-02-11 11:05:00,2026-02-11 11:10:00,OG,Backtest,AdxDiCrossBracketOG,OG_AdxDiCrossBracketOG,OG,NQ,NQ JUN26,LONG,1,25454.25,25417.50,-739.36,-743.72,-148.7,LOSS,STOP_HIT,25393.00,1225.00,2026-05-07 09:21:04
2026-04-06,2026-04-06 11:35:00,2026-04-06 11:45:00,OG,Backtest,AdxDiCrossBracketOG,OG_AdxDiCrossBracketOG,OG,NQ,NQ JUN26,SHORT,1,24280.00,24290.75,-219.36,-223.72,-44.7,LOSS,STOP_HIT,24325.50,910.00,2026-05-07 09:21:04
2026-02-11,2026-02-11 11:05:00,2026-02-11 11:10:00,OG,Backtest,AdxDiCrossBracketOG,OG_AdxDiCrossBracketOG,OG,NQ,NQ JUN26,LONG,1,25454.25,25417.50,-739.36,-743.72,-148.7,LOSS,STOP_HIT,25393.00,1225.00,2026-05-07 09:21:04
2026-02-11,2026-02-11 11:20:00,2026-02-11 11:25:00,OG,Backtest,AdxDiCrossBracketOG,OG_AdxDiCrossBracketOG,OG,NQ,NQ JUN26,LONG,1,25468.75,25457.00,-239.36,-243.72,-48.7,LOSS,STOP_HIT,25406.75,1240.00,2026-05-07 09:21:04
2026-01-20,2026-01-20 10:50:00,2026-01-20 10:55:00,OG,Backtest,AdxDiCrossBracketOG,OG_AdxDiCrossBracketOG,OG,NQ,NQ JUN26,LONG,1,25598.75,25558.75,-804.36,-808.72,-161.7,LOSS,STOP_HIT,25550.75,960.00,2026-05-07 09:21:04
2026-02-11,2026-02-11 11:05:00,2026-02-11 11:10:00,OG,Backtest,AdxDiCrossBracketOG,OG_AdxDiCrossBracketOG,OG,NQ,NQ JUN26,LONG,1,25454.25,25417.50,-739.36,-743.72,-148.7,LOSS,STOP_HIT,25393.00,1225.00,2026-05-07 09:21:04
2026-02-17,2026-02-17 11:10:00,2026-02-17 11:10:00,OG,Backtest,AdxDiCrossBracketOG,OG_AdxDiCrossBracketOG,OG,NQ,NQ JUN26,LONG,1,24862.00,24927.25,1300.64,1296.28,259.3,WIN,TARGET_HIT,24793.75,1365.00,2026-05-07 09:21:04
2026-02-05,2026-02-05 11:40:00,2026-02-05 11:50:00,OG,Backtest,AdxDiCrossBracketOG,OG_AdxDiCrossBracketOG,OG,NQ,NQ JUN26,LONG,1,25026.25,24991.50,-699.36,-703.72,-140.7,LOSS,STOP_HIT,24938.00,1765.00,2026-05-07 09:21:04
2026-02-11,2026-02-11 11:05:00,2026-02-11 11:10:00,OG,Backtest,AdxDiCrossBracketOG,OG_AdxDiCrossBracketOG,OG,NQ,NQ JUN26,LONG,1,25454.25,25417.50,-739.36,-743.72,-148.7,LOSS,STOP_HIT,25393.00,1225.00,2026-05-07 09:21:04
2026-01-07,2026-01-07 10:10:00,2026-01-07 10:10:00,OG,Backtest,AdxDiCrossBracketOG,OG_AdxDiCrossBracketOG,OG,NQ,NQ JUN26,SHORT,1,26050.00,26073.50,-474.36,-478.72,-95.7,LOSS,STOP_HIT,26072.25,445.00,2026-05-07 09:21:04
2026-01-07,2026-01-07 09:50:00,2026-01-07 09:50:00,OG,Backtest,AdxDiCrossBracketOG,OG_AdxDiCrossBracketOG,OG,NQ,NQ JUN26,LONG,1,26064.50,26079.75,300.64,296.28,59.3,WIN,TARGET_HIT,26047.25,345.00,2026-05-07 09:21:04
2026-01-09,2026-01-09 09:45:00,2026-01-09 09:50:00,OG,Backtest,AdxDiCrossBracketOG,OG_AdxDiCrossBracketOG,OG,NQ,NQ JUN26,LONG,1,25965.75,25936.75,-584.36,-588.72,-117.7,LOSS,STOP_HIT,25938.00,555.00,2026-05-07 09:21:04
2026-01-13,2026-01-13 10:10:00,2026-01-13 10:15:00,OG,Backtest,AdxDiCrossBracketOG,OG_AdxDiCrossBracketOG,OG,NQ,NQ JUN26,SHORT,1,26137.25,26108.00,580.64,576.28,115.3,WIN,TARGET_HIT,26168.00,615.00,2026-05-07 09:21:04
2026-04-06,2026-04-06 11:05:00,2026-04-06 11:25:00,OG,Backtest,AdxDiCrossBracketOG,OG_AdxDiCrossBracketOG,OG,NQ,NQ JUN26,LONG,1,24307.50,24293.75,-279.36,-283.72,-56.7,LOSS,STOP_HIT,24255.50,1040.00,2026-05-07 09:21:04
2026-01-28,2026-01-28 11:20:00,2026-01-28 11:25:00,OG,Backtest,AdxDiCrossBracketOG,OG_AdxDiCrossBracketOG,OG,NQ,NQ JUN26,LONG,1,26393.75,26378.25,-314.36,-318.72,-63.7,LOSS,STOP_HIT,26363.25,610.00,2026-05-07 09:21:04
2026-03-03,2026-03-03 11:40:00,2026-03-03 11:50:00,OG,Backtest,AdxDiCrossBracketOG,OG_AdxDiCrossBracketOG,OG,NQ,NQ JUN26,SHORT,1,24816.50,24865.00,-974.36,-978.72,-195.7,LOSS,STOP_HIT,24882.75,1325.00,2026-05-07 09:21:04
2026-02-24,2026-02-24 09:50:00,2026-02-24 09:50:00,OG,Backtest,AdxDiCrossBracketOG,OG_AdxDiCrossBracketOG,OG,NQ,NQ JUN26,LONG,1,25121.25,25157.50,720.64,716.28,143.3,WIN,TARGET_HIT,25081.50,795.00,2026-05-07 09:21:04
2026-01-09,2026-01-09 09:55:00,2026-01-09 09:55:00,OG,Backtest,AdxDiCrossBracketOG,OG_AdxDiCrossBracketOG,OG,NQ,NQ JUN26,SHORT,1,25912.50,25949.00,-734.36,-738.72,-147.7,LOSS,STOP_HIT,25947.75,705.00,2026-05-07 09:21:04
2026-02-05,2026-02-05 11:40:00,2026-02-05 11:50:00,OG,Backtest,AdxDiCrossBracketOG,OG_AdxDiCrossBracketOG,OG,NQ,NQ JUN26,LONG,1,25026.25,24991.50,-699.36,-703.72,-140.7,LOSS,STOP_HIT,24938.00,1765.00,2026-05-07 09:21:04
2026-01-20,2026-01-20 11:10:00,2026-01-20 11:15:00,OG,Backtest,AdxDiCrossBracketOG,OG_AdxDiCrossBracketOG,OG,NQ,NQ JUN26,LONG,1,25588.25,25600.25,235.64,231.28,46.3,WIN,STOP_HIT,25540.75,950.00,2026-05-07 09:21:04
2026-01-09,2026-01-09 10:30:00,2026-01-09 10:30:00,OG,Backtest,AdxDiCrossBracketOG,OG_AdxDiCrossBracketOG,OG,NQ,NQ JUN26,LONG,1,26010.00,26057.25,940.64,936.28,187.3,WIN,TARGET_HIT,25959.75,1005.00,2026-05-07 09:21:04
2026-01-09,2026-01-09 10:30:00,2026-01-09 10:30:00,OG,Backtest,AdxDiCrossBracketOG,OG_AdxDiCrossBracketOG,OG,NQ,NQ JUN26,LONG,1,26010.00,26057.25,940.64,936.28,187.3,WIN,TARGET_HIT,25959.75,1005.00,2026-05-07 09:21:04
2026-01-13,2026-01-13 10:10:00,2026-01-13 10:15:00,OG,Backtest,AdxDiCrossBracketOG,OG_AdxDiCrossBracketOG,OG,NQ,NQ JUN26,SHORT,1,26137.25,26108.00,580.64,576.28,115.3,WIN,TARGET_HIT,26168.00,615.00,2026-05-07 09:21:04
2026-01-20,2026-01-20 11:10:00,2026-01-20 11:15:00,OG,Backtest,AdxDiCrossBracketOG,OG_AdxDiCrossBracketOG,OG,NQ,NQ JUN26,LONG,1,25588.25,25600.25,235.64,231.28,46.3,WIN,STOP_HIT,25540.75,950.00,2026-05-07 09:21:04
2026-01-09,2026-01-09 09:45:00,2026-01-09 09:50:00,OG,Backtest,AdxDiCrossBracketOG,OG_AdxDiCrossBracketOG,OG,NQ,NQ JUN26,LONG,1,25965.75,25936.75,-584.36,-588.72,-117.7,LOSS,STOP_HIT,25938.00,555.00,2026-05-07 09:21:04
2026-01-07,2026-01-07 09:50:00,2026-01-07 09:50:00,OG,Backtest,AdxDiCrossBracketOG,OG_AdxDiCrossBracketOG,OG,NQ,NQ JUN26,LONG,1,26064.50,26079.75,300.64,296.28,59.3,WIN,TARGET_HIT,26047.25,345.00,2026-05-07 09:21:04
2026-01-12,2026-01-12 11:25:00,2026-01-12 11:35:00,OG,Backtest,AdxDiCrossBracketOG,OG_AdxDiCrossBracketOG,OG,NQ,NQ JUN26,LONG,1,26159.50,26149.25,-209.36,-213.72,-42.7,LOSS,STOP_HIT,26131.75,555.00,2026-05-07 09:21:04
2026-03-20,2026-03-20 11:30:00,2026-03-20 12:05:00,OG,Backtest,AdxDiCrossBracketOG,OG_AdxDiCrossBracketOG,OG,NQ,NQ JUN26,LONG,1,24275.00,24327.75,1050.64,1046.28,209.3,WIN,TARGET_HIT,24219.75,1105.00,2026-05-07 09:21:04
2026-02-13,2026-02-13 10:35:00,2026-02-13 10:35:00,OG,Backtest,AdxDiCrossBracketOG,OG_AdxDiCrossBracketOG,OG,NQ,NQ JUN26,LONG,1,25058.75,25127.00,1360.64,1356.28,271.3,WIN,TARGET_HIT,24987.50,1425.00,2026-05-07 09:21:04
2026-01-30,2026-01-30 10:55:00,2026-01-30 10:55:00,OG,Backtest,AdxDiCrossBracketOG,OG_AdxDiCrossBracketOG,OG,NQ,NQ JUN26,LONG,1,26118.00,26058.75,-1189.36,-1193.72,-238.7,LOSS,STOP_HIT,26060.00,1160.00,2026-05-07 09:21:04
2026-01-20,2026-01-20 11:10:00,2026-01-20 11:15:00,OG,Backtest,AdxDiCrossBracketOG,OG_AdxDiCrossBracketOG,OG,NQ,NQ JUN26,LONG,1,25588.25,25600.25,235.64,231.28,46.3,WIN,STOP_HIT,25540.75,950.00,2026-05-07 09:21:04
2026-01-23,2026-01-23 10:10:00,2026-01-23 10:15:00,OG,Backtest,AdxDiCrossBracketOG,OG_AdxDiCrossBracketOG,OG,NQ,NQ JUN26,LONG,1,25921.75,25885.00,-739.36,-743.72,-148.7,LOSS,STOP_HIT,25885.50,725.00,2026-05-07 09:21:04
2026-03-17,2026-03-17 11:15:00,2026-03-17 11:20:00,OG,Backtest,AdxDiCrossBracketOG,OG_AdxDiCrossBracketOG,OG,NQ,NQ JUN26,SHORT,1,25019.75,25057.00,-749.36,-753.72,-150.7,LOSS,STOP_HIT,25056.25,730.00,2026-05-07 09:21:04
2026-01-07,2026-01-07 10:10:00,2026-01-07 10:10:00,OG,Backtest,AdxDiCrossBracketOG,OG_AdxDiCrossBracketOG,OG,NQ,NQ JUN26,SHORT,1,26050.00,26073.50,-474.36,-478.72,-95.7,LOSS,STOP_HIT,26072.25,445.00,2026-05-07 09:21:04
2026-01-09,2026-01-09 10:10:00,2026-01-09 10:10:00,OG,Backtest,AdxDiCrossBracketOG,OG_AdxDiCrossBracketOG,OG,NQ,NQ JUN26,LONG,1,25922.50,25881.00,-834.36,-838.72,-167.7,LOSS,STOP_HIT,25882.25,805.00,2026-05-07 09:21:04
2026-01-09,2026-01-09 09:45:00,2026-01-09 09:50:00,OG,Backtest,AdxDiCrossBracketOG,OG_AdxDiCrossBracketOG,OG,NQ,NQ JUN26,LONG,1,25965.75,25936.75,-584.36,-588.72,-117.7,LOSS,STOP_HIT,25938.00,555.00,2026-05-07 09:21:04
2026-01-21,2026-01-21 11:45:00,2026-01-21 11:45:00,OG,Backtest,AdxDiCrossBracketOG,OG_AdxDiCrossBracketOG,OG,NQ,NQ JUN26,SHORT,1,25543.00,25505.75,740.64,736.28,147.3,WIN,TARGET_HIT,25582.25,785.00,2026-05-07 09:21:04
2026-01-28,2026-01-28 11:20:00,2026-01-28 11:25:00,OG,Backtest,AdxDiCrossBracketOG,OG_AdxDiCrossBracketOG,OG,NQ,NQ JUN26,LONG,1,26393.75,26378.25,-314.36,-318.72,-63.7,LOSS,STOP_HIT,26363.25,610.00,2026-05-07 09:21:04
2026-01-20,2026-01-20 10:50:00,2026-01-20 10:55:00,OG,Backtest,AdxDiCrossBracketOG,OG_AdxDiCrossBracketOG,OG,NQ,NQ JUN26,LONG,1,25598.75,25558.75,-804.36,-808.72,-161.7,LOSS,STOP_HIT,25550.75,960.00,2026-05-07 09:21:04
2026-01-23,2026-01-23 10:10:00,2026-01-23 10:15:00,OG,Backtest,AdxDiCrossBracketOG,OG_AdxDiCrossBracketOG,OG,NQ,NQ JUN26,LONG,1,25921.75,25885.00,-739.36,-743.72,-148.7,LOSS,STOP_HIT,25885.50,725.00,2026-05-07 09:21:04
2026-01-30,2026-01-30 11:00:00,2026-01-30 11:10:00,OG,Backtest,AdxDiCrossBracketOG,OG_AdxDiCrossBracketOG,OG,NQ,NQ JUN26,SHORT,1,26071.50,26048.25,460.64,456.28,91.3,WIN,STOP_HIT,26129.00,1150.00,2026-05-07 09:21:04
2026-04-07,2026-04-07 11:40:00,2026-04-07 12:00:00,OG,Backtest,AdxDiCrossBracketOG,OG_AdxDiCrossBracketOG,OG,NQ,NQ JUN26,LONG,1,24072.25,24117.50,900.64,896.28,179.3,WIN,TARGET_HIT,24025.00,945.00,2026-05-07 09:21:04
2026-03-02,2026-03-02 11:15:00,2026-03-02 11:20:00,OG,Backtest,AdxDiCrossBracketOG,OG_AdxDiCrossBracketOG,OG,NQ,NQ JUN26,LONG,1,25187.75,25180.00,-159.36,-163.72,-32.7,LOSS,STOP_HIT,25129.50,1165.00,2026-05-07 09:21:04
2026-02-03,2026-02-03 09:50:00,2026-02-03 09:50:00,OG,Backtest,AdxDiCrossBracketOG,OG_AdxDiCrossBracketOG,OG,NQ,NQ JUN26,SHORT,1,25960.00,25999.25,-789.36,-793.72,-158.7,LOSS,STOP_HIT,25998.00,760.00,2026-05-07 09:21:04
2026-02-11,2026-02-11 11:05:00,2026-02-11 11:10:00,OG,Backtest,AdxDiCrossBracketOG,OG_AdxDiCrossBracketOG,OG,NQ,NQ JUN26,LONG,1,25454.25,25417.50,-739.36,-743.72,-148.7,LOSS,STOP_HIT,25393.00,1225.00,2026-05-07 09:21:04
2026-03-02,2026-03-02 11:15:00,2026-03-02 11:20:00,OG,Backtest,AdxDiCrossBracketOG,OG_AdxDiCrossBracketOG,OG,NQ,NQ JUN26,LONG,1,25187.75,25180.00,-159.36,-163.72,-32.7,LOSS,STOP_HIT,25129.50,1165.00,2026-05-07 09:21:04
2026-01-13,2026-01-13 10:10:00,2026-01-13 10:15:00,OG,Backtest,AdxDiCrossBracketOG,OG_AdxDiCrossBracketOG,OG,NQ,NQ JUN26,SHORT,1,26137.25,26108.00,580.64,576.28,115.3,WIN,TARGET_HIT,26168.00,615.00,2026-05-07 09:21:04
2026-02-10,2026-02-10 09:45:00,2026-02-10 09:45:00,OG,Backtest,AdxDiCrossBracketOG,OG_AdxDiCrossBracketOG,OG,NQ,NQ JUN26,SHORT,1,25534.50,25512.25,440.64,436.28,87.3,WIN,TARGET_HIT,25559.75,505.00,2026-05-07 09:21:04
2026-02-13,2026-02-13 10:35:00,2026-02-13 10:35:00,OG,Backtest,AdxDiCrossBracketOG,OG_AdxDiCrossBracketOG,OG,NQ,NQ JUN26,LONG,1,25058.75,25127.00,1360.64,1356.28,271.3,WIN,TARGET_HIT,24987.50,1425.00,2026-05-07 09:21:04
2026-03-12,2026-03-12 11:50:00,2026-03-12 11:50:00,OG,Backtest,AdxDiCrossBracketOG,OG_AdxDiCrossBracketOG,OG,NQ,NQ JUN26,LONG,1,24898.75,24843.25,-1114.36,-1118.72,-223.7,LOSS,STOP_HIT,24844.50,1085.00,2026-05-07 09:21:04
2026-01-21,2026-01-21 11:45:00,2026-01-21 11:45:00,OG,Backtest,AdxDiCrossBracketOG,OG_AdxDiCrossBracketOG,OG,NQ,NQ JUN26,SHORT,1,25543.00,25505.75,740.64,736.28,147.3,WIN,TARGET_HIT,25582.25,785.00,2026-05-07 09:21:04
2026-02-24,2026-02-24 10:10:00,2026-02-24 10:10:00,OG,Backtest,AdxDiCrossBracketOG,OG_AdxDiCrossBracketOG,OG,NQ,NQ JUN26,SHORT,1,25048.00,25093.50,-914.36,-918.72,-183.7,LOSS,STOP_HIT,25092.25,885.00,2026-05-07 09:21:04
2026-04-02,2026-04-02 10:45:00,2026-04-02 10:45:00,OG,Backtest,AdxDiCrossBracketOG,OG_AdxDiCrossBracketOG,OG,NQ,NQ JUN26,LONG,1,24211.00,24133.25,-1559.36,-1563.72,-312.7,LOSS,STOP_HIT,24134.50,1530.00,2026-05-07 09:21:04
2026-01-09,2026-01-09 09:45:00,2026-01-09 09:50:00,OG,Backtest,AdxDiCrossBracketOG,OG_AdxDiCrossBracketOG,OG,NQ,NQ JUN26,LONG,1,25965.75,25936.75,-584.36,-588.72,-117.7,LOSS,STOP_HIT,25938.00,555.00,2026-05-07 09:21:04
2026-01-20,2026-01-20 10:50:00,2026-01-20 10:55:00,OG,Backtest,AdxDiCrossBracketOG,OG_AdxDiCrossBracketOG,OG,NQ,NQ JUN26,LONG,1,25598.75,25558.75,-804.36,-808.72,-161.7,LOSS,STOP_HIT,25550.75,960.00,2026-05-07 09:21:04
2026-03-19,2026-03-19 11:15:00,2026-03-19 11:25:00,OG,Backtest,AdxDiCrossBracketOG,OG_AdxDiCrossBracketOG,OG,NQ,NQ JUN26,LONG,1,24531.00,24485.50,-914.36,-918.72,-183.7,LOSS,STOP_HIT,24473.00,1160.00,2026-05-07 09:21:04
2026-02-17,2026-02-17 11:10:00,2026-02-17 11:10:00,OG,Backtest,AdxDiCrossBracketOG,OG_AdxDiCrossBracketOG,OG,NQ,NQ JUN26,LONG,1,24862.00,24927.25,1300.64,1296.28,259.3,WIN,TARGET_HIT,24793.75,1365.00,2026-05-07 09:21:04
2026-02-17,2026-02-17 11:10:00,2026-02-17 11:10:00,OG,Backtest,AdxDiCrossBracketOG,OG_AdxDiCrossBracketOG,OG,NQ,NQ JUN26,LONG,1,24862.00,24927.25,1300.64,1296.28,259.3,WIN,TARGET_HIT,24793.75,1365.00,2026-05-07 09:21:04
2026-03-03,2026-03-03 11:40:00,2026-03-03 11:50:00,OG,Backtest,AdxDiCrossBracketOG,OG_AdxDiCrossBracketOG,OG,NQ,NQ JUN26,SHORT,1,24816.50,24865.00,-974.36,-978.72,-195.7,LOSS,STOP_HIT,24882.75,1325.00,2026-05-07 09:21:04
2026-02-11,2026-02-11 10:20:00,2026-02-11 10:20:00,OG,Backtest,AdxDiCrossBracketOG,OG_AdxDiCrossBracketOG,OG,NQ,NQ JUN26,SHORT,1,25395.25,25345.50,990.64,986.28,197.3,WIN,TARGET_HIT,25448.50,1065.00,2026-05-07 09:21:04
2026-03-25,2026-03-25 11:20:00,2026-03-25 11:20:00,OG,Backtest,AdxDiCrossBracketOG,OG_AdxDiCrossBracketOG,OG,NQ,NQ JUN26,SHORT,1,24385.25,24336.50,970.64,966.28,193.3,WIN,TARGET_HIT,24438.00,1055.00,2026-05-07 09:21:04
2026-02-24,2026-02-24 10:10:00,2026-02-24 10:10:00,OG,Backtest,AdxDiCrossBracketOG,OG_AdxDiCrossBracketOG,OG,NQ,NQ JUN26,SHORT,1,25048.00,25093.50,-914.36,-918.72,-183.7,LOSS,STOP_HIT,25092.25,885.00,2026-05-07 09:21:04
2026-02-24,2026-02-24 10:10:00,2026-02-24 10:10:00,OG,Backtest,AdxDiCrossBracketOG,OG_AdxDiCrossBracketOG,OG,NQ,NQ JUN26,SHORT,1,25048.00,25093.50,-914.36,-918.72,-183.7,LOSS,STOP_HIT,25092.25,885.00,2026-05-07 09:21:04
2026-02-11,2026-02-11 11:20:00,2026-02-11 11:25:00,OG,Backtest,AdxDiCrossBracketOG,OG_AdxDiCrossBracketOG,OG,NQ,NQ JUN26,LONG,1,25468.75,25457.00,-239.36,-243.72,-48.7,LOSS,STOP_HIT,25406.75,1240.00,2026-05-07 09:21:04
2026-02-11,2026-02-11 10:20:00,2026-02-11 10:20:00,OG,Backtest,AdxDiCrossBracketOG,OG_AdxDiCrossBracketOG,OG,NQ,NQ JUN26,SHORT,1,25395.25,25345.50,990.64,986.28,197.3,WIN,TARGET_HIT,25448.50,1065.00,2026-05-07 09:21:04
2026-02-24,2026-02-24 10:15:00,2026-02-24 10:15:00,OG,Backtest,AdxDiCrossBracketOG,OG_AdxDiCrossBracketOG,OG,NQ,NQ JUN26,LONG,1,25110.00,25063.00,-944.36,-948.72,-189.7,LOSS,STOP_HIT,25064.25,915.00,2026-05-07 09:21:04
2026-03-06,2026-03-06 11:10:00,2026-03-06 11:15:00,OG,Backtest,AdxDiCrossBracketOG,OG_AdxDiCrossBracketOG,OG,NQ,NQ JUN26,LONG,1,25102.25,25058.25,-884.36,-888.72,-177.7,LOSS,STOP_HIT,25038.75,1270.00,2026-05-07 09:21:04
2026-01-20,2026-01-20 11:10:00,2026-01-20 11:15:00,OG,Backtest,AdxDiCrossBracketOG,OG_AdxDiCrossBracketOG,OG,NQ,NQ JUN26,LONG,1,25588.25,25600.25,235.64,231.28,46.3,WIN,STOP_HIT,25540.75,950.00,2026-05-07 09:21:04
2026-04-02,2026-04-02 10:45:00,2026-04-02 10:45:00,OG,Backtest,AdxDiCrossBracketOG,OG_AdxDiCrossBracketOG,OG,NQ,NQ JUN26,LONG,1,24211.00,24133.25,-1559.36,-1563.72,-312.7,LOSS,STOP_HIT,24134.50,1530.00,2026-05-07 09:21:04
2026-01-23,2026-01-23 10:10:00,2026-01-23 10:15:00,OG,Backtest,AdxDiCrossBracketOG,OG_AdxDiCrossBracketOG,OG,NQ,NQ JUN26,LONG,1,25921.75,25885.00,-739.36,-743.72,-148.7,LOSS,STOP_HIT,25885.50,725.00,2026-05-07 09:21:04
2026-01-09,2026-01-09 10:15:00,2026-01-09 10:15:00,OG,Backtest,AdxDiCrossBracketOG,OG_AdxDiCrossBracketOG,OG,NQ,NQ JUN26,SHORT,1,25849.75,25897.00,-949.36,-953.72,-190.7,LOSS,STOP_HIT,25895.75,920.00,2026-05-07 09:21:04
2026-01-07,2026-01-07 09:50:00,2026-01-07 09:50:00,OG,Backtest,AdxDiCrossBracketOG,OG_AdxDiCrossBracketOG,OG,NQ,NQ JUN26,LONG,1,26064.50,26079.75,300.64,296.28,59.3,WIN,TARGET_HIT,26047.25,345.00,2026-05-07 09:21:04
2026-03-24,2026-03-24 11:00:00,2026-03-24 11:00:00,OG,Backtest,AdxDiCrossBracketOG,OG_AdxDiCrossBracketOG,OG,NQ,NQ JUN26,LONG,1,24282.25,24217.00,-1309.36,-1313.72,-262.7,LOSS,STOP_HIT,24218.25,1280.00,2026-05-07 09:21:04
2026-03-03,2026-03-03 11:25:00,2026-03-03 11:35:00,OG,Backtest,AdxDiCrossBracketOG,OG_AdxDiCrossBracketOG,OG,NQ,NQ JUN26,LONG,1,24795.25,24818.25,455.64,451.28,90.3,WIN,STOP_HIT,24724.00,1425.00,2026-05-07 09:21:04
2026-03-09,2026-03-09 10:45:00,2026-03-09 10:50:00,OG,Backtest,AdxDiCrossBracketOG,OG_AdxDiCrossBracketOG,OG,NQ,NQ JUN26,LONG,1,24692.75,24762.25,1385.64,1381.28,276.3,WIN,TARGET_HIT,24622.25,1410.00,2026-05-07 09:21:04
2026-04-02,2026-04-02 10:45:00,2026-04-02 10:45:00,OG,Backtest,AdxDiCrossBracketOG,OG_AdxDiCrossBracketOG,OG,NQ,NQ JUN26,LONG,1,24211.00,24133.25,-1559.36,-1563.72,-312.7,LOSS,STOP_HIT,24134.50,1530.00,2026-05-07 09:21:04
2026-02-24,2026-02-24 09:50:00,2026-02-24 09:50:00,OG,Backtest,AdxDiCrossBracketOG,OG_AdxDiCrossBracketOG,OG,NQ,NQ JUN26,LONG,1,25121.25,25157.50,720.64,716.28,143.3,WIN,TARGET_HIT,25081.50,795.00,2026-05-07 09:21:04
2026-01-30,2026-01-30 11:00:00,2026-01-30 11:10:00,OG,Backtest,AdxDiCrossBracketOG,OG_AdxDiCrossBracketOG,OG,NQ,NQ JUN26,SHORT,1,26071.50,26048.25,460.64,456.28,91.3,WIN,STOP_HIT,26129.00,1150.00,2026-05-07 09:21:04
2026-04-07,2026-04-07 11:40:00,2026-04-07 12:00:00,OG,Backtest,AdxDiCrossBracketOG,OG_AdxDiCrossBracketOG,OG,NQ,NQ JUN26,LONG,1,24072.25,24117.50,900.64,896.28,179.3,WIN,TARGET_HIT,24025.00,945.00,2026-05-07 09:21:04
2026-03-03,2026-03-03 11:40:00,2026-03-03 11:50:00,OG,Backtest,AdxDiCrossBracketOG,OG_AdxDiCrossBracketOG,OG,NQ,NQ JUN26,SHORT,1,24816.50,24865.00,-974.36,-978.72,-195.7,LOSS,STOP_HIT,24882.75,1325.00,2026-05-07 09:21:04
2026-04-06,2026-04-06 10:55:00,2026-04-06 11:00:00,OG,Backtest,AdxDiCrossBracketOG,OG_AdxDiCrossBracketOG,OG,NQ,NQ JUN26,SHORT,1,24269.25,24322.25,-1064.36,-1068.72,-213.7,LOSS,STOP_HIT,24321.00,1035.00,2026-05-07 09:21:04
2026-03-13,2026-03-13 10:50:00,2026-03-13 10:50:00,OG,Backtest,AdxDiCrossBracketOG,OG_AdxDiCrossBracketOG,OG,NQ,NQ JUN26,SHORT,1,24804.25,24755.00,980.64,976.28,195.3,WIN,TARGET_HIT,24853.50,985.00,2026-05-07 09:21:04
2026-01-21,2026-01-21 11:45:00,2026-01-21 11:45:00,OG,Backtest,AdxDiCrossBracketOG,OG_AdxDiCrossBracketOG,OG,NQ,NQ JUN26,SHORT,1,25543.00,25505.75,740.64,736.28,147.3,WIN,TARGET_HIT,25582.25,785.00,2026-05-07 09:21:04
2026-02-11,2026-02-11 10:20:00,2026-02-11 10:20:00,OG,Backtest,AdxDiCrossBracketOG,OG_AdxDiCrossBracketOG,OG,NQ,NQ JUN26,SHORT,1,25395.25,25345.50,990.64,986.28,197.3,WIN,TARGET_HIT,25448.50,1065.00,2026-05-07 09:21:04
2026-02-24,2026-02-24 09:50:00,2026-02-24 09:50:00,OG,Backtest,AdxDiCrossBracketOG,OG_AdxDiCrossBracketOG,OG,NQ,NQ JUN26,LONG,1,25121.25,25157.50,720.64,716.28,143.3,WIN,TARGET_HIT,25081.50,795.00,2026-05-07 09:21:04
2026-01-13,2026-01-13 10:10:00,2026-01-13 10:15:00,OG,Backtest,AdxDiCrossBracketOG,OG_AdxDiCrossBracketOG,OG,NQ,NQ JUN26,SHORT,1,26137.25,26108.00,580.64,576.28,115.3,WIN,TARGET_HIT,26168.00,615.00,2026-05-07 09:21:04
2026-01-09,2026-01-09 09:55:00,2026-01-09 09:55:00,OG,Backtest,AdxDiCrossBracketOG,OG_AdxDiCrossBracketOG,OG,NQ,NQ JUN26,SHORT,1,25912.50,25949.00,-734.36,-738.72,-147.7,LOSS,STOP_HIT,25947.75,705.00,2026-05-07 09:21:04
2026-04-10,2026-04-10 11:45:00,2026-04-10 12:00:00,OG,Backtest,AdxDiCrossBracketOG,OG_AdxDiCrossBracketOG,OG,NQ,NQ JUN26,SHORT,1,25300.75,25269.75,615.64,611.28,122.3,WIN,TARGET_HIT,25334.25,670.00,2026-05-07 09:21:04
2026-03-03,2026-03-03 11:25:00,2026-03-03 11:35:00,OG,Backtest,AdxDiCrossBracketOG,OG_AdxDiCrossBracketOG,OG,NQ,NQ JUN26,LONG,1,24795.25,24818.25,455.64,451.28,90.3,WIN,STOP_HIT,24724.00,1425.00,2026-05-07 09:21:04
2026-01-30,2026-01-30 10:55:00,2026-01-30 10:55:00,OG,Backtest,AdxDiCrossBracketOG,OG_AdxDiCrossBracketOG,OG,NQ,NQ JUN26,LONG,1,26118.00,26058.75,-1189.36,-1193.72,-238.7,LOSS,STOP_HIT,26060.00,1160.00,2026-05-07 09:21:04
2026-04-07,2026-04-07 11:40:00,2026-04-07 12:00:00,OG,Backtest,AdxDiCrossBracketOG,OG_AdxDiCrossBracketOG,OG,NQ,NQ JUN26,LONG,1,24072.25,24117.50,900.64,896.28,179.3,WIN,TARGET_HIT,24025.00,945.00,2026-05-07 09:21:04
2026-03-13,2026-03-13 10:50:00,2026-03-13 10:50:00,OG,Backtest,AdxDiCrossBracketOG,OG_AdxDiCrossBracketOG,OG,NQ,NQ JUN26,SHORT,1,24804.25,24755.00,980.64,976.28,195.3,WIN,TARGET_HIT,24853.50,985.00,2026-05-07 09:21:04
2026-02-13,2026-02-13 10:50:00,2026-02-13 11:00:00,OG,Backtest,AdxDiCrossBracketOG,OG_AdxDiCrossBracketOG,OG,NQ,NQ JUN26,SHORT,1,24982.25,25030.75,-974.36,-978.72,-195.7,LOSS,STOP_HIT,25055.00,1455.00,2026-05-07 09:21:04
2026-03-17,2026-03-17 11:15:00,2026-03-17 11:20:00,OG,Backtest,AdxDiCrossBracketOG,OG_AdxDiCrossBracketOG,OG,NQ,NQ JUN26,SHORT,1,25019.75,25057.00,-749.36,-753.72,-150.7,LOSS,STOP_HIT,25056.25,730.00,2026-05-07 09:21:04
2026-04-06,2026-04-06 11:35:00,2026-04-06 11:45:00,OG,Backtest,AdxDiCrossBracketOG,OG_AdxDiCrossBracketOG,OG,NQ,NQ JUN26,SHORT,1,24280.00,24290.75,-219.36,-223.72,-44.7,LOSS,STOP_HIT,24325.50,910.00,2026-05-07 09:21:04
2026-02-03,2026-02-03 09:50:00,2026-02-03 09:50:00,OG,Backtest,AdxDiCrossBracketOG,OG_AdxDiCrossBracketOG,OG,NQ,NQ JUN26,SHORT,1,25960.00,25999.25,-789.36,-793.72,-158.7,LOSS,STOP_HIT,25998.00,760.00,2026-05-07 09:21:04
2026-01-23,2026-01-23 10:10:00,2026-01-23 10:15:00,OG,Backtest,AdxDiCrossBracketOG,OG_AdxDiCrossBracketOG,OG,NQ,NQ JUN26,LONG,1,25921.75,25885.00,-739.36,-743.72,-148.7,LOSS,STOP_HIT,25885.50,725.00,2026-05-07 09:21:04
2026-03-06,2026-03-06 11:10:00,2026-03-06 11:15:00,OG,Backtest,AdxDiCrossBracketOG,OG_AdxDiCrossBracketOG,OG,NQ,NQ JUN26,LONG,1,25102.25,25058.25,-884.36,-888.72,-177.7,LOSS,STOP_HIT,25038.75,1270.00,2026-05-07 09:21:04
2026-03-17,2026-03-17 11:15:00,2026-03-17 11:20:00,OG,Backtest,AdxDiCrossBracketOG,OG_AdxDiCrossBracketOG,OG,NQ,NQ JUN26,SHORT,1,25019.75,25057.00,-749.36,-753.72,-150.7,LOSS,STOP_HIT,25056.25,730.00,2026-05-07 09:21:04
2026-01-07,2026-01-07 09:50:00,2026-01-07 09:50:00,OG,Backtest,AdxDiCrossBracketOG,OG_AdxDiCrossBracketOG,OG,NQ,NQ JUN26,LONG,1,26064.50,26079.75,300.64,296.28,59.3,WIN,TARGET_HIT,26047.25,345.00,2026-05-07 09:21:04
2026-03-09,2026-03-09 10:45:00,2026-03-09 10:50:00,OG,Backtest,AdxDiCrossBracketOG,OG_AdxDiCrossBracketOG,OG,NQ,NQ JUN26,LONG,1,24692.75,24762.25,1385.64,1381.28,276.3,WIN,TARGET_HIT,24622.25,1410.00,2026-05-07 09:21:04
2026-01-28,2026-01-28 11:20:00,2026-01-28 11:25:00,OG,Backtest,AdxDiCrossBracketOG,OG_AdxDiCrossBracketOG,OG,NQ,NQ JUN26,LONG,1,26393.75,26378.25,-314.36,-318.72,-63.7,LOSS,STOP_HIT,26363.25,610.00,2026-05-07 09:21:04
2026-01-20,2026-01-20 10:50:00,2026-01-20 10:55:00,OG,Backtest,AdxDiCrossBracketOG,OG_AdxDiCrossBracketOG,OG,NQ,NQ JUN26,LONG,1,25598.75,25558.75,-804.36,-808.72,-161.7,LOSS,STOP_HIT,25550.75,960.00,2026-05-07 09:21:04
2026-02-11,2026-02-11 11:20:00,2026-02-11 11:25:00,OG,Backtest,AdxDiCrossBracketOG,OG_AdxDiCrossBracketOG,OG,NQ,NQ JUN26,LONG,1,25468.75,25457.00,-239.36,-243.72,-48.7,LOSS,STOP_HIT,25406.75,1240.00,2026-05-07 09:21:04
2026-02-10,2026-02-10 09:45:00,2026-02-10 09:45:00,OG,Backtest,AdxDiCrossBracketOG,OG_AdxDiCrossBracketOG,OG,NQ,NQ JUN26,SHORT,1,25534.50,25512.25,440.64,436.28,87.3,WIN,TARGET_HIT,25559.75,505.00,2026-05-07 09:21:04
2026-03-17,2026-03-17 11:15:00,2026-03-17 11:20:00,OG,Backtest,AdxDiCrossBracketOG,OG_AdxDiCrossBracketOG,OG,NQ,NQ JUN26,SHORT,1,25019.75,25057.00,-749.36,-753.72,-150.7,LOSS,STOP_HIT,25056.25,730.00,2026-05-07 09:21:04
2026-01-09,2026-01-09 10:15:00,2026-01-09 10:15:00,OG,Backtest,AdxDiCrossBracketOG,OG_AdxDiCrossBracketOG,OG,NQ,NQ JUN26,SHORT,1,25849.75,25897.00,-949.36,-953.72,-190.7,LOSS,STOP_HIT,25895.75,920.00,2026-05-07 09:21:04
2026-04-07,2026-04-07 11:40:00,2026-04-07 12:00:00,OG,Backtest,AdxDiCrossBracketOG,OG_AdxDiCrossBracketOG,OG,NQ,NQ JUN26,LONG,1,24072.25,24117.50,900.64,896.28,179.3,WIN,TARGET_HIT,24025.00,945.00,2026-05-07 09:21:04
2026-03-06,2026-03-06 11:10:00,2026-03-06 11:15:00,OG,Backtest,AdxDiCrossBracketOG,OG_AdxDiCrossBracketOG,OG,NQ,NQ JUN26,LONG,1,25102.25,25058.25,-884.36,-888.72,-177.7,LOSS,STOP_HIT,25038.75,1270.00,2026-05-07 09:21:04
2026-04-07,2026-04-07 11:40:00,2026-04-07 12:00:00,OG,Backtest,AdxDiCrossBracketOG,OG_AdxDiCrossBracketOG,OG,NQ,NQ JUN26,LONG,1,24072.25,24117.50,900.64,896.28,179.3,WIN,TARGET_HIT,24025.00,945.00,2026-05-07 09:21:05
2026-04-06,2026-04-06 10:55:00,2026-04-06 11:00:00,OG,Backtest,AdxDiCrossBracketOG,OG_AdxDiCrossBracketOG,OG,NQ,NQ JUN26,SHORT,1,24269.25,24322.25,-1064.36,-1068.72,-213.7,LOSS,STOP_HIT,24321.00,1035.00,2026-05-07 09:21:05
2026-02-24,2026-02-24 10:10:00,2026-02-24 10:10:00,OG,Backtest,AdxDiCrossBracketOG,OG_AdxDiCrossBracketOG,OG,NQ,NQ JUN26,SHORT,1,25048.00,25093.50,-914.36,-918.72,-183.7,LOSS,STOP_HIT,25092.25,885.00,2026-05-07 09:21:05
2026-03-12,2026-03-12 11:50:00,2026-03-12 11:50:00,OG,Backtest,AdxDiCrossBracketOG,OG_AdxDiCrossBracketOG,OG,NQ,NQ JUN26,LONG,1,24898.75,24843.25,-1114.36,-1118.72,-223.7,LOSS,STOP_HIT,24844.50,1085.00,2026-05-07 09:21:05
2026-01-07,2026-01-07 10:10:00,2026-01-07 10:10:00,OG,Backtest,AdxDiCrossBracketOG,OG_AdxDiCrossBracketOG,OG,NQ,NQ JUN26,SHORT,1,26050.00,26073.50,-474.36,-478.72,-95.7,LOSS,STOP_HIT,26072.25,445.00,2026-05-07 09:21:05
2026-01-20,2026-01-20 10:50:00,2026-01-20 10:55:00,OG,Backtest,AdxDiCrossBracketOG,OG_AdxDiCrossBracketOG,OG,NQ,NQ JUN26,LONG,1,25598.75,25558.75,-804.36,-808.72,-161.7,LOSS,STOP_HIT,25550.75,960.00,2026-05-07 09:21:05
2026-02-24,2026-02-24 10:15:00,2026-02-24 10:15:00,OG,Backtest,AdxDiCrossBracketOG,OG_AdxDiCrossBracketOG,OG,NQ,NQ JUN26,LONG,1,25110.00,25063.00,-944.36,-948.72,-189.7,LOSS,STOP_HIT,25064.25,915.00,2026-05-07 09:21:05
2026-01-20,2026-01-20 11:10:00,2026-01-20 11:15:00,OG,Backtest,AdxDiCrossBracketOG,OG_AdxDiCrossBracketOG,OG,NQ,NQ JUN26,LONG,1,25588.25,25600.25,235.64,231.28,46.3,WIN,STOP_HIT,25540.75,950.00,2026-05-07 09:21:05
2026-01-20,2026-01-20 11:10:00,2026-01-20 11:15:00,OG,Backtest,AdxDiCrossBracketOG,OG_AdxDiCrossBracketOG,OG,NQ,NQ JUN26,LONG,1,25588.25,25600.25,235.64,231.28,46.3,WIN,STOP_HIT,25540.75,950.00,2026-05-07 09:21:05
2026-02-24,2026-02-24 09:50:00,2026-02-24 09:50:00,OG,Backtest,AdxDiCrossBracketOG,OG_AdxDiCrossBracketOG,OG,NQ,NQ JUN26,LONG,1,25121.25,25157.50,720.64,716.28,143.3,WIN,TARGET_HIT,25081.50,795.00,2026-05-07 09:21:05
2026-01-07,2026-01-07 10:10:00,2026-01-07 10:10:00,OG,Backtest,AdxDiCrossBracketOG,OG_AdxDiCrossBracketOG,OG,NQ,NQ JUN26,SHORT,1,26050.00,26073.50,-474.36,-478.72,-95.7,LOSS,STOP_HIT,26072.25,445.00,2026-05-07 09:21:05
2026-03-03,2026-03-03 11:25:00,2026-03-03 11:35:00,OG,Backtest,AdxDiCrossBracketOG,OG_AdxDiCrossBracketOG,OG,NQ,NQ JUN26,LONG,1,24795.25,24818.25,455.64,451.28,90.3,WIN,STOP_HIT,24724.00,1425.00,2026-05-07 09:21:05
2026-01-09,2026-01-09 09:45:00,2026-01-09 09:50:00,OG,Backtest,AdxDiCrossBracketOG,OG_AdxDiCrossBracketOG,OG,NQ,NQ JUN26,LONG,1,25965.75,25936.75,-584.36,-588.72,-117.7,LOSS,STOP_HIT,25938.00,555.00,2026-05-07 09:21:05
2026-01-06,2026-01-06 11:00:00,2026-01-06 11:05:00,OG,Backtest,AdxDiCrossBracketOG,OG_AdxDiCrossBracketOG,OG,NQ,NQ JUN26,SHORT,1,25908.50,25880.75,550.64,546.28,109.3,WIN,TARGET_HIT,25938.25,595.00,2026-05-07 09:21:05
2026-01-28,2026-01-28 11:20:00,2026-01-28 11:25:00,OG,Backtest,AdxDiCrossBracketOG,OG_AdxDiCrossBracketOG,OG,NQ,NQ JUN26,LONG,1,26393.75,26378.25,-314.36,-318.72,-63.7,LOSS,STOP_HIT,26363.25,610.00,2026-05-07 09:21:05
2026-01-07,2026-01-07 09:50:00,2026-01-07 09:50:00,OG,Backtest,AdxDiCrossBracketOG,OG_AdxDiCrossBracketOG,OG,NQ,NQ JUN26,LONG,1,26064.50,26079.75,300.64,296.28,59.3,WIN,TARGET_HIT,26047.25,345.00,2026-05-07 09:21:05
2026-01-12,2026-01-12 11:25:00,2026-01-12 11:35:00,OG,Backtest,AdxDiCrossBracketOG,OG_AdxDiCrossBracketOG,OG,NQ,NQ JUN26,LONG,1,26159.50,26149.25,-209.36,-213.72,-42.7,LOSS,STOP_HIT,26131.75,555.00,2026-05-07 09:21:05
2026-01-30,2026-01-30 10:55:00,2026-01-30 10:55:00,OG,Backtest,AdxDiCrossBracketOG,OG_AdxDiCrossBracketOG,OG,NQ,NQ JUN26,LONG,1,26118.00,26058.75,-1189.36,-1193.72,-238.7,LOSS,STOP_HIT,26060.00,1160.00,2026-05-07 09:21:05
2026-01-09,2026-01-09 09:55:00,2026-01-09 09:55:00,OG,Backtest,AdxDiCrossBracketOG,OG_AdxDiCrossBracketOG,OG,NQ,NQ JUN26,SHORT,1,25912.50,25949.00,-734.36,-738.72,-147.7,LOSS,STOP_HIT,25947.75,705.00,2026-05-07 09:21:05
2026-02-24,2026-02-24 09:50:00,2026-02-24 09:50:00,OG,Backtest,AdxDiCrossBracketOG,OG_AdxDiCrossBracketOG,OG,NQ,NQ JUN26,LONG,1,25121.25,25157.50,720.64,716.28,143.3,WIN,TARGET_HIT,25081.50,795.00,2026-05-07 09:21:05
2026-03-13,2026-03-13 10:50:00,2026-03-13 10:50:00,OG,Backtest,AdxDiCrossBracketOG,OG_AdxDiCrossBracketOG,OG,NQ,NQ JUN26,SHORT,1,24804.25,24755.00,980.64,976.28,195.3,WIN,TARGET_HIT,24853.50,985.00,2026-05-07 09:21:05
2026-03-13,2026-03-13 10:50:00,2026-03-13 10:50:00,OG,Backtest,AdxDiCrossBracketOG,OG_AdxDiCrossBracketOG,OG,NQ,NQ JUN26,SHORT,1,24804.25,24755.00,980.64,976.28,195.3,WIN,TARGET_HIT,24853.50,985.00,2026-05-07 09:21:05
2026-02-24,2026-02-24 09:50:00,2026-02-24 09:50:00,OG,Backtest,AdxDiCrossBracketOG,OG_AdxDiCrossBracketOG,OG,NQ,NQ JUN26,LONG,1,25121.25,25157.50,720.64,716.28,143.3,WIN,TARGET_HIT,25081.50,795.00,2026-05-07 09:21:05
2026-04-06,2026-04-06 11:35:00,2026-04-06 11:45:00,OG,Backtest,AdxDiCrossBracketOG,OG_AdxDiCrossBracketOG,OG,NQ,NQ JUN26,SHORT,1,24280.00,24290.75,-219.36,-223.72,-44.7,LOSS,STOP_HIT,24325.50,910.00,2026-05-07 09:21:05
2026-03-27,2026-03-27 11:40:00,2026-03-27 11:45:00,OG,Backtest,AdxDiCrossBracketOG,OG_AdxDiCrossBracketOG,OG,NQ,NQ JUN26,LONG,1,23597.75,23540.25,-1154.36,-1158.72,-231.7,LOSS,STOP_HIT,23541.50,1125.00,2026-05-07 09:21:05
2026-01-07,2026-01-07 09:50:00,2026-01-07 09:50:00,OG,Backtest,AdxDiCrossBracketOG,OG_AdxDiCrossBracketOG,OG,NQ,NQ JUN26,LONG,1,26064.50,26079.75,300.64,296.28,59.3,WIN,TARGET_HIT,26047.25,345.00,2026-05-07 09:21:05
2026-01-09,2026-01-09 10:10:00,2026-01-09 10:10:00,OG,Backtest,AdxDiCrossBracketOG,OG_AdxDiCrossBracketOG,OG,NQ,NQ JUN26,LONG,1,25922.50,25881.00,-834.36,-838.72,-167.7,LOSS,STOP_HIT,25882.25,805.00,2026-05-07 09:21:05
2026-01-07,2026-01-07 10:10:00,2026-01-07 10:10:00,OG,Backtest,AdxDiCrossBracketOG,OG_AdxDiCrossBracketOG,OG,NQ,NQ JUN26,SHORT,1,26050.00,26073.50,-474.36,-478.72,-95.7,LOSS,STOP_HIT,26072.25,445.00,2026-05-07 09:21:05
2026-02-11,2026-02-11 11:20:00,2026-02-11 11:25:00,OG,Backtest,AdxDiCrossBracketOG,OG_AdxDiCrossBracketOG,OG,NQ,NQ JUN26,LONG,1,25468.75,25457.00,-239.36,-243.72,-48.7,LOSS,STOP_HIT,25406.75,1240.00,2026-05-07 09:21:05
2026-03-03,2026-03-03 11:25:00,2026-03-03 11:35:00,OG,Backtest,AdxDiCrossBracketOG,OG_AdxDiCrossBracketOG,OG,NQ,NQ JUN26,LONG,1,24795.25,24818.25,455.64,451.28,90.3,WIN,STOP_HIT,24724.00,1425.00,2026-05-07 09:21:05
2026-01-07,2026-01-07 09:50:00,2026-01-07 09:50:00,OG,Backtest,AdxDiCrossBracketOG,OG_AdxDiCrossBracketOG,OG,NQ,NQ JUN26,LONG,1,26064.50,26079.75,300.64,296.28,59.3,WIN,TARGET_HIT,26047.25,345.00,2026-05-07 09:21:05
2026-04-06,2026-04-06 11:35:00,2026-04-06 11:45:00,OG,Backtest,AdxDiCrossBracketOG,OG_AdxDiCrossBracketOG,OG,NQ,NQ JUN26,SHORT,1,24280.00,24290.75,-219.36,-223.72,-44.7,LOSS,STOP_HIT,24325.50,910.00,2026-05-07 09:21:05
2026-01-20,2026-01-20 11:10:00,2026-01-20 11:15:00,OG,Backtest,AdxDiCrossBracketOG,OG_AdxDiCrossBracketOG,OG,NQ,NQ JUN26,LONG,1,25588.25,25600.25,235.64,231.28,46.3,WIN,STOP_HIT,25540.75,950.00,2026-05-07 09:21:05
2026-01-20,2026-01-20 11:10:00,2026-01-20 11:15:00,OG,Backtest,AdxDiCrossBracketOG,OG_AdxDiCrossBracketOG,OG,NQ,NQ JUN26,LONG,1,25588.25,25600.25,235.64,231.28,46.3,WIN,STOP_HIT,25540.75,950.00,2026-05-07 09:21:05
2026-01-21,2026-01-21 11:45:00,2026-01-21 11:45:00,OG,Backtest,AdxDiCrossBracketOG,OG_AdxDiCrossBracketOG,OG,NQ,NQ JUN26,SHORT,1,25543.00,25505.75,740.64,736.28,147.3,WIN,TARGET_HIT,25582.25,785.00,2026-05-07 09:21:05
2026-02-17,2026-02-17 11:10:00,2026-02-17 11:10:00,OG,Backtest,AdxDiCrossBracketOG,OG_AdxDiCrossBracketOG,OG,NQ,NQ JUN26,LONG,1,24862.00,24927.25,1300.64,1296.28,259.3,WIN,TARGET_HIT,24793.75,1365.00,2026-05-07 09:21:05
2026-01-09,2026-01-09 10:30:00,2026-01-09 10:30:00,OG,Backtest,AdxDiCrossBracketOG,OG_AdxDiCrossBracketOG,OG,NQ,NQ JUN26,LONG,1,26010.00,26057.25,940.64,936.28,187.3,WIN,TARGET_HIT,25959.75,1005.00,2026-05-07 09:21:05
2026-01-30,2026-01-30 10:55:00,2026-01-30 10:55:00,OG,Backtest,AdxDiCrossBracketOG,OG_AdxDiCrossBracketOG,OG,NQ,NQ JUN26,LONG,1,26118.00,26058.75,-1189.36,-1193.72,-238.7,LOSS,STOP_HIT,26060.00,1160.00,2026-05-07 09:21:05
2026-01-06,2026-01-06 11:00:00,2026-01-06 11:05:00,OG,Backtest,AdxDiCrossBracketOG,OG_AdxDiCrossBracketOG,OG,NQ,NQ JUN26,SHORT,1,25908.50,25880.75,550.64,546.28,109.3,WIN,TARGET_HIT,25938.25,595.00,2026-05-07 09:21:05
2026-01-07,2026-01-07 10:10:00,2026-01-07 10:10:00,OG,Backtest,AdxDiCrossBracketOG,OG_AdxDiCrossBracketOG,OG,NQ,NQ JUN26,SHORT,1,26050.00,26073.50,-474.36,-478.72,-95.7,LOSS,STOP_HIT,26072.25,445.00,2026-05-07 09:21:05
2026-04-02,2026-04-02 10:45:00,2026-04-02 10:45:00,OG,Backtest,AdxDiCrossBracketOG,OG_AdxDiCrossBracketOG,OG,NQ,NQ JUN26,LONG,1,24211.00,24133.25,-1559.36,-1563.72,-312.7,LOSS,STOP_HIT,24134.50,1530.00,2026-05-07 09:21:05
2026-01-28,2026-01-28 11:20:00,2026-01-28 11:25:00,OG,Backtest,AdxDiCrossBracketOG,OG_AdxDiCrossBracketOG,OG,NQ,NQ JUN26,LONG,1,26393.75,26378.25,-314.36,-318.72,-63.7,LOSS,STOP_HIT,26363.25,610.00,2026-05-07 09:21:05
2026-01-07,2026-01-07 10:10:00,2026-01-07 10:10:00,OG,Backtest,AdxDiCrossBracketOG,OG_AdxDiCrossBracketOG,OG,NQ,NQ JUN26,SHORT,1,26050.00,26073.50,-474.36,-478.72,-95.7,LOSS,STOP_HIT,26072.25,445.00,2026-05-07 09:21:05
2026-01-28,2026-01-28 11:20:00,2026-01-28 11:25:00,OG,Backtest,AdxDiCrossBracketOG,OG_AdxDiCrossBracketOG,OG,NQ,NQ JUN26,LONG,1,26393.75,26378.25,-314.36,-318.72,-63.7,LOSS,STOP_HIT,26363.25,610.00,2026-05-07 09:21:05
2026-04-07,2026-04-07 11:40:00,2026-04-07 12:00:00,OG,Backtest,AdxDiCrossBracketOG,OG_AdxDiCrossBracketOG,OG,NQ,NQ JUN26,LONG,1,24072.25,24117.50,900.64,896.28,179.3,WIN,TARGET_HIT,24025.00,945.00,2026-05-07 09:21:05
2026-04-10,2026-04-10 11:45:00,2026-04-10 12:00:00,OG,Backtest,AdxDiCrossBracketOG,OG_AdxDiCrossBracketOG,OG,NQ,NQ JUN26,SHORT,1,25300.75,25269.75,615.64,611.28,122.3,WIN,TARGET_HIT,25334.25,670.00,2026-05-07 09:21:05
2026-01-28,2026-01-28 10:55:00,2026-01-28 11:05:00,OG,Backtest,AdxDiCrossBracketOG,OG_AdxDiCrossBracketOG,OG,NQ,NQ JUN26,SHORT,1,26394.50,26393.50,15.64,11.28,2.3,WIN,STOP_HIT,26429.00,690.00,2026-05-07 09:21:05
2026-02-11,2026-02-11 11:20:00,2026-02-11 11:25:00,OG,Backtest,AdxDiCrossBracketOG,OG_AdxDiCrossBracketOG,OG,NQ,NQ JUN26,LONG,1,25468.75,25457.00,-239.36,-243.72,-48.7,LOSS,STOP_HIT,25406.75,1240.00,2026-05-07 09:21:05
2026-01-20,2026-01-20 11:10:00,2026-01-20 11:15:00,OG,Backtest,AdxDiCrossBracketOG,OG_AdxDiCrossBracketOG,OG,NQ,NQ JUN26,LONG,1,25588.25,25600.25,235.64,231.28,46.3,WIN,STOP_HIT,25540.75,950.00,2026-05-07 09:21:05
2026-01-16,2026-01-16 11:30:00,2026-01-16 11:35:00,OG,Backtest,AdxDiCrossBracketOG,OG_AdxDiCrossBracketOG,OG,NQ,NQ JUN26,LONG,1,25912.25,25924.50,240.64,236.28,47.3,WIN,STOP_HIT,25874.75,750.00,2026-05-07 09:21:05
2026-01-21,2026-01-21 11:45:00,2026-01-21 11:45:00,OG,Backtest,AdxDiCrossBracketOG,OG_AdxDiCrossBracketOG,OG,NQ,NQ JUN26,SHORT,1,25543.00,25505.75,740.64,736.28,147.3,WIN,TARGET_HIT,25582.25,785.00,2026-05-07 09:21:05
2026-01-20,2026-01-20 10:50:00,2026-01-20 10:55:00,OG,Backtest,AdxDiCrossBracketOG,OG_AdxDiCrossBracketOG,OG,NQ,NQ JUN26,LONG,1,25598.75,25558.75,-804.36,-808.72,-161.7,LOSS,STOP_HIT,25550.75,960.00,2026-05-07 09:21:05
2026-02-13,2026-02-13 10:50:00,2026-02-13 11:00:00,OG,Backtest,AdxDiCrossBracketOG,OG_AdxDiCrossBracketOG,OG,NQ,NQ JUN26,SHORT,1,24982.25,25030.75,-974.36,-978.72,-195.7,LOSS,STOP_HIT,25055.00,1455.00,2026-05-07 09:21:05
2026-02-11,2026-02-11 11:05:00,2026-02-11 11:10:00,OG,Backtest,AdxDiCrossBracketOG,OG_AdxDiCrossBracketOG,OG,NQ,NQ JUN26,LONG,1,25454.25,25417.50,-739.36,-743.72,-148.7,LOSS,STOP_HIT,25393.00,1225.00,2026-05-07 09:21:05
2026-01-20,2026-01-20 11:10:00,2026-01-20 11:15:00,OG,Backtest,AdxDiCrossBracketOG,OG_AdxDiCrossBracketOG,OG,NQ,NQ JUN26,LONG,1,25588.25,25600.25,235.64,231.28,46.3,WIN,STOP_HIT,25540.75,950.00,2026-05-07 09:21:05
2026-04-02,2026-04-02 10:45:00,2026-04-02 10:45:00,OG,Backtest,AdxDiCrossBracketOG,OG_AdxDiCrossBracketOG,OG,NQ,NQ JUN26,LONG,1,24211.00,24133.25,-1559.36,-1563.72,-312.7,LOSS,STOP_HIT,24134.50,1530.00,2026-05-07 09:21:05
2026-02-11,2026-02-11 10:20:00,2026-02-11 10:20:00,OG,Backtest,AdxDiCrossBracketOG,OG_AdxDiCrossBracketOG,OG,NQ,NQ JUN26,SHORT,1,25395.25,25345.50,990.64,986.28,197.3,WIN,TARGET_HIT,25448.50,1065.00,2026-05-07 09:21:05
2026-01-13,2026-01-13 10:10:00,2026-01-13 10:15:00,OG,Backtest,AdxDiCrossBracketOG,OG_AdxDiCrossBracketOG,OG,NQ,NQ JUN26,SHORT,1,26137.25,26108.00,580.64,576.28,115.3,WIN,TARGET_HIT,26168.00,615.00,2026-05-07 09:21:05
2026-01-20,2026-01-20 10:50:00,2026-01-20 10:55:00,OG,Backtest,AdxDiCrossBracketOG,OG_AdxDiCrossBracketOG,OG,NQ,NQ JUN26,LONG,1,25598.75,25558.75,-804.36,-808.72,-161.7,LOSS,STOP_HIT,25550.75,960.00,2026-05-07 09:21:05
2026-03-13,2026-03-13 10:50:00,2026-03-13 10:50:00,OG,Backtest,AdxDiCrossBracketOG,OG_AdxDiCrossBracketOG,OG,NQ,NQ JUN26,SHORT,1,24804.25,24755.00,980.64,976.28,195.3,WIN,TARGET_HIT,24853.50,985.00,2026-05-07 09:21:05
2026-04-06,2026-04-06 10:55:00,2026-04-06 11:00:00,OG,Backtest,AdxDiCrossBracketOG,OG_AdxDiCrossBracketOG,OG,NQ,NQ JUN26,SHORT,1,24269.25,24322.25,-1064.36,-1068.72,-213.7,LOSS,STOP_HIT,24321.00,1035.00,2026-05-07 09:21:05
2026-02-24,2026-02-24 10:10:00,2026-02-24 10:10:00,OG,Backtest,AdxDiCrossBracketOG,OG_AdxDiCrossBracketOG,OG,NQ,NQ JUN26,SHORT,1,25048.00,25093.50,-914.36,-918.72,-183.7,LOSS,STOP_HIT,25092.25,885.00,2026-05-07 09:21:05
2026-02-13,2026-02-13 10:35:00,2026-02-13 10:35:00,OG,Backtest,AdxDiCrossBracketOG,OG_AdxDiCrossBracketOG,OG,NQ,NQ JUN26,LONG,1,25058.75,25127.00,1360.64,1356.28,271.3,WIN,TARGET_HIT,24987.50,1425.00,2026-05-07 09:21:05
2026-04-06,2026-04-06 11:35:00,2026-04-06 11:45:00,OG,Backtest,AdxDiCrossBracketOG,OG_AdxDiCrossBracketOG,OG,NQ,NQ JUN26,SHORT,1,24280.00,24290.75,-219.36,-223.72,-44.7,LOSS,STOP_HIT,24325.50,910.00,2026-05-07 09:21:05
2026-01-30,2026-01-30 11:00:00,2026-01-30 11:10:00,OG,Backtest,AdxDiCrossBracketOG,OG_AdxDiCrossBracketOG,OG,NQ,NQ JUN26,SHORT,1,26071.50,26048.25,460.64,456.28,91.3,WIN,STOP_HIT,26129.00,1150.00,2026-05-07 09:21:05
2026-02-13,2026-02-13 10:50:00,2026-02-13 11:00:00,OG,Backtest,AdxDiCrossBracketOG,OG_AdxDiCrossBracketOG,OG,NQ,NQ JUN26,SHORT,1,24982.25,25030.75,-974.36,-978.72,-195.7,LOSS,STOP_HIT,25055.00,1455.00,2026-05-07 09:21:05
2026-03-24,2026-03-24 11:00:00,2026-03-24 11:00:00,OG,Backtest,AdxDiCrossBracketOG,OG_AdxDiCrossBracketOG,OG,NQ,NQ JUN26,LONG,1,24282.25,24217.00,-1309.36,-1313.72,-262.7,LOSS,STOP_HIT,24218.25,1280.00,2026-05-07 09:21:05
2026-03-03,2026-03-03 11:25:00,2026-03-03 11:35:00,OG,Backtest,AdxDiCrossBracketOG,OG_AdxDiCrossBracketOG,OG,NQ,NQ JUN26,LONG,1,24795.25,24818.25,455.64,451.28,90.3,WIN,STOP_HIT,24724.00,1425.00,2026-05-07 09:21:05
2026-02-13,2026-02-13 10:50:00,2026-02-13 11:00:00,OG,Backtest,AdxDiCrossBracketOG,OG_AdxDiCrossBracketOG,OG,NQ,NQ JUN26,SHORT,1,24982.25,25030.75,-974.36,-978.72,-195.7,LOSS,STOP_HIT,25055.00,1455.00,2026-05-07 09:21:05
2026-02-24,2026-02-24 09:50:00,2026-02-24 09:50:00,OG,Backtest,AdxDiCrossBracketOG,OG_AdxDiCrossBracketOG,OG,NQ,NQ JUN26,LONG,1,25121.25,25157.50,720.64,716.28,143.3,WIN,TARGET_HIT,25081.50,795.00,2026-05-07 09:21:05
2026-01-28,2026-01-28 10:55:00,2026-01-28 11:05:00,OG,Backtest,AdxDiCrossBracketOG,OG_AdxDiCrossBracketOG,OG,NQ,NQ JUN26,SHORT,1,26394.50,26393.50,15.64,11.28,2.3,WIN,STOP_HIT,26429.00,690.00,2026-05-07 09:21:05
2026-03-25,2026-03-25 11:20:00,2026-03-25 11:20:00,OG,Backtest,AdxDiCrossBracketOG,OG_AdxDiCrossBracketOG,OG,NQ,NQ JUN26,SHORT,1,24385.25,24336.50,970.64,966.28,193.3,WIN,TARGET_HIT,24438.00,1055.00,2026-05-07 09:21:05
2026-02-24,2026-02-24 10:15:00,2026-02-24 10:15:00,OG,Backtest,AdxDiCrossBracketOG,OG_AdxDiCrossBracketOG,OG,NQ,NQ JUN26,LONG,1,25110.00,25063.00,-944.36,-948.72,-189.7,LOSS,STOP_HIT,25064.25,915.00,2026-05-07 09:21:05
2026-02-13,2026-02-13 10:50:00,2026-02-13 11:00:00,OG,Backtest,AdxDiCrossBracketOG,OG_AdxDiCrossBracketOG,OG,NQ,NQ JUN26,SHORT,1,24982.25,25030.75,-974.36,-978.72,-195.7,LOSS,STOP_HIT,25055.00,1455.00,2026-05-07 09:21:05
2026-03-02,2026-03-02 11:15:00,2026-03-02 11:20:00,OG,Backtest,AdxDiCrossBracketOG,OG_AdxDiCrossBracketOG,OG,NQ,NQ JUN26,LONG,1,25187.75,25180.00,-159.36,-163.72,-32.7,LOSS,STOP_HIT,25129.50,1165.00,2026-05-07 09:21:05
2026-02-11,2026-02-11 11:20:00,2026-02-11 11:25:00,OG,Backtest,AdxDiCrossBracketOG,OG_AdxDiCrossBracketOG,OG,NQ,NQ JUN26,LONG,1,25468.75,25457.00,-239.36,-243.72,-48.7,LOSS,STOP_HIT,25406.75,1240.00,2026-05-07 09:21:05
2026-02-10,2026-02-10 09:45:00,2026-02-10 09:45:00,OG,Backtest,AdxDiCrossBracketOG,OG_AdxDiCrossBracketOG,OG,NQ,NQ JUN26,SHORT,1,25534.50,25512.25,440.64,436.28,87.3,WIN,TARGET_HIT,25559.75,505.00,2026-05-07 09:21:05
2026-02-05,2026-02-05 11:40:00,2026-02-05 11:50:00,OG,Backtest,AdxDiCrossBracketOG,OG_AdxDiCrossBracketOG,OG,NQ,NQ JUN26,LONG,1,25026.25,24991.50,-699.36,-703.72,-140.7,LOSS,STOP_HIT,24938.00,1765.00,2026-05-07 09:21:05
2026-02-13,2026-02-13 10:35:00,2026-02-13 10:35:00,OG,Backtest,AdxDiCrossBracketOG,OG_AdxDiCrossBracketOG,OG,NQ,NQ JUN26,LONG,1,25058.75,25127.00,1360.64,1356.28,271.3,WIN,TARGET_HIT,24987.50,1425.00,2026-05-07 09:21:05
2026-03-03,2026-03-03 11:40:00,2026-03-03 11:50:00,OG,Backtest,AdxDiCrossBracketOG,OG_AdxDiCrossBracketOG,OG,NQ,NQ JUN26,SHORT,1,24816.50,24865.00,-974.36,-978.72,-195.7,LOSS,STOP_HIT,24882.75,1325.00,2026-05-07 09:21:05
2026-01-09,2026-01-09 10:30:00,2026-01-09 10:30:00,OG,Backtest,AdxDiCrossBracketOG,OG_AdxDiCrossBracketOG,OG,NQ,NQ JUN26,LONG,1,26010.00,26057.25,940.64,936.28,187.3,WIN,TARGET_HIT,25959.75,1005.00,2026-05-07 09:21:05
2026-04-10,2026-04-10 11:45:00,2026-04-10 12:00:00,OG,Backtest,AdxDiCrossBracketOG,OG_AdxDiCrossBracketOG,OG,NQ,NQ JUN26,SHORT,1,25300.75,25269.75,615.64,611.28,122.3,WIN,TARGET_HIT,25334.25,670.00,2026-05-07 09:21:05
2026-03-13,2026-03-13 10:50:00,2026-03-13 10:50:00,OG,Backtest,AdxDiCrossBracketOG,OG_AdxDiCrossBracketOG,OG,NQ,NQ JUN26,SHORT,1,24804.25,24755.00,980.64,976.28,195.3,WIN,TARGET_HIT,24853.50,985.00,2026-05-07 09:21:05
2026-03-20,2026-03-20 11:30:00,2026-03-20 12:05:00,OG,Backtest,AdxDiCrossBracketOG,OG_AdxDiCrossBracketOG,OG,NQ,NQ JUN26,LONG,1,24275.00,24327.75,1050.64,1046.28,209.3,WIN,TARGET_HIT,24219.75,1105.00,2026-05-07 09:21:05
2026-03-06,2026-03-06 11:10:00,2026-03-06 11:15:00,OG,Backtest,AdxDiCrossBracketOG,OG_AdxDiCrossBracketOG,OG,NQ,NQ JUN26,LONG,1,25102.25,25058.25,-884.36,-888.72,-177.7,LOSS,STOP_HIT,25038.75,1270.00,2026-05-07 09:21:05
2026-03-24,2026-03-24 11:00:00,2026-03-24 11:00:00,OG,Backtest,AdxDiCrossBracketOG,OG_AdxDiCrossBracketOG,OG,NQ,NQ JUN26,LONG,1,24282.25,24217.00,-1309.36,-1313.72,-262.7,LOSS,STOP_HIT,24218.25,1280.00,2026-05-07 09:21:05
2026-01-30,2026-01-30 10:55:00,2026-01-30 10:55:00,OG,Backtest,AdxDiCrossBracketOG,OG_AdxDiCrossBracketOG,OG,NQ,NQ JUN26,LONG,1,26118.00,26058.75,-1189.36,-1193.72,-238.7,LOSS,STOP_HIT,26060.00,1160.00,2026-05-07 09:21:05
2026-03-09,2026-03-09 10:45:00,2026-03-09 10:50:00,OG,Backtest,AdxDiCrossBracketOG,OG_AdxDiCrossBracketOG,OG,NQ,NQ JUN26,LONG,1,24692.75,24762.25,1385.64,1381.28,276.3,WIN,TARGET_HIT,24622.25,1410.00,2026-05-07 09:21:05
2026-04-02,2026-04-02 10:45:00,2026-04-02 10:45:00,OG,Backtest,AdxDiCrossBracketOG,OG_AdxDiCrossBracketOG,OG,NQ,NQ JUN26,LONG,1,24211.00,24133.25,-1559.36,-1563.72,-312.7,LOSS,STOP_HIT,24134.50,1530.00,2026-05-07 09:21:05
2026-03-03,2026-03-03 11:25:00,2026-03-03 11:35:00,OG,Backtest,AdxDiCrossBracketOG,OG_AdxDiCrossBracketOG,OG,NQ,NQ JUN26,LONG,1,24795.25,24818.25,455.64,451.28,90.3,WIN,STOP_HIT,24724.00,1425.00,2026-05-07 09:21:05
2026-03-24,2026-03-24 11:00:00,2026-03-24 11:00:00,OG,Backtest,AdxDiCrossBracketOG,OG_AdxDiCrossBracketOG,OG,NQ,NQ JUN26,LONG,1,24282.25,24217.00,-1309.36,-1313.72,-262.7,LOSS,STOP_HIT,24218.25,1280.00,2026-05-07 09:21:05
2026-04-06,2026-04-06 10:55:00,2026-04-06 11:00:00,OG,Backtest,AdxDiCrossBracketOG,OG_AdxDiCrossBracketOG,OG,NQ,NQ JUN26,SHORT,1,24269.25,24322.25,-1064.36,-1068.72,-213.7,LOSS,STOP_HIT,24321.00,1035.00,2026-05-07 09:21:05
2026-02-24,2026-02-24 10:10:00,2026-02-24 10:10:00,OG,Backtest,AdxDiCrossBracketOG,OG_AdxDiCrossBracketOG,OG,NQ,NQ JUN26,SHORT,1,25048.00,25093.50,-914.36,-918.72,-183.7,LOSS,STOP_HIT,25092.25,885.00,2026-05-07 09:21:05
2026-04-06,2026-04-06 11:05:00,2026-04-06 11:25:00,OG,Backtest,AdxDiCrossBracketOG,OG_AdxDiCrossBracketOG,OG,NQ,NQ JUN26,LONG,1,24307.50,24293.75,-279.36,-283.72,-56.7,LOSS,STOP_HIT,24255.50,1040.00,2026-05-07 09:21:05
2026-02-24,2026-02-24 09:50:00,2026-02-24 09:50:00,OG,Backtest,AdxDiCrossBracketOG,OG_AdxDiCrossBracketOG,OG,NQ,NQ JUN26,LONG,1,25121.25,25157.50,720.64,716.28,143.3,WIN,TARGET_HIT,25081.50,795.00,2026-05-07 09:21:05
2026-03-03,2026-03-03 11:40:00,2026-03-03 11:50:00,OG,Backtest,AdxDiCrossBracketOG,OG_AdxDiCrossBracketOG,OG,NQ,NQ JUN26,SHORT,1,24816.50,24865.00,-974.36,-978.72,-195.7,LOSS,STOP_HIT,24882.75,1325.00,2026-05-07 09:21:05
2026-03-19,2026-03-19 11:15:00,2026-03-19 11:25:00,OG,Backtest,AdxDiCrossBracketOG,OG_AdxDiCrossBracketOG,OG,NQ,NQ JUN26,LONG,1,24531.00,24485.50,-914.36,-918.72,-183.7,LOSS,STOP_HIT,24473.00,1160.00,2026-05-07 09:21:05
2026-02-11,2026-02-11 11:05:00,2026-02-11 11:10:00,OG,Backtest,AdxDiCrossBracketOG,OG_AdxDiCrossBracketOG,OG,NQ,NQ JUN26,LONG,1,25454.25,25417.50,-739.36,-743.72,-148.7,LOSS,STOP_HIT,25393.00,1225.00,2026-05-07 09:21:05
2026-04-07,2026-04-07 11:40:00,2026-04-07 12:00:00,OG,Backtest,AdxDiCrossBracketOG,OG_AdxDiCrossBracketOG,OG,NQ,NQ JUN26,LONG,1,24072.25,24117.50,900.64,896.28,179.3,WIN,TARGET_HIT,24025.00,945.00,2026-05-07 09:21:05
2026-03-03,2026-03-03 11:25:00,2026-03-03 11:35:00,OG,Backtest,AdxDiCrossBracketOG,OG_AdxDiCrossBracketOG,OG,NQ,NQ JUN26,LONG,1,24795.25,24818.25,455.64,451.28,90.3,WIN,STOP_HIT,24724.00,1425.00,2026-05-07 09:21:05
2026-01-09,2026-01-09 10:15:00,2026-01-09 10:15:00,OG,Backtest,AdxDiCrossBracketOG,OG_AdxDiCrossBracketOG,OG,NQ,NQ JUN26,SHORT,1,25849.75,25897.00,-949.36,-953.72,-190.7,LOSS,STOP_HIT,25895.75,920.00,2026-05-07 09:21:05
2026-02-10,2026-02-10 09:45:00,2026-02-10 09:45:00,OG,Backtest,AdxDiCrossBracketOG,OG_AdxDiCrossBracketOG,OG,NQ,NQ JUN26,SHORT,1,25534.50,25512.25,440.64,436.28,87.3,WIN,TARGET_HIT,25559.75,505.00,2026-05-07 09:21:05
2026-03-25,2026-03-25 11:20:00,2026-03-25 11:20:00,OG,Backtest,AdxDiCrossBracketOG,OG_AdxDiCrossBracketOG,OG,NQ,NQ JUN26,SHORT,1,24385.25,24336.50,970.64,966.28,193.3,WIN,TARGET_HIT,24438.00,1055.00,2026-05-07 09:21:05
2026-03-13,2026-03-13 10:50:00,2026-03-13 10:50:00,OG,Backtest,AdxDiCrossBracketOG,OG_AdxDiCrossBracketOG,OG,NQ,NQ JUN26,SHORT,1,24804.25,24755.00,980.64,976.28,195.3,WIN,TARGET_HIT,24853.50,985.00,2026-05-07 09:21:05
2026-04-07,2026-04-07 11:40:00,2026-04-07 12:00:00,OG,Backtest,AdxDiCrossBracketOG,OG_AdxDiCrossBracketOG,OG,NQ,NQ JUN26,LONG,1,24072.25,24117.50,900.64,896.28,179.3,WIN,TARGET_HIT,24025.00,945.00,2026-05-07 09:21:05
2026-04-10,2026-04-10 11:45:00,2026-04-10 12:00:00,OG,Backtest,AdxDiCrossBracketOG,OG_AdxDiCrossBracketOG,OG,NQ,NQ JUN26,SHORT,1,25300.75,25269.75,615.64,611.28,122.3,WIN,TARGET_HIT,25334.25,670.00,2026-05-07 09:21:05
2026-01-09,2026-01-09 09:45:00,2026-01-09 09:50:00,OG,Backtest,AdxDiCrossBracketOG,OG_AdxDiCrossBracketOG,OG,NQ,NQ JUN26,LONG,1,25965.75,25936.75,-584.36,-588.72,-117.7,LOSS,STOP_HIT,25938.00,555.00,2026-05-07 09:21:05
2026-03-13,2026-03-13 10:50:00,2026-03-13 10:50:00,OG,Backtest,AdxDiCrossBracketOG,OG_AdxDiCrossBracketOG,OG,NQ,NQ JUN26,SHORT,1,24804.25,24755.00,980.64,976.28,195.3,WIN,TARGET_HIT,24853.50,985.00,2026-05-07 09:21:05
2026-01-09,2026-01-09 09:55:00,2026-01-09 09:55:00,OG,Backtest,AdxDiCrossBracketOG,OG_AdxDiCrossBracketOG,OG,NQ,NQ JUN26,SHORT,1,25912.50,25949.00,-734.36,-738.72,-147.7,LOSS,STOP_HIT,25947.75,705.00,2026-05-07 09:21:05
2026-03-25,2026-03-25 11:20:00,2026-03-25 11:20:00,OG,Backtest,AdxDiCrossBracketOG,OG_AdxDiCrossBracketOG,OG,NQ,NQ JUN26,SHORT,1,24385.25,24336.50,970.64,966.28,193.3,WIN,TARGET_HIT,24438.00,1055.00,2026-05-07 09:21:05
2026-01-16,2026-01-16 11:30:00,2026-01-16 11:35:00,OG,Backtest,AdxDiCrossBracketOG,OG_AdxDiCrossBracketOG,OG,NQ,NQ JUN26,LONG,1,25912.25,25924.50,240.64,236.28,47.3,WIN,STOP_HIT,25874.75,750.00,2026-05-07 09:21:05
2026-02-05,2026-02-05 11:40:00,2026-02-05 11:50:00,OG,Backtest,AdxDiCrossBracketOG,OG_AdxDiCrossBracketOG,OG,NQ,NQ JUN26,LONG,1,25026.25,24991.50,-699.36,-703.72,-140.7,LOSS,STOP_HIT,24938.00,1765.00,2026-05-07 09:21:05
2026-02-17,2026-02-17 11:10:00,2026-02-17 11:10:00,OG,Backtest,AdxDiCrossBracketOG,OG_AdxDiCrossBracketOG,OG,NQ,NQ JUN26,LONG,1,24862.00,24927.25,1300.64,1296.28,259.3,WIN,TARGET_HIT,24793.75,1365.00,2026-05-07 09:21:05
2026-04-02,2026-04-02 10:45:00,2026-04-02 10:45:00,OG,Backtest,AdxDiCrossBracketOG,OG_AdxDiCrossBracketOG,OG,NQ,NQ JUN26,LONG,1,24211.00,24133.25,-1559.36,-1563.72,-312.7,LOSS,STOP_HIT,24134.50,1530.00,2026-05-07 09:21:05
2026-02-10,2026-02-10 09:45:00,2026-02-10 09:45:00,OG,Backtest,AdxDiCrossBracketOG,OG_AdxDiCrossBracketOG,OG,NQ,NQ JUN26,SHORT,1,25534.50,25512.25,440.64,436.28,87.3,WIN,TARGET_HIT,25559.75,505.00,2026-05-07 09:21:05
2026-02-17,2026-02-17 11:10:00,2026-02-17 11:10:00,OG,Backtest,AdxDiCrossBracketOG,OG_AdxDiCrossBracketOG,OG,NQ,NQ JUN26,LONG,1,24862.00,24927.25,1300.64,1296.28,259.3,WIN,TARGET_HIT,24793.75,1365.00,2026-05-07 09:21:05
2026-03-24,2026-03-24 11:00:00,2026-03-24 11:00:00,OG,Backtest,AdxDiCrossBracketOG,OG_AdxDiCrossBracketOG,OG,NQ,NQ JUN26,LONG,1,24282.25,24217.00,-1309.36,-1313.72,-262.7,LOSS,STOP_HIT,24218.25,1280.00,2026-05-07 09:21:05
2026-02-24,2026-02-24 10:15:00,2026-02-24 10:15:00,OG,Backtest,AdxDiCrossBracketOG,OG_AdxDiCrossBracketOG,OG,NQ,NQ JUN26,LONG,1,25110.00,25063.00,-944.36,-948.72,-189.7,LOSS,STOP_HIT,25064.25,915.00,2026-05-07 09:21:05
2026-03-24,2026-03-24 11:00:00,2026-03-24 11:00:00,OG,Backtest,AdxDiCrossBracketOG,OG_AdxDiCrossBracketOG,OG,NQ,NQ JUN26,LONG,1,24282.25,24217.00,-1309.36,-1313.72,-262.7,LOSS,STOP_HIT,24218.25,1280.00,2026-05-07 09:21:05
2026-04-06,2026-04-06 11:35:00,2026-04-06 11:45:00,OG,Backtest,AdxDiCrossBracketOG,OG_AdxDiCrossBracketOG,OG,NQ,NQ JUN26,SHORT,1,24280.00,24290.75,-219.36,-223.72,-44.7,LOSS,STOP_HIT,24325.50,910.00,2026-05-07 09:21:05
2026-02-13,2026-02-13 10:50:00,2026-02-13 11:00:00,OG,Backtest,AdxDiCrossBracketOG,OG_AdxDiCrossBracketOG,OG,NQ,NQ JUN26,SHORT,1,24982.25,25030.75,-974.36,-978.72,-195.7,LOSS,STOP_HIT,25055.00,1455.00,2026-05-07 09:21:05
2026-03-13,2026-03-13 10:50:00,2026-03-13 10:50:00,OG,Backtest,AdxDiCrossBracketOG,OG_AdxDiCrossBracketOG,OG,NQ,NQ JUN26,SHORT,1,24804.25,24755.00,980.64,976.28,195.3,WIN,TARGET_HIT,24853.50,985.00,2026-05-07 09:21:05
2026-02-24,2026-02-24 10:15:00,2026-02-24 10:15:00,OG,Backtest,AdxDiCrossBracketOG,OG_AdxDiCrossBracketOG,OG,NQ,NQ JUN26,LONG,1,25110.00,25063.00,-944.36,-948.72,-189.7,LOSS,STOP_HIT,25064.25,915.00,2026-05-07 09:21:05
2026-04-06,2026-04-06 11:35:00,2026-04-06 11:45:00,OG,Backtest,AdxDiCrossBracketOG,OG_AdxDiCrossBracketOG,OG,NQ,NQ JUN26,SHORT,1,24280.00,24290.75,-219.36,-223.72,-44.7,LOSS,STOP_HIT,24325.50,910.00,2026-05-07 09:21:05
2026-02-05,2026-02-05 11:40:00,2026-02-05 11:50:00,OG,Backtest,AdxDiCrossBracketOG,OG_AdxDiCrossBracketOG,OG,NQ,NQ JUN26,LONG,1,25026.25,24991.50,-699.36,-703.72,-140.7,LOSS,STOP_HIT,24938.00,1765.00,2026-05-07 09:21:05
2026-02-24,2026-02-24 10:15:00,2026-02-24 10:15:00,OG,Backtest,AdxDiCrossBracketOG,OG_AdxDiCrossBracketOG,OG,NQ,NQ JUN26,LONG,1,25110.00,25063.00,-944.36,-948.72,-189.7,LOSS,STOP_HIT,25064.25,915.00,2026-05-07 09:21:05
2026-03-13,2026-03-13 10:50:00,2026-03-13 10:50:00,OG,Backtest,AdxDiCrossBracketOG,OG_AdxDiCrossBracketOG,OG,NQ,NQ JUN26,SHORT,1,24804.25,24755.00,980.64,976.28,195.3,WIN,TARGET_HIT,24853.50,985.00,2026-05-07 09:21:05
2026-01-07,2026-01-07 10:10:00,2026-01-07 10:10:00,OG,Backtest,AdxDiCrossBracketOG,OG_AdxDiCrossBracketOG,OG,NQ,NQ JUN26,SHORT,1,26050.00,26073.50,-474.36,-478.72,-95.7,LOSS,STOP_HIT,26072.25,445.00,2026-05-07 09:21:05
2026-03-03,2026-03-03 11:40:00,2026-03-03 11:50:00,OG,Backtest,AdxDiCrossBracketOG,OG_AdxDiCrossBracketOG,OG,NQ,NQ JUN26,SHORT,1,24816.50,24865.00,-974.36,-978.72,-195.7,LOSS,STOP_HIT,24882.75,1325.00,2026-05-07 09:21:05
2026-02-24,2026-02-24 10:15:00,2026-02-24 10:15:00,OG,Backtest,AdxDiCrossBracketOG,OG_AdxDiCrossBracketOG,OG,NQ,NQ JUN26,LONG,1,25110.00,25063.00,-944.36,-948.72,-189.7,LOSS,STOP_HIT,25064.25,915.00,2026-05-07 09:21:05
2026-03-06,2026-03-06 11:10:00,2026-03-06 11:15:00,OG,Backtest,AdxDiCrossBracketOG,OG_AdxDiCrossBracketOG,OG,NQ,NQ JUN26,LONG,1,25102.25,25058.25,-884.36,-888.72,-177.7,LOSS,STOP_HIT,25038.75,1270.00,2026-05-07 09:21:05
2026-02-03,2026-02-03 09:50:00,2026-02-03 09:50:00,OG,Backtest,AdxDiCrossBracketOG,OG_AdxDiCrossBracketOG,OG,NQ,NQ JUN26,SHORT,1,25960.00,25999.25,-789.36,-793.72,-158.7,LOSS,STOP_HIT,25998.00,760.00,2026-05-07 09:21:05
2026-01-07,2026-01-07 10:10:00,2026-01-07 10:10:00,OG,Backtest,AdxDiCrossBracketOG,OG_AdxDiCrossBracketOG,OG,NQ,NQ JUN26,SHORT,1,26050.00,26073.50,-474.36,-478.72,-95.7,LOSS,STOP_HIT,26072.25,445.00,2026-05-07 09:21:05
2026-02-24,2026-02-24 10:15:00,2026-02-24 10:15:00,OG,Backtest,AdxDiCrossBracketOG,OG_AdxDiCrossBracketOG,OG,NQ,NQ JUN26,LONG,1,25110.00,25063.00,-944.36,-948.72,-189.7,LOSS,STOP_HIT,25064.25,915.00,2026-05-07 09:21:05
2026-03-09,2026-03-09 10:45:00,2026-03-09 10:50:00,OG,Backtest,AdxDiCrossBracketOG,OG_AdxDiCrossBracketOG,OG,NQ,NQ JUN26,LONG,1,24692.75,24762.25,1385.64,1381.28,276.3,WIN,TARGET_HIT,24622.25,1410.00,2026-05-07 09:21:05
2026-01-07,2026-01-07 10:10:00,2026-01-07 10:10:00,OG,Backtest,AdxDiCrossBracketOG,OG_AdxDiCrossBracketOG,OG,NQ,NQ JUN26,SHORT,1,26050.00,26073.50,-474.36,-478.72,-95.7,LOSS,STOP_HIT,26072.25,445.00,2026-05-07 09:21:05
2026-01-09,2026-01-09 10:30:00,2026-01-09 10:30:00,OG,Backtest,AdxDiCrossBracketOG,OG_AdxDiCrossBracketOG,OG,NQ,NQ JUN26,LONG,1,26010.00,26057.25,940.64,936.28,187.3,WIN,TARGET_HIT,25959.75,1005.00,2026-05-07 09:21:05
2026-03-03,2026-03-03 11:25:00,2026-03-03 11:35:00,OG,Backtest,AdxDiCrossBracketOG,OG_AdxDiCrossBracketOG,OG,NQ,NQ JUN26,LONG,1,24795.25,24818.25,455.64,451.28,90.3,WIN,STOP_HIT,24724.00,1425.00,2026-05-07 09:21:05
2026-01-09,2026-01-09 09:45:00,2026-01-09 09:50:00,OG,Backtest,AdxDiCrossBracketOG,OG_AdxDiCrossBracketOG,OG,NQ,NQ JUN26,LONG,1,25965.75,25936.75,-584.36,-588.72,-117.7,LOSS,STOP_HIT,25938.00,555.00,2026-05-07 09:21:05
2026-04-10,2026-04-10 11:45:00,2026-04-10 12:00:00,OG,Backtest,AdxDiCrossBracketOG,OG_AdxDiCrossBracketOG,OG,NQ,NQ JUN26,SHORT,1,25300.75,25269.75,615.64,611.28,122.3,WIN,TARGET_HIT,25334.25,670.00,2026-05-07 09:21:05
2026-01-13,2026-01-13 10:10:00,2026-01-13 10:15:00,OG,Backtest,AdxDiCrossBracketOG,OG_AdxDiCrossBracketOG,OG,NQ,NQ JUN26,SHORT,1,26137.25,26108.00,580.64,576.28,115.3,WIN,TARGET_HIT,26168.00,615.00,2026-05-07 09:21:05
2026-01-06,2026-01-06 11:00:00,2026-01-06 11:05:00,OG,Backtest,AdxDiCrossBracketOG,OG_AdxDiCrossBracketOG,OG,NQ,NQ JUN26,SHORT,1,25908.50,25880.75,550.64,546.28,109.3,WIN,TARGET_HIT,25938.25,595.00,2026-05-07 09:21:05
2026-01-09,2026-01-09 10:30:00,2026-01-09 10:30:00,OG,Backtest,AdxDiCrossBracketOG,OG_AdxDiCrossBracketOG,OG,NQ,NQ JUN26,LONG,1,26010.00,26057.25,940.64,936.28,187.3,WIN,TARGET_HIT,25959.75,1005.00,2026-05-07 09:21:05
2026-01-07,2026-01-07 09:50:00,2026-01-07 09:50:00,OG,Backtest,AdxDiCrossBracketOG,OG_AdxDiCrossBracketOG,OG,NQ,NQ JUN26,LONG,1,26064.50,26079.75,300.64,296.28,59.3,WIN,TARGET_HIT,26047.25,345.00,2026-05-07 09:21:05
2026-03-03,2026-03-03 11:25:00,2026-03-03 11:35:00,OG,Backtest,AdxDiCrossBracketOG,OG_AdxDiCrossBracketOG,OG,NQ,NQ JUN26,LONG,1,24795.25,24818.25,455.64,451.28,90.3,WIN,STOP_HIT,24724.00,1425.00,2026-05-07 09:21:05
2026-01-07,2026-01-07 10:10:00,2026-01-07 10:10:00,OG,Backtest,AdxDiCrossBracketOG,OG_AdxDiCrossBracketOG,OG,NQ,NQ JUN26,SHORT,1,26050.00,26073.50,-474.36,-478.72,-95.7,LOSS,STOP_HIT,26072.25,445.00,2026-05-07 09:21:05
2026-03-27,2026-03-27 11:40:00,2026-03-27 11:45:00,OG,Backtest,AdxDiCrossBracketOG,OG_AdxDiCrossBracketOG,OG,NQ,NQ JUN26,LONG,1,23597.75,23540.25,-1154.36,-1158.72,-231.7,LOSS,STOP_HIT,23541.50,1125.00,2026-05-07 09:21:05
2026-01-20,2026-01-20 11:10:00,2026-01-20 11:15:00,OG,Backtest,AdxDiCrossBracketOG,OG_AdxDiCrossBracketOG,OG,NQ,NQ JUN26,LONG,1,25588.25,25600.25,235.64,231.28,46.3,WIN,STOP_HIT,25540.75,950.00,2026-05-07 09:21:05
2026-02-24,2026-02-24 09:50:00,2026-02-24 09:50:00,OG,Backtest,AdxDiCrossBracketOG,OG_AdxDiCrossBracketOG,OG,NQ,NQ JUN26,LONG,1,25121.25,25157.50,720.64,716.28,143.3,WIN,TARGET_HIT,25081.50,795.00,2026-05-07 09:21:05
2026-01-09,2026-01-09 09:55:00,2026-01-09 09:55:00,OG,Backtest,AdxDiCrossBracketOG,OG_AdxDiCrossBracketOG,OG,NQ,NQ JUN26,SHORT,1,25912.50,25949.00,-734.36,-738.72,-147.7,LOSS,STOP_HIT,25947.75,705.00,2026-05-07 09:21:05
2026-02-17,2026-02-17 11:10:00,2026-02-17 11:10:00,OG,Backtest,AdxDiCrossBracketOG,OG_AdxDiCrossBracketOG,OG,NQ,NQ JUN26,LONG,1,24862.00,24927.25,1300.64,1296.28,259.3,WIN,TARGET_HIT,24793.75,1365.00,2026-05-07 09:21:05
2026-04-06,2026-04-06 11:05:00,2026-04-06 11:25:00,OG,Backtest,AdxDiCrossBracketOG,OG_AdxDiCrossBracketOG,OG,NQ,NQ JUN26,LONG,1,24307.50,24293.75,-279.36,-283.72,-56.7,LOSS,STOP_HIT,24255.50,1040.00,2026-05-07 09:21:05
2026-04-06,2026-04-06 10:55:00,2026-04-06 11:00:00,OG,Backtest,AdxDiCrossBracketOG,OG_AdxDiCrossBracketOG,OG,NQ,NQ JUN26,SHORT,1,24269.25,24322.25,-1064.36,-1068.72,-213.7,LOSS,STOP_HIT,24321.00,1035.00,2026-05-07 09:21:05
2026-01-20,2026-01-20 11:10:00,2026-01-20 11:15:00,OG,Backtest,AdxDiCrossBracketOG,OG_AdxDiCrossBracketOG,OG,NQ,NQ JUN26,LONG,1,25588.25,25600.25,235.64,231.28,46.3,WIN,STOP_HIT,25540.75,950.00,2026-05-07 09:21:05
2026-01-20,2026-01-20 11:10:00,2026-01-20 11:15:00,OG,Backtest,AdxDiCrossBracketOG,OG_AdxDiCrossBracketOG,OG,NQ,NQ JUN26,LONG,1,25588.25,25600.25,235.64,231.28,46.3,WIN,STOP_HIT,25540.75,950.00,2026-05-07 09:21:05
2026-01-23,2026-01-23 10:10:00,2026-01-23 10:15:00,OG,Backtest,AdxDiCrossBracketOG,OG_AdxDiCrossBracketOG,OG,NQ,NQ JUN26,LONG,1,25921.75,25885.00,-739.36,-743.72,-148.7,LOSS,STOP_HIT,25885.50,725.00,2026-05-07 09:21:06
2026-03-17,2026-03-17 11:15:00,2026-03-17 11:20:00,OG,Backtest,AdxDiCrossBracketOG,OG_AdxDiCrossBracketOG,OG,NQ,NQ JUN26,SHORT,1,25019.75,25057.00,-749.36,-753.72,-150.7,LOSS,STOP_HIT,25056.25,730.00,2026-05-07 09:21:06
2026-04-07,2026-04-07 11:40:00,2026-04-07 12:00:00,OG,Backtest,AdxDiCrossBracketOG,OG_AdxDiCrossBracketOG,OG,NQ,NQ JUN26,LONG,1,24072.25,24117.50,900.64,896.28,179.3,WIN,TARGET_HIT,24025.00,945.00,2026-05-07 09:21:06
2026-01-23,2026-01-23 10:10:00,2026-01-23 10:15:00,OG,Backtest,AdxDiCrossBracketOG,OG_AdxDiCrossBracketOG,OG,NQ,NQ JUN26,LONG,1,25921.75,25885.00,-739.36,-743.72,-148.7,LOSS,STOP_HIT,25885.50,725.00,2026-05-07 09:21:06
2026-04-06,2026-04-06 10:55:00,2026-04-06 11:00:00,OG,Backtest,AdxDiCrossBracketOG,OG_AdxDiCrossBracketOG,OG,NQ,NQ JUN26,SHORT,1,24269.25,24322.25,-1064.36,-1068.72,-213.7,LOSS,STOP_HIT,24321.00,1035.00,2026-05-07 09:21:06
2026-01-16,2026-01-16 11:30:00,2026-01-16 11:35:00,OG,Backtest,AdxDiCrossBracketOG,OG_AdxDiCrossBracketOG,OG,NQ,NQ JUN26,LONG,1,25912.25,25924.50,240.64,236.28,47.3,WIN,STOP_HIT,25874.75,750.00,2026-05-07 09:21:06
2026-03-13,2026-03-13 10:50:00,2026-03-13 10:50:00,OG,Backtest,AdxDiCrossBracketOG,OG_AdxDiCrossBracketOG,OG,NQ,NQ JUN26,SHORT,1,24804.25,24755.00,980.64,976.28,195.3,WIN,TARGET_HIT,24853.50,985.00,2026-05-07 09:21:06
2026-01-07,2026-01-07 09:50:00,2026-01-07 09:50:00,OG,Backtest,AdxDiCrossBracketOG,OG_AdxDiCrossBracketOG,OG,NQ,NQ JUN26,LONG,1,26064.50,26079.75,300.64,296.28,59.3,WIN,TARGET_HIT,26047.25,345.00,2026-05-07 09:21:06
2026-01-30,2026-01-30 10:55:00,2026-01-30 10:55:00,OG,Backtest,AdxDiCrossBracketOG,OG_AdxDiCrossBracketOG,OG,NQ,NQ JUN26,LONG,1,26118.00,26058.75,-1189.36,-1193.72,-238.7,LOSS,STOP_HIT,26060.00,1160.00,2026-05-07 09:21:06
2026-02-11,2026-02-11 10:20:00,2026-02-11 10:20:00,OG,Backtest,AdxDiCrossBracketOG,OG_AdxDiCrossBracketOG,OG,NQ,NQ JUN26,SHORT,1,25395.25,25345.50,990.64,986.28,197.3,WIN,TARGET_HIT,25448.50,1065.00,2026-05-07 09:21:06
2026-01-09,2026-01-09 10:30:00,2026-01-09 10:30:00,OG,Backtest,AdxDiCrossBracketOG,OG_AdxDiCrossBracketOG,OG,NQ,NQ JUN26,LONG,1,26010.00,26057.25,940.64,936.28,187.3,WIN,TARGET_HIT,25959.75,1005.00,2026-05-07 09:21:06
2026-01-09,2026-01-09 09:45:00,2026-01-09 09:50:00,OG,Backtest,AdxDiCrossBracketOG,OG_AdxDiCrossBracketOG,OG,NQ,NQ JUN26,LONG,1,25965.75,25936.75,-584.36,-588.72,-117.7,LOSS,STOP_HIT,25938.00,555.00,2026-05-07 09:21:06
2026-01-20,2026-01-20 11:10:00,2026-01-20 11:15:00,OG,Backtest,AdxDiCrossBracketOG,OG_AdxDiCrossBracketOG,OG,NQ,NQ JUN26,LONG,1,25588.25,25600.25,235.64,231.28,46.3,WIN,STOP_HIT,25540.75,950.00,2026-05-07 09:21:06
2026-01-28,2026-01-28 10:55:00,2026-01-28 11:10:00,OG,Backtest,AdxDiCrossBracketOG,OG_AdxDiCrossBracketOG,OG,NQ,NQ JUN26,SHORT,1,26394.50,26396.00,-34.36,-38.72,-7.7,LOSS,STOP_HIT,26429.00,690.00,2026-05-07 09:21:06
2026-02-11,2026-02-11 11:05:00,2026-02-11 11:10:00,OG,Backtest,AdxDiCrossBracketOG,OG_AdxDiCrossBracketOG,OG,NQ,NQ JUN26,LONG,1,25454.25,25417.50,-739.36,-743.72,-148.7,LOSS,STOP_HIT,25393.00,1225.00,2026-05-07 09:21:06
2026-01-28,2026-01-28 10:55:00,2026-01-28 11:10:00,OG,Backtest,AdxDiCrossBracketOG,OG_AdxDiCrossBracketOG,OG,NQ,NQ JUN26,SHORT,1,26394.50,26396.00,-34.36,-38.72,-7.7,LOSS,STOP_HIT,26429.00,690.00,2026-05-07 09:21:06
2026-02-11,2026-02-11 11:05:00,2026-02-11 11:10:00,OG,Backtest,AdxDiCrossBracketOG,OG_AdxDiCrossBracketOG,OG,NQ,NQ JUN26,LONG,1,25454.25,25417.50,-739.36,-743.72,-148.7,LOSS,STOP_HIT,25393.00,1225.00,2026-05-07 09:21:06
2026-01-07,2026-01-07 09:50:00,2026-01-07 09:50:00,OG,Backtest,AdxDiCrossBracketOG,OG_AdxDiCrossBracketOG,OG,NQ,NQ JUN26,LONG,1,26064.50,26079.75,300.64,296.28,59.3,WIN,TARGET_HIT,26047.25,345.00,2026-05-07 09:21:06
2026-02-13,2026-02-13 10:35:00,2026-02-13 10:35:00,OG,Backtest,AdxDiCrossBracketOG,OG_AdxDiCrossBracketOG,OG,NQ,NQ JUN26,LONG,1,25058.75,25127.00,1360.64,1356.28,271.3,WIN,TARGET_HIT,24987.50,1425.00,2026-05-07 09:21:06
2026-01-20,2026-01-20 11:10:00,2026-01-20 11:15:00,OG,Backtest,AdxDiCrossBracketOG,OG_AdxDiCrossBracketOG,OG,NQ,NQ JUN26,LONG,1,25588.25,25600.25,235.64,231.28,46.3,WIN,STOP_HIT,25540.75,950.00,2026-05-07 09:21:06
2026-03-25,2026-03-25 11:20:00,2026-03-25 11:20:00,OG,Backtest,AdxDiCrossBracketOG,OG_AdxDiCrossBracketOG,OG,NQ,NQ JUN26,SHORT,1,24385.25,24336.50,970.64,966.28,193.3,WIN,TARGET_HIT,24438.00,1055.00,2026-05-07 09:21:06
2026-02-11,2026-02-11 11:20:00,2026-02-11 11:25:00,OG,Backtest,AdxDiCrossBracketOG,OG_AdxDiCrossBracketOG,OG,NQ,NQ JUN26,LONG,1,25468.75,25457.00,-239.36,-243.72,-48.7,LOSS,STOP_HIT,25406.75,1240.00,2026-05-07 09:21:06
2026-02-24,2026-02-24 10:15:00,2026-02-24 10:15:00,OG,Backtest,AdxDiCrossBracketOG,OG_AdxDiCrossBracketOG,OG,NQ,NQ JUN26,LONG,1,25110.00,25063.00,-944.36,-948.72,-189.7,LOSS,STOP_HIT,25064.25,915.00,2026-05-07 09:21:06
2026-02-24,2026-02-24 09:50:00,2026-02-24 09:50:00,OG,Backtest,AdxDiCrossBracketOG,OG_AdxDiCrossBracketOG,OG,NQ,NQ JUN26,LONG,1,25121.25,25157.50,720.64,716.28,143.3,WIN,TARGET_HIT,25081.50,795.00,2026-05-07 09:21:06
2026-02-03,2026-02-03 09:50:00,2026-02-03 09:50:00,OG,Backtest,AdxDiCrossBracketOG,OG_AdxDiCrossBracketOG,OG,NQ,NQ JUN26,SHORT,1,25960.00,25999.25,-789.36,-793.72,-158.7,LOSS,STOP_HIT,25998.00,760.00,2026-05-07 09:21:06
2026-02-24,2026-02-24 10:10:00,2026-02-24 10:10:00,OG,Backtest,AdxDiCrossBracketOG,OG_AdxDiCrossBracketOG,OG,NQ,NQ JUN26,SHORT,1,25048.00,25093.50,-914.36,-918.72,-183.7,LOSS,STOP_HIT,25092.25,885.00,2026-05-07 09:21:06
2026-02-11,2026-02-11 11:05:00,2026-02-11 11:10:00,OG,Backtest,AdxDiCrossBracketOG,OG_AdxDiCrossBracketOG,OG,NQ,NQ JUN26,LONG,1,25454.25,25417.50,-739.36,-743.72,-148.7,LOSS,STOP_HIT,25393.00,1225.00,2026-05-07 09:21:06
2026-02-24,2026-02-24 10:15:00,2026-02-24 10:15:00,OG,Backtest,AdxDiCrossBracketOG,OG_AdxDiCrossBracketOG,OG,NQ,NQ JUN26,LONG,1,25110.00,25063.00,-944.36,-948.72,-189.7,LOSS,STOP_HIT,25064.25,915.00,2026-05-07 09:21:06
2026-02-11,2026-02-11 10:20:00,2026-02-11 10:20:00,OG,Backtest,AdxDiCrossBracketOG,OG_AdxDiCrossBracketOG,OG,NQ,NQ JUN26,SHORT,1,25395.25,25345.50,990.64,986.28,197.3,WIN,TARGET_HIT,25448.50,1065.00,2026-05-07 09:21:06
2026-03-12,2026-03-12 11:50:00,2026-03-12 11:50:00,OG,Backtest,AdxDiCrossBracketOG,OG_AdxDiCrossBracketOG,OG,NQ,NQ JUN26,LONG,1,24898.75,24843.25,-1114.36,-1118.72,-223.7,LOSS,STOP_HIT,24844.50,1085.00,2026-05-07 09:21:06
2026-01-30,2026-01-30 11:00:00,2026-01-30 11:10:00,OG,Backtest,AdxDiCrossBracketOG,OG_AdxDiCrossBracketOG,OG,NQ,NQ JUN26,SHORT,1,26071.50,26048.25,460.64,456.28,91.3,WIN,STOP_HIT,26129.00,1150.00,2026-05-07 09:21:06
2026-03-13,2026-03-13 10:50:00,2026-03-13 10:50:00,OG,Backtest,AdxDiCrossBracketOG,OG_AdxDiCrossBracketOG,OG,NQ,NQ JUN26,SHORT,1,24804.25,24755.00,980.64,976.28,195.3,WIN,TARGET_HIT,24853.50,985.00,2026-05-07 09:21:06
2026-02-11,2026-02-11 11:05:00,2026-02-11 11:10:00,OG,Backtest,AdxDiCrossBracketOG,OG_AdxDiCrossBracketOG,OG,NQ,NQ JUN26,LONG,1,25454.25,25417.50,-739.36,-743.72,-148.7,LOSS,STOP_HIT,25393.00,1225.00,2026-05-07 09:21:06
2026-03-06,2026-03-06 11:10:00,2026-03-06 11:15:00,OG,Backtest,AdxDiCrossBracketOG,OG_AdxDiCrossBracketOG,OG,NQ,NQ JUN26,LONG,1,25102.25,25058.25,-884.36,-888.72,-177.7,LOSS,STOP_HIT,25038.75,1270.00,2026-05-07 09:21:06
2026-03-06,2026-03-06 11:10:00,2026-03-06 11:15:00,OG,Backtest,AdxDiCrossBracketOG,OG_AdxDiCrossBracketOG,OG,NQ,NQ JUN26,LONG,1,25102.25,25058.25,-884.36,-888.72,-177.7,LOSS,STOP_HIT,25038.75,1270.00,2026-05-07 09:21:06
2026-01-09,2026-01-09 09:55:00,2026-01-09 09:55:00,OG,Backtest,AdxDiCrossBracketOG,OG_AdxDiCrossBracketOG,OG,NQ,NQ JUN26,SHORT,1,25912.50,25949.00,-734.36,-738.72,-147.7,LOSS,STOP_HIT,25947.75,705.00,2026-05-07 09:21:06
2026-02-13,2026-02-13 10:50:00,2026-02-13 11:00:00,OG,Backtest,AdxDiCrossBracketOG,OG_AdxDiCrossBracketOG,OG,NQ,NQ JUN26,SHORT,1,24982.25,25030.75,-974.36,-978.72,-195.7,LOSS,STOP_HIT,25055.00,1455.00,2026-05-07 09:21:06
2026-03-17,2026-03-17 11:15:00,2026-03-17 11:20:00,OG,Backtest,AdxDiCrossBracketOG,OG_AdxDiCrossBracketOG,OG,NQ,NQ JUN26,SHORT,1,25019.75,25057.00,-749.36,-753.72,-150.7,LOSS,STOP_HIT,25056.25,730.00,2026-05-07 09:21:06
2026-03-03,2026-03-03 11:25:00,2026-03-03 11:35:00,OG,Backtest,AdxDiCrossBracketOG,OG_AdxDiCrossBracketOG,OG,NQ,NQ JUN26,LONG,1,24795.25,24818.25,455.64,451.28,90.3,WIN,STOP_HIT,24724.00,1425.00,2026-05-07 09:21:06
2026-02-17,2026-02-17 11:10:00,2026-02-17 11:10:00,OG,Backtest,AdxDiCrossBracketOG,OG_AdxDiCrossBracketOG,OG,NQ,NQ JUN26,LONG,1,24862.00,24927.25,1300.64,1296.28,259.3,WIN,TARGET_HIT,24793.75,1365.00,2026-05-07 09:21:06
2026-02-17,2026-02-17 11:10:00,2026-02-17 11:10:00,OG,Backtest,AdxDiCrossBracketOG,OG_AdxDiCrossBracketOG,OG,NQ,NQ JUN26,LONG,1,24862.00,24927.25,1300.64,1296.28,259.3,WIN,TARGET_HIT,24793.75,1365.00,2026-05-07 09:21:06
2026-03-17,2026-03-17 11:15:00,2026-03-17 11:20:00,OG,Backtest,AdxDiCrossBracketOG,OG_AdxDiCrossBracketOG,OG,NQ,NQ JUN26,SHORT,1,25019.75,25057.00,-749.36,-753.72,-150.7,LOSS,STOP_HIT,25056.25,730.00,2026-05-07 09:21:06
2026-02-11,2026-02-11 10:20:00,2026-02-11 10:20:00,OG,Backtest,AdxDiCrossBracketOG,OG_AdxDiCrossBracketOG,OG,NQ,NQ JUN26,SHORT,1,25395.25,25345.50,990.64,986.28,197.3,WIN,TARGET_HIT,25448.50,1065.00,2026-05-07 09:21:06
2026-01-30,2026-01-30 10:55:00,2026-01-30 10:55:00,OG,Backtest,AdxDiCrossBracketOG,OG_AdxDiCrossBracketOG,OG,NQ,NQ JUN26,LONG,1,26118.00,26058.75,-1189.36,-1193.72,-238.7,LOSS,STOP_HIT,26060.00,1160.00,2026-05-07 09:21:06
2026-02-24,2026-02-24 10:10:00,2026-02-24 10:10:00,OG,Backtest,AdxDiCrossBracketOG,OG_AdxDiCrossBracketOG,OG,NQ,NQ JUN26,SHORT,1,25048.00,25093.50,-914.36,-918.72,-183.7,LOSS,STOP_HIT,25092.25,885.00,2026-05-07 09:21:06
2026-01-09,2026-01-09 09:55:00,2026-01-09 09:55:00,OG,Backtest,AdxDiCrossBracketOG,OG_AdxDiCrossBracketOG,OG,NQ,NQ JUN26,SHORT,1,25912.50,25949.00,-734.36,-738.72,-147.7,LOSS,STOP_HIT,25947.75,705.00,2026-05-07 09:21:06
2026-03-20,2026-03-20 11:30:00,2026-03-20 12:05:00,OG,Backtest,AdxDiCrossBracketOG,OG_AdxDiCrossBracketOG,OG,NQ,NQ JUN26,LONG,1,24275.00,24327.75,1050.64,1046.28,209.3,WIN,TARGET_HIT,24219.75,1105.00,2026-05-07 09:21:06
2026-03-20,2026-03-20 11:30:00,2026-03-20 12:05:00,OG,Backtest,AdxDiCrossBracketOG,OG_AdxDiCrossBracketOG,OG,NQ,NQ JUN26,LONG,1,24275.00,24327.75,1050.64,1046.28,209.3,WIN,TARGET_HIT,24219.75,1105.00,2026-05-07 09:21:06
2026-03-24,2026-03-24 11:00:00,2026-03-24 11:00:00,OG,Backtest,AdxDiCrossBracketOG,OG_AdxDiCrossBracketOG,OG,NQ,NQ JUN26,LONG,1,24282.25,24217.00,-1309.36,-1313.72,-262.7,LOSS,STOP_HIT,24218.25,1280.00,2026-05-07 09:21:06
2026-03-09,2026-03-09 10:45:00,2026-03-09 10:50:00,OG,Backtest,AdxDiCrossBracketOG,OG_AdxDiCrossBracketOG,OG,NQ,NQ JUN26,LONG,1,24692.75,24762.25,1385.64,1381.28,276.3,WIN,TARGET_HIT,24622.25,1410.00,2026-05-07 09:21:06
2026-04-06,2026-04-06 10:55:00,2026-04-06 11:00:00,OG,Backtest,AdxDiCrossBracketOG,OG_AdxDiCrossBracketOG,OG,NQ,NQ JUN26,SHORT,1,24269.25,24322.25,-1064.36,-1068.72,-213.7,LOSS,STOP_HIT,24321.00,1035.00,2026-05-07 09:21:06
2026-01-30,2026-01-30 10:55:00,2026-01-30 10:55:00,OG,Backtest,AdxDiCrossBracketOG,OG_AdxDiCrossBracketOG,OG,NQ,NQ JUN26,LONG,1,26118.00,26058.75,-1189.36,-1193.72,-238.7,LOSS,STOP_HIT,26060.00,1160.00,2026-05-07 09:21:06
2026-03-06,2026-03-06 11:10:00,2026-03-06 11:15:00,OG,Backtest,AdxDiCrossBracketOG,OG_AdxDiCrossBracketOG,OG,NQ,NQ JUN26,LONG,1,25102.25,25058.25,-884.36,-888.72,-177.7,LOSS,STOP_HIT,25038.75,1270.00,2026-05-07 09:21:06
2026-04-02,2026-04-02 10:45:00,2026-04-02 10:45:00,OG,Backtest,AdxDiCrossBracketOG,OG_AdxDiCrossBracketOG,OG,NQ,NQ JUN26,LONG,1,24211.00,24133.25,-1559.36,-1563.72,-312.7,LOSS,STOP_HIT,24134.50,1530.00,2026-05-07 09:21:06
2026-02-11,2026-02-11 11:05:00,2026-02-11 11:10:00,OG,Backtest,AdxDiCrossBracketOG,OG_AdxDiCrossBracketOG,OG,NQ,NQ JUN26,LONG,1,25454.25,25417.50,-739.36,-743.72,-148.7,LOSS,STOP_HIT,25393.00,1225.00,2026-05-07 09:21:06
2026-03-17,2026-03-17 11:15:00,2026-03-17 11:20:00,OG,Backtest,AdxDiCrossBracketOG,OG_AdxDiCrossBracketOG,OG,NQ,NQ JUN26,SHORT,1,25019.75,25057.00,-749.36,-753.72,-150.7,LOSS,STOP_HIT,25056.25,730.00,2026-05-07 09:21:06
2026-02-11,2026-02-11 11:20:00,2026-02-11 11:25:00,OG,Backtest,AdxDiCrossBracketOG,OG_AdxDiCrossBracketOG,OG,NQ,NQ JUN26,LONG,1,25468.75,25457.00,-239.36,-243.72,-48.7,LOSS,STOP_HIT,25406.75,1240.00,2026-05-07 09:21:06
2026-01-16,2026-01-16 11:30:00,2026-01-16 11:35:00,OG,Backtest,AdxDiCrossBracketOG,OG_AdxDiCrossBracketOG,OG,NQ,NQ JUN26,LONG,1,25912.25,25924.50,240.64,236.28,47.3,WIN,STOP_HIT,25874.75,750.00,2026-05-07 09:21:06
2026-03-19,2026-03-19 11:15:00,2026-03-19 11:25:00,OG,Backtest,AdxDiCrossBracketOG,OG_AdxDiCrossBracketOG,OG,NQ,NQ JUN26,LONG,1,24531.00,24485.50,-914.36,-918.72,-183.7,LOSS,STOP_HIT,24473.00,1160.00,2026-05-07 09:21:06
2026-03-24,2026-03-24 11:00:00,2026-03-24 11:00:00,OG,Backtest,AdxDiCrossBracketOG,OG_AdxDiCrossBracketOG,OG,NQ,NQ JUN26,LONG,1,24282.25,24217.00,-1309.36,-1313.72,-262.7,LOSS,STOP_HIT,24218.25,1280.00,2026-05-07 09:21:06
2026-03-17,2026-03-17 11:15:00,2026-03-17 11:20:00,OG,Backtest,AdxDiCrossBracketOG,OG_AdxDiCrossBracketOG,OG,NQ,NQ JUN26,SHORT,1,25019.75,25057.00,-749.36,-753.72,-150.7,LOSS,STOP_HIT,25056.25,730.00,2026-05-07 09:21:06
2026-03-19,2026-03-19 11:15:00,2026-03-19 11:25:00,OG,Backtest,AdxDiCrossBracketOG,OG_AdxDiCrossBracketOG,OG,NQ,NQ JUN26,LONG,1,24531.00,24485.50,-914.36,-918.72,-183.7,LOSS,STOP_HIT,24473.00,1160.00,2026-05-07 09:21:06
2026-03-19,2026-03-19 11:15:00,2026-03-19 11:25:00,OG,Backtest,AdxDiCrossBracketOG,OG_AdxDiCrossBracketOG,OG,NQ,NQ JUN26,LONG,1,24531.00,24485.50,-914.36,-918.72,-183.7,LOSS,STOP_HIT,24473.00,1160.00,2026-05-07 09:21:06
2026-01-20,2026-01-20 11:10:00,2026-01-20 11:15:00,OG,Backtest,AdxDiCrossBracketOG,OG_AdxDiCrossBracketOG,OG,NQ,NQ JUN26,LONG,1,25588.25,25600.25,235.64,231.28,46.3,WIN,STOP_HIT,25540.75,950.00,2026-05-07 09:21:06
2026-02-13,2026-02-13 10:35:00,2026-02-13 10:35:00,OG,Backtest,AdxDiCrossBracketOG,OG_AdxDiCrossBracketOG,OG,NQ,NQ JUN26,LONG,1,25058.75,25127.00,1360.64,1356.28,271.3,WIN,TARGET_HIT,24987.50,1425.00,2026-05-07 09:21:06
2026-01-09,2026-01-09 10:15:00,2026-01-09 10:15:00,OG,Backtest,AdxDiCrossBracketOG,OG_AdxDiCrossBracketOG,OG,NQ,NQ JUN26,SHORT,1,25849.75,25897.00,-949.36,-953.72,-190.7,LOSS,STOP_HIT,25895.75,920.00,2026-05-07 09:21:06
2026-04-06,2026-04-06 10:55:00,2026-04-06 11:00:00,OG,Backtest,AdxDiCrossBracketOG,OG_AdxDiCrossBracketOG,OG,NQ,NQ JUN26,SHORT,1,24269.25,24322.25,-1064.36,-1068.72,-213.7,LOSS,STOP_HIT,24321.00,1035.00,2026-05-07 09:21:06
2026-03-19,2026-03-19 11:15:00,2026-03-19 11:25:00,OG,Backtest,AdxDiCrossBracketOG,OG_AdxDiCrossBracketOG,OG,NQ,NQ JUN26,LONG,1,24531.00,24485.50,-914.36,-918.72,-183.7,LOSS,STOP_HIT,24473.00,1160.00,2026-05-07 09:21:06
2026-03-24,2026-03-24 11:00:00,2026-03-24 11:00:00,OG,Backtest,AdxDiCrossBracketOG,OG_AdxDiCrossBracketOG,OG,NQ,NQ JUN26,LONG,1,24282.25,24217.00,-1309.36,-1313.72,-262.7,LOSS,STOP_HIT,24218.25,1280.00,2026-05-07 09:21:06
2026-02-17,2026-02-17 11:10:00,2026-02-17 11:10:00,OG,Backtest,AdxDiCrossBracketOG,OG_AdxDiCrossBracketOG,OG,NQ,NQ JUN26,LONG,1,24862.00,24927.25,1300.64,1296.28,259.3,WIN,TARGET_HIT,24793.75,1365.00,2026-05-07 09:21:06
2026-03-20,2026-03-20 11:30:00,2026-03-20 12:05:00,OG,Backtest,AdxDiCrossBracketOG,OG_AdxDiCrossBracketOG,OG,NQ,NQ JUN26,LONG,1,24275.00,24327.75,1050.64,1046.28,209.3,WIN,TARGET_HIT,24219.75,1105.00,2026-05-07 09:21:06
2026-04-02,2026-04-02 10:45:00,2026-04-02 10:45:00,OG,Backtest,AdxDiCrossBracketOG,OG_AdxDiCrossBracketOG,OG,NQ,NQ JUN26,LONG,1,24211.00,24133.25,-1559.36,-1563.72,-312.7,LOSS,STOP_HIT,24134.50,1530.00,2026-05-07 09:21:06
2026-04-07,2026-04-07 11:40:00,2026-04-07 12:00:00,OG,Backtest,AdxDiCrossBracketOG,OG_AdxDiCrossBracketOG,OG,NQ,NQ JUN26,LONG,1,24072.25,24117.50,900.64,896.28,179.3,WIN,TARGET_HIT,24025.00,945.00,2026-05-07 09:21:06
2026-03-25,2026-03-25 11:20:00,2026-03-25 11:20:00,OG,Backtest,AdxDiCrossBracketOG,OG_AdxDiCrossBracketOG,OG,NQ,NQ JUN26,SHORT,1,24385.25,24336.50,970.64,966.28,193.3,WIN,TARGET_HIT,24438.00,1055.00,2026-05-07 09:21:06
2026-02-13,2026-02-13 10:50:00,2026-02-13 11:05:00,OG,Backtest,AdxDiCrossBracketOG,OG_AdxDiCrossBracketOG,OG,NQ,NQ JUN26,SHORT,1,24982.25,25021.00,-779.36,-783.72,-156.7,LOSS,STOP_HIT,25055.00,1455.00,2026-05-07 09:21:06
2026-04-06,2026-04-06 11:35:00,2026-04-06 11:45:00,OG,Backtest,AdxDiCrossBracketOG,OG_AdxDiCrossBracketOG,OG,NQ,NQ JUN26,SHORT,1,24280.00,24290.75,-219.36,-223.72,-44.7,LOSS,STOP_HIT,24325.50,910.00,2026-05-07 09:21:06
2026-01-20,2026-01-20 11:10:00,2026-01-20 11:15:00,OG,Backtest,AdxDiCrossBracketOG,OG_AdxDiCrossBracketOG,OG,NQ,NQ JUN26,LONG,1,25588.25,25600.25,235.64,231.28,46.3,WIN,STOP_HIT,25540.75,950.00,2026-05-07 09:21:06
2026-01-07,2026-01-07 10:10:00,2026-01-07 10:10:00,OG,Backtest,AdxDiCrossBracketOG,OG_AdxDiCrossBracketOG,OG,NQ,NQ JUN26,SHORT,1,26050.00,26073.50,-474.36,-478.72,-95.7,LOSS,STOP_HIT,26072.25,445.00,2026-05-07 09:21:06
2026-01-06,2026-01-06 11:00:00,2026-01-06 11:05:00,OG,Backtest,AdxDiCrossBracketOG,OG_AdxDiCrossBracketOG,OG,NQ,NQ JUN26,SHORT,1,25908.50,25880.75,550.64,546.28,109.3,WIN,TARGET_HIT,25938.25,595.00,2026-05-07 09:21:06
2026-02-24,2026-02-24 10:15:00,2026-02-24 10:15:00,OG,Backtest,AdxDiCrossBracketOG,OG_AdxDiCrossBracketOG,OG,NQ,NQ JUN26,LONG,1,25110.00,25063.00,-944.36,-948.72,-189.7,LOSS,STOP_HIT,25064.25,915.00,2026-05-07 09:21:06
2026-01-07,2026-01-07 09:50:00,2026-01-07 09:50:00,OG,Backtest,AdxDiCrossBracketOG,OG_AdxDiCrossBracketOG,OG,NQ,NQ JUN26,LONG,1,26064.50,26079.75,300.64,296.28,59.3,WIN,TARGET_HIT,26047.25,345.00,2026-05-07 09:21:06
2026-01-09,2026-01-09 09:55:00,2026-01-09 09:55:00,OG,Backtest,AdxDiCrossBracketOG,OG_AdxDiCrossBracketOG,OG,NQ,NQ JUN26,SHORT,1,25912.50,25949.00,-734.36,-738.72,-147.7,LOSS,STOP_HIT,25947.75,705.00,2026-05-07 09:21:06
2026-03-24,2026-03-24 11:00:00,2026-03-24 11:00:00,OG,Backtest,AdxDiCrossBracketOG,OG_AdxDiCrossBracketOG,OG,NQ,NQ JUN26,LONG,1,24282.25,24217.00,-1309.36,-1313.72,-262.7,LOSS,STOP_HIT,24218.25,1280.00,2026-05-07 09:21:06
2026-01-09,2026-01-09 09:45:00,2026-01-09 09:50:00,OG,Backtest,AdxDiCrossBracketOG,OG_AdxDiCrossBracketOG,OG,NQ,NQ JUN26,LONG,1,25965.75,25936.75,-584.36,-588.72,-117.7,LOSS,STOP_HIT,25938.00,555.00,2026-05-07 09:21:06
2026-02-17,2026-02-17 11:10:00,2026-02-17 11:10:00,OG,Backtest,AdxDiCrossBracketOG,OG_AdxDiCrossBracketOG,OG,NQ,NQ JUN26,LONG,1,24862.00,24927.25,1300.64,1296.28,259.3,WIN,TARGET_HIT,24793.75,1365.00,2026-05-07 09:21:06
2026-01-28,2026-01-28 11:20:00,2026-01-28 11:25:00,OG,Backtest,AdxDiCrossBracketOG,OG_AdxDiCrossBracketOG,OG,NQ,NQ JUN26,LONG,1,26393.75,26378.25,-314.36,-318.72,-63.7,LOSS,STOP_HIT,26363.25,610.00,2026-05-07 09:21:06
2026-03-03,2026-03-03 11:25:00,2026-03-03 11:40:00,OG,Backtest,AdxDiCrossBracketOG,OG_AdxDiCrossBracketOG,OG,NQ,NQ JUN26,LONG,1,24795.25,24816.50,420.64,416.28,83.3,WIN,STOP_HIT,24724.00,1425.00,2026-05-07 09:21:06
2026-01-06,2026-01-06 11:00:00,2026-01-06 11:05:00,OG,Backtest,AdxDiCrossBracketOG,OG_AdxDiCrossBracketOG,OG,NQ,NQ JUN26,SHORT,1,25908.50,25880.75,550.64,546.28,109.3,WIN,TARGET_HIT,25938.25,595.00,2026-05-07 09:21:06
2026-03-09,2026-03-09 10:45:00,2026-03-09 10:50:00,OG,Backtest,AdxDiCrossBracketOG,OG_AdxDiCrossBracketOG,OG,NQ,NQ JUN26,LONG,1,24692.75,24762.25,1385.64,1381.28,276.3,WIN,TARGET_HIT,24622.25,1410.00,2026-05-07 09:21:06
2026-01-07,2026-01-07 10:10:00,2026-01-07 10:10:00,OG,Backtest,AdxDiCrossBracketOG,OG_AdxDiCrossBracketOG,OG,NQ,NQ JUN26,SHORT,1,26050.00,26073.50,-474.36,-478.72,-95.7,LOSS,STOP_HIT,26072.25,445.00,2026-05-07 09:21:06
2026-03-12,2026-03-12 11:50:00,2026-03-12 11:50:00,OG,Backtest,AdxDiCrossBracketOG,OG_AdxDiCrossBracketOG,OG,NQ,NQ JUN26,LONG,1,24898.75,24843.25,-1114.36,-1118.72,-223.7,LOSS,STOP_HIT,24844.50,1085.00,2026-05-07 09:21:06
2026-04-06,2026-04-06 11:35:00,2026-04-06 11:50:00,OG,Backtest,AdxDiCrossBracketOG,OG_AdxDiCrossBracketOG,OG,NQ,NQ JUN26,SHORT,1,24280.00,24294.25,-289.36,-293.72,-58.7,LOSS,STOP_HIT,24325.50,910.00,2026-05-07 09:21:06
2026-01-20,2026-01-20 11:10:00,2026-01-20 11:15:00,OG,Backtest,AdxDiCrossBracketOG,OG_AdxDiCrossBracketOG,OG,NQ,NQ JUN26,LONG,1,25588.25,25600.25,235.64,231.28,46.3,WIN,STOP_HIT,25540.75,950.00,2026-05-07 09:21:06
2026-04-02,2026-04-02 10:45:00,2026-04-02 10:45:00,OG,Backtest,AdxDiCrossBracketOG,OG_AdxDiCrossBracketOG,OG,NQ,NQ JUN26,LONG,1,24211.00,24133.25,-1559.36,-1563.72,-312.7,LOSS,STOP_HIT,24134.50,1530.00,2026-05-07 09:21:06
2026-01-09,2026-01-09 10:15:00,2026-01-09 10:15:00,OG,Backtest,AdxDiCrossBracketOG,OG_AdxDiCrossBracketOG,OG,NQ,NQ JUN26,SHORT,1,25849.75,25897.00,-949.36,-953.72,-190.7,LOSS,STOP_HIT,25895.75,920.00,2026-05-07 09:21:06
2026-01-09,2026-01-09 09:55:00,2026-01-09 09:55:00,OG,Backtest,AdxDiCrossBracketOG,OG_AdxDiCrossBracketOG,OG,NQ,NQ JUN26,SHORT,1,25912.50,25949.00,-734.36,-738.72,-147.7,LOSS,STOP_HIT,25947.75,705.00,2026-05-07 09:21:06
2026-01-06,2026-01-06 11:00:00,2026-01-06 11:05:00,OG,Backtest,AdxDiCrossBracketOG,OG_AdxDiCrossBracketOG,OG,NQ,NQ JUN26,SHORT,1,25908.50,25880.75,550.64,546.28,109.3,WIN,TARGET_HIT,25938.25,595.00,2026-05-07 09:21:06
2026-01-20,2026-01-20 11:10:00,2026-01-20 11:15:00,OG,Backtest,AdxDiCrossBracketOG,OG_AdxDiCrossBracketOG,OG,NQ,NQ JUN26,LONG,1,25588.25,25600.25,235.64,231.28,46.3,WIN,STOP_HIT,25540.75,950.00,2026-05-07 09:21:06
2026-03-12,2026-03-12 11:50:00,2026-03-12 11:50:00,OG,Backtest,AdxDiCrossBracketOG,OG_AdxDiCrossBracketOG,OG,NQ,NQ JUN26,LONG,1,24898.75,24843.25,-1114.36,-1118.72,-223.7,LOSS,STOP_HIT,24844.50,1085.00,2026-05-07 09:21:06
2026-04-06,2026-04-06 11:05:00,2026-04-06 11:25:00,OG,Backtest,AdxDiCrossBracketOG,OG_AdxDiCrossBracketOG,OG,NQ,NQ JUN26,LONG,1,24307.50,24291.25,-329.36,-333.72,-66.7,LOSS,STOP_HIT,24255.50,1040.00,2026-05-07 09:21:06
2026-03-13,2026-03-13 10:50:00,2026-03-13 10:50:00,OG,Backtest,AdxDiCrossBracketOG,OG_AdxDiCrossBracketOG,OG,NQ,NQ JUN26,SHORT,1,24804.25,24755.00,980.64,976.28,195.3,WIN,TARGET_HIT,24853.50,985.00,2026-05-07 09:21:06
2026-01-28,2026-01-28 10:55:00,2026-01-28 11:10:00,OG,Backtest,AdxDiCrossBracketOG,OG_AdxDiCrossBracketOG,OG,NQ,NQ JUN26,SHORT,1,26394.50,26396.00,-34.36,-38.72,-7.7,LOSS,STOP_HIT,26429.00,690.00,2026-05-07 09:21:06
2026-01-16,2026-01-16 11:30:00,2026-01-16 11:35:00,OG,Backtest,AdxDiCrossBracketOG,OG_AdxDiCrossBracketOG,OG,NQ,NQ JUN26,LONG,1,25912.25,25924.50,240.64,236.28,47.3,WIN,STOP_HIT,25874.75,750.00,2026-05-07 09:21:06
2026-01-12,2026-01-12 11:25:00,2026-01-12 11:35:00,OG,Backtest,AdxDiCrossBracketOG,OG_AdxDiCrossBracketOG,OG,NQ,NQ JUN26,LONG,1,26159.50,26149.25,-209.36,-213.72,-42.7,LOSS,STOP_HIT,26131.75,555.00,2026-05-07 09:21:06
2026-01-20,2026-01-20 11:10:00,2026-01-20 11:15:00,OG,Backtest,AdxDiCrossBracketOG,OG_AdxDiCrossBracketOG,OG,NQ,NQ JUN26,LONG,1,25588.25,25600.25,235.64,231.28,46.3,WIN,STOP_HIT,25540.75,950.00,2026-05-07 09:21:06
2026-01-13,2026-01-13 10:10:00,2026-01-13 10:15:00,OG,Backtest,AdxDiCrossBracketOG,OG_AdxDiCrossBracketOG,OG,NQ,NQ JUN26,SHORT,1,26137.25,26108.00,580.64,576.28,115.3,WIN,TARGET_HIT,26168.00,615.00,2026-05-07 09:21:06
2026-01-16,2026-01-16 11:30:00,2026-01-16 11:35:00,OG,Backtest,AdxDiCrossBracketOG,OG_AdxDiCrossBracketOG,OG,NQ,NQ JUN26,LONG,1,25912.25,25924.50,240.64,236.28,47.3,WIN,STOP_HIT,25874.75,750.00,2026-05-07 09:21:06
2026-01-28,2026-01-28 11:20:00,2026-01-28 11:25:00,OG,Backtest,AdxDiCrossBracketOG,OG_AdxDiCrossBracketOG,OG,NQ,NQ JUN26,LONG,1,26393.75,26378.25,-314.36,-318.72,-63.7,LOSS,STOP_HIT,26363.25,610.00,2026-05-07 09:21:06
2026-01-21,2026-01-21 11:45:00,2026-01-21 11:45:00,OG,Backtest,AdxDiCrossBracketOG,OG_AdxDiCrossBracketOG,OG,NQ,NQ JUN26,SHORT,1,25543.00,25505.75,740.64,736.28,147.3,WIN,TARGET_HIT,25582.25,785.00,2026-05-07 09:21:06
2026-02-03,2026-02-03 09:50:00,2026-02-03 09:50:00,OG,Backtest,AdxDiCrossBracketOG,OG_AdxDiCrossBracketOG,OG,NQ,NQ JUN26,SHORT,1,25960.00,25999.25,-789.36,-793.72,-158.7,LOSS,STOP_HIT,25998.00,760.00,2026-05-07 09:21:06
2026-01-09,2026-01-09 10:15:00,2026-01-09 10:15:00,OG,Backtest,AdxDiCrossBracketOG,OG_AdxDiCrossBracketOG,OG,NQ,NQ JUN26,SHORT,1,25849.75,25897.00,-949.36,-953.72,-190.7,LOSS,STOP_HIT,25895.75,920.00,2026-05-07 09:21:06
2026-01-21,2026-01-21 11:45:00,2026-01-21 11:45:00,OG,Backtest,AdxDiCrossBracketOG,OG_AdxDiCrossBracketOG,OG,NQ,NQ JUN26,SHORT,1,25543.00,25505.75,740.64,736.28,147.3,WIN,TARGET_HIT,25582.25,785.00,2026-05-07 09:21:06
2026-02-05,2026-02-05 11:40:00,2026-02-05 11:50:00,OG,Backtest,AdxDiCrossBracketOG,OG_AdxDiCrossBracketOG,OG,NQ,NQ JUN26,LONG,1,25026.25,24991.50,-699.36,-703.72,-140.7,LOSS,STOP_HIT,24938.00,1765.00,2026-05-07 09:21:06
2026-03-06,2026-03-06 11:10:00,2026-03-06 11:15:00,OG,Backtest,AdxDiCrossBracketOG,OG_AdxDiCrossBracketOG,OG,NQ,NQ JUN26,LONG,1,25102.25,25058.25,-884.36,-888.72,-177.7,LOSS,STOP_HIT,25038.75,1270.00,2026-05-07 09:21:06
2026-01-09,2026-01-09 10:10:00,2026-01-09 10:10:00,OG,Backtest,AdxDiCrossBracketOG,OG_AdxDiCrossBracketOG,OG,NQ,NQ JUN26,LONG,1,25922.50,25881.00,-834.36,-838.72,-167.7,LOSS,STOP_HIT,25882.25,805.00,2026-05-07 09:21:06
2026-04-10,2026-04-10 11:45:00,2026-04-10 12:00:00,OG,Backtest,AdxDiCrossBracketOG,OG_AdxDiCrossBracketOG,OG,NQ,NQ JUN26,SHORT,1,25300.75,25269.75,615.64,611.28,122.3,WIN,TARGET_HIT,25334.25,670.00,2026-05-07 09:21:06
2026-01-30,2026-01-30 11:00:00,2026-01-30 11:10:00,OG,Backtest,AdxDiCrossBracketOG,OG_AdxDiCrossBracketOG,OG,NQ,NQ JUN26,SHORT,1,26071.50,26048.25,460.64,456.28,91.3,WIN,STOP_HIT,26129.00,1150.00,2026-05-07 09:21:06
2026-01-28,2026-01-28 11:20:00,2026-01-28 11:25:00,OG,Backtest,AdxDiCrossBracketOG,OG_AdxDiCrossBracketOG,OG,NQ,NQ JUN26,LONG,1,26393.75,26378.25,-314.36,-318.72,-63.7,LOSS,STOP_HIT,26363.25,610.00,2026-05-07 09:21:06
2026-01-20,2026-01-20 10:50:00,2026-01-20 10:55:00,OG,Backtest,AdxDiCrossBracketOG,OG_AdxDiCrossBracketOG,OG,NQ,NQ JUN26,LONG,1,25598.75,25558.75,-804.36,-808.72,-161.7,LOSS,STOP_HIT,25550.75,960.00,2026-05-07 09:21:06
2026-02-03,2026-02-03 09:50:00,2026-02-03 09:50:00,OG,Backtest,AdxDiCrossBracketOG,OG_AdxDiCrossBracketOG,OG,NQ,NQ JUN26,SHORT,1,25960.00,25999.25,-789.36,-793.72,-158.7,LOSS,STOP_HIT,25998.00,760.00,2026-05-07 09:21:06
2026-04-10,2026-04-10 11:45:00,2026-04-10 12:00:00,OG,Backtest,AdxDiCrossBracketOG,OG_AdxDiCrossBracketOG,OG,NQ,NQ JUN26,SHORT,1,25300.75,25269.75,615.64,611.28,122.3,WIN,TARGET_HIT,25334.25,670.00,2026-05-07 09:21:06
2026-01-30,2026-01-30 10:55:00,2026-01-30 10:55:00,OG,Backtest,AdxDiCrossBracketOG,OG_AdxDiCrossBracketOG,OG,NQ,NQ JUN26,LONG,1,26118.00,26058.75,-1189.36,-1193.72,-238.7,LOSS,STOP_HIT,26060.00,1160.00,2026-05-07 09:21:06
2026-01-20,2026-01-20 10:50:00,2026-01-20 10:55:00,OG,Backtest,AdxDiCrossBracketOG,OG_AdxDiCrossBracketOG,OG,NQ,NQ JUN26,LONG,1,25598.75,25558.75,-804.36,-808.72,-161.7,LOSS,STOP_HIT,25550.75,960.00,2026-05-07 09:21:06
2026-02-11,2026-02-11 11:05:00,2026-02-11 11:10:00,OG,Backtest,AdxDiCrossBracketOG,OG_AdxDiCrossBracketOG,OG,NQ,NQ JUN26,LONG,1,25454.25,25417.50,-739.36,-743.72,-148.7,LOSS,STOP_HIT,25393.00,1225.00,2026-05-07 09:21:06
2026-02-05,2026-02-05 11:40:00,2026-02-05 11:50:00,OG,Backtest,AdxDiCrossBracketOG,OG_AdxDiCrossBracketOG,OG,NQ,NQ JUN26,LONG,1,25026.25,24991.50,-699.36,-703.72,-140.7,LOSS,STOP_HIT,24938.00,1765.00,2026-05-07 09:21:06
2026-02-17,2026-02-17 11:10:00,2026-02-17 11:10:00,OG,Backtest,AdxDiCrossBracketOG,OG_AdxDiCrossBracketOG,OG,NQ,NQ JUN26,LONG,1,24862.00,24927.25,1300.64,1296.28,259.3,WIN,TARGET_HIT,24793.75,1365.00,2026-05-07 09:21:06
2026-02-24,2026-02-24 09:50:00,2026-02-24 09:50:00,OG,Backtest,AdxDiCrossBracketOG,OG_AdxDiCrossBracketOG,OG,NQ,NQ JUN26,LONG,1,25121.25,25157.50,720.64,716.28,143.3,WIN,TARGET_HIT,25081.50,795.00,2026-05-07 09:21:06
2026-01-21,2026-01-21 11:45:00,2026-01-21 11:45:00,OG,Backtest,AdxDiCrossBracketOG,OG_AdxDiCrossBracketOG,OG,NQ,NQ JUN26,SHORT,1,25543.00,25505.75,740.64,736.28,147.3,WIN,TARGET_HIT,25582.25,785.00,2026-05-07 09:21:06
2026-02-11,2026-02-11 10:20:00,2026-02-11 10:20:00,OG,Backtest,AdxDiCrossBracketOG,OG_AdxDiCrossBracketOG,OG,NQ,NQ JUN26,SHORT,1,25395.25,25345.50,990.64,986.28,197.3,WIN,TARGET_HIT,25448.50,1065.00,2026-05-07 09:21:06
2026-02-24,2026-02-24 09:50:00,2026-02-24 09:50:00,OG,Backtest,AdxDiCrossBracketOG,OG_AdxDiCrossBracketOG,OG,NQ,NQ JUN26,LONG,1,25121.25,25157.50,720.64,716.28,143.3,WIN,TARGET_HIT,25081.50,795.00,2026-05-07 09:21:06
2026-02-10,2026-02-10 09:45:00,2026-02-10 09:45:00,OG,Backtest,AdxDiCrossBracketOG,OG_AdxDiCrossBracketOG,OG,NQ,NQ JUN26,SHORT,1,25534.50,25512.25,440.64,436.28,87.3,WIN,TARGET_HIT,25559.75,505.00,2026-05-07 09:21:06
2026-01-30,2026-01-30 10:55:00,2026-01-30 10:55:00,OG,Backtest,AdxDiCrossBracketOG,OG_AdxDiCrossBracketOG,OG,NQ,NQ JUN26,LONG,1,26118.00,26058.75,-1189.36,-1193.72,-238.7,LOSS,STOP_HIT,26060.00,1160.00,2026-05-07 09:21:06
2026-02-11,2026-02-11 10:20:00,2026-02-11 10:20:00,OG,Backtest,AdxDiCrossBracketOG,OG_AdxDiCrossBracketOG,OG,NQ,NQ JUN26,SHORT,1,25395.25,25345.50,990.64,986.28,197.3,WIN,TARGET_HIT,25448.50,1065.00,2026-05-07 09:21:06
2026-03-13,2026-03-13 10:50:00,2026-03-13 10:50:00,OG,Backtest,AdxDiCrossBracketOG,OG_AdxDiCrossBracketOG,OG,NQ,NQ JUN26,SHORT,1,24804.25,24755.00,980.64,976.28,195.3,WIN,TARGET_HIT,24853.50,985.00,2026-05-07 09:21:06
2026-02-24,2026-02-24 10:10:00,2026-02-24 10:10:00,OG,Backtest,AdxDiCrossBracketOG,OG_AdxDiCrossBracketOG,OG,NQ,NQ JUN26,SHORT,1,25048.00,25093.50,-914.36,-918.72,-183.7,LOSS,STOP_HIT,25092.25,885.00,2026-05-07 09:21:06
2026-02-13,2026-02-13 10:50:00,2026-02-13 11:05:00,OG,Backtest,AdxDiCrossBracketOG,OG_AdxDiCrossBracketOG,OG,NQ,NQ JUN26,SHORT,1,24982.25,25021.00,-779.36,-783.72,-156.7,LOSS,STOP_HIT,25055.00,1455.00,2026-05-07 09:21:06
2026-02-24,2026-02-24 09:50:00,2026-02-24 09:50:00,OG,Backtest,AdxDiCrossBracketOG,OG_AdxDiCrossBracketOG,OG,NQ,NQ JUN26,LONG,1,25121.25,25157.50,720.64,716.28,143.3,WIN,TARGET_HIT,25081.50,795.00,2026-05-07 09:21:06
2026-01-09,2026-01-09 10:10:00,2026-01-09 10:10:00,OG,Backtest,AdxDiCrossBracketOG,OG_AdxDiCrossBracketOG,OG,NQ,NQ JUN26,LONG,1,25922.50,25881.00,-834.36,-838.72,-167.7,LOSS,STOP_HIT,25882.25,805.00,2026-05-07 09:21:06
2026-03-09,2026-03-09 10:45:00,2026-03-09 10:50:00,OG,Backtest,AdxDiCrossBracketOG,OG_AdxDiCrossBracketOG,OG,NQ,NQ JUN26,LONG,1,24692.75,24762.25,1385.64,1381.28,276.3,WIN,TARGET_HIT,24622.25,1410.00,2026-05-07 09:21:06
2026-02-11,2026-02-11 11:05:00,2026-02-11 11:10:00,OG,Backtest,AdxDiCrossBracketOG,OG_AdxDiCrossBracketOG,OG,NQ,NQ JUN26,LONG,1,25454.25,25417.50,-739.36,-743.72,-148.7,LOSS,STOP_HIT,25393.00,1225.00,2026-05-07 09:21:06
2026-03-20,2026-03-20 11:30:00,2026-03-20 12:05:00,OG,Backtest,AdxDiCrossBracketOG,OG_AdxDiCrossBracketOG,OG,NQ,NQ JUN26,LONG,1,24275.00,24327.75,1050.64,1046.28,209.3,WIN,TARGET_HIT,24219.75,1105.00,2026-05-07 09:21:06
2026-02-17,2026-02-17 11:10:00,2026-02-17 11:10:00,OG,Backtest,AdxDiCrossBracketOG,OG_AdxDiCrossBracketOG,OG,NQ,NQ JUN26,LONG,1,24862.00,24927.25,1300.64,1296.28,259.3,WIN,TARGET_HIT,24793.75,1365.00,2026-05-07 09:21:06
2026-03-06,2026-03-06 11:10:00,2026-03-06 11:15:00,OG,Backtest,AdxDiCrossBracketOG,OG_AdxDiCrossBracketOG,OG,NQ,NQ JUN26,LONG,1,25102.25,25058.25,-884.36,-888.72,-177.7,LOSS,STOP_HIT,25038.75,1270.00,2026-05-07 09:21:06
2026-01-12,2026-01-12 11:25:00,2026-01-12 11:35:00,OG,Backtest,AdxDiCrossBracketOG,OG_AdxDiCrossBracketOG,OG,NQ,NQ JUN26,LONG,1,26159.50,26149.25,-209.36,-213.72,-42.7,LOSS,STOP_HIT,26131.75,555.00,2026-05-07 09:21:06
2026-02-11,2026-02-11 11:05:00,2026-02-11 11:10:00,OG,Backtest,AdxDiCrossBracketOG,OG_AdxDiCrossBracketOG,OG,NQ,NQ JUN26,LONG,1,25454.25,25417.50,-739.36,-743.72,-148.7,LOSS,STOP_HIT,25393.00,1225.00,2026-05-07 09:21:06
2026-02-10,2026-02-10 09:45:00,2026-02-10 09:45:00,OG,Backtest,AdxDiCrossBracketOG,OG_AdxDiCrossBracketOG,OG,NQ,NQ JUN26,SHORT,1,25534.50,25512.25,440.64,436.28,87.3,WIN,TARGET_HIT,25559.75,505.00,2026-05-07 09:21:06
2026-03-13,2026-03-13 10:50:00,2026-03-13 10:50:00,OG,Backtest,AdxDiCrossBracketOG,OG_AdxDiCrossBracketOG,OG,NQ,NQ JUN26,SHORT,1,24804.25,24755.00,980.64,976.28,195.3,WIN,TARGET_HIT,24853.50,985.00,2026-05-07 09:21:06
2026-02-13,2026-02-13 10:50:00,2026-02-13 11:05:00,OG,Backtest,AdxDiCrossBracketOG,OG_AdxDiCrossBracketOG,OG,NQ,NQ JUN26,SHORT,1,24982.25,25021.00,-779.36,-783.72,-156.7,LOSS,STOP_HIT,25055.00,1455.00,2026-05-07 09:21:06
2026-03-13,2026-03-13 10:50:00,2026-03-13 10:50:00,OG,Backtest,AdxDiCrossBracketOG,OG_AdxDiCrossBracketOG,OG,NQ,NQ JUN26,SHORT,1,24804.25,24755.00,980.64,976.28,195.3,WIN,TARGET_HIT,24853.50,985.00,2026-05-07 09:21:06
2026-01-30,2026-01-30 10:55:00,2026-01-30 10:55:00,OG,Backtest,AdxDiCrossBracketOG,OG_AdxDiCrossBracketOG,OG,NQ,NQ JUN26,LONG,1,26118.00,26058.75,-1189.36,-1193.72,-238.7,LOSS,STOP_HIT,26060.00,1160.00,2026-05-07 09:21:06
2026-02-17,2026-02-17 11:10:00,2026-02-17 11:10:00,OG,Backtest,AdxDiCrossBracketOG,OG_AdxDiCrossBracketOG,OG,NQ,NQ JUN26,LONG,1,24862.00,24927.25,1300.64,1296.28,259.3,WIN,TARGET_HIT,24793.75,1365.00,2026-05-07 09:21:06
2026-03-17,2026-03-17 11:15:00,2026-03-17 11:20:00,OG,Backtest,AdxDiCrossBracketOG,OG_AdxDiCrossBracketOG,OG,NQ,NQ JUN26,SHORT,1,25019.75,25057.00,-749.36,-753.72,-150.7,LOSS,STOP_HIT,25056.25,730.00,2026-05-07 09:21:06
2026-02-24,2026-02-24 10:10:00,2026-02-24 10:10:00,OG,Backtest,AdxDiCrossBracketOG,OG_AdxDiCrossBracketOG,OG,NQ,NQ JUN26,SHORT,1,25048.00,25093.50,-914.36,-918.72,-183.7,LOSS,STOP_HIT,25092.25,885.00,2026-05-07 09:21:06
2026-01-09,2026-01-09 10:15:00,2026-01-09 10:15:00,OG,Backtest,AdxDiCrossBracketOG,OG_AdxDiCrossBracketOG,OG,NQ,NQ JUN26,SHORT,1,25849.75,25897.00,-949.36,-953.72,-190.7,LOSS,STOP_HIT,25895.75,920.00,2026-05-07 09:21:06
2026-04-06,2026-04-06 11:35:00,2026-04-06 11:50:00,OG,Backtest,AdxDiCrossBracketOG,OG_AdxDiCrossBracketOG,OG,NQ,NQ JUN26,SHORT,1,24280.00,24294.25,-289.36,-293.72,-58.7,LOSS,STOP_HIT,24325.50,910.00,2026-05-07 09:21:06
2026-02-24,2026-02-24 09:50:00,2026-02-24 09:50:00,OG,Backtest,AdxDiCrossBracketOG,OG_AdxDiCrossBracketOG,OG,NQ,NQ JUN26,LONG,1,25121.25,25157.50,720.64,716.28,143.3,WIN,TARGET_HIT,25081.50,795.00,2026-05-07 09:21:06
2026-02-24,2026-02-24 09:50:00,2026-02-24 09:50:00,OG,Backtest,AdxDiCrossBracketOG,OG_AdxDiCrossBracketOG,OG,NQ,NQ JUN26,LONG,1,25121.25,25157.50,720.64,716.28,143.3,WIN,TARGET_HIT,25081.50,795.00,2026-05-07 09:21:06
2026-03-09,2026-03-09 10:45:00,2026-03-09 10:50:00,OG,Backtest,AdxDiCrossBracketOG,OG_AdxDiCrossBracketOG,OG,NQ,NQ JUN26,LONG,1,24692.75,24762.25,1385.64,1381.28,276.3,WIN,TARGET_HIT,24622.25,1410.00,2026-05-07 09:21:06
2026-03-03,2026-03-03 11:25:00,2026-03-03 11:40:00,OG,Backtest,AdxDiCrossBracketOG,OG_AdxDiCrossBracketOG,OG,NQ,NQ JUN26,LONG,1,24795.25,24816.50,420.64,416.28,83.3,WIN,STOP_HIT,24724.00,1425.00,2026-05-07 09:21:06
2026-04-06,2026-04-06 10:55:00,2026-04-06 11:00:00,OG,Backtest,AdxDiCrossBracketOG,OG_AdxDiCrossBracketOG,OG,NQ,NQ JUN26,SHORT,1,24269.25,24322.25,-1064.36,-1068.72,-213.7,LOSS,STOP_HIT,24321.00,1035.00,2026-05-07 09:21:06
2026-02-11,2026-02-11 10:20:00,2026-02-11 10:20:00,OG,Backtest,AdxDiCrossBracketOG,OG_AdxDiCrossBracketOG,OG,NQ,NQ JUN26,SHORT,1,25395.25,25345.50,990.64,986.28,197.3,WIN,TARGET_HIT,25448.50,1065.00,2026-05-07 09:21:06
2026-01-13,2026-01-13 10:10:00,2026-01-13 10:15:00,OG,Backtest,AdxDiCrossBracketOG,OG_AdxDiCrossBracketOG,OG,NQ,NQ JUN26,SHORT,1,26137.25,26108.00,580.64,576.28,115.3,WIN,TARGET_HIT,26168.00,615.00,2026-05-07 09:21:06
2026-03-19,2026-03-19 11:15:00,2026-03-19 11:25:00,OG,Backtest,AdxDiCrossBracketOG,OG_AdxDiCrossBracketOG,OG,NQ,NQ JUN26,LONG,1,24531.00,24485.50,-914.36,-918.72,-183.7,LOSS,STOP_HIT,24473.00,1160.00,2026-05-07 09:21:06
2026-03-17,2026-03-17 11:15:00,2026-03-17 11:20:00,OG,Backtest,AdxDiCrossBracketOG,OG_AdxDiCrossBracketOG,OG,NQ,NQ JUN26,SHORT,1,25019.75,25057.00,-749.36,-753.72,-150.7,LOSS,STOP_HIT,25056.25,730.00,2026-05-07 09:21:07
2026-01-20,2026-01-20 10:50:00,2026-01-20 10:55:00,OG,Backtest,AdxDiCrossBracketOG,OG_AdxDiCrossBracketOG,OG,NQ,NQ JUN26,LONG,1,25598.75,25558.75,-804.36,-808.72,-161.7,LOSS,STOP_HIT,25550.75,960.00,2026-05-07 09:21:07
2026-03-02,2026-03-02 11:15:00,2026-03-02 11:20:00,OG,Backtest,AdxDiCrossBracketOG,OG_AdxDiCrossBracketOG,OG,NQ,NQ JUN26,LONG,1,25187.75,25180.00,-159.36,-163.72,-32.7,LOSS,STOP_HIT,25129.50,1165.00,2026-05-07 09:21:07
2026-03-20,2026-03-20 11:30:00,2026-03-20 12:05:00,OG,Backtest,AdxDiCrossBracketOG,OG_AdxDiCrossBracketOG,OG,NQ,NQ JUN26,LONG,1,24275.00,24327.75,1050.64,1046.28,209.3,WIN,TARGET_HIT,24219.75,1105.00,2026-05-07 09:21:07
2026-03-25,2026-03-25 11:20:00,2026-03-25 11:20:00,OG,Backtest,AdxDiCrossBracketOG,OG_AdxDiCrossBracketOG,OG,NQ,NQ JUN26,SHORT,1,24385.25,24336.50,970.64,966.28,193.3,WIN,TARGET_HIT,24438.00,1055.00,2026-05-07 09:21:07
2026-03-20,2026-03-20 11:30:00,2026-03-20 12:05:00,OG,Backtest,AdxDiCrossBracketOG,OG_AdxDiCrossBracketOG,OG,NQ,NQ JUN26,LONG,1,24275.00,24327.75,1050.64,1046.28,209.3,WIN,TARGET_HIT,24219.75,1105.00,2026-05-07 09:21:07
2026-02-11,2026-02-11 10:20:00,2026-02-11 10:20:00,OG,Backtest,AdxDiCrossBracketOG,OG_AdxDiCrossBracketOG,OG,NQ,NQ JUN26,SHORT,1,25395.25,25345.50,990.64,986.28,197.3,WIN,TARGET_HIT,25448.50,1065.00,2026-05-07 09:21:07
2026-01-23,2026-01-23 10:10:00,2026-01-23 10:15:00,OG,Backtest,AdxDiCrossBracketOG,OG_AdxDiCrossBracketOG,OG,NQ,NQ JUN26,LONG,1,25921.75,25885.00,-739.36,-743.72,-148.7,LOSS,STOP_HIT,25885.50,725.00,2026-05-07 09:21:07
2026-03-09,2026-03-09 10:45:00,2026-03-09 10:50:00,OG,Backtest,AdxDiCrossBracketOG,OG_AdxDiCrossBracketOG,OG,NQ,NQ JUN26,LONG,1,24692.75,24762.25,1385.64,1381.28,276.3,WIN,TARGET_HIT,24622.25,1410.00,2026-05-07 09:21:07
2026-04-06,2026-04-06 11:35:00,2026-04-06 11:50:00,OG,Backtest,AdxDiCrossBracketOG,OG_AdxDiCrossBracketOG,OG,NQ,NQ JUN26,SHORT,1,24280.00,24294.25,-289.36,-293.72,-58.7,LOSS,STOP_HIT,24325.50,910.00,2026-05-07 09:21:07
2026-04-10,2026-04-10 11:45:00,2026-04-10 12:00:00,OG,Backtest,AdxDiCrossBracketOG,OG_AdxDiCrossBracketOG,OG,NQ,NQ JUN26,SHORT,1,25300.75,25269.75,615.64,611.28,122.3,WIN,TARGET_HIT,25334.25,670.00,2026-05-07 09:21:07
2026-02-13,2026-02-13 10:35:00,2026-02-13 10:35:00,OG,Backtest,AdxDiCrossBracketOG,OG_AdxDiCrossBracketOG,OG,NQ,NQ JUN26,LONG,1,25058.75,25127.00,1360.64,1356.28,271.3,WIN,TARGET_HIT,24987.50,1425.00,2026-05-07 09:21:07
2026-04-06,2026-04-06 10:55:00,2026-04-06 11:00:00,OG,Backtest,AdxDiCrossBracketOG,OG_AdxDiCrossBracketOG,OG,NQ,NQ JUN26,SHORT,1,24269.25,24322.25,-1064.36,-1068.72,-213.7,LOSS,STOP_HIT,24321.00,1035.00,2026-05-07 09:21:07
2026-01-30,2026-01-30 10:55:00,2026-01-30 10:55:00,OG,Backtest,AdxDiCrossBracketOG,OG_AdxDiCrossBracketOG,OG,NQ,NQ JUN26,LONG,1,26118.00,26058.75,-1189.36,-1193.72,-238.7,LOSS,STOP_HIT,26060.00,1160.00,2026-05-07 09:21:07
2026-02-17,2026-02-17 11:10:00,2026-02-17 11:10:00,OG,Backtest,AdxDiCrossBracketOG,OG_AdxDiCrossBracketOG,OG,NQ,NQ JUN26,LONG,1,24862.00,24927.25,1300.64,1296.28,259.3,WIN,TARGET_HIT,24793.75,1365.00,2026-05-07 09:21:07
2026-04-06,2026-04-06 10:55:00,2026-04-06 11:00:00,OG,Backtest,AdxDiCrossBracketOG,OG_AdxDiCrossBracketOG,OG,NQ,NQ JUN26,SHORT,1,24269.25,24322.25,-1064.36,-1068.72,-213.7,LOSS,STOP_HIT,24321.00,1035.00,2026-05-07 09:21:07
2026-03-25,2026-03-25 11:20:00,2026-03-25 11:20:00,OG,Backtest,AdxDiCrossBracketOG,OG_AdxDiCrossBracketOG,OG,NQ,NQ JUN26,SHORT,1,24385.25,24336.50,970.64,966.28,193.3,WIN,TARGET_HIT,24438.00,1055.00,2026-05-07 09:21:07
2026-02-05,2026-02-05 11:40:00,2026-02-05 11:50:00,OG,Backtest,AdxDiCrossBracketOG,OG_AdxDiCrossBracketOG,OG,NQ,NQ JUN26,LONG,1,25026.25,24991.50,-699.36,-703.72,-140.7,LOSS,STOP_HIT,24938.00,1765.00,2026-05-07 09:21:07
2026-03-12,2026-03-12 11:50:00,2026-03-12 11:50:00,OG,Backtest,AdxDiCrossBracketOG,OG_AdxDiCrossBracketOG,OG,NQ,NQ JUN26,LONG,1,24898.75,24843.25,-1114.36,-1118.72,-223.7,LOSS,STOP_HIT,24844.50,1085.00,2026-05-07 09:21:07
2026-02-10,2026-02-10 09:45:00,2026-02-10 09:45:00,OG,Backtest,AdxDiCrossBracketOG,OG_AdxDiCrossBracketOG,OG,NQ,NQ JUN26,SHORT,1,25534.50,25512.25,440.64,436.28,87.3,WIN,TARGET_HIT,25559.75,505.00,2026-05-07 09:21:07
2026-03-13,2026-03-13 10:50:00,2026-03-13 10:50:00,OG,Backtest,AdxDiCrossBracketOG,OG_AdxDiCrossBracketOG,OG,NQ,NQ JUN26,SHORT,1,24804.25,24755.00,980.64,976.28,195.3,WIN,TARGET_HIT,24853.50,985.00,2026-05-07 09:21:07
2026-02-11,2026-02-11 10:20:00,2026-02-11 10:20:00,OG,Backtest,AdxDiCrossBracketOG,OG_AdxDiCrossBracketOG,OG,NQ,NQ JUN26,SHORT,1,25395.25,25345.50,990.64,986.28,197.3,WIN,TARGET_HIT,25448.50,1065.00,2026-05-07 09:21:07
2026-02-13,2026-02-13 10:35:00,2026-02-13 10:35:00,OG,Backtest,AdxDiCrossBracketOG,OG_AdxDiCrossBracketOG,OG,NQ,NQ JUN26,LONG,1,25058.75,25127.00,1360.64,1356.28,271.3,WIN,TARGET_HIT,24987.50,1425.00,2026-05-07 09:21:07
2026-01-06,2026-01-06 11:00:00,2026-01-06 11:05:00,OG,Backtest,AdxDiCrossBracketOG,OG_AdxDiCrossBracketOG,OG,NQ,NQ JUN26,SHORT,1,25908.50,25880.75,550.64,546.28,109.3,WIN,TARGET_HIT,25938.25,595.00,2026-05-07 09:21:07
2026-03-09,2026-03-09 10:45:00,2026-03-09 10:50:00,OG,Backtest,AdxDiCrossBracketOG,OG_AdxDiCrossBracketOG,OG,NQ,NQ JUN26,LONG,1,24692.75,24762.25,1385.64,1381.28,276.3,WIN,TARGET_HIT,24622.25,1410.00,2026-05-07 09:21:07
2026-01-07,2026-01-07 10:10:00,2026-01-07 10:10:00,OG,Backtest,AdxDiCrossBracketOG,OG_AdxDiCrossBracketOG,OG,NQ,NQ JUN26,SHORT,1,26050.00,26073.50,-474.36,-478.72,-95.7,LOSS,STOP_HIT,26072.25,445.00,2026-05-07 09:21:07
2026-02-24,2026-02-24 10:10:00,2026-02-24 10:10:00,OG,Backtest,AdxDiCrossBracketOG,OG_AdxDiCrossBracketOG,OG,NQ,NQ JUN26,SHORT,1,25048.00,25093.50,-914.36,-918.72,-183.7,LOSS,STOP_HIT,25092.25,885.00,2026-05-07 09:21:07
2026-03-27,2026-03-27 11:40:00,2026-03-27 11:45:00,OG,Backtest,AdxDiCrossBracketOG,OG_AdxDiCrossBracketOG,OG,NQ,NQ JUN26,LONG,1,23597.75,23540.25,-1154.36,-1158.72,-231.7,LOSS,STOP_HIT,23541.50,1125.00,2026-05-07 09:21:07
2026-02-11,2026-02-11 11:20:00,2026-02-11 11:25:00,OG,Backtest,AdxDiCrossBracketOG,OG_AdxDiCrossBracketOG,OG,NQ,NQ JUN26,LONG,1,25468.75,25457.00,-239.36,-243.72,-48.7,LOSS,STOP_HIT,25406.75,1240.00,2026-05-07 09:21:07
2026-01-09,2026-01-09 10:15:00,2026-01-09 10:15:00,OG,Backtest,AdxDiCrossBracketOG,OG_AdxDiCrossBracketOG,OG,NQ,NQ JUN26,SHORT,1,25849.75,25897.00,-949.36,-953.72,-190.7,LOSS,STOP_HIT,25895.75,920.00,2026-05-07 09:21:07
2026-03-19,2026-03-19 11:15:00,2026-03-19 11:25:00,OG,Backtest,AdxDiCrossBracketOG,OG_AdxDiCrossBracketOG,OG,NQ,NQ JUN26,LONG,1,24531.00,24485.50,-914.36,-918.72,-183.7,LOSS,STOP_HIT,24473.00,1160.00,2026-05-07 09:21:07
2026-01-06,2026-01-06 11:00:00,2026-01-06 11:05:00,OG,Backtest,AdxDiCrossBracketOG,OG_AdxDiCrossBracketOG,OG,NQ,NQ JUN26,SHORT,1,25908.50,25880.75,550.64,546.28,109.3,WIN,TARGET_HIT,25938.25,595.00,2026-05-07 09:21:07
2026-04-06,2026-04-06 11:05:00,2026-04-06 11:25:00,OG,Backtest,AdxDiCrossBracketOG,OG_AdxDiCrossBracketOG,OG,NQ,NQ JUN26,LONG,1,24307.50,24291.25,-329.36,-333.72,-66.7,LOSS,STOP_HIT,24255.50,1040.00,2026-05-07 09:21:07
2026-03-06,2026-03-06 11:10:00,2026-03-06 11:15:00,OG,Backtest,AdxDiCrossBracketOG,OG_AdxDiCrossBracketOG,OG,NQ,NQ JUN26,LONG,1,25102.25,25058.25,-884.36,-888.72,-177.7,LOSS,STOP_HIT,25038.75,1270.00,2026-05-07 09:21:07
2026-01-07,2026-01-07 10:10:00,2026-01-07 10:10:00,OG,Backtest,AdxDiCrossBracketOG,OG_AdxDiCrossBracketOG,OG,NQ,NQ JUN26,SHORT,1,26050.00,26073.50,-474.36,-478.72,-95.7,LOSS,STOP_HIT,26072.25,445.00,2026-05-07 09:21:07
2026-01-07,2026-01-07 10:10:00,2026-01-07 10:10:00,OG,Backtest,AdxDiCrossBracketOG,OG_AdxDiCrossBracketOG,OG,NQ,NQ JUN26,SHORT,1,26050.00,26073.50,-474.36,-478.72,-95.7,LOSS,STOP_HIT,26072.25,445.00,2026-05-07 09:21:07
2026-03-03,2026-03-03 11:25:00,2026-03-03 11:40:00,OG,Backtest,AdxDiCrossBracketOG,OG_AdxDiCrossBracketOG,OG,NQ,NQ JUN26,LONG,1,24795.25,24816.50,420.64,416.28,83.3,WIN,STOP_HIT,24724.00,1425.00,2026-05-07 09:21:07
2026-03-12,2026-03-12 11:50:00,2026-03-12 11:50:00,OG,Backtest,AdxDiCrossBracketOG,OG_AdxDiCrossBracketOG,OG,NQ,NQ JUN26,LONG,1,24898.75,24843.25,-1114.36,-1118.72,-223.7,LOSS,STOP_HIT,24844.50,1085.00,2026-05-07 09:21:07
2026-01-09,2026-01-09 10:10:00,2026-01-09 10:10:00,OG,Backtest,AdxDiCrossBracketOG,OG_AdxDiCrossBracketOG,OG,NQ,NQ JUN26,LONG,1,25922.50,25881.00,-834.36,-838.72,-167.7,LOSS,STOP_HIT,25882.25,805.00,2026-05-07 09:21:07
2026-01-20,2026-01-20 11:10:00,2026-01-20 11:15:00,OG,Backtest,AdxDiCrossBracketOG,OG_AdxDiCrossBracketOG,OG,NQ,NQ JUN26,LONG,1,25588.25,25600.25,235.64,231.28,46.3,WIN,STOP_HIT,25540.75,950.00,2026-05-07 09:21:07
2026-01-09,2026-01-09 10:10:00,2026-01-09 10:10:00,OG,Backtest,AdxDiCrossBracketOG,OG_AdxDiCrossBracketOG,OG,NQ,NQ JUN26,LONG,1,25922.50,25881.00,-834.36,-838.72,-167.7,LOSS,STOP_HIT,25882.25,805.00,2026-05-07 09:21:07
2026-01-07,2026-01-07 10:10:00,2026-01-07 10:10:00,OG,Backtest,AdxDiCrossBracketOG,OG_AdxDiCrossBracketOG,OG,NQ,NQ JUN26,SHORT,1,26050.00,26073.50,-474.36,-478.72,-95.7,LOSS,STOP_HIT,26072.25,445.00,2026-05-07 09:21:07
2026-01-20,2026-01-20 11:10:00,2026-01-20 11:15:00,OG,Backtest,AdxDiCrossBracketOG,OG_AdxDiCrossBracketOG,OG,NQ,NQ JUN26,LONG,1,25588.25,25600.25,235.64,231.28,46.3,WIN,STOP_HIT,25540.75,950.00,2026-05-07 09:21:07
2026-03-13,2026-03-13 10:50:00,2026-03-13 10:50:00,OG,Backtest,AdxDiCrossBracketOG,OG_AdxDiCrossBracketOG,OG,NQ,NQ JUN26,SHORT,1,24804.25,24755.00,980.64,976.28,195.3,WIN,TARGET_HIT,24853.50,985.00,2026-05-07 09:21:07
2026-01-09,2026-01-09 10:30:00,2026-01-09 10:30:00,OG,Backtest,AdxDiCrossBracketOG,OG_AdxDiCrossBracketOG,OG,NQ,NQ JUN26,LONG,1,26010.00,26057.25,940.64,936.28,187.3,WIN,TARGET_HIT,25959.75,1005.00,2026-05-07 09:21:07
2026-01-09,2026-01-09 10:30:00,2026-01-09 10:30:00,OG,Backtest,AdxDiCrossBracketOG,OG_AdxDiCrossBracketOG,OG,NQ,NQ JUN26,LONG,1,26010.00,26057.25,940.64,936.28,187.3,WIN,TARGET_HIT,25959.75,1005.00,2026-05-07 09:21:07
2026-01-12,2026-01-12 11:25:00,2026-01-12 11:35:00,OG,Backtest,AdxDiCrossBracketOG,OG_AdxDiCrossBracketOG,OG,NQ,NQ JUN26,LONG,1,26159.50,26149.25,-209.36,-213.72,-42.7,LOSS,STOP_HIT,26131.75,555.00,2026-05-07 09:21:07
2026-01-16,2026-01-16 11:30:00,2026-01-16 11:35:00,OG,Backtest,AdxDiCrossBracketOG,OG_AdxDiCrossBracketOG,OG,NQ,NQ JUN26,LONG,1,25912.25,25924.50,240.64,236.28,47.3,WIN,STOP_HIT,25874.75,750.00,2026-05-07 09:21:07
2026-01-20,2026-01-20 10:50:00,2026-01-20 10:55:00,OG,Backtest,AdxDiCrossBracketOG,OG_AdxDiCrossBracketOG,OG,NQ,NQ JUN26,LONG,1,25598.75,25558.75,-804.36,-808.72,-161.7,LOSS,STOP_HIT,25550.75,960.00,2026-05-07 09:21:07
2026-03-25,2026-03-25 11:20:00,2026-03-25 11:20:00,OG,Backtest,AdxDiCrossBracketOG,OG_AdxDiCrossBracketOG,OG,NQ,NQ JUN26,SHORT,1,24385.25,24336.50,970.64,966.28,193.3,WIN,TARGET_HIT,24438.00,1055.00,2026-05-07 09:21:07
2026-01-20,2026-01-20 10:50:00,2026-01-20 10:55:00,OG,Backtest,AdxDiCrossBracketOG,OG_AdxDiCrossBracketOG,OG,NQ,NQ JUN26,LONG,1,25598.75,25558.75,-804.36,-808.72,-161.7,LOSS,STOP_HIT,25550.75,960.00,2026-05-07 09:21:07
2026-01-16,2026-01-16 11:30:00,2026-01-16 11:35:00,OG,Backtest,AdxDiCrossBracketOG,OG_AdxDiCrossBracketOG,OG,NQ,NQ JUN26,LONG,1,25912.25,25924.50,240.64,236.28,47.3,WIN,STOP_HIT,25874.75,750.00,2026-05-07 09:21:07
2026-01-07,2026-01-07 09:50:00,2026-01-07 09:50:00,OG,Backtest,AdxDiCrossBracketOG,OG_AdxDiCrossBracketOG,OG,NQ,NQ JUN26,LONG,1,26064.50,26079.75,300.64,296.28,59.3,WIN,TARGET_HIT,26047.25,345.00,2026-05-07 09:21:07
2026-01-16,2026-01-16 11:30:00,2026-01-16 11:35:00,OG,Backtest,AdxDiCrossBracketOG,OG_AdxDiCrossBracketOG,OG,NQ,NQ JUN26,LONG,1,25912.25,25924.50,240.64,236.28,47.3,WIN,STOP_HIT,25874.75,750.00,2026-05-07 09:21:07
2026-01-07,2026-01-07 10:10:00,2026-01-07 10:10:00,OG,Backtest,AdxDiCrossBracketOG,OG_AdxDiCrossBracketOG,OG,NQ,NQ JUN26,SHORT,1,26050.00,26073.50,-474.36,-478.72,-95.7,LOSS,STOP_HIT,26072.25,445.00,2026-05-07 09:21:07
2026-01-21,2026-01-21 11:45:00,2026-01-21 11:45:00,OG,Backtest,AdxDiCrossBracketOG,OG_AdxDiCrossBracketOG,OG,NQ,NQ JUN26,SHORT,1,25543.00,25505.75,740.64,736.28,147.3,WIN,TARGET_HIT,25582.25,785.00,2026-05-07 09:21:07
2026-01-16,2026-01-16 11:30:00,2026-01-16 11:35:00,OG,Backtest,AdxDiCrossBracketOG,OG_AdxDiCrossBracketOG,OG,NQ,NQ JUN26,LONG,1,25912.25,25924.50,240.64,236.28,47.3,WIN,STOP_HIT,25874.75,750.00,2026-05-07 09:21:07
2026-03-19,2026-03-19 11:15:00,2026-03-19 11:25:00,OG,Backtest,AdxDiCrossBracketOG,OG_AdxDiCrossBracketOG,OG,NQ,NQ JUN26,LONG,1,24531.00,24485.50,-914.36,-918.72,-183.7,LOSS,STOP_HIT,24473.00,1160.00,2026-05-07 09:21:07
2026-01-13,2026-01-13 10:10:00,2026-01-13 10:15:00,OG,Backtest,AdxDiCrossBracketOG,OG_AdxDiCrossBracketOG,OG,NQ,NQ JUN26,SHORT,1,26137.25,26108.00,580.64,576.28,115.3,WIN,TARGET_HIT,26168.00,615.00,2026-05-07 09:21:07
2026-01-28,2026-01-28 10:55:00,2026-01-28 11:10:00,OG,Backtest,AdxDiCrossBracketOG,OG_AdxDiCrossBracketOG,OG,NQ,NQ JUN26,SHORT,1,26394.50,26396.00,-34.36,-38.72,-7.7,LOSS,STOP_HIT,26429.00,690.00,2026-05-07 09:21:07
2026-01-28,2026-01-28 11:20:00,2026-01-28 11:25:00,OG,Backtest,AdxDiCrossBracketOG,OG_AdxDiCrossBracketOG,OG,NQ,NQ JUN26,LONG,1,26393.75,26378.25,-314.36,-318.72,-63.7,LOSS,STOP_HIT,26363.25,610.00,2026-05-07 09:21:07
2026-01-20,2026-01-20 11:10:00,2026-01-20 11:15:00,OG,Backtest,AdxDiCrossBracketOG,OG_AdxDiCrossBracketOG,OG,NQ,NQ JUN26,LONG,1,25588.25,25600.25,235.64,231.28,46.3,WIN,STOP_HIT,25540.75,950.00,2026-05-07 09:21:07
2026-01-30,2026-01-30 10:55:00,2026-01-30 10:55:00,OG,Backtest,AdxDiCrossBracketOG,OG_AdxDiCrossBracketOG,OG,NQ,NQ JUN26,LONG,1,26118.00,26058.75,-1189.36,-1193.72,-238.7,LOSS,STOP_HIT,26060.00,1160.00,2026-05-07 09:21:07
2026-02-03,2026-02-03 09:50:00,2026-02-03 09:50:00,OG,Backtest,AdxDiCrossBracketOG,OG_AdxDiCrossBracketOG,OG,NQ,NQ JUN26,SHORT,1,25960.00,25999.25,-789.36,-793.72,-158.7,LOSS,STOP_HIT,25998.00,760.00,2026-05-07 09:21:07
2026-01-20,2026-01-20 10:50:00,2026-01-20 10:55:00,OG,Backtest,AdxDiCrossBracketOG,OG_AdxDiCrossBracketOG,OG,NQ,NQ JUN26,LONG,1,25598.75,25558.75,-804.36,-808.72,-161.7,LOSS,STOP_HIT,25550.75,960.00,2026-05-07 09:21:07
2026-01-20,2026-01-20 11:10:00,2026-01-20 11:15:00,OG,Backtest,AdxDiCrossBracketOG,OG_AdxDiCrossBracketOG,OG,NQ,NQ JUN26,LONG,1,25588.25,25600.25,235.64,231.28,46.3,WIN,STOP_HIT,25540.75,950.00,2026-05-07 09:21:07
2026-01-20,2026-01-20 11:10:00,2026-01-20 11:15:00,OG,Backtest,AdxDiCrossBracketOG,OG_AdxDiCrossBracketOG,OG,NQ,NQ JUN26,LONG,1,25588.25,25600.25,235.64,231.28,46.3,WIN,STOP_HIT,25540.75,950.00,2026-05-07 09:21:07
2026-01-30,2026-01-30 11:00:00,2026-01-30 11:10:00,OG,Backtest,AdxDiCrossBracketOG,OG_AdxDiCrossBracketOG,OG,NQ,NQ JUN26,SHORT,1,26071.50,26048.25,460.64,456.28,91.3,WIN,STOP_HIT,26129.00,1150.00,2026-05-07 09:21:07
2026-01-30,2026-01-30 11:00:00,2026-01-30 11:10:00,OG,Backtest,AdxDiCrossBracketOG,OG_AdxDiCrossBracketOG,OG,NQ,NQ JUN26,SHORT,1,26071.50,26048.25,460.64,456.28,91.3,WIN,STOP_HIT,26129.00,1150.00,2026-05-07 09:21:07
2026-01-09,2026-01-09 10:30:00,2026-01-09 10:30:00,OG,Backtest,AdxDiCrossBracketOG,OG_AdxDiCrossBracketOG,OG,NQ,NQ JUN26,LONG,1,26010.00,26057.25,940.64,936.28,187.3,WIN,TARGET_HIT,25959.75,1005.00,2026-05-07 09:21:07
2026-02-11,2026-02-11 10:20:00,2026-02-11 10:20:00,OG,Backtest,AdxDiCrossBracketOG,OG_AdxDiCrossBracketOG,OG,NQ,NQ JUN26,SHORT,1,25395.25,25345.50,990.64,986.28,197.3,WIN,TARGET_HIT,25448.50,1065.00,2026-05-07 09:21:07
2026-01-28,2026-01-28 11:20:00,2026-01-28 11:25:00,OG,Backtest,AdxDiCrossBracketOG,OG_AdxDiCrossBracketOG,OG,NQ,NQ JUN26,LONG,1,26393.75,26378.25,-314.36,-318.72,-63.7,LOSS,STOP_HIT,26363.25,610.00,2026-05-07 09:21:07
2026-02-11,2026-02-11 11:05:00,2026-02-11 11:10:00,OG,Backtest,AdxDiCrossBracketOG,OG_AdxDiCrossBracketOG,OG,NQ,NQ JUN26,LONG,1,25454.25,25417.50,-739.36,-743.72,-148.7,LOSS,STOP_HIT,25393.00,1225.00,2026-05-07 09:21:07
2026-02-24,2026-02-24 10:15:00,2026-02-24 10:15:00,OG,Backtest,AdxDiCrossBracketOG,OG_AdxDiCrossBracketOG,OG,NQ,NQ JUN26,LONG,1,25110.00,25063.00,-944.36,-948.72,-189.7,LOSS,STOP_HIT,25064.25,915.00,2026-05-07 09:21:07
2026-01-20,2026-01-20 11:10:00,2026-01-20 11:15:00,OG,Backtest,AdxDiCrossBracketOG,OG_AdxDiCrossBracketOG,OG,NQ,NQ JUN26,LONG,1,25588.25,25600.25,235.64,231.28,46.3,WIN,STOP_HIT,25540.75,950.00,2026-05-07 09:21:07
2026-02-13,2026-02-13 10:35:00,2026-02-13 10:35:00,OG,Backtest,AdxDiCrossBracketOG,OG_AdxDiCrossBracketOG,OG,NQ,NQ JUN26,LONG,1,25058.75,25127.00,1360.64,1356.28,271.3,WIN,TARGET_HIT,24987.50,1425.00,2026-05-07 09:21:07
2026-02-24,2026-02-24 10:15:00,2026-02-24 10:15:00,OG,Backtest,AdxDiCrossBracketOG,OG_AdxDiCrossBracketOG,OG,NQ,NQ JUN26,LONG,1,25110.00,25063.00,-944.36,-948.72,-189.7,LOSS,STOP_HIT,25064.25,915.00,2026-05-07 09:21:07
2026-01-30,2026-01-30 11:00:00,2026-01-30 11:10:00,OG,Backtest,AdxDiCrossBracketOG,OG_AdxDiCrossBracketOG,OG,NQ,NQ JUN26,SHORT,1,26071.50,26048.25,460.64,456.28,91.3,WIN,STOP_HIT,26129.00,1150.00,2026-05-07 09:21:07
2026-02-13,2026-02-13 10:35:00,2026-02-13 10:35:00,OG,Backtest,AdxDiCrossBracketOG,OG_AdxDiCrossBracketOG,OG,NQ,NQ JUN26,LONG,1,25058.75,25127.00,1360.64,1356.28,271.3,WIN,TARGET_HIT,24987.50,1425.00,2026-05-07 09:21:07
2026-02-03,2026-02-03 09:50:00,2026-02-03 09:50:00,OG,Backtest,AdxDiCrossBracketOG,OG_AdxDiCrossBracketOG,OG,NQ,NQ JUN26,SHORT,1,25960.00,25999.25,-789.36,-793.72,-158.7,LOSS,STOP_HIT,25998.00,760.00,2026-05-07 09:21:07
2026-01-20,2026-01-20 10:50:00,2026-01-20 10:55:00,OG,Backtest,AdxDiCrossBracketOG,OG_AdxDiCrossBracketOG,OG,NQ,NQ JUN26,LONG,1,25598.75,25558.75,-804.36,-808.72,-161.7,LOSS,STOP_HIT,25550.75,960.00,2026-05-07 09:21:07
2026-02-11,2026-02-11 11:20:00,2026-02-11 11:25:00,OG,Backtest,AdxDiCrossBracketOG,OG_AdxDiCrossBracketOG,OG,NQ,NQ JUN26,LONG,1,25468.75,25457.00,-239.36,-243.72,-48.7,LOSS,STOP_HIT,25406.75,1240.00,2026-05-07 09:21:07
2026-01-12,2026-01-12 11:25:00,2026-01-12 11:35:00,OG,Backtest,AdxDiCrossBracketOG,OG_AdxDiCrossBracketOG,OG,NQ,NQ JUN26,LONG,1,26159.50,26149.25,-209.36,-213.72,-42.7,LOSS,STOP_HIT,26131.75,555.00,2026-05-07 09:21:07
2026-02-24,2026-02-24 10:10:00,2026-02-24 10:10:00,OG,Backtest,AdxDiCrossBracketOG,OG_AdxDiCrossBracketOG,OG,NQ,NQ JUN26,SHORT,1,25048.00,25093.50,-914.36,-918.72,-183.7,LOSS,STOP_HIT,25092.25,885.00,2026-05-07 09:21:07
2026-02-13,2026-02-13 10:35:00,2026-02-13 10:35:00,OG,Backtest,AdxDiCrossBracketOG,OG_AdxDiCrossBracketOG,OG,NQ,NQ JUN26,LONG,1,25058.75,25127.00,1360.64,1356.28,271.3,WIN,TARGET_HIT,24987.50,1425.00,2026-05-07 09:21:07
2026-01-30,2026-01-30 11:00:00,2026-01-30 11:10:00,OG,Backtest,AdxDiCrossBracketOG,OG_AdxDiCrossBracketOG,OG,NQ,NQ JUN26,SHORT,1,26071.50,26048.25,460.64,456.28,91.3,WIN,STOP_HIT,26129.00,1150.00,2026-05-07 09:21:07
2026-02-13,2026-02-13 10:50:00,2026-02-13 11:05:00,OG,Backtest,AdxDiCrossBracketOG,OG_AdxDiCrossBracketOG,OG,NQ,NQ JUN26,SHORT,1,24982.25,25021.00,-779.36,-783.72,-156.7,LOSS,STOP_HIT,25055.00,1455.00,2026-05-07 09:21:07
2026-02-11,2026-02-11 11:20:00,2026-02-11 11:25:00,OG,Backtest,AdxDiCrossBracketOG,OG_AdxDiCrossBracketOG,OG,NQ,NQ JUN26,LONG,1,25468.75,25457.00,-239.36,-243.72,-48.7,LOSS,STOP_HIT,25406.75,1240.00,2026-05-07 09:21:07
2026-02-24,2026-02-24 09:50:00,2026-02-24 09:50:00,OG,Backtest,AdxDiCrossBracketOG,OG_AdxDiCrossBracketOG,OG,NQ,NQ JUN26,LONG,1,25121.25,25157.50,720.64,716.28,143.3,WIN,TARGET_HIT,25081.50,795.00,2026-05-07 09:21:07
2026-03-03,2026-03-03 11:25:00,2026-03-03 11:40:00,OG,Backtest,AdxDiCrossBracketOG,OG_AdxDiCrossBracketOG,OG,NQ,NQ JUN26,LONG,1,24795.25,24816.50,420.64,416.28,83.3,WIN,STOP_HIT,24724.00,1425.00,2026-05-07 09:21:07
2026-01-28,2026-01-28 11:20:00,2026-01-28 11:25:00,OG,Backtest,AdxDiCrossBracketOG,OG_AdxDiCrossBracketOG,OG,NQ,NQ JUN26,LONG,1,26393.75,26378.25,-314.36,-318.72,-63.7,LOSS,STOP_HIT,26363.25,610.00,2026-05-07 09:21:07
2026-02-03,2026-02-03 09:50:00,2026-02-03 09:50:00,OG,Backtest,AdxDiCrossBracketOG,OG_AdxDiCrossBracketOG,OG,NQ,NQ JUN26,SHORT,1,25960.00,25999.25,-789.36,-793.72,-158.7,LOSS,STOP_HIT,25998.00,760.00,2026-05-07 09:21:07
2026-03-06,2026-03-06 11:10:00,2026-03-06 11:15:00,OG,Backtest,AdxDiCrossBracketOG,OG_AdxDiCrossBracketOG,OG,NQ,NQ JUN26,LONG,1,25102.25,25058.25,-884.36,-888.72,-177.7,LOSS,STOP_HIT,25038.75,1270.00,2026-05-07 09:21:07
2026-03-12,2026-03-12 11:50:00,2026-03-12 11:50:00,OG,Backtest,AdxDiCrossBracketOG,OG_AdxDiCrossBracketOG,OG,NQ,NQ JUN26,LONG,1,24898.75,24843.25,-1114.36,-1118.72,-223.7,LOSS,STOP_HIT,24844.50,1085.00,2026-05-07 09:21:07
2026-03-24,2026-03-24 11:00:00,2026-03-24 11:00:00,OG,Backtest,AdxDiCrossBracketOG,OG_AdxDiCrossBracketOG,OG,NQ,NQ JUN26,LONG,1,24282.25,24217.00,-1309.36,-1313.72,-262.7,LOSS,STOP_HIT,24218.25,1280.00,2026-05-07 09:21:07
2026-03-06,2026-03-06 11:10:00,2026-03-06 11:15:00,OG,Backtest,AdxDiCrossBracketOG,OG_AdxDiCrossBracketOG,OG,NQ,NQ JUN26,LONG,1,25102.25,25058.25,-884.36,-888.72,-177.7,LOSS,STOP_HIT,25038.75,1270.00,2026-05-07 09:21:07
2026-01-06,2026-01-06 11:00:00,2026-01-06 11:05:00,OG,Backtest,AdxDiCrossBracketOG,OG_AdxDiCrossBracketOG,OG,NQ,NQ JUN26,SHORT,1,25908.50,25880.75,550.64,546.28,109.3,WIN,TARGET_HIT,25938.25,595.00,2026-05-07 09:21:07
2026-02-24,2026-02-24 10:15:00,2026-02-24 10:15:00,OG,Backtest,AdxDiCrossBracketOG,OG_AdxDiCrossBracketOG,OG,NQ,NQ JUN26,LONG,1,25110.00,25063.00,-944.36,-948.72,-189.7,LOSS,STOP_HIT,25064.25,915.00,2026-05-07 09:21:07
2026-01-09,2026-01-09 10:10:00,2026-01-09 10:10:00,OG,Backtest,AdxDiCrossBracketOG,OG_AdxDiCrossBracketOG,OG,NQ,NQ JUN26,LONG,1,25922.50,25881.00,-834.36,-838.72,-167.7,LOSS,STOP_HIT,25882.25,805.00,2026-05-07 09:21:07
2026-03-19,2026-03-19 11:15:00,2026-03-19 11:25:00,OG,Backtest,AdxDiCrossBracketOG,OG_AdxDiCrossBracketOG,OG,NQ,NQ JUN26,LONG,1,24531.00,24485.50,-914.36,-918.72,-183.7,LOSS,STOP_HIT,24473.00,1160.00,2026-05-07 09:21:07
2026-04-06,2026-04-06 11:05:00,2026-04-06 11:25:00,OG,Backtest,AdxDiCrossBracketOG,OG_AdxDiCrossBracketOG,OG,NQ,NQ JUN26,LONG,1,24307.50,24291.25,-329.36,-333.72,-66.7,LOSS,STOP_HIT,24255.50,1040.00,2026-05-07 09:21:07
2026-03-20,2026-03-20 11:30:00,2026-03-20 12:05:00,OG,Backtest,AdxDiCrossBracketOG,OG_AdxDiCrossBracketOG,OG,NQ,NQ JUN26,LONG,1,24275.00,24327.75,1050.64,1046.28,209.3,WIN,TARGET_HIT,24219.75,1105.00,2026-05-07 09:21:07
2026-03-13,2026-03-13 10:50:00,2026-03-13 10:50:00,OG,Backtest,AdxDiCrossBracketOG,OG_AdxDiCrossBracketOG,OG,NQ,NQ JUN26,SHORT,1,24804.25,24755.00,980.64,976.28,195.3,WIN,TARGET_HIT,24853.50,985.00,2026-05-07 09:21:07
2026-03-13,2026-03-13 10:50:00,2026-03-13 10:50:00,OG,Backtest,AdxDiCrossBracketOG,OG_AdxDiCrossBracketOG,OG,NQ,NQ JUN26,SHORT,1,24804.25,24755.00,980.64,976.28,195.3,WIN,TARGET_HIT,24853.50,985.00,2026-05-07 09:21:07
2026-02-24,2026-02-24 09:50:00,2026-02-24 09:50:00,OG,Backtest,AdxDiCrossBracketOG,OG_AdxDiCrossBracketOG,OG,NQ,NQ JUN26,LONG,1,25121.25,25157.50,720.64,716.28,143.3,WIN,TARGET_HIT,25081.50,795.00,2026-05-07 09:21:07
2026-01-20,2026-01-20 10:50:00,2026-01-20 10:55:00,OG,Backtest,AdxDiCrossBracketOG,OG_AdxDiCrossBracketOG,OG,NQ,NQ JUN26,LONG,1,25598.75,25558.75,-804.36,-808.72,-161.7,LOSS,STOP_HIT,25550.75,960.00,2026-05-07 09:21:07
2026-02-17,2026-02-17 11:10:00,2026-02-17 11:10:00,OG,Backtest,AdxDiCrossBracketOG,OG_AdxDiCrossBracketOG,OG,NQ,NQ JUN26,LONG,1,24862.00,24927.25,1300.64,1296.28,259.3,WIN,TARGET_HIT,24793.75,1365.00,2026-05-07 09:21:07
2026-03-25,2026-03-25 11:20:00,2026-03-25 11:20:00,OG,Backtest,AdxDiCrossBracketOG,OG_AdxDiCrossBracketOG,OG,NQ,NQ JUN26,SHORT,1,24385.25,24336.50,970.64,966.28,193.3,WIN,TARGET_HIT,24438.00,1055.00,2026-05-07 09:21:07
2026-03-27,2026-03-27 11:40:00,2026-03-27 11:45:00,OG,Backtest,AdxDiCrossBracketOG,OG_AdxDiCrossBracketOG,OG,NQ,NQ JUN26,LONG,1,23597.75,23540.25,-1154.36,-1158.72,-231.7,LOSS,STOP_HIT,23541.50,1125.00,2026-05-07 09:21:07
2026-03-13,2026-03-13 10:50:00,2026-03-13 10:50:00,OG,Backtest,AdxDiCrossBracketOG,OG_AdxDiCrossBracketOG,OG,NQ,NQ JUN26,SHORT,1,24804.25,24755.00,980.64,976.28,195.3,WIN,TARGET_HIT,24853.50,985.00,2026-05-07 09:21:07
2026-02-17,2026-02-17 11:10:00,2026-02-17 11:10:00,OG,Backtest,AdxDiCrossBracketOG,OG_AdxDiCrossBracketOG,OG,NQ,NQ JUN26,LONG,1,24862.00,24927.25,1300.64,1296.28,259.3,WIN,TARGET_HIT,24793.75,1365.00,2026-05-07 09:21:07
2026-03-03,2026-03-03 11:25:00,2026-03-03 11:40:00,OG,Backtest,AdxDiCrossBracketOG,OG_AdxDiCrossBracketOG,OG,NQ,NQ JUN26,LONG,1,24795.25,24816.50,420.64,416.28,83.3,WIN,STOP_HIT,24724.00,1425.00,2026-05-07 09:21:07
2026-02-11,2026-02-11 10:20:00,2026-02-11 10:20:00,OG,Backtest,AdxDiCrossBracketOG,OG_AdxDiCrossBracketOG,OG,NQ,NQ JUN26,SHORT,1,25395.25,25345.50,990.64,986.28,197.3,WIN,TARGET_HIT,25448.50,1065.00,2026-05-07 09:21:07
2026-01-28,2026-01-28 10:55:00,2026-01-28 11:10:00,OG,Backtest,AdxDiCrossBracketOG,OG_AdxDiCrossBracketOG,OG,NQ,NQ JUN26,SHORT,1,26394.50,26396.00,-34.36,-38.72,-7.7,LOSS,STOP_HIT,26429.00,690.00,2026-05-07 09:21:07
2026-04-06,2026-04-06 11:35:00,2026-04-06 11:50:00,OG,Backtest,AdxDiCrossBracketOG,OG_AdxDiCrossBracketOG,OG,NQ,NQ JUN26,SHORT,1,24280.00,24294.25,-289.36,-293.72,-58.7,LOSS,STOP_HIT,24325.50,910.00,2026-05-07 09:21:07
2026-04-06,2026-04-06 11:35:00,2026-04-06 11:50:00,OG,Backtest,AdxDiCrossBracketOG,OG_AdxDiCrossBracketOG,OG,NQ,NQ JUN26,SHORT,1,24280.00,24294.25,-289.36,-293.72,-58.7,LOSS,STOP_HIT,24325.50,910.00,2026-05-07 09:21:07
2026-04-02,2026-04-02 10:45:00,2026-04-02 10:45:00,OG,Backtest,AdxDiCrossBracketOG,OG_AdxDiCrossBracketOG,OG,NQ,NQ JUN26,LONG,1,24211.00,24133.25,-1559.36,-1563.72,-312.7,LOSS,STOP_HIT,24134.50,1530.00,2026-05-07 09:21:07
2026-01-30,2026-01-30 10:55:00,2026-01-30 10:55:00,OG,Backtest,AdxDiCrossBracketOG,OG_AdxDiCrossBracketOG,OG,NQ,NQ JUN26,LONG,1,26118.00,26058.75,-1189.36,-1193.72,-238.7,LOSS,STOP_HIT,26060.00,1160.00,2026-05-07 09:21:07
2026-04-07,2026-04-07 11:40:00,2026-04-07 12:00:00,OG,Backtest,AdxDiCrossBracketOG,OG_AdxDiCrossBracketOG,OG,NQ,NQ JUN26,LONG,1,24072.25,24117.50,900.64,896.28,179.3,WIN,TARGET_HIT,24025.00,945.00,2026-05-07 09:21:07
2026-04-06,2026-04-06 11:05:00,2026-04-06 11:25:00,OG,Backtest,AdxDiCrossBracketOG,OG_AdxDiCrossBracketOG,OG,NQ,NQ JUN26,LONG,1,24307.50,24291.25,-329.36,-333.72,-66.7,LOSS,STOP_HIT,24255.50,1040.00,2026-05-07 09:21:07
2026-01-23,2026-01-23 10:10:00,2026-01-23 10:15:00,OG,Backtest,AdxDiCrossBracketOG,OG_AdxDiCrossBracketOG,OG,NQ,NQ JUN26,LONG,1,25921.75,25885.00,-739.36,-743.72,-148.7,LOSS,STOP_HIT,25885.50,725.00,2026-05-07 09:21:07
2026-04-02,2026-04-02 10:45:00,2026-04-02 10:45:00,OG,Backtest,AdxDiCrossBracketOG,OG_AdxDiCrossBracketOG,OG,NQ,NQ JUN26,LONG,1,24211.00,24133.25,-1559.36,-1563.72,-312.7,LOSS,STOP_HIT,24134.50,1530.00,2026-05-07 09:21:07
2026-03-02,2026-03-02 11:15:00,2026-03-02 11:20:00,OG,Backtest,AdxDiCrossBracketOG,OG_AdxDiCrossBracketOG,OG,NQ,NQ JUN26,LONG,1,25187.75,25180.00,-159.36,-163.72,-32.7,LOSS,STOP_HIT,25129.50,1165.00,2026-05-07 09:21:07
2026-01-23,2026-01-23 10:10:00,2026-01-23 10:15:00,OG,Backtest,AdxDiCrossBracketOG,OG_AdxDiCrossBracketOG,OG,NQ,NQ JUN26,LONG,1,25921.75,25885.00,-739.36,-743.72,-148.7,LOSS,STOP_HIT,25885.50,725.00,2026-05-07 09:21:07
2026-04-07,2026-04-07 11:40:00,2026-04-07 12:00:00,OG,Backtest,AdxDiCrossBracketOG,OG_AdxDiCrossBracketOG,OG,NQ,NQ JUN26,LONG,1,24072.25,24117.50,900.64,896.28,179.3,WIN,TARGET_HIT,24025.00,945.00,2026-05-07 09:21:07
2026-04-06,2026-04-06 11:35:00,2026-04-06 11:50:00,OG,Backtest,AdxDiCrossBracketOG,OG_AdxDiCrossBracketOG,OG,NQ,NQ JUN26,SHORT,1,24280.00,24294.25,-289.36,-293.72,-58.7,LOSS,STOP_HIT,24325.50,910.00,2026-05-07 09:21:07
2026-02-11,2026-02-11 11:05:00,2026-02-11 11:10:00,OG,Backtest,AdxDiCrossBracketOG,OG_AdxDiCrossBracketOG,OG,NQ,NQ JUN26,LONG,1,25454.25,25417.50,-739.36,-743.72,-148.7,LOSS,STOP_HIT,25393.00,1225.00,2026-05-07 09:21:07
2026-01-30,2026-01-30 10:55:00,2026-01-30 10:55:00,OG,Backtest,AdxDiCrossBracketOG,OG_AdxDiCrossBracketOG,OG,NQ,NQ JUN26,LONG,1,26118.00,26058.75,-1189.36,-1193.72,-238.7,LOSS,STOP_HIT,26060.00,1160.00,2026-05-07 09:21:07
2026-01-30,2026-01-30 11:00:00,2026-01-30 11:10:00,OG,Backtest,AdxDiCrossBracketOG,OG_AdxDiCrossBracketOG,OG,NQ,NQ JUN26,SHORT,1,26071.50,26048.25,460.64,456.28,91.3,WIN,STOP_HIT,26129.00,1150.00,2026-05-07 09:21:07
2026-03-27,2026-03-27 11:40:00,2026-03-27 11:45:00,OG,Backtest,AdxDiCrossBracketOG,OG_AdxDiCrossBracketOG,OG,NQ,NQ JUN26,LONG,1,23597.75,23540.25,-1154.36,-1158.72,-231.7,LOSS,STOP_HIT,23541.50,1125.00,2026-05-07 09:21:07
2026-02-03,2026-02-03 09:50:00,2026-02-03 09:50:00,OG,Backtest,AdxDiCrossBracketOG,OG_AdxDiCrossBracketOG,OG,NQ,NQ JUN26,SHORT,1,25960.00,25999.25,-789.36,-793.72,-158.7,LOSS,STOP_HIT,25998.00,760.00,2026-05-07 09:21:07
2026-01-06,2026-01-06 11:00:00,2026-01-06 11:05:00,OG,Backtest,AdxDiCrossBracketOG,OG_AdxDiCrossBracketOG,OG,NQ,NQ JUN26,SHORT,1,25908.50,25880.75,550.64,546.28,109.3,WIN,TARGET_HIT,25938.25,595.00,2026-05-07 09:21:07
2026-02-03,2026-02-03 09:50:00,2026-02-03 09:50:00,OG,Backtest,AdxDiCrossBracketOG,OG_AdxDiCrossBracketOG,OG,NQ,NQ JUN26,SHORT,1,25960.00,25999.25,-789.36,-793.72,-158.7,LOSS,STOP_HIT,25998.00,760.00,2026-05-07 09:21:07
2026-03-09,2026-03-09 10:45:00,2026-03-09 10:50:00,OG,Backtest,AdxDiCrossBracketOG,OG_AdxDiCrossBracketOG,OG,NQ,NQ JUN26,LONG,1,24692.75,24762.25,1385.64,1381.28,276.3,WIN,TARGET_HIT,24622.25,1410.00,2026-05-07 09:21:07
2026-02-13,2026-02-13 10:50:00,2026-02-13 11:05:00,OG,Backtest,AdxDiCrossBracketOG,OG_AdxDiCrossBracketOG,OG,NQ,NQ JUN26,SHORT,1,24982.25,25021.00,-779.36,-783.72,-156.7,LOSS,STOP_HIT,25055.00,1455.00,2026-05-07 09:21:07
2026-04-07,2026-04-07 11:40:00,2026-04-07 12:00:00,OG,Backtest,AdxDiCrossBracketOG,OG_AdxDiCrossBracketOG,OG,NQ,NQ JUN26,LONG,1,24072.25,24117.50,900.64,896.28,179.3,WIN,TARGET_HIT,24025.00,945.00,2026-05-07 09:21:07
2026-02-24,2026-02-24 09:50:00,2026-02-24 09:50:00,OG,Backtest,AdxDiCrossBracketOG,OG_AdxDiCrossBracketOG,OG,NQ,NQ JUN26,LONG,1,25121.25,25157.50,720.64,716.28,143.3,WIN,TARGET_HIT,25081.50,795.00,2026-05-07 09:21:07
2026-04-10,2026-04-10 11:45:00,2026-04-10 12:00:00,OG,Backtest,AdxDiCrossBracketOG,OG_AdxDiCrossBracketOG,OG,NQ,NQ JUN26,SHORT,1,25300.75,25269.75,615.64,611.28,122.3,WIN,TARGET_HIT,25334.25,670.00,2026-05-07 09:21:07
2026-03-24,2026-03-24 11:00:00,2026-03-24 11:00:00,OG,Backtest,AdxDiCrossBracketOG,OG_AdxDiCrossBracketOG,OG,NQ,NQ JUN26,LONG,1,24282.25,24217.00,-1309.36,-1313.72,-262.7,LOSS,STOP_HIT,24218.25,1280.00,2026-05-07 09:21:07
2026-03-02,2026-03-02 11:15:00,2026-03-02 11:20:00,OG,Backtest,AdxDiCrossBracketOG,OG_AdxDiCrossBracketOG,OG,NQ,NQ JUN26,LONG,1,25187.75,25180.00,-159.36,-163.72,-32.7,LOSS,STOP_HIT,25129.50,1165.00,2026-05-07 09:21:07
2026-03-25,2026-03-25 11:20:00,2026-03-25 11:20:00,OG,Backtest,AdxDiCrossBracketOG,OG_AdxDiCrossBracketOG,OG,NQ,NQ JUN26,SHORT,1,24385.25,24336.50,970.64,966.28,193.3,WIN,TARGET_HIT,24438.00,1055.00,2026-05-07 09:21:07
2026-03-03,2026-03-03 11:25:00,2026-03-03 11:40:00,OG,Backtest,AdxDiCrossBracketOG,OG_AdxDiCrossBracketOG,OG,NQ,NQ JUN26,LONG,1,24795.25,24816.50,420.64,416.28,83.3,WIN,STOP_HIT,24724.00,1425.00,2026-05-07 09:21:07
2026-03-02,2026-03-02 11:15:00,2026-03-02 11:20:00,OG,Backtest,AdxDiCrossBracketOG,OG_AdxDiCrossBracketOG,OG,NQ,NQ JUN26,LONG,1,25187.75,25180.00,-159.36,-163.72,-32.7,LOSS,STOP_HIT,25129.50,1165.00,2026-05-07 09:21:07
2026-02-24,2026-02-24 09:50:00,2026-02-24 09:50:00,OG,Backtest,AdxDiCrossBracketOG,OG_AdxDiCrossBracketOG,OG,NQ,NQ JUN26,LONG,1,25121.25,25157.50,720.64,716.28,143.3,WIN,TARGET_HIT,25081.50,795.00,2026-05-07 09:21:07
2026-03-03,2026-03-03 11:25:00,2026-03-03 11:40:00,OG,Backtest,AdxDiCrossBracketOG,OG_AdxDiCrossBracketOG,OG,NQ,NQ JUN26,LONG,1,24795.25,24816.50,420.64,416.28,83.3,WIN,STOP_HIT,24724.00,1425.00,2026-05-07 09:21:07
2026-04-02,2026-04-02 10:45:00,2026-04-02 10:45:00,OG,Backtest,AdxDiCrossBracketOG,OG_AdxDiCrossBracketOG,OG,NQ,NQ JUN26,LONG,1,24211.00,24133.25,-1559.36,-1563.72,-312.7,LOSS,STOP_HIT,24134.50,1530.00,2026-05-07 09:21:07
2026-02-13,2026-02-13 10:35:00,2026-02-13 10:35:00,OG,Backtest,AdxDiCrossBracketOG,OG_AdxDiCrossBracketOG,OG,NQ,NQ JUN26,LONG,1,25058.75,25127.00,1360.64,1356.28,271.3,WIN,TARGET_HIT,24987.50,1425.00,2026-05-07 09:21:07
2026-04-06,2026-04-06 10:55:00,2026-04-06 11:00:00,OG,Backtest,AdxDiCrossBracketOG,OG_AdxDiCrossBracketOG,OG,NQ,NQ JUN26,SHORT,1,24269.25,24322.25,-1064.36,-1068.72,-213.7,LOSS,STOP_HIT,24321.00,1035.00,2026-05-07 09:21:07
2026-01-07,2026-01-07 10:10:00,2026-01-07 10:10:00,OG,Backtest,AdxDiCrossBracketOG,OG_AdxDiCrossBracketOG,OG,NQ,NQ JUN26,SHORT,1,26050.00,26073.50,-474.36,-478.72,-95.7,LOSS,STOP_HIT,26072.25,445.00,2026-05-07 09:21:07
2026-02-24,2026-02-24 10:15:00,2026-02-24 10:15:00,OG,Backtest,AdxDiCrossBracketOG,OG_AdxDiCrossBracketOG,OG,NQ,NQ JUN26,LONG,1,25110.00,25063.00,-944.36,-948.72,-189.7,LOSS,STOP_HIT,25064.25,915.00,2026-05-07 09:21:07
2026-04-02,2026-04-02 10:45:00,2026-04-02 10:45:00,OG,Backtest,AdxDiCrossBracketOG,OG_AdxDiCrossBracketOG,OG,NQ,NQ JUN26,LONG,1,24211.00,24133.25,-1559.36,-1563.72,-312.7,LOSS,STOP_HIT,24134.50,1530.00,2026-05-07 09:21:07
2026-03-09,2026-03-09 10:45:00,2026-03-09 10:50:00,OG,Backtest,AdxDiCrossBracketOG,OG_AdxDiCrossBracketOG,OG,NQ,NQ JUN26,LONG,1,24692.75,24762.25,1385.64,1381.28,276.3,WIN,TARGET_HIT,24622.25,1410.00,2026-05-07 09:21:07
2026-01-06,2026-01-06 11:00:00,2026-01-06 11:05:00,OG,Backtest,AdxDiCrossBracketOG,OG_AdxDiCrossBracketOG,OG,NQ,NQ JUN26,SHORT,1,25908.50,25880.75,550.64,546.28,109.3,WIN,TARGET_HIT,25938.25,595.00,2026-05-07 09:21:07
2026-01-09,2026-01-09 09:55:00,2026-01-09 09:55:00,OG,Backtest,AdxDiCrossBracketOG,OG_AdxDiCrossBracketOG,OG,NQ,NQ JUN26,SHORT,1,25912.50,25949.00,-734.36,-738.72,-147.7,LOSS,STOP_HIT,25947.75,705.00,2026-05-07 09:21:07
2026-02-24,2026-02-24 10:15:00,2026-02-24 10:15:00,OG,Backtest,AdxDiCrossBracketOG,OG_AdxDiCrossBracketOG,OG,NQ,NQ JUN26,LONG,1,25110.00,25063.00,-944.36,-948.72,-189.7,LOSS,STOP_HIT,25064.25,915.00,2026-05-07 09:21:07
2026-01-09,2026-01-09 09:45:00,2026-01-09 09:50:00,OG,Backtest,AdxDiCrossBracketOG,OG_AdxDiCrossBracketOG,OG,NQ,NQ JUN26,LONG,1,25965.75,25936.75,-584.36,-588.72,-117.7,LOSS,STOP_HIT,25938.00,555.00,2026-05-07 09:21:07
2026-03-03,2026-03-03 11:25:00,2026-03-03 11:40:00,OG,Backtest,AdxDiCrossBracketOG,OG_AdxDiCrossBracketOG,OG,NQ,NQ JUN26,LONG,1,24795.25,24816.50,420.64,416.28,83.3,WIN,STOP_HIT,24724.00,1425.00,2026-05-07 09:21:07
2026-01-09,2026-01-09 10:30:00,2026-01-09 10:30:00,OG,Backtest,AdxDiCrossBracketOG,OG_AdxDiCrossBracketOG,OG,NQ,NQ JUN26,LONG,1,26010.00,26057.25,940.64,936.28,187.3,WIN,TARGET_HIT,25959.75,1005.00,2026-05-07 09:21:07
2026-01-09,2026-01-09 10:10:00,2026-01-09 10:10:00,OG,Backtest,AdxDiCrossBracketOG,OG_AdxDiCrossBracketOG,OG,NQ,NQ JUN26,LONG,1,25922.50,25881.00,-834.36,-838.72,-167.7,LOSS,STOP_HIT,25882.25,805.00,2026-05-07 09:21:08
2026-01-09,2026-01-09 10:30:00,2026-01-09 10:30:00,OG,Backtest,AdxDiCrossBracketOG,OG_AdxDiCrossBracketOG,OG,NQ,NQ JUN26,LONG,1,26010.00,26057.25,940.64,936.28,187.3,WIN,TARGET_HIT,25959.75,1005.00,2026-05-07 09:21:08
2026-01-09,2026-01-09 10:10:00,2026-01-09 10:10:00,OG,Backtest,AdxDiCrossBracketOG,OG_AdxDiCrossBracketOG,OG,NQ,NQ JUN26,LONG,1,25922.50,25881.00,-834.36,-838.72,-167.7,LOSS,STOP_HIT,25882.25,805.00,2026-05-07 09:21:08
2026-01-12,2026-01-12 11:25:00,2026-01-12 11:35:00,OG,Backtest,AdxDiCrossBracketOG,OG_AdxDiCrossBracketOG,OG,NQ,NQ JUN26,LONG,1,26159.50,26149.25,-209.36,-213.72,-42.7,LOSS,STOP_HIT,26131.75,555.00,2026-05-07 09:21:08
2026-01-07,2026-01-07 09:50:00,2026-01-07 09:50:00,OG,Backtest,AdxDiCrossBracketOG,OG_AdxDiCrossBracketOG,OG,NQ,NQ JUN26,LONG,1,26064.50,26079.75,300.64,296.28,59.3,WIN,TARGET_HIT,26047.25,345.00,2026-05-07 09:21:08
2026-03-12,2026-03-12 11:50:00,2026-03-12 11:50:00,OG,Backtest,AdxDiCrossBracketOG,OG_AdxDiCrossBracketOG,OG,NQ,NQ JUN26,LONG,1,24898.75,24843.25,-1114.36,-1118.72,-223.7,LOSS,STOP_HIT,24844.50,1085.00,2026-05-07 09:21:08
2026-01-09,2026-01-09 09:45:00,2026-01-09 09:50:00,OG,Backtest,AdxDiCrossBracketOG,OG_AdxDiCrossBracketOG,OG,NQ,NQ JUN26,LONG,1,25965.75,25936.75,-584.36,-588.72,-117.7,LOSS,STOP_HIT,25938.00,555.00,2026-05-07 09:21:08
2026-03-13,2026-03-13 10:50:00,2026-03-13 10:50:00,OG,Backtest,AdxDiCrossBracketOG,OG_AdxDiCrossBracketOG,OG,NQ,NQ JUN26,SHORT,1,24804.25,24755.00,980.64,976.28,195.3,WIN,TARGET_HIT,24853.50,985.00,2026-05-07 09:21:08
2026-03-24,2026-03-24 11:00:00,2026-03-24 11:00:00,OG,Backtest,AdxDiCrossBracketOG,OG_AdxDiCrossBracketOG,OG,NQ,NQ JUN26,LONG,1,24282.25,24217.00,-1309.36,-1313.72,-262.7,LOSS,STOP_HIT,24218.25,1280.00,2026-05-07 09:21:08
2026-01-06,2026-01-06 11:00:00,2026-01-06 11:05:00,OG,Backtest,AdxDiCrossBracketOG,OG_AdxDiCrossBracketOG,OG,NQ,NQ JUN26,SHORT,1,25908.50,25880.75,550.64,546.28,109.3,WIN,TARGET_HIT,25938.25,595.00,2026-05-07 09:21:08
2026-03-25,2026-03-25 11:20:00,2026-03-25 11:20:00,OG,Backtest,AdxDiCrossBracketOG,OG_AdxDiCrossBracketOG,OG,NQ,NQ JUN26,SHORT,1,24385.25,24336.50,970.64,966.28,193.3,WIN,TARGET_HIT,24438.00,1055.00,2026-05-07 09:21:08
2026-01-20,2026-01-20 10:50:00,2026-01-20 10:55:00,OG,Backtest,AdxDiCrossBracketOG,OG_AdxDiCrossBracketOG,OG,NQ,NQ JUN26,LONG,1,25598.75,25558.75,-804.36,-808.72,-161.7,LOSS,STOP_HIT,25550.75,960.00,2026-05-07 09:21:08
2026-01-06,2026-01-06 11:00:00,2026-01-06 11:05:00,OG,Backtest,AdxDiCrossBracketOG,OG_AdxDiCrossBracketOG,OG,NQ,NQ JUN26,SHORT,1,25908.50,25880.75,550.64,546.28,109.3,WIN,TARGET_HIT,25938.25,595.00,2026-05-07 09:21:08
2026-02-11,2026-02-11 11:05:00,2026-02-11 11:10:00,OG,Backtest,AdxDiCrossBracketOG,OG_AdxDiCrossBracketOG,OG,NQ,NQ JUN26,LONG,1,25454.25,25417.50,-739.36,-743.72,-148.7,LOSS,STOP_HIT,25393.00,1225.00,2026-05-07 09:21:08
2026-01-20,2026-01-20 11:10:00,2026-01-20 11:15:00,OG,Backtest,AdxDiCrossBracketOG,OG_AdxDiCrossBracketOG,OG,NQ,NQ JUN26,LONG,1,25588.25,25600.25,235.64,231.28,46.3,WIN,STOP_HIT,25540.75,950.00,2026-05-07 09:21:08
2026-01-09,2026-01-09 10:10:00,2026-01-09 10:10:00,OG,Backtest,AdxDiCrossBracketOG,OG_AdxDiCrossBracketOG,OG,NQ,NQ JUN26,LONG,1,25922.50,25881.00,-834.36,-838.72,-167.7,LOSS,STOP_HIT,25882.25,805.00,2026-05-07 09:21:08
2026-01-09,2026-01-09 10:10:00,2026-01-09 10:10:00,OG,Backtest,AdxDiCrossBracketOG,OG_AdxDiCrossBracketOG,OG,NQ,NQ JUN26,LONG,1,25922.50,25881.00,-834.36,-838.72,-167.7,LOSS,STOP_HIT,25882.25,805.00,2026-05-07 09:21:08
2026-01-21,2026-01-21 11:45:00,2026-01-21 11:45:00,OG,Backtest,AdxDiCrossBracketOG,OG_AdxDiCrossBracketOG,OG,NQ,NQ JUN26,SHORT,1,25543.00,25505.75,740.64,736.28,147.3,WIN,TARGET_HIT,25582.25,785.00,2026-05-07 09:21:08
2026-01-13,2026-01-13 10:10:00,2026-01-13 10:15:00,OG,Backtest,AdxDiCrossBracketOG,OG_AdxDiCrossBracketOG,OG,NQ,NQ JUN26,SHORT,1,26137.25,26108.00,580.64,576.28,115.3,WIN,TARGET_HIT,26168.00,615.00,2026-05-07 09:21:08
2026-04-06,2026-04-06 11:05:00,2026-04-06 11:25:00,OG,Backtest,AdxDiCrossBracketOG,OG_AdxDiCrossBracketOG,OG,NQ,NQ JUN26,LONG,1,24307.50,24291.25,-329.36,-333.72,-66.7,LOSS,STOP_HIT,24255.50,1040.00,2026-05-07 09:21:08
2026-04-06,2026-04-06 11:35:00,2026-04-06 11:50:00,OG,Backtest,AdxDiCrossBracketOG,OG_AdxDiCrossBracketOG,OG,NQ,NQ JUN26,SHORT,1,24280.00,24294.25,-289.36,-293.72,-58.7,LOSS,STOP_HIT,24325.50,910.00,2026-05-07 09:21:08
2026-01-09,2026-01-09 10:30:00,2026-01-09 10:30:00,OG,Backtest,AdxDiCrossBracketOG,OG_AdxDiCrossBracketOG,OG,NQ,NQ JUN26,LONG,1,26010.00,26057.25,940.64,936.28,187.3,WIN,TARGET_HIT,25959.75,1005.00,2026-05-07 09:21:08
2026-01-28,2026-01-28 10:55:00,2026-01-28 11:10:00,OG,Backtest,AdxDiCrossBracketOG,OG_AdxDiCrossBracketOG,OG,NQ,NQ JUN26,SHORT,1,26394.50,26396.00,-34.36,-38.72,-7.7,LOSS,STOP_HIT,26429.00,690.00,2026-05-07 09:21:08
2026-04-02,2026-04-02 10:45:00,2026-04-02 10:45:00,OG,Backtest,AdxDiCrossBracketOG,OG_AdxDiCrossBracketOG,OG,NQ,NQ JUN26,LONG,1,24211.00,24133.25,-1559.36,-1563.72,-312.7,LOSS,STOP_HIT,24134.50,1530.00,2026-05-07 09:21:08
2026-01-28,2026-01-28 11:20:00,2026-01-28 11:25:00,OG,Backtest,AdxDiCrossBracketOG,OG_AdxDiCrossBracketOG,OG,NQ,NQ JUN26,LONG,1,26393.75,26378.25,-314.36,-318.72,-63.7,LOSS,STOP_HIT,26363.25,610.00,2026-05-07 09:21:08
2026-01-12,2026-01-12 11:25:00,2026-01-12 11:35:00,OG,Backtest,AdxDiCrossBracketOG,OG_AdxDiCrossBracketOG,OG,NQ,NQ JUN26,LONG,1,26159.50,26149.25,-209.36,-213.72,-42.7,LOSS,STOP_HIT,26131.75,555.00,2026-05-07 09:21:08
2026-01-16,2026-01-16 11:30:00,2026-01-16 11:35:00,OG,Backtest,AdxDiCrossBracketOG,OG_AdxDiCrossBracketOG,OG,NQ,NQ JUN26,LONG,1,25912.25,25924.50,240.64,236.28,47.3,WIN,STOP_HIT,25874.75,750.00,2026-05-07 09:21:08
2026-01-09,2026-01-09 10:30:00,2026-01-09 10:30:00,OG,Backtest,AdxDiCrossBracketOG,OG_AdxDiCrossBracketOG,OG,NQ,NQ JUN26,LONG,1,26010.00,26057.25,940.64,936.28,187.3,WIN,TARGET_HIT,25959.75,1005.00,2026-05-07 09:21:08
2026-02-10,2026-02-10 09:45:00,2026-02-10 09:45:00,OG,Backtest,AdxDiCrossBracketOG,OG_AdxDiCrossBracketOG,OG,NQ,NQ JUN26,SHORT,1,25534.50,25512.25,440.64,436.28,87.3,WIN,TARGET_HIT,25559.75,505.00,2026-05-07 09:21:08
2026-04-07,2026-04-07 11:40:00,2026-04-07 12:00:00,OG,Backtest,AdxDiCrossBracketOG,OG_AdxDiCrossBracketOG,OG,NQ,NQ JUN26,LONG,1,24072.25,24117.50,900.64,896.28,179.3,WIN,TARGET_HIT,24025.00,945.00,2026-05-07 09:21:08
2026-01-28,2026-01-28 10:55:00,2026-01-28 11:10:00,OG,Backtest,AdxDiCrossBracketOG,OG_AdxDiCrossBracketOG,OG,NQ,NQ JUN26,SHORT,1,26394.50,26396.00,-34.36,-38.72,-7.7,LOSS,STOP_HIT,26429.00,690.00,2026-05-07 09:21:08
2026-01-23,2026-01-23 10:10:00,2026-01-23 10:15:00,OG,Backtest,AdxDiCrossBracketOG,OG_AdxDiCrossBracketOG,OG,NQ,NQ JUN26,LONG,1,25921.75,25885.00,-739.36,-743.72,-148.7,LOSS,STOP_HIT,25885.50,725.00,2026-05-07 09:21:08
2026-02-10,2026-02-10 09:45:00,2026-02-10 09:45:00,OG,Backtest,AdxDiCrossBracketOG,OG_AdxDiCrossBracketOG,OG,NQ,NQ JUN26,SHORT,1,25534.50,25512.25,440.64,436.28,87.3,WIN,TARGET_HIT,25559.75,505.00,2026-05-07 09:21:08
2026-01-16,2026-01-16 11:30:00,2026-01-16 11:35:00,OG,Backtest,AdxDiCrossBracketOG,OG_AdxDiCrossBracketOG,OG,NQ,NQ JUN26,LONG,1,25912.25,25924.50,240.64,236.28,47.3,WIN,STOP_HIT,25874.75,750.00,2026-05-07 09:21:08
2026-02-10,2026-02-10 09:45:00,2026-02-10 09:45:00,OG,Backtest,AdxDiCrossBracketOG,OG_AdxDiCrossBracketOG,OG,NQ,NQ JUN26,SHORT,1,25534.50,25512.25,440.64,436.28,87.3,WIN,TARGET_HIT,25559.75,505.00,2026-05-07 09:21:08
2026-01-30,2026-01-30 10:55:00,2026-01-30 10:55:00,OG,Backtest,AdxDiCrossBracketOG,OG_AdxDiCrossBracketOG,OG,NQ,NQ JUN26,LONG,1,26118.00,26058.75,-1189.36,-1193.72,-238.7,LOSS,STOP_HIT,26060.00,1160.00,2026-05-07 09:21:08
2026-01-28,2026-01-28 10:55:00,2026-01-28 11:10:00,OG,Backtest,AdxDiCrossBracketOG,OG_AdxDiCrossBracketOG,OG,NQ,NQ JUN26,SHORT,1,26394.50,26396.00,-34.36,-38.72,-7.7,LOSS,STOP_HIT,26429.00,690.00,2026-05-07 09:21:08
2026-02-11,2026-02-11 11:20:00,2026-02-11 11:25:00,OG,Backtest,AdxDiCrossBracketOG,OG_AdxDiCrossBracketOG,OG,NQ,NQ JUN26,LONG,1,25468.75,25457.00,-239.36,-243.72,-48.7,LOSS,STOP_HIT,25406.75,1240.00,2026-05-07 09:21:08
2026-02-13,2026-02-13 10:50:00,2026-02-13 11:05:00,OG,Backtest,AdxDiCrossBracketOG,OG_AdxDiCrossBracketOG,OG,NQ,NQ JUN26,SHORT,1,24982.25,25021.00,-779.36,-783.72,-156.7,LOSS,STOP_HIT,25055.00,1455.00,2026-05-07 09:21:08
2026-02-10,2026-02-10 09:45:00,2026-02-10 09:45:00,OG,Backtest,AdxDiCrossBracketOG,OG_AdxDiCrossBracketOG,OG,NQ,NQ JUN26,SHORT,1,25534.50,25512.25,440.64,436.28,87.3,WIN,TARGET_HIT,25559.75,505.00,2026-05-07 09:21:08
2026-03-20,2026-03-20 11:30:00,2026-03-20 12:05:00,OG,Backtest,AdxDiCrossBracketOG,OG_AdxDiCrossBracketOG,OG,NQ,NQ JUN26,LONG,1,24275.00,24327.75,1050.64,1046.28,209.3,WIN,TARGET_HIT,24219.75,1105.00,2026-05-07 09:21:08
2026-01-28,2026-01-28 10:55:00,2026-01-28 11:10:00,OG,Backtest,AdxDiCrossBracketOG,OG_AdxDiCrossBracketOG,OG,NQ,NQ JUN26,SHORT,1,26394.50,26396.00,-34.36,-38.72,-7.7,LOSS,STOP_HIT,26429.00,690.00,2026-05-07 09:21:08
2026-02-24,2026-02-24 10:15:00,2026-02-24 10:15:00,OG,Backtest,AdxDiCrossBracketOG,OG_AdxDiCrossBracketOG,OG,NQ,NQ JUN26,LONG,1,25110.00,25063.00,-944.36,-948.72,-189.7,LOSS,STOP_HIT,25064.25,915.00,2026-05-07 09:21:08
2026-01-30,2026-01-30 11:00:00,2026-01-30 11:10:00,OG,Backtest,AdxDiCrossBracketOG,OG_AdxDiCrossBracketOG,OG,NQ,NQ JUN26,SHORT,1,26071.50,26048.25,460.64,456.28,91.3,WIN,STOP_HIT,26129.00,1150.00,2026-05-07 09:21:08
2026-02-24,2026-02-24 10:15:00,2026-02-24 10:15:00,OG,Backtest,AdxDiCrossBracketOG,OG_AdxDiCrossBracketOG,OG,NQ,NQ JUN26,LONG,1,25110.00,25063.00,-944.36,-948.72,-189.7,LOSS,STOP_HIT,25064.25,915.00,2026-05-07 09:21:08
2026-02-03,2026-02-03 09:50:00,2026-02-03 09:50:00,OG,Backtest,AdxDiCrossBracketOG,OG_AdxDiCrossBracketOG,OG,NQ,NQ JUN26,SHORT,1,25960.00,25999.25,-789.36,-793.72,-158.7,LOSS,STOP_HIT,25998.00,760.00,2026-05-07 09:21:08
2026-02-24,2026-02-24 10:10:00,2026-02-24 10:10:00,OG,Backtest,AdxDiCrossBracketOG,OG_AdxDiCrossBracketOG,OG,NQ,NQ JUN26,SHORT,1,25048.00,25093.50,-914.36,-918.72,-183.7,LOSS,STOP_HIT,25092.25,885.00,2026-05-07 09:21:08
2026-02-05,2026-02-05 11:40:00,2026-02-05 11:50:00,OG,Backtest,AdxDiCrossBracketOG,OG_AdxDiCrossBracketOG,OG,NQ,NQ JUN26,LONG,1,25026.25,24991.50,-699.36,-703.72,-140.7,LOSS,STOP_HIT,24938.00,1765.00,2026-05-07 09:21:08
2026-02-11,2026-02-11 11:20:00,2026-02-11 11:25:00,OG,Backtest,AdxDiCrossBracketOG,OG_AdxDiCrossBracketOG,OG,NQ,NQ JUN26,LONG,1,25468.75,25457.00,-239.36,-243.72,-48.7,LOSS,STOP_HIT,25406.75,1240.00,2026-05-07 09:21:08
2026-03-02,2026-03-02 11:15:00,2026-03-02 11:20:00,OG,Backtest,AdxDiCrossBracketOG,OG_AdxDiCrossBracketOG,OG,NQ,NQ JUN26,LONG,1,25187.75,25180.00,-159.36,-163.72,-32.7,LOSS,STOP_HIT,25129.50,1165.00,2026-05-07 09:21:08
2026-03-06,2026-03-06 11:10:00,2026-03-06 11:15:00,OG,Backtest,AdxDiCrossBracketOG,OG_AdxDiCrossBracketOG,OG,NQ,NQ JUN26,LONG,1,25102.25,25058.25,-884.36,-888.72,-177.7,LOSS,STOP_HIT,25038.75,1270.00,2026-05-07 09:21:08
2026-01-30,2026-01-30 10:55:00,2026-01-30 10:55:00,OG,Backtest,AdxDiCrossBracketOG,OG_AdxDiCrossBracketOG,OG,NQ,NQ JUN26,LONG,1,26118.00,26058.75,-1189.36,-1193.72,-238.7,LOSS,STOP_HIT,26060.00,1160.00,2026-05-07 09:21:08
2026-02-13,2026-02-13 10:50:00,2026-02-13 11:05:00,OG,Backtest,AdxDiCrossBracketOG,OG_AdxDiCrossBracketOG,OG,NQ,NQ JUN26,SHORT,1,24982.25,25021.00,-779.36,-783.72,-156.7,LOSS,STOP_HIT,25055.00,1455.00,2026-05-07 09:21:08
2026-02-13,2026-02-13 10:35:00,2026-02-13 10:35:00,OG,Backtest,AdxDiCrossBracketOG,OG_AdxDiCrossBracketOG,OG,NQ,NQ JUN26,LONG,1,25058.75,25127.00,1360.64,1356.28,271.3,WIN,TARGET_HIT,24987.50,1425.00,2026-05-07 09:21:08
2026-01-09,2026-01-09 09:45:00,2026-01-09 09:50:00,OG,Backtest,AdxDiCrossBracketOG,OG_AdxDiCrossBracketOG,OG,NQ,NQ JUN26,LONG,1,25965.75,25936.75,-584.36,-588.72,-117.7,LOSS,STOP_HIT,25938.00,555.00,2026-05-07 09:21:08
2026-02-03,2026-02-03 09:50:00,2026-02-03 09:50:00,OG,Backtest,AdxDiCrossBracketOG,OG_AdxDiCrossBracketOG,OG,NQ,NQ JUN26,SHORT,1,25960.00,25999.25,-789.36,-793.72,-158.7,LOSS,STOP_HIT,25998.00,760.00,2026-05-07 09:21:08
2026-02-24,2026-02-24 09:50:00,2026-02-24 09:50:00,OG,Backtest,AdxDiCrossBracketOG,OG_AdxDiCrossBracketOG,OG,NQ,NQ JUN26,LONG,1,25121.25,25157.50,720.64,716.28,143.3,WIN,TARGET_HIT,25081.50,795.00,2026-05-07 09:21:08
2026-01-09,2026-01-09 10:10:00,2026-01-09 10:10:00,OG,Backtest,AdxDiCrossBracketOG,OG_AdxDiCrossBracketOG,OG,NQ,NQ JUN26,LONG,1,25922.50,25881.00,-834.36,-838.72,-167.7,LOSS,STOP_HIT,25882.25,805.00,2026-05-07 09:21:08
2026-03-17,2026-03-17 11:15:00,2026-03-17 11:20:00,OG,Backtest,AdxDiCrossBracketOG,OG_AdxDiCrossBracketOG,OG,NQ,NQ JUN26,SHORT,1,25019.75,25057.00,-749.36,-753.72,-150.7,LOSS,STOP_HIT,25056.25,730.00,2026-05-07 09:21:08
2026-02-24,2026-02-24 10:10:00,2026-02-24 10:10:00,OG,Backtest,AdxDiCrossBracketOG,OG_AdxDiCrossBracketOG,OG,NQ,NQ JUN26,SHORT,1,25048.00,25093.50,-914.36,-918.72,-183.7,LOSS,STOP_HIT,25092.25,885.00,2026-05-07 09:21:08
2026-03-17,2026-03-17 11:15:00,2026-03-17 11:20:00,OG,Backtest,AdxDiCrossBracketOG,OG_AdxDiCrossBracketOG,OG,NQ,NQ JUN26,SHORT,1,25019.75,25057.00,-749.36,-753.72,-150.7,LOSS,STOP_HIT,25056.25,730.00,2026-05-07 09:21:08
2026-01-20,2026-01-20 11:10:00,2026-01-20 11:15:00,OG,Backtest,AdxDiCrossBracketOG,OG_AdxDiCrossBracketOG,OG,NQ,NQ JUN26,LONG,1,25588.25,25600.25,235.64,231.28,46.3,WIN,STOP_HIT,25540.75,950.00,2026-05-07 09:21:08
2026-02-17,2026-02-17 11:10:00,2026-02-17 11:10:00,OG,Backtest,AdxDiCrossBracketOG,OG_AdxDiCrossBracketOG,OG,NQ,NQ JUN26,LONG,1,24862.00,24927.25,1300.64,1296.28,259.3,WIN,TARGET_HIT,24793.75,1365.00,2026-05-07 09:21:08
2026-03-02,2026-03-02 11:15:00,2026-03-02 11:20:00,OG,Backtest,AdxDiCrossBracketOG,OG_AdxDiCrossBracketOG,OG,NQ,NQ JUN26,LONG,1,25187.75,25180.00,-159.36,-163.72,-32.7,LOSS,STOP_HIT,25129.50,1165.00,2026-05-07 09:21:08
2026-02-24,2026-02-24 09:50:00,2026-02-24 09:50:00,OG,Backtest,AdxDiCrossBracketOG,OG_AdxDiCrossBracketOG,OG,NQ,NQ JUN26,LONG,1,25121.25,25157.50,720.64,716.28,143.3,WIN,TARGET_HIT,25081.50,795.00,2026-05-07 09:21:08
2026-03-13,2026-03-13 10:50:00,2026-03-13 10:50:00,OG,Backtest,AdxDiCrossBracketOG,OG_AdxDiCrossBracketOG,OG,NQ,NQ JUN26,SHORT,1,24804.25,24755.00,980.64,976.28,195.3,WIN,TARGET_HIT,24853.50,985.00,2026-05-07 09:21:08
2026-03-24,2026-03-24 11:00:00,2026-03-24 11:00:00,OG,Backtest,AdxDiCrossBracketOG,OG_AdxDiCrossBracketOG,OG,NQ,NQ JUN26,LONG,1,24282.25,24217.00,-1309.36,-1313.72,-262.7,LOSS,STOP_HIT,24218.25,1280.00,2026-05-07 09:21:08
2026-02-13,2026-02-13 10:50:00,2026-02-13 11:05:00,OG,Backtest,AdxDiCrossBracketOG,OG_AdxDiCrossBracketOG,OG,NQ,NQ JUN26,SHORT,1,24982.25,25021.00,-779.36,-783.72,-156.7,LOSS,STOP_HIT,25055.00,1455.00,2026-05-07 09:21:08
2026-04-07,2026-04-07 11:40:00,2026-04-07 12:00:00,OG,Backtest,AdxDiCrossBracketOG,OG_AdxDiCrossBracketOG,OG,NQ,NQ JUN26,LONG,1,24072.25,24117.50,900.64,896.28,179.3,WIN,TARGET_HIT,24025.00,945.00,2026-05-07 09:21:08
2026-03-09,2026-03-09 10:45:00,2026-03-09 10:50:00,OG,Backtest,AdxDiCrossBracketOG,OG_AdxDiCrossBracketOG,OG,NQ,NQ JUN26,LONG,1,24692.75,24762.25,1385.64,1381.28,276.3,WIN,TARGET_HIT,24622.25,1410.00,2026-05-07 09:21:08
2026-04-06,2026-04-06 10:55:00,2026-04-06 11:00:00,OG,Backtest,AdxDiCrossBracketOG,OG_AdxDiCrossBracketOG,OG,NQ,NQ JUN26,SHORT,1,24269.25,24322.25,-1064.36,-1068.72,-213.7,LOSS,STOP_HIT,24321.00,1035.00,2026-05-07 09:21:08
2026-03-17,2026-03-17 11:15:00,2026-03-17 11:20:00,OG,Backtest,AdxDiCrossBracketOG,OG_AdxDiCrossBracketOG,OG,NQ,NQ JUN26,SHORT,1,25019.75,25057.00,-749.36,-753.72,-150.7,LOSS,STOP_HIT,25056.25,730.00,2026-05-07 09:21:08
2026-03-13,2026-03-13 10:50:00,2026-03-13 10:50:00,OG,Backtest,AdxDiCrossBracketOG,OG_AdxDiCrossBracketOG,OG,NQ,NQ JUN26,SHORT,1,24804.25,24755.00,980.64,976.28,195.3,WIN,TARGET_HIT,24853.50,985.00,2026-05-07 09:21:08
2026-04-10,2026-04-10 11:45:00,2026-04-10 12:00:00,OG,Backtest,AdxDiCrossBracketOG,OG_AdxDiCrossBracketOG,OG,NQ,NQ JUN26,SHORT,1,25300.75,25269.75,615.64,611.28,122.3,WIN,TARGET_HIT,25334.25,670.00,2026-05-07 09:21:08
2026-03-20,2026-03-20 11:30:00,2026-03-20 12:05:00,OG,Backtest,AdxDiCrossBracketOG,OG_AdxDiCrossBracketOG,OG,NQ,NQ JUN26,LONG,1,24275.00,24327.75,1050.64,1046.28,209.3,WIN,TARGET_HIT,24219.75,1105.00,2026-05-07 09:21:08
2026-02-11,2026-02-11 10:20:00,2026-02-11 10:20:00,OG,Backtest,AdxDiCrossBracketOG,OG_AdxDiCrossBracketOG,OG,NQ,NQ JUN26,SHORT,1,25395.25,25345.50,990.64,986.28,197.3,WIN,TARGET_HIT,25448.50,1065.00,2026-05-07 09:21:08
2026-02-24,2026-02-24 10:15:00,2026-02-24 10:15:00,OG,Backtest,AdxDiCrossBracketOG,OG_AdxDiCrossBracketOG,OG,NQ,NQ JUN26,LONG,1,25110.00,25063.00,-944.36,-948.72,-189.7,LOSS,STOP_HIT,25064.25,915.00,2026-05-07 09:21:08
2026-04-07,2026-04-07 11:40:00,2026-04-07 12:00:00,OG,Backtest,AdxDiCrossBracketOG,OG_AdxDiCrossBracketOG,OG,NQ,NQ JUN26,LONG,1,24072.25,24117.50,900.64,896.28,179.3,WIN,TARGET_HIT,24025.00,945.00,2026-05-07 09:21:08
2026-03-20,2026-03-20 11:30:00,2026-03-20 12:05:00,OG,Backtest,AdxDiCrossBracketOG,OG_AdxDiCrossBracketOG,OG,NQ,NQ JUN26,LONG,1,24275.00,24327.75,1050.64,1046.28,209.3,WIN,TARGET_HIT,24219.75,1105.00,2026-05-07 09:21:08
2026-04-06,2026-04-06 11:05:00,2026-04-06 11:25:00,OG,Backtest,AdxDiCrossBracketOG,OG_AdxDiCrossBracketOG,OG,NQ,NQ JUN26,LONG,1,24307.50,24291.25,-329.36,-333.72,-66.7,LOSS,STOP_HIT,24255.50,1040.00,2026-05-07 09:21:08
2026-03-27,2026-03-27 11:40:00,2026-03-27 11:45:00,OG,Backtest,AdxDiCrossBracketOG,OG_AdxDiCrossBracketOG,OG,NQ,NQ JUN26,LONG,1,23597.75,23540.25,-1154.36,-1158.72,-231.7,LOSS,STOP_HIT,23541.50,1125.00,2026-05-07 09:21:08
2026-03-12,2026-03-12 11:50:00,2026-03-12 11:50:00,OG,Backtest,AdxDiCrossBracketOG,OG_AdxDiCrossBracketOG,OG,NQ,NQ JUN26,LONG,1,24898.75,24843.25,-1114.36,-1118.72,-223.7,LOSS,STOP_HIT,24844.50,1085.00,2026-05-07 09:21:08
2026-04-02,2026-04-02 10:45:00,2026-04-02 10:45:00,OG,Backtest,AdxDiCrossBracketOG,OG_AdxDiCrossBracketOG,OG,NQ,NQ JUN26,LONG,1,24211.00,24133.25,-1559.36,-1563.72,-312.7,LOSS,STOP_HIT,24134.50,1530.00,2026-05-07 09:21:08
2026-03-06,2026-03-06 11:10:00,2026-03-06 11:15:00,OG,Backtest,AdxDiCrossBracketOG,OG_AdxDiCrossBracketOG,OG,NQ,NQ JUN26,LONG,1,25102.25,25058.25,-884.36,-888.72,-177.7,LOSS,STOP_HIT,25038.75,1270.00,2026-05-07 09:21:08
2026-04-02,2026-04-02 10:45:00,2026-04-02 10:45:00,OG,Backtest,AdxDiCrossBracketOG,OG_AdxDiCrossBracketOG,OG,NQ,NQ JUN26,LONG,1,24211.00,24133.25,-1559.36,-1563.72,-312.7,LOSS,STOP_HIT,24134.50,1530.00,2026-05-07 09:21:08
2026-01-09,2026-01-09 09:55:00,2026-01-09 09:55:00,OG,Backtest,AdxDiCrossBracketOG,OG_AdxDiCrossBracketOG,OG,NQ,NQ JUN26,SHORT,1,25912.50,25949.00,-734.36,-738.72,-147.7,LOSS,STOP_HIT,25947.75,705.00,2026-05-07 09:21:08
2026-02-13,2026-02-13 10:50:00,2026-02-13 11:05:00,OG,Backtest,AdxDiCrossBracketOG,OG_AdxDiCrossBracketOG,OG,NQ,NQ JUN26,SHORT,1,24982.25,25021.00,-779.36,-783.72,-156.7,LOSS,STOP_HIT,25055.00,1455.00,2026-05-07 09:21:08
2026-03-09,2026-03-09 10:45:00,2026-03-09 10:50:00,OG,Backtest,AdxDiCrossBracketOG,OG_AdxDiCrossBracketOG,OG,NQ,NQ JUN26,LONG,1,24692.75,24762.25,1385.64,1381.28,276.3,WIN,TARGET_HIT,24622.25,1410.00,2026-05-07 09:21:08
2026-04-02,2026-04-02 10:45:00,2026-04-02 10:45:00,OG,Backtest,AdxDiCrossBracketOG,OG_AdxDiCrossBracketOG,OG,NQ,NQ JUN26,LONG,1,24211.00,24133.25,-1559.36,-1563.72,-312.7,LOSS,STOP_HIT,24134.50,1530.00,2026-05-07 09:21:08
2026-01-06,2026-01-06 11:00:00,2026-01-06 11:05:00,OG,Backtest,AdxDiCrossBracketOG,OG_AdxDiCrossBracketOG,OG,NQ,NQ JUN26,SHORT,1,25908.50,25880.75,550.64,546.28,109.3,WIN,TARGET_HIT,25938.25,595.00,2026-05-07 09:21:08
2026-02-05,2026-02-05 11:40:00,2026-02-05 11:50:00,OG,Backtest,AdxDiCrossBracketOG,OG_AdxDiCrossBracketOG,OG,NQ,NQ JUN26,LONG,1,25026.25,24991.50,-699.36,-703.72,-140.7,LOSS,STOP_HIT,24938.00,1765.00,2026-05-07 09:21:08
2026-04-06,2026-04-06 11:35:00,2026-04-06 11:50:00,OG,Backtest,AdxDiCrossBracketOG,OG_AdxDiCrossBracketOG,OG,NQ,NQ JUN26,SHORT,1,24280.00,24294.25,-289.36,-293.72,-58.7,LOSS,STOP_HIT,24325.50,910.00,2026-05-07 09:21:08
2026-01-06,2026-01-06 11:00:00,2026-01-06 11:05:00,OG,Backtest,AdxDiCrossBracketOG,OG_AdxDiCrossBracketOG,OG,NQ,NQ JUN26,SHORT,1,25908.50,25880.75,550.64,546.28,109.3,WIN,TARGET_HIT,25938.25,595.00,2026-05-07 09:21:08
2026-04-07,2026-04-07 11:40:00,2026-04-07 12:00:00,OG,Backtest,AdxDiCrossBracketOG,OG_AdxDiCrossBracketOG,OG,NQ,NQ JUN26,LONG,1,24072.25,24117.50,900.64,896.28,179.3,WIN,TARGET_HIT,24025.00,945.00,2026-05-07 09:21:08
2026-01-09,2026-01-09 09:55:00,2026-01-09 09:55:00,OG,Backtest,AdxDiCrossBracketOG,OG_AdxDiCrossBracketOG,OG,NQ,NQ JUN26,SHORT,1,25912.50,25949.00,-734.36,-738.72,-147.7,LOSS,STOP_HIT,25947.75,705.00,2026-05-07 09:21:08
2026-03-03,2026-03-03 11:25:00,2026-03-03 11:40:00,OG,Backtest,AdxDiCrossBracketOG,OG_AdxDiCrossBracketOG,OG,NQ,NQ JUN26,LONG,1,24795.25,24816.50,420.64,416.28,83.3,WIN,STOP_HIT,24724.00,1425.00,2026-05-07 09:21:08
2026-04-10,2026-04-10 11:45:00,2026-04-10 12:00:00,OG,Backtest,AdxDiCrossBracketOG,OG_AdxDiCrossBracketOG,OG,NQ,NQ JUN26,SHORT,1,25300.75,25269.75,615.64,611.28,122.3,WIN,TARGET_HIT,25334.25,670.00,2026-05-07 09:21:08
2026-03-13,2026-03-13 10:50:00,2026-03-13 10:50:00,OG,Backtest,AdxDiCrossBracketOG,OG_AdxDiCrossBracketOG,OG,NQ,NQ JUN26,SHORT,1,24804.25,24755.00,980.64,976.28,195.3,WIN,TARGET_HIT,24853.50,985.00,2026-05-07 09:21:08
2026-01-06,2026-01-06 11:00:00,2026-01-06 11:05:00,OG,Backtest,AdxDiCrossBracketOG,OG_AdxDiCrossBracketOG,OG,NQ,NQ JUN26,SHORT,1,25908.50,25880.75,550.64,546.28,109.3,WIN,TARGET_HIT,25938.25,595.00,2026-05-07 09:21:08
2026-01-09,2026-01-09 10:15:00,2026-01-09 10:15:00,OG,Backtest,AdxDiCrossBracketOG,OG_AdxDiCrossBracketOG,OG,NQ,NQ JUN26,SHORT,1,25849.75,25897.00,-949.36,-953.72,-190.7,LOSS,STOP_HIT,25895.75,920.00,2026-05-07 09:21:08
2026-01-09,2026-01-09 10:10:00,2026-01-09 10:10:00,OG,Backtest,AdxDiCrossBracketOG,OG_AdxDiCrossBracketOG,OG,NQ,NQ JUN26,LONG,1,25922.50,25881.00,-834.36,-838.72,-167.7,LOSS,STOP_HIT,25882.25,805.00,2026-05-07 09:21:08
2026-02-24,2026-02-24 10:15:00,2026-02-24 10:15:00,OG,Backtest,AdxDiCrossBracketOG,OG_AdxDiCrossBracketOG,OG,NQ,NQ JUN26,LONG,1,25110.00,25063.00,-944.36,-948.72,-189.7,LOSS,STOP_HIT,25064.25,915.00,2026-05-07 09:21:08
2026-01-06,2026-01-06 11:00:00,2026-01-06 11:05:00,OG,Backtest,AdxDiCrossBracketOG,OG_AdxDiCrossBracketOG,OG,NQ,NQ JUN26,SHORT,1,25908.50,25880.75,550.64,546.28,109.3,WIN,TARGET_HIT,25938.25,595.00,2026-05-07 09:21:08
2026-01-16,2026-01-16 11:30:00,2026-01-16 11:35:00,OG,Backtest,AdxDiCrossBracketOG,OG_AdxDiCrossBracketOG,OG,NQ,NQ JUN26,LONG,1,25912.25,25924.50,240.64,236.28,47.3,WIN,STOP_HIT,25874.75,750.00,2026-05-07 09:21:08
2026-01-09,2026-01-09 10:30:00,2026-01-09 10:30:00,OG,Backtest,AdxDiCrossBracketOG,OG_AdxDiCrossBracketOG,OG,NQ,NQ JUN26,LONG,1,26010.00,26057.25,940.64,936.28,187.3,WIN,TARGET_HIT,25959.75,1005.00,2026-05-07 09:21:08
2026-03-19,2026-03-19 11:15:00,2026-03-19 11:25:00,OG,Backtest,AdxDiCrossBracketOG,OG_AdxDiCrossBracketOG,OG,NQ,NQ JUN26,LONG,1,24531.00,24485.50,-914.36,-918.72,-183.7,LOSS,STOP_HIT,24473.00,1160.00,2026-05-07 09:21:08
2026-01-09,2026-01-09 10:15:00,2026-01-09 10:15:00,OG,Backtest,AdxDiCrossBracketOG,OG_AdxDiCrossBracketOG,OG,NQ,NQ JUN26,SHORT,1,25849.75,25897.00,-949.36,-953.72,-190.7,LOSS,STOP_HIT,25895.75,920.00,2026-05-07 09:21:08
2026-01-09,2026-01-09 10:15:00,2026-01-09 10:15:00,OG,Backtest,AdxDiCrossBracketOG,OG_AdxDiCrossBracketOG,OG,NQ,NQ JUN26,SHORT,1,25849.75,25897.00,-949.36,-953.72,-190.7,LOSS,STOP_HIT,25895.75,920.00,2026-05-07 09:21:08
2026-01-23,2026-01-23 10:10:00,2026-01-23 10:15:00,OG,Backtest,AdxDiCrossBracketOG,OG_AdxDiCrossBracketOG,OG,NQ,NQ JUN26,LONG,1,25921.75,25885.00,-739.36,-743.72,-148.7,LOSS,STOP_HIT,25885.50,725.00,2026-05-07 09:21:08
2026-01-20,2026-01-20 11:10:00,2026-01-20 11:15:00,OG,Backtest,AdxDiCrossBracketOG,OG_AdxDiCrossBracketOG,OG,NQ,NQ JUN26,LONG,1,25588.25,25600.25,235.64,231.28,46.3,WIN,STOP_HIT,25540.75,950.00,2026-05-07 09:21:08
2026-03-25,2026-03-25 11:20:00,2026-03-25 11:20:00,OG,Backtest,AdxDiCrossBracketOG,OG_AdxDiCrossBracketOG,OG,NQ,NQ JUN26,SHORT,1,24385.25,24336.50,970.64,966.28,193.3,WIN,TARGET_HIT,24438.00,1055.00,2026-05-07 09:21:08
2026-04-06,2026-04-06 10:55:00,2026-04-06 11:00:00,OG,Backtest,AdxDiCrossBracketOG,OG_AdxDiCrossBracketOG,OG,NQ,NQ JUN26,SHORT,1,24269.25,24322.25,-1064.36,-1068.72,-213.7,LOSS,STOP_HIT,24321.00,1035.00,2026-05-07 09:21:08
2026-01-13,2026-01-13 10:10:00,2026-01-13 10:15:00,OG,Backtest,AdxDiCrossBracketOG,OG_AdxDiCrossBracketOG,OG,NQ,NQ JUN26,SHORT,1,26137.25,26108.00,580.64,576.28,115.3,WIN,TARGET_HIT,26168.00,615.00,2026-05-07 09:21:08
2026-01-20,2026-01-20 11:10:00,2026-01-20 11:15:00,OG,Backtest,AdxDiCrossBracketOG,OG_AdxDiCrossBracketOG,OG,NQ,NQ JUN26,LONG,1,25588.25,25600.25,235.64,231.28,46.3,WIN,STOP_HIT,25540.75,950.00,2026-05-07 09:21:08
2026-03-09,2026-03-09 10:45:00,2026-03-09 10:50:00,OG,Backtest,AdxDiCrossBracketOG,OG_AdxDiCrossBracketOG,OG,NQ,NQ JUN26,LONG,1,24692.75,24762.25,1385.64,1381.28,276.3,WIN,TARGET_HIT,24622.25,1410.00,2026-05-07 09:21:08
2026-04-06,2026-04-06 11:35:00,2026-04-06 11:50:00,OG,Backtest,AdxDiCrossBracketOG,OG_AdxDiCrossBracketOG,OG,NQ,NQ JUN26,SHORT,1,24280.00,24294.25,-289.36,-293.72,-58.7,LOSS,STOP_HIT,24325.50,910.00,2026-05-07 09:21:08
2026-01-06,2026-01-06 11:00:00,2026-01-06 11:05:00,OG,Backtest,AdxDiCrossBracketOG,OG_AdxDiCrossBracketOG,OG,NQ,NQ JUN26,SHORT,1,25908.50,25880.75,550.64,546.28,109.3,WIN,TARGET_HIT,25938.25,595.00,2026-05-07 09:21:08
2026-01-20,2026-01-20 10:50:00,2026-01-20 10:55:00,OG,Backtest,AdxDiCrossBracketOG,OG_AdxDiCrossBracketOG,OG,NQ,NQ JUN26,LONG,1,25598.75,25558.75,-804.36,-808.72,-161.7,LOSS,STOP_HIT,25550.75,960.00,2026-05-07 09:21:08
2026-01-28,2026-01-28 10:55:00,2026-01-28 11:10:00,OG,Backtest,AdxDiCrossBracketOG,OG_AdxDiCrossBracketOG,OG,NQ,NQ JUN26,SHORT,1,26394.50,26396.00,-34.36,-38.72,-7.7,LOSS,STOP_HIT,26429.00,690.00,2026-05-07 09:21:08
2026-01-23,2026-01-23 10:10:00,2026-01-23 10:15:00,OG,Backtest,AdxDiCrossBracketOG,OG_AdxDiCrossBracketOG,OG,NQ,NQ JUN26,LONG,1,25921.75,25885.00,-739.36,-743.72,-148.7,LOSS,STOP_HIT,25885.50,725.00,2026-05-07 09:21:08
2026-03-25,2026-03-25 11:20:00,2026-03-25 11:20:00,OG,Backtest,AdxDiCrossBracketOG,OG_AdxDiCrossBracketOG,OG,NQ,NQ JUN26,SHORT,1,24385.25,24336.50,970.64,966.28,193.3,WIN,TARGET_HIT,24438.00,1055.00,2026-05-07 09:21:08
2026-01-30,2026-01-30 10:55:00,2026-01-30 10:55:00,OG,Backtest,AdxDiCrossBracketOG,OG_AdxDiCrossBracketOG,OG,NQ,NQ JUN26,LONG,1,26118.00,26058.75,-1189.36,-1193.72,-238.7,LOSS,STOP_HIT,26060.00,1160.00,2026-05-07 09:21:08
2026-01-09,2026-01-09 09:55:00,2026-01-09 09:55:00,OG,Backtest,AdxDiCrossBracketOG,OG_AdxDiCrossBracketOG,OG,NQ,NQ JUN26,SHORT,1,25912.50,25949.00,-734.36,-738.72,-147.7,LOSS,STOP_HIT,25947.75,705.00,2026-05-07 09:21:08
2026-01-09,2026-01-09 10:10:00,2026-01-09 10:10:00,OG,Backtest,AdxDiCrossBracketOG,OG_AdxDiCrossBracketOG,OG,NQ,NQ JUN26,LONG,1,25922.50,25881.00,-834.36,-838.72,-167.7,LOSS,STOP_HIT,25882.25,805.00,2026-05-07 09:21:08
2026-01-28,2026-01-28 11:20:00,2026-01-28 11:25:00,OG,Backtest,AdxDiCrossBracketOG,OG_AdxDiCrossBracketOG,OG,NQ,NQ JUN26,LONG,1,26393.75,26378.25,-314.36,-318.72,-63.7,LOSS,STOP_HIT,26363.25,610.00,2026-05-07 09:21:08
2026-02-11,2026-02-11 10:20:00,2026-02-11 10:20:00,OG,Backtest,AdxDiCrossBracketOG,OG_AdxDiCrossBracketOG,OG,NQ,NQ JUN26,SHORT,1,25395.25,25345.50,990.64,986.28,197.3,WIN,TARGET_HIT,25448.50,1065.00,2026-05-07 09:21:08
2026-02-11,2026-02-11 11:20:00,2026-02-11 11:25:00,OG,Backtest,AdxDiCrossBracketOG,OG_AdxDiCrossBracketOG,OG,NQ,NQ JUN26,LONG,1,25468.75,25457.00,-239.36,-243.72,-48.7,LOSS,STOP_HIT,25406.75,1240.00,2026-05-07 09:21:08
2026-02-24,2026-02-24 10:15:00,2026-02-24 10:15:00,OG,Backtest,AdxDiCrossBracketOG,OG_AdxDiCrossBracketOG,OG,NQ,NQ JUN26,LONG,1,25110.00,25063.00,-944.36,-948.72,-189.7,LOSS,STOP_HIT,25064.25,915.00,2026-05-07 09:21:08
2026-01-20,2026-01-20 11:10:00,2026-01-20 11:15:00,OG,Backtest,AdxDiCrossBracketOG,OG_AdxDiCrossBracketOG,OG,NQ,NQ JUN26,LONG,1,25588.25,25600.25,235.64,231.28,46.3,WIN,STOP_HIT,25540.75,950.00,2026-05-07 09:21:08
2026-02-13,2026-02-13 10:35:00,2026-02-13 10:35:00,OG,Backtest,AdxDiCrossBracketOG,OG_AdxDiCrossBracketOG,OG,NQ,NQ JUN26,LONG,1,25058.75,25127.00,1360.64,1356.28,271.3,WIN,TARGET_HIT,24987.50,1425.00,2026-05-07 09:21:08
2026-02-11,2026-02-11 11:20:00,2026-02-11 11:25:00,OG,Backtest,AdxDiCrossBracketOG,OG_AdxDiCrossBracketOG,OG,NQ,NQ JUN26,LONG,1,25468.75,25457.00,-239.36,-243.72,-48.7,LOSS,STOP_HIT,25406.75,1240.00,2026-05-07 09:21:08
2026-01-20,2026-01-20 10:50:00,2026-01-20 10:55:00,OG,Backtest,AdxDiCrossBracketOG,OG_AdxDiCrossBracketOG,OG,NQ,NQ JUN26,LONG,1,25598.75,25558.75,-804.36,-808.72,-161.7,LOSS,STOP_HIT,25550.75,960.00,2026-05-07 09:21:08
2026-01-16,2026-01-16 11:30:00,2026-01-16 11:35:00,OG,Backtest,AdxDiCrossBracketOG,OG_AdxDiCrossBracketOG,OG,NQ,NQ JUN26,LONG,1,25912.25,25924.50,240.64,236.28,47.3,WIN,STOP_HIT,25874.75,750.00,2026-05-07 09:21:08
2026-02-24,2026-02-24 10:15:00,2026-02-24 10:15:00,OG,Backtest,AdxDiCrossBracketOG,OG_AdxDiCrossBracketOG,OG,NQ,NQ JUN26,LONG,1,25110.00,25063.00,-944.36,-948.72,-189.7,LOSS,STOP_HIT,25064.25,915.00,2026-05-07 09:21:08
2026-02-03,2026-02-03 09:50:00,2026-02-03 09:50:00,OG,Backtest,AdxDiCrossBracketOG,OG_AdxDiCrossBracketOG,OG,NQ,NQ JUN26,SHORT,1,25960.00,25999.25,-789.36,-793.72,-158.7,LOSS,STOP_HIT,25998.00,760.00,2026-05-07 09:21:08
2026-01-21,2026-01-21 11:45:00,2026-01-21 11:45:00,OG,Backtest,AdxDiCrossBracketOG,OG_AdxDiCrossBracketOG,OG,NQ,NQ JUN26,SHORT,1,25543.00,25505.75,740.64,736.28,147.3,WIN,TARGET_HIT,25582.25,785.00,2026-05-07 09:21:08
2026-03-12,2026-03-12 11:50:00,2026-03-12 11:50:00,OG,Backtest,AdxDiCrossBracketOG,OG_AdxDiCrossBracketOG,OG,NQ,NQ JUN26,LONG,1,24898.75,24843.25,-1114.36,-1118.72,-223.7,LOSS,STOP_HIT,24844.50,1085.00,2026-05-07 09:21:08
2026-04-06,2026-04-06 11:35:00,2026-04-06 11:50:00,OG,Backtest,AdxDiCrossBracketOG,OG_AdxDiCrossBracketOG,OG,NQ,NQ JUN26,SHORT,1,24280.00,24294.25,-289.36,-293.72,-58.7,LOSS,STOP_HIT,24325.50,910.00,2026-05-07 09:21:08
2026-01-30,2026-01-30 10:55:00,2026-01-30 10:55:00,OG,Backtest,AdxDiCrossBracketOG,OG_AdxDiCrossBracketOG,OG,NQ,NQ JUN26,LONG,1,26118.00,26058.75,-1189.36,-1193.72,-238.7,LOSS,STOP_HIT,26060.00,1160.00,2026-05-07 09:21:08
2026-02-11,2026-02-11 10:20:00,2026-02-11 10:20:00,OG,Backtest,AdxDiCrossBracketOG,OG_AdxDiCrossBracketOG,OG,NQ,NQ JUN26,SHORT,1,25395.25,25345.50,990.64,986.28,197.3,WIN,TARGET_HIT,25448.50,1065.00,2026-05-07 09:21:08
2026-02-24,2026-02-24 10:10:00,2026-02-24 10:10:00,OG,Backtest,AdxDiCrossBracketOG,OG_AdxDiCrossBracketOG,OG,NQ,NQ JUN26,SHORT,1,25048.00,25093.50,-914.36,-918.72,-183.7,LOSS,STOP_HIT,25092.25,885.00,2026-05-07 09:21:08
2026-01-20,2026-01-20 11:10:00,2026-01-20 11:15:00,OG,Backtest,AdxDiCrossBracketOG,OG_AdxDiCrossBracketOG,OG,NQ,NQ JUN26,LONG,1,25588.25,25600.25,235.64,231.28,46.3,WIN,STOP_HIT,25540.75,950.00,2026-05-07 09:21:08
2026-01-30,2026-01-30 10:55:00,2026-01-30 10:55:00,OG,Backtest,AdxDiCrossBracketOG,OG_AdxDiCrossBracketOG,OG,NQ,NQ JUN26,LONG,1,26118.00,26058.75,-1189.36,-1193.72,-238.7,LOSS,STOP_HIT,26060.00,1160.00,2026-05-07 09:21:08
2026-01-09,2026-01-09 09:45:00,2026-01-09 09:50:00,OG,Backtest,AdxDiCrossBracketOG,OG_AdxDiCrossBracketOG,OG,NQ,NQ JUN26,LONG,1,25965.75,25936.75,-584.36,-588.72,-117.7,LOSS,STOP_HIT,25938.00,555.00,2026-05-07 09:21:08
2026-03-06,2026-03-06 11:10:00,2026-03-06 11:15:00,OG,Backtest,AdxDiCrossBracketOG,OG_AdxDiCrossBracketOG,OG,NQ,NQ JUN26,LONG,1,25102.25,25058.25,-884.36,-888.72,-177.7,LOSS,STOP_HIT,25038.75,1270.00,2026-05-07 09:21:08
2026-03-02,2026-03-02 11:15:00,2026-03-02 11:20:00,OG,Backtest,AdxDiCrossBracketOG,OG_AdxDiCrossBracketOG,OG,NQ,NQ JUN26,LONG,1,25187.75,25180.00,-159.36,-163.72,-32.7,LOSS,STOP_HIT,25129.50,1165.00,2026-05-07 09:21:08
2026-03-03,2026-03-03 11:25:00,2026-03-03 11:40:00,OG,Backtest,AdxDiCrossBracketOG,OG_AdxDiCrossBracketOG,OG,NQ,NQ JUN26,LONG,1,24795.25,24816.50,420.64,416.28,83.3,WIN,STOP_HIT,24724.00,1425.00,2026-05-07 09:21:08
2026-03-12,2026-03-12 11:50:00,2026-03-12 11:50:00,OG,Backtest,AdxDiCrossBracketOG,OG_AdxDiCrossBracketOG,OG,NQ,NQ JUN26,LONG,1,24898.75,24843.25,-1114.36,-1118.72,-223.7,LOSS,STOP_HIT,24844.50,1085.00,2026-05-07 09:21:08
2026-01-09,2026-01-09 10:30:00,2026-01-09 10:30:00,OG,Backtest,AdxDiCrossBracketOG,OG_AdxDiCrossBracketOG,OG,NQ,NQ JUN26,LONG,1,26010.00,26057.25,940.64,936.28,187.3,WIN,TARGET_HIT,25959.75,1005.00,2026-05-07 09:21:08
2026-01-12,2026-01-12 11:25:00,2026-01-12 11:35:00,OG,Backtest,AdxDiCrossBracketOG,OG_AdxDiCrossBracketOG,OG,NQ,NQ JUN26,LONG,1,26159.50,26149.25,-209.36,-213.72,-42.7,LOSS,STOP_HIT,26131.75,555.00,2026-05-07 09:21:08
2026-02-10,2026-02-10 09:45:00,2026-02-10 09:45:00,OG,Backtest,AdxDiCrossBracketOG,OG_AdxDiCrossBracketOG,OG,NQ,NQ JUN26,SHORT,1,25534.50,25512.25,440.64,436.28,87.3,WIN,TARGET_HIT,25559.75,505.00,2026-05-07 09:21:08
2026-03-24,2026-03-24 11:00:00,2026-03-24 11:00:00,OG,Backtest,AdxDiCrossBracketOG,OG_AdxDiCrossBracketOG,OG,NQ,NQ JUN26,LONG,1,24282.25,24217.00,-1309.36,-1313.72,-262.7,LOSS,STOP_HIT,24218.25,1280.00,2026-05-07 09:21:08
2026-02-13,2026-02-13 10:35:00,2026-02-13 10:35:00,OG,Backtest,AdxDiCrossBracketOG,OG_AdxDiCrossBracketOG,OG,NQ,NQ JUN26,LONG,1,25058.75,25127.00,1360.64,1356.28,271.3,WIN,TARGET_HIT,24987.50,1425.00,2026-05-07 09:21:08
2026-01-09,2026-01-09 10:30:00,2026-01-09 10:30:00,OG,Backtest,AdxDiCrossBracketOG,OG_AdxDiCrossBracketOG,OG,NQ,NQ JUN26,LONG,1,26010.00,26057.25,940.64,936.28,187.3,WIN,TARGET_HIT,25959.75,1005.00,2026-05-07 09:21:08
2026-01-12,2026-01-12 11:25:00,2026-01-12 11:35:00,OG,Backtest,AdxDiCrossBracketOG,OG_AdxDiCrossBracketOG,OG,NQ,NQ JUN26,LONG,1,26159.50,26149.25,-209.36,-213.72,-42.7,LOSS,STOP_HIT,26131.75,555.00,2026-05-07 09:21:08
2026-03-03,2026-03-03 11:25:00,2026-03-03 11:40:00,OG,Backtest,AdxDiCrossBracketOG,OG_AdxDiCrossBracketOG,OG,NQ,NQ JUN26,LONG,1,24795.25,24816.50,420.64,416.28,83.3,WIN,STOP_HIT,24724.00,1425.00,2026-05-07 09:21:08
2026-03-24,2026-03-24 11:00:00,2026-03-24 11:00:00,OG,Backtest,AdxDiCrossBracketOG,OG_AdxDiCrossBracketOG,OG,NQ,NQ JUN26,LONG,1,24282.25,24217.00,-1309.36,-1313.72,-262.7,LOSS,STOP_HIT,24218.25,1280.00,2026-05-07 09:21:08
2026-04-02,2026-04-02 10:45:00,2026-04-02 10:45:00,OG,Backtest,AdxDiCrossBracketOG,OG_AdxDiCrossBracketOG,OG,NQ,NQ JUN26,LONG,1,24211.00,24133.25,-1559.36,-1563.72,-312.7,LOSS,STOP_HIT,24134.50,1530.00,2026-05-07 09:21:08
2026-02-11,2026-02-11 11:20:00,2026-02-11 11:25:00,OG,Backtest,AdxDiCrossBracketOG,OG_AdxDiCrossBracketOG,OG,NQ,NQ JUN26,LONG,1,25468.75,25457.00,-239.36,-243.72,-48.7,LOSS,STOP_HIT,25406.75,1240.00,2026-05-07 09:21:08
2026-03-13,2026-03-13 10:50:00,2026-03-13 10:50:00,OG,Backtest,AdxDiCrossBracketOG,OG_AdxDiCrossBracketOG,OG,NQ,NQ JUN26,SHORT,1,24804.25,24755.00,980.64,976.28,195.3,WIN,TARGET_HIT,24853.50,985.00,2026-05-07 09:21:08
2026-02-17,2026-02-17 11:10:00,2026-02-17 11:10:00,OG,Backtest,AdxDiCrossBracketOG,OG_AdxDiCrossBracketOG,OG,NQ,NQ JUN26,LONG,1,24862.00,24927.25,1300.64,1296.28,259.3,WIN,TARGET_HIT,24793.75,1365.00,2026-05-07 09:21:08
2026-01-20,2026-01-20 10:50:00,2026-01-20 10:55:00,OG,Backtest,AdxDiCrossBracketOG,OG_AdxDiCrossBracketOG,OG,NQ,NQ JUN26,LONG,1,25598.75,25558.75,-804.36,-808.72,-161.7,LOSS,STOP_HIT,25550.75,960.00,2026-05-07 09:21:08
2026-01-23,2026-01-23 10:10:00,2026-01-23 10:15:00,OG,Backtest,AdxDiCrossBracketOG,OG_AdxDiCrossBracketOG,OG,NQ,NQ JUN26,LONG,1,25921.75,25885.00,-739.36,-743.72,-148.7,LOSS,STOP_HIT,25885.50,725.00,2026-05-07 09:21:08
2026-02-11,2026-02-11 11:20:00,2026-02-11 11:25:00,OG,Backtest,AdxDiCrossBracketOG,OG_AdxDiCrossBracketOG,OG,NQ,NQ JUN26,LONG,1,25468.75,25457.00,-239.36,-243.72,-48.7,LOSS,STOP_HIT,25406.75,1240.00,2026-05-07 09:21:08
2026-01-21,2026-01-21 11:45:00,2026-01-21 11:45:00,OG,Backtest,AdxDiCrossBracketOG,OG_AdxDiCrossBracketOG,OG,NQ,NQ JUN26,SHORT,1,25543.00,25505.75,740.64,736.28,147.3,WIN,TARGET_HIT,25582.25,785.00,2026-05-07 09:21:08
2026-02-13,2026-02-13 10:35:00,2026-02-13 10:35:00,OG,Backtest,AdxDiCrossBracketOG,OG_AdxDiCrossBracketOG,OG,NQ,NQ JUN26,LONG,1,25058.75,25127.00,1360.64,1356.28,271.3,WIN,TARGET_HIT,24987.50,1425.00,2026-05-07 09:21:08
2026-03-25,2026-03-25 11:20:00,2026-03-25 11:20:00,OG,Backtest,AdxDiCrossBracketOG,OG_AdxDiCrossBracketOG,OG,NQ,NQ JUN26,SHORT,1,24385.25,24336.50,970.64,966.28,193.3,WIN,TARGET_HIT,24438.00,1055.00,2026-05-07 09:21:08
2026-01-28,2026-01-28 10:55:00,2026-01-28 11:10:00,OG,Backtest,AdxDiCrossBracketOG,OG_AdxDiCrossBracketOG,OG,NQ,NQ JUN26,SHORT,1,26394.50,26396.00,-34.36,-38.72,-7.7,LOSS,STOP_HIT,26429.00,690.00,2026-05-07 09:21:08
2026-03-06,2026-03-06 11:10:00,2026-03-06 11:15:00,OG,Backtest,AdxDiCrossBracketOG,OG_AdxDiCrossBracketOG,OG,NQ,NQ JUN26,LONG,1,25102.25,25058.25,-884.36,-888.72,-177.7,LOSS,STOP_HIT,25038.75,1270.00,2026-05-07 09:21:08
2026-02-24,2026-02-24 10:15:00,2026-02-24 10:15:00,OG,Backtest,AdxDiCrossBracketOG,OG_AdxDiCrossBracketOG,OG,NQ,NQ JUN26,LONG,1,25110.00,25063.00,-944.36,-948.72,-189.7,LOSS,STOP_HIT,25064.25,915.00,2026-05-07 09:21:08
2026-04-07,2026-04-07 11:40:00,2026-04-07 12:00:00,OG,Backtest,AdxDiCrossBracketOG,OG_AdxDiCrossBracketOG,OG,NQ,NQ JUN26,LONG,1,24072.25,24117.50,900.64,896.28,179.3,WIN,TARGET_HIT,24025.00,945.00,2026-05-07 09:21:08
2026-03-27,2026-03-27 11:40:00,2026-03-27 11:45:00,OG,Backtest,AdxDiCrossBracketOG,OG_AdxDiCrossBracketOG,OG,NQ,NQ JUN26,LONG,1,23597.75,23540.25,-1154.36,-1158.72,-231.7,LOSS,STOP_HIT,23541.50,1125.00,2026-05-07 09:21:08
2026-02-24,2026-02-24 09:50:00,2026-02-24 09:50:00,OG,Backtest,AdxDiCrossBracketOG,OG_AdxDiCrossBracketOG,OG,NQ,NQ JUN26,LONG,1,25121.25,25157.50,720.64,716.28,143.3,WIN,TARGET_HIT,25081.50,795.00,2026-05-07 09:21:09
2026-01-12,2026-01-12 11:25:00,2026-01-12 11:35:00,OG,Backtest,AdxDiCrossBracketOG,OG_AdxDiCrossBracketOG,OG,NQ,NQ JUN26,LONG,1,26159.50,26149.25,-209.36,-213.72,-42.7,LOSS,STOP_HIT,26131.75,555.00,2026-05-07 09:21:09
2026-02-24,2026-02-24 10:10:00,2026-02-24 10:10:00,OG,Backtest,AdxDiCrossBracketOG,OG_AdxDiCrossBracketOG,OG,NQ,NQ JUN26,SHORT,1,25048.00,25093.50,-914.36,-918.72,-183.7,LOSS,STOP_HIT,25092.25,885.00,2026-05-07 09:21:09
2026-03-03,2026-03-03 11:25:00,2026-03-03 11:40:00,OG,Backtest,AdxDiCrossBracketOG,OG_AdxDiCrossBracketOG,OG,NQ,NQ JUN26,LONG,1,24795.25,24816.50,420.64,416.28,83.3,WIN,STOP_HIT,24724.00,1425.00,2026-05-07 09:21:09
2026-02-05,2026-02-05 11:40:00,2026-02-05 11:50:00,OG,Backtest,AdxDiCrossBracketOG,OG_AdxDiCrossBracketOG,OG,NQ,NQ JUN26,LONG,1,25026.25,24991.50,-699.36,-703.72,-140.7,LOSS,STOP_HIT,24938.00,1765.00,2026-05-07 09:21:09
2026-04-07,2026-04-07 11:40:00,2026-04-07 12:00:00,OG,Backtest,AdxDiCrossBracketOG,OG_AdxDiCrossBracketOG,OG,NQ,NQ JUN26,LONG,1,24072.25,24117.50,900.64,896.28,179.3,WIN,TARGET_HIT,24025.00,945.00,2026-05-07 09:21:09
2026-03-02,2026-03-02 11:15:00,2026-03-02 11:20:00,OG,Backtest,AdxDiCrossBracketOG,OG_AdxDiCrossBracketOG,OG,NQ,NQ JUN26,LONG,1,25187.75,25180.00,-159.36,-163.72,-32.7,LOSS,STOP_HIT,25129.50,1165.00,2026-05-07 09:21:09
2026-02-24,2026-02-24 10:10:00,2026-02-24 10:10:00,OG,Backtest,AdxDiCrossBracketOG,OG_AdxDiCrossBracketOG,OG,NQ,NQ JUN26,SHORT,1,25048.00,25093.50,-914.36,-918.72,-183.7,LOSS,STOP_HIT,25092.25,885.00,2026-05-07 09:21:09
2026-03-17,2026-03-17 11:15:00,2026-03-17 11:20:00,OG,Backtest,AdxDiCrossBracketOG,OG_AdxDiCrossBracketOG,OG,NQ,NQ JUN26,SHORT,1,25019.75,25057.00,-749.36,-753.72,-150.7,LOSS,STOP_HIT,25056.25,730.00,2026-05-07 09:21:09
2026-03-13,2026-03-13 10:50:00,2026-03-13 10:50:00,OG,Backtest,AdxDiCrossBracketOG,OG_AdxDiCrossBracketOG,OG,NQ,NQ JUN26,SHORT,1,24804.25,24755.00,980.64,976.28,195.3,WIN,TARGET_HIT,24853.50,985.00,2026-05-07 09:21:09
2026-03-19,2026-03-19 11:15:00,2026-03-19 11:25:00,OG,Backtest,AdxDiCrossBracketOG,OG_AdxDiCrossBracketOG,OG,NQ,NQ JUN26,LONG,1,24531.00,24485.50,-914.36,-918.72,-183.7,LOSS,STOP_HIT,24473.00,1160.00,2026-05-07 09:21:09
2026-02-13,2026-02-13 10:35:00,2026-02-13 10:35:00,OG,Backtest,AdxDiCrossBracketOG,OG_AdxDiCrossBracketOG,OG,NQ,NQ JUN26,LONG,1,25058.75,25127.00,1360.64,1356.28,271.3,WIN,TARGET_HIT,24987.50,1425.00,2026-05-07 09:21:09
2026-03-13,2026-03-13 10:50:00,2026-03-13 10:50:00,OG,Backtest,AdxDiCrossBracketOG,OG_AdxDiCrossBracketOG,OG,NQ,NQ JUN26,SHORT,1,24804.25,24755.00,980.64,976.28,195.3,WIN,TARGET_HIT,24853.50,985.00,2026-05-07 09:21:09
2026-02-11,2026-02-11 10:20:00,2026-02-11 10:20:00,OG,Backtest,AdxDiCrossBracketOG,OG_AdxDiCrossBracketOG,OG,NQ,NQ JUN26,SHORT,1,25395.25,25345.50,990.64,986.28,197.3,WIN,TARGET_HIT,25448.50,1065.00,2026-05-07 09:21:09
2026-03-17,2026-03-17 11:15:00,2026-03-17 11:20:00,OG,Backtest,AdxDiCrossBracketOG,OG_AdxDiCrossBracketOG,OG,NQ,NQ JUN26,SHORT,1,25019.75,25057.00,-749.36,-753.72,-150.7,LOSS,STOP_HIT,25056.25,730.00,2026-05-07 09:21:09
2026-03-20,2026-03-20 11:30:00,2026-03-20 12:05:00,OG,Backtest,AdxDiCrossBracketOG,OG_AdxDiCrossBracketOG,OG,NQ,NQ JUN26,LONG,1,24275.00,24327.75,1050.64,1046.28,209.3,WIN,TARGET_HIT,24219.75,1105.00,2026-05-07 09:21:09
2026-02-13,2026-02-13 10:35:00,2026-02-13 10:35:00,OG,Backtest,AdxDiCrossBracketOG,OG_AdxDiCrossBracketOG,OG,NQ,NQ JUN26,LONG,1,25058.75,25127.00,1360.64,1356.28,271.3,WIN,TARGET_HIT,24987.50,1425.00,2026-05-07 09:21:09
2026-01-12,2026-01-12 11:25:00,2026-01-12 11:35:00,OG,Backtest,AdxDiCrossBracketOG,OG_AdxDiCrossBracketOG,OG,NQ,NQ JUN26,LONG,1,26159.50,26149.25,-209.36,-213.72,-42.7,LOSS,STOP_HIT,26131.75,555.00,2026-05-07 09:21:09
2026-02-24,2026-02-24 09:50:00,2026-02-24 09:50:00,OG,Backtest,AdxDiCrossBracketOG,OG_AdxDiCrossBracketOG,OG,NQ,NQ JUN26,LONG,1,25121.25,25157.50,720.64,716.28,143.3,WIN,TARGET_HIT,25081.50,795.00,2026-05-07 09:21:09
2026-01-30,2026-01-30 11:00:00,2026-01-30 11:10:00,OG,Backtest,AdxDiCrossBracketOG,OG_AdxDiCrossBracketOG,OG,NQ,NQ JUN26,SHORT,1,26071.50,26048.25,460.64,456.28,91.3,WIN,STOP_HIT,26129.00,1150.00,2026-05-07 09:21:09
2026-01-21,2026-01-21 11:45:00,2026-01-21 11:45:00,OG,Backtest,AdxDiCrossBracketOG,OG_AdxDiCrossBracketOG,OG,NQ,NQ JUN26,SHORT,1,25543.00,25505.75,740.64,736.28,147.3,WIN,TARGET_HIT,25582.25,785.00,2026-05-07 09:21:09
2026-03-24,2026-03-24 11:00:00,2026-03-24 11:00:00,OG,Backtest,AdxDiCrossBracketOG,OG_AdxDiCrossBracketOG,OG,NQ,NQ JUN26,LONG,1,24282.25,24217.00,-1309.36,-1313.72,-262.7,LOSS,STOP_HIT,24218.25,1280.00,2026-05-07 09:21:09
2026-04-10,2026-04-10 11:45:00,2026-04-10 12:00:00,OG,Backtest,AdxDiCrossBracketOG,OG_AdxDiCrossBracketOG,OG,NQ,NQ JUN26,SHORT,1,25300.75,25269.75,615.64,611.28,122.3,WIN,TARGET_HIT,25334.25,670.00,2026-05-07 09:21:09
2026-04-06,2026-04-06 10:55:00,2026-04-06 11:00:00,OG,Backtest,AdxDiCrossBracketOG,OG_AdxDiCrossBracketOG,OG,NQ,NQ JUN26,SHORT,1,24269.25,24322.25,-1064.36,-1068.72,-213.7,LOSS,STOP_HIT,24321.00,1035.00,2026-05-07 09:21:09
2026-04-07,2026-04-07 11:40:00,2026-04-07 12:00:00,OG,Backtest,AdxDiCrossBracketOG,OG_AdxDiCrossBracketOG,OG,NQ,NQ JUN26,LONG,1,24072.25,24117.50,900.64,896.28,179.3,WIN,TARGET_HIT,24025.00,945.00,2026-05-07 09:21:09
2026-02-10,2026-02-10 09:45:00,2026-02-10 09:45:00,OG,Backtest,AdxDiCrossBracketOG,OG_AdxDiCrossBracketOG,OG,NQ,NQ JUN26,SHORT,1,25534.50,25512.25,440.64,436.28,87.3,WIN,TARGET_HIT,25559.75,505.00,2026-05-07 09:21:09
2026-04-02,2026-04-02 10:45:00,2026-04-02 10:45:00,OG,Backtest,AdxDiCrossBracketOG,OG_AdxDiCrossBracketOG,OG,NQ,NQ JUN26,LONG,1,24211.00,24133.25,-1559.36,-1563.72,-312.7,LOSS,STOP_HIT,24134.50,1530.00,2026-05-07 09:21:09
2026-01-30,2026-01-30 10:55:00,2026-01-30 10:55:00,OG,Backtest,AdxDiCrossBracketOG,OG_AdxDiCrossBracketOG,OG,NQ,NQ JUN26,LONG,1,26118.00,26058.75,-1189.36,-1193.72,-238.7,LOSS,STOP_HIT,26060.00,1160.00,2026-05-07 09:21:09
2026-01-09,2026-01-09 10:30:00,2026-01-09 10:30:00,OG,Backtest,AdxDiCrossBracketOG,OG_AdxDiCrossBracketOG,OG,NQ,NQ JUN26,LONG,1,26010.00,26057.25,940.64,936.28,187.3,WIN,TARGET_HIT,25959.75,1005.00,2026-05-07 09:21:09
2026-01-09,2026-01-09 10:10:00,2026-01-09 10:10:00,OG,Backtest,AdxDiCrossBracketOG,OG_AdxDiCrossBracketOG,OG,NQ,NQ JUN26,LONG,1,25922.50,25881.00,-834.36,-838.72,-167.7,LOSS,STOP_HIT,25882.25,805.00,2026-05-07 09:21:09
2026-01-12,2026-01-12 11:25:00,2026-01-12 11:35:00,OG,Backtest,AdxDiCrossBracketOG,OG_AdxDiCrossBracketOG,OG,NQ,NQ JUN26,LONG,1,26159.50,26149.25,-209.36,-213.72,-42.7,LOSS,STOP_HIT,26131.75,555.00,2026-05-07 09:21:09
2026-04-07,2026-04-07 11:40:00,2026-04-07 12:00:00,OG,Backtest,AdxDiCrossBracketOG,OG_AdxDiCrossBracketOG,OG,NQ,NQ JUN26,LONG,1,24072.25,24117.50,900.64,896.28,179.3,WIN,TARGET_HIT,24025.00,945.00,2026-05-07 09:21:09
2026-02-11,2026-02-11 11:05:00,2026-02-11 11:10:00,OG,Backtest,AdxDiCrossBracketOG,OG_AdxDiCrossBracketOG,OG,NQ,NQ JUN26,LONG,1,25454.25,25417.50,-739.36,-743.72,-148.7,LOSS,STOP_HIT,25393.00,1225.00,2026-05-07 09:21:09
2026-03-13,2026-03-13 10:50:00,2026-03-13 10:50:00,OG,Backtest,AdxDiCrossBracketOG,OG_AdxDiCrossBracketOG,OG,NQ,NQ JUN26,SHORT,1,24804.25,24755.00,980.64,976.28,195.3,WIN,TARGET_HIT,24853.50,985.00,2026-05-07 09:21:09
2026-03-09,2026-03-09 10:45:00,2026-03-09 10:50:00,OG,Backtest,AdxDiCrossBracketOG,OG_AdxDiCrossBracketOG,OG,NQ,NQ JUN26,LONG,1,24692.75,24762.25,1385.64,1381.28,276.3,WIN,TARGET_HIT,24622.25,1410.00,2026-05-07 09:21:09
2026-04-07,2026-04-07 11:40:00,2026-04-07 12:00:00,OG,Backtest,AdxDiCrossBracketOG,OG_AdxDiCrossBracketOG,OG,NQ,NQ JUN26,LONG,1,24072.25,24117.50,900.64,896.28,179.3,WIN,TARGET_HIT,24025.00,945.00,2026-05-07 09:21:09
2026-03-17,2026-03-17 11:15:00,2026-03-17 11:20:00,OG,Backtest,AdxDiCrossBracketOG,OG_AdxDiCrossBracketOG,OG,NQ,NQ JUN26,SHORT,1,25019.75,25057.00,-749.36,-753.72,-150.7,LOSS,STOP_HIT,25056.25,730.00,2026-05-07 09:21:09
2026-01-09,2026-01-09 09:55:00,2026-01-09 09:55:00,OG,Backtest,AdxDiCrossBracketOG,OG_AdxDiCrossBracketOG,OG,NQ,NQ JUN26,SHORT,1,25912.50,25949.00,-734.36,-738.72,-147.7,LOSS,STOP_HIT,25947.75,705.00,2026-05-07 09:21:09
2026-02-17,2026-02-17 11:10:00,2026-02-17 11:10:00,OG,Backtest,AdxDiCrossBracketOG,OG_AdxDiCrossBracketOG,OG,NQ,NQ JUN26,LONG,1,24862.00,24927.25,1300.64,1296.28,259.3,WIN,TARGET_HIT,24793.75,1365.00,2026-05-07 09:21:09
2026-01-09,2026-01-09 10:10:00,2026-01-09 10:10:00,OG,Backtest,AdxDiCrossBracketOG,OG_AdxDiCrossBracketOG,OG,NQ,NQ JUN26,LONG,1,25922.50,25881.00,-834.36,-838.72,-167.7,LOSS,STOP_HIT,25882.25,805.00,2026-05-07 09:21:09
2026-02-24,2026-02-24 09:50:00,2026-02-24 09:50:00,OG,Backtest,AdxDiCrossBracketOG,OG_AdxDiCrossBracketOG,OG,NQ,NQ JUN26,LONG,1,25121.25,25157.50,720.64,716.28,143.3,WIN,TARGET_HIT,25081.50,795.00,2026-05-07 09:21:09
2026-01-23,2026-01-23 10:10:00,2026-01-23 10:15:00,OG,Backtest,AdxDiCrossBracketOG,OG_AdxDiCrossBracketOG,OG,NQ,NQ JUN26,LONG,1,25921.75,25885.00,-739.36,-743.72,-148.7,LOSS,STOP_HIT,25885.50,725.00,2026-05-07 09:21:09
2026-01-09,2026-01-09 10:30:00,2026-01-09 10:30:00,OG,Backtest,AdxDiCrossBracketOG,OG_AdxDiCrossBracketOG,OG,NQ,NQ JUN26,LONG,1,26010.00,26057.25,940.64,936.28,187.3,WIN,TARGET_HIT,25959.75,1005.00,2026-05-07 09:21:09
2026-01-09,2026-01-09 10:15:00,2026-01-09 10:15:00,OG,Backtest,AdxDiCrossBracketOG,OG_AdxDiCrossBracketOG,OG,NQ,NQ JUN26,SHORT,1,25849.75,25897.00,-949.36,-953.72,-190.7,LOSS,STOP_HIT,25895.75,920.00,2026-05-07 09:21:09
2026-01-12,2026-01-12 11:25:00,2026-01-12 11:35:00,OG,Backtest,AdxDiCrossBracketOG,OG_AdxDiCrossBracketOG,OG,NQ,NQ JUN26,LONG,1,26159.50,26149.25,-209.36,-213.72,-42.7,LOSS,STOP_HIT,26131.75,555.00,2026-05-07 09:21:09
2026-04-02,2026-04-02 10:45:00,2026-04-02 10:45:00,OG,Backtest,AdxDiCrossBracketOG,OG_AdxDiCrossBracketOG,OG,NQ,NQ JUN26,LONG,1,24211.00,24133.25,-1559.36,-1563.72,-312.7,LOSS,STOP_HIT,24134.50,1530.00,2026-05-07 09:21:09
2026-01-30,2026-01-30 10:55:00,2026-01-30 10:55:00,OG,Backtest,AdxDiCrossBracketOG,OG_AdxDiCrossBracketOG,OG,NQ,NQ JUN26,LONG,1,26118.00,26058.75,-1189.36,-1193.72,-238.7,LOSS,STOP_HIT,26060.00,1160.00,2026-05-07 09:21:09
2026-01-30,2026-01-30 11:00:00,2026-01-30 11:10:00,OG,Backtest,AdxDiCrossBracketOG,OG_AdxDiCrossBracketOG,OG,NQ,NQ JUN26,SHORT,1,26071.50,26048.25,460.64,456.28,91.3,WIN,STOP_HIT,26129.00,1150.00,2026-05-07 09:21:09
2026-03-06,2026-03-06 11:10:00,2026-03-06 11:15:00,OG,Backtest,AdxDiCrossBracketOG,OG_AdxDiCrossBracketOG,OG,NQ,NQ JUN26,LONG,1,25102.25,25058.25,-884.36,-888.72,-177.7,LOSS,STOP_HIT,25038.75,1270.00,2026-05-07 09:21:09
2026-01-20,2026-01-20 11:10:00,2026-01-20 11:15:00,OG,Backtest,AdxDiCrossBracketOG,OG_AdxDiCrossBracketOG,OG,NQ,NQ JUN26,LONG,1,25588.25,25600.25,235.64,231.28,46.3,WIN,STOP_HIT,25540.75,950.00,2026-05-07 09:21:09
2026-01-09,2026-01-09 10:15:00,2026-01-09 10:15:00,OG,Backtest,AdxDiCrossBracketOG,OG_AdxDiCrossBracketOG,OG,NQ,NQ JUN26,SHORT,1,25849.75,25897.00,-949.36,-953.72,-190.7,LOSS,STOP_HIT,25895.75,920.00,2026-05-07 09:21:09
2026-01-21,2026-01-21 11:45:00,2026-01-21 11:45:00,OG,Backtest,AdxDiCrossBracketOG,OG_AdxDiCrossBracketOG,OG,NQ,NQ JUN26,SHORT,1,25543.00,25505.75,740.64,736.28,147.3,WIN,TARGET_HIT,25582.25,785.00,2026-05-07 09:21:09
2026-01-09,2026-01-09 09:45:00,2026-01-09 09:50:00,OG,Backtest,AdxDiCrossBracketOG,OG_AdxDiCrossBracketOG,OG,NQ,NQ JUN26,LONG,1,25965.75,25936.75,-584.36,-588.72,-117.7,LOSS,STOP_HIT,25938.00,555.00,2026-05-07 09:21:09
2026-01-07,2026-01-07 10:10:00,2026-01-07 10:10:00,OG,Backtest,AdxDiCrossBracketOG,OG_AdxDiCrossBracketOG,OG,NQ,NQ JUN26,SHORT,1,26050.00,26073.50,-474.36,-478.72,-95.7,LOSS,STOP_HIT,26072.25,445.00,2026-05-07 09:21:09
2026-01-21,2026-01-21 11:45:00,2026-01-21 11:45:00,OG,Backtest,AdxDiCrossBracketOG,OG_AdxDiCrossBracketOG,OG,NQ,NQ JUN26,SHORT,1,25543.00,25505.75,740.64,736.28,147.3,WIN,TARGET_HIT,25582.25,785.00,2026-05-07 09:21:09
2026-02-10,2026-02-10 09:45:00,2026-02-10 09:45:00,OG,Backtest,AdxDiCrossBracketOG,OG_AdxDiCrossBracketOG,OG,NQ,NQ JUN26,SHORT,1,25534.50,25512.25,440.64,436.28,87.3,WIN,TARGET_HIT,25559.75,505.00,2026-05-07 09:21:09
2026-01-09,2026-01-09 10:10:00,2026-01-09 10:10:00,OG,Backtest,AdxDiCrossBracketOG,OG_AdxDiCrossBracketOG,OG,NQ,NQ JUN26,LONG,1,25922.50,25881.00,-834.36,-838.72,-167.7,LOSS,STOP_HIT,25882.25,805.00,2026-05-07 09:21:09
2026-01-06,2026-01-06 11:00:00,2026-01-06 11:05:00,OG,Backtest,AdxDiCrossBracketOG,OG_AdxDiCrossBracketOG,OG,NQ,NQ JUN26,SHORT,1,25908.50,25880.75,550.64,546.28,109.3,WIN,TARGET_HIT,25938.25,595.00,2026-05-07 09:21:09
2026-02-13,2026-02-13 10:50:00,2026-02-13 11:05:00,OG,Backtest,AdxDiCrossBracketOG,OG_AdxDiCrossBracketOG,OG,NQ,NQ JUN26,SHORT,1,24982.25,25021.00,-779.36,-783.72,-156.7,LOSS,STOP_HIT,25055.00,1455.00,2026-05-07 09:21:09
2026-01-07,2026-01-07 10:10:00,2026-01-07 10:10:00,OG,Backtest,AdxDiCrossBracketOG,OG_AdxDiCrossBracketOG,OG,NQ,NQ JUN26,SHORT,1,26050.00,26073.50,-474.36,-478.72,-95.7,LOSS,STOP_HIT,26072.25,445.00,2026-05-07 09:21:09
2026-03-12,2026-03-12 11:50:00,2026-03-12 11:50:00,OG,Backtest,AdxDiCrossBracketOG,OG_AdxDiCrossBracketOG,OG,NQ,NQ JUN26,LONG,1,24898.75,24843.25,-1114.36,-1118.72,-223.7,LOSS,STOP_HIT,24844.50,1085.00,2026-05-07 09:21:09
2026-03-25,2026-03-25 11:20:00,2026-03-25 11:20:00,OG,Backtest,AdxDiCrossBracketOG,OG_AdxDiCrossBracketOG,OG,NQ,NQ JUN26,SHORT,1,24385.25,24336.50,970.64,966.28,193.3,WIN,TARGET_HIT,24438.00,1055.00,2026-05-07 09:21:09
2026-01-16,2026-01-16 11:30:00,2026-01-16 11:35:00,OG,Backtest,AdxDiCrossBracketOG,OG_AdxDiCrossBracketOG,OG,NQ,NQ JUN26,LONG,1,25912.25,25924.50,240.64,236.28,47.3,WIN,STOP_HIT,25874.75,750.00,2026-05-07 09:21:09
2026-01-09,2026-01-09 09:55:00,2026-01-09 09:55:00,OG,Backtest,AdxDiCrossBracketOG,OG_AdxDiCrossBracketOG,OG,NQ,NQ JUN26,SHORT,1,25912.50,25949.00,-734.36,-738.72,-147.7,LOSS,STOP_HIT,25947.75,705.00,2026-05-07 09:21:09
2026-01-12,2026-01-12 11:25:00,2026-01-12 11:35:00,OG,Backtest,AdxDiCrossBracketOG,OG_AdxDiCrossBracketOG,OG,NQ,NQ JUN26,LONG,1,26159.50,26149.25,-209.36,-213.72,-42.7,LOSS,STOP_HIT,26131.75,555.00,2026-05-07 09:21:09
2026-01-28,2026-01-28 11:20:00,2026-01-28 11:25:00,OG,Backtest,AdxDiCrossBracketOG,OG_AdxDiCrossBracketOG,OG,NQ,NQ JUN26,LONG,1,26393.75,26378.25,-314.36,-318.72,-63.7,LOSS,STOP_HIT,26363.25,610.00,2026-05-07 09:21:09
2026-03-27,2026-03-27 11:40:00,2026-03-27 11:45:00,OG,Backtest,AdxDiCrossBracketOG,OG_AdxDiCrossBracketOG,OG,NQ,NQ JUN26,LONG,1,23597.75,23540.25,-1154.36,-1158.72,-231.7,LOSS,STOP_HIT,23541.50,1125.00,2026-05-07 09:21:09
2026-01-21,2026-01-21 11:45:00,2026-01-21 11:45:00,OG,Backtest,AdxDiCrossBracketOG,OG_AdxDiCrossBracketOG,OG,NQ,NQ JUN26,SHORT,1,25543.00,25505.75,740.64,736.28,147.3,WIN,TARGET_HIT,25582.25,785.00,2026-05-07 09:21:09
2026-01-07,2026-01-07 09:50:00,2026-01-07 09:50:00,OG,Backtest,AdxDiCrossBracketOG,OG_AdxDiCrossBracketOG,OG,NQ,NQ JUN26,LONG,1,26064.50,26079.75,300.64,296.28,59.3,WIN,TARGET_HIT,26047.25,345.00,2026-05-07 09:21:09
2026-01-23,2026-01-23 10:10:00,2026-01-23 10:15:00,OG,Backtest,AdxDiCrossBracketOG,OG_AdxDiCrossBracketOG,OG,NQ,NQ JUN26,LONG,1,25921.75,25885.00,-739.36,-743.72,-148.7,LOSS,STOP_HIT,25885.50,725.00,2026-05-07 09:21:09
2026-01-20,2026-01-20 11:10:00,2026-01-20 11:15:00,OG,Backtest,AdxDiCrossBracketOG,OG_AdxDiCrossBracketOG,OG,NQ,NQ JUN26,LONG,1,25588.25,25600.25,235.64,231.28,46.3,WIN,STOP_HIT,25540.75,950.00,2026-05-07 09:21:09
2026-02-03,2026-02-03 09:50:00,2026-02-03 09:50:00,OG,Backtest,AdxDiCrossBracketOG,OG_AdxDiCrossBracketOG,OG,NQ,NQ JUN26,SHORT,1,25960.00,25999.25,-789.36,-793.72,-158.7,LOSS,STOP_HIT,25998.00,760.00,2026-05-07 09:21:09
2026-01-21,2026-01-21 11:45:00,2026-01-21 11:45:00,OG,Backtest,AdxDiCrossBracketOG,OG_AdxDiCrossBracketOG,OG,NQ,NQ JUN26,SHORT,1,25543.00,25505.75,740.64,736.28,147.3,WIN,TARGET_HIT,25582.25,785.00,2026-05-07 09:21:09
2026-04-07,2026-04-07 11:40:00,2026-04-07 12:00:00,OG,Backtest,AdxDiCrossBracketOG,OG_AdxDiCrossBracketOG,OG,NQ,NQ JUN26,LONG,1,24072.25,24117.50,900.64,896.28,179.3,WIN,TARGET_HIT,24025.00,945.00,2026-05-07 09:21:09
2026-01-13,2026-01-13 10:10:00,2026-01-13 10:15:00,OG,Backtest,AdxDiCrossBracketOG,OG_AdxDiCrossBracketOG,OG,NQ,NQ JUN26,SHORT,1,26137.25,26108.00,580.64,576.28,115.3,WIN,TARGET_HIT,26168.00,615.00,2026-05-07 09:21:09
2026-01-06,2026-01-06 11:00:00,2026-01-06 11:05:00,OG,Backtest,AdxDiCrossBracketOG,OG_AdxDiCrossBracketOG,OG,NQ,NQ JUN26,SHORT,1,25908.50,25880.75,550.64,546.28,109.3,WIN,TARGET_HIT,25938.25,595.00,2026-05-07 09:21:09
2026-02-05,2026-02-05 11:40:00,2026-02-05 11:50:00,OG,Backtest,AdxDiCrossBracketOG,OG_AdxDiCrossBracketOG,OG,NQ,NQ JUN26,LONG,1,25026.25,24991.50,-699.36,-703.72,-140.7,LOSS,STOP_HIT,24938.00,1765.00,2026-05-07 09:21:09
2026-02-11,2026-02-11 10:20:00,2026-02-11 10:20:00,OG,Backtest,AdxDiCrossBracketOG,OG_AdxDiCrossBracketOG,OG,NQ,NQ JUN26,SHORT,1,25395.25,25345.50,990.64,986.28,197.3,WIN,TARGET_HIT,25448.50,1065.00,2026-05-07 09:21:09
2026-03-09,2026-03-09 10:45:00,2026-03-09 10:50:00,OG,Backtest,AdxDiCrossBracketOG,OG_AdxDiCrossBracketOG,OG,NQ,NQ JUN26,LONG,1,24692.75,24762.25,1385.64,1381.28,276.3,WIN,TARGET_HIT,24622.25,1410.00,2026-05-07 09:21:09
2026-02-17,2026-02-17 11:10:00,2026-02-17 11:10:00,OG,Backtest,AdxDiCrossBracketOG,OG_AdxDiCrossBracketOG,OG,NQ,NQ JUN26,LONG,1,24862.00,24927.25,1300.64,1296.28,259.3,WIN,TARGET_HIT,24793.75,1365.00,2026-05-07 09:21:09
2026-01-30,2026-01-30 10:55:00,2026-01-30 10:55:00,OG,Backtest,AdxDiCrossBracketOG,OG_AdxDiCrossBracketOG,OG,NQ,NQ JUN26,LONG,1,26118.00,26058.75,-1189.36,-1193.72,-238.7,LOSS,STOP_HIT,26060.00,1160.00,2026-05-07 09:21:09
2026-01-30,2026-01-30 10:55:00,2026-01-30 10:55:00,OG,Backtest,AdxDiCrossBracketOG,OG_AdxDiCrossBracketOG,OG,NQ,NQ JUN26,LONG,1,26118.00,26058.75,-1189.36,-1193.72,-238.7,LOSS,STOP_HIT,26060.00,1160.00,2026-05-07 09:21:09
2026-01-12,2026-01-12 11:25:00,2026-01-12 11:35:00,OG,Backtest,AdxDiCrossBracketOG,OG_AdxDiCrossBracketOG,OG,NQ,NQ JUN26,LONG,1,26159.50,26149.25,-209.36,-213.72,-42.7,LOSS,STOP_HIT,26131.75,555.00,2026-05-07 09:21:09
2026-01-23,2026-01-23 10:10:00,2026-01-23 10:15:00,OG,Backtest,AdxDiCrossBracketOG,OG_AdxDiCrossBracketOG,OG,NQ,NQ JUN26,LONG,1,25921.75,25885.00,-739.36,-743.72,-148.7,LOSS,STOP_HIT,25885.50,725.00,2026-05-07 09:21:09
2026-01-28,2026-01-28 10:55:00,2026-01-28 11:10:00,OG,Backtest,AdxDiCrossBracketOG,OG_AdxDiCrossBracketOG,OG,NQ,NQ JUN26,SHORT,1,26394.50,26396.00,-34.36,-38.72,-7.7,LOSS,STOP_HIT,26429.00,690.00,2026-05-07 09:21:09
2026-01-30,2026-01-30 11:00:00,2026-01-30 11:10:00,OG,Backtest,AdxDiCrossBracketOG,OG_AdxDiCrossBracketOG,OG,NQ,NQ JUN26,SHORT,1,26071.50,26048.25,460.64,456.28,91.3,WIN,STOP_HIT,26129.00,1150.00,2026-05-07 09:21:09
2026-01-07,2026-01-07 10:10:00,2026-01-07 10:10:00,OG,Backtest,AdxDiCrossBracketOG,OG_AdxDiCrossBracketOG,OG,NQ,NQ JUN26,SHORT,1,26050.00,26073.50,-474.36,-478.72,-95.7,LOSS,STOP_HIT,26072.25,445.00,2026-05-07 09:21:09
2026-01-28,2026-01-28 10:55:00,2026-01-28 11:10:00,OG,Backtest,AdxDiCrossBracketOG,OG_AdxDiCrossBracketOG,OG,NQ,NQ JUN26,SHORT,1,26394.50,26396.00,-34.36,-38.72,-7.7,LOSS,STOP_HIT,26429.00,690.00,2026-05-07 09:21:09
2026-02-17,2026-02-17 11:10:00,2026-02-17 11:10:00,OG,Backtest,AdxDiCrossBracketOG,OG_AdxDiCrossBracketOG,OG,NQ,NQ JUN26,LONG,1,24862.00,24927.25,1300.64,1296.28,259.3,WIN,TARGET_HIT,24793.75,1365.00,2026-05-07 09:21:09
2026-01-30,2026-01-30 10:55:00,2026-01-30 10:55:00,OG,Backtest,AdxDiCrossBracketOG,OG_AdxDiCrossBracketOG,OG,NQ,NQ JUN26,LONG,1,26118.00,26058.75,-1189.36,-1193.72,-238.7,LOSS,STOP_HIT,26060.00,1160.00,2026-05-07 09:21:09
2026-01-20,2026-01-20 11:10:00,2026-01-20 11:15:00,OG,Backtest,AdxDiCrossBracketOG,OG_AdxDiCrossBracketOG,OG,NQ,NQ JUN26,LONG,1,25588.25,25600.25,235.64,231.28,46.3,WIN,STOP_HIT,25540.75,950.00,2026-05-07 09:21:09
2026-02-24,2026-02-24 10:10:00,2026-02-24 10:10:00,OG,Backtest,AdxDiCrossBracketOG,OG_AdxDiCrossBracketOG,OG,NQ,NQ JUN26,SHORT,1,25048.00,25093.50,-914.36,-918.72,-183.7,LOSS,STOP_HIT,25092.25,885.00,2026-05-07 09:21:09
2026-01-20,2026-01-20 11:10:00,2026-01-20 11:15:00,OG,Backtest,AdxDiCrossBracketOG,OG_AdxDiCrossBracketOG,OG,NQ,NQ JUN26,LONG,1,25588.25,25600.25,235.64,231.28,46.3,WIN,STOP_HIT,25540.75,950.00,2026-05-07 09:21:09
2026-01-21,2026-01-21 11:45:00,2026-01-21 11:45:00,OG,Backtest,AdxDiCrossBracketOG,OG_AdxDiCrossBracketOG,OG,NQ,NQ JUN26,SHORT,1,25543.00,25505.75,740.64,736.28,147.3,WIN,TARGET_HIT,25582.25,785.00,2026-05-07 09:21:09
2026-02-13,2026-02-13 10:50:00,2026-02-13 11:05:00,OG,Backtest,AdxDiCrossBracketOG,OG_AdxDiCrossBracketOG,OG,NQ,NQ JUN26,SHORT,1,24982.25,25021.00,-779.36,-783.72,-156.7,LOSS,STOP_HIT,25055.00,1455.00,2026-05-07 09:21:09
2026-02-11,2026-02-11 11:05:00,2026-02-11 11:10:00,OG,Backtest,AdxDiCrossBracketOG,OG_AdxDiCrossBracketOG,OG,NQ,NQ JUN26,LONG,1,25454.25,25417.50,-739.36,-743.72,-148.7,LOSS,STOP_HIT,25393.00,1225.00,2026-05-07 09:21:09
2026-02-11,2026-02-11 11:20:00,2026-02-11 11:25:00,OG,Backtest,AdxDiCrossBracketOG,OG_AdxDiCrossBracketOG,OG,NQ,NQ JUN26,LONG,1,25468.75,25457.00,-239.36,-243.72,-48.7,LOSS,STOP_HIT,25406.75,1240.00,2026-05-07 09:21:09
2026-01-23,2026-01-23 10:10:00,2026-01-23 10:15:00,OG,Backtest,AdxDiCrossBracketOG,OG_AdxDiCrossBracketOG,OG,NQ,NQ JUN26,LONG,1,25921.75,25885.00,-739.36,-743.72,-148.7,LOSS,STOP_HIT,25885.50,725.00,2026-05-07 09:21:09
2026-03-13,2026-03-13 10:50:00,2026-03-13 10:50:00,OG,Backtest,AdxDiCrossBracketOG,OG_AdxDiCrossBracketOG,OG,NQ,NQ JUN26,SHORT,1,24804.25,24755.00,980.64,976.28,195.3,WIN,TARGET_HIT,24853.50,985.00,2026-05-07 09:21:09
2026-02-10,2026-02-10 09:45:00,2026-02-10 09:45:00,OG,Backtest,AdxDiCrossBracketOG,OG_AdxDiCrossBracketOG,OG,NQ,NQ JUN26,SHORT,1,25534.50,25512.25,440.64,436.28,87.3,WIN,TARGET_HIT,25559.75,505.00,2026-05-07 09:21:09
2026-02-24,2026-02-24 10:10:00,2026-02-24 10:10:00,OG,Backtest,AdxDiCrossBracketOG,OG_AdxDiCrossBracketOG,OG,NQ,NQ JUN26,SHORT,1,25048.00,25093.50,-914.36,-918.72,-183.7,LOSS,STOP_HIT,25092.25,885.00,2026-05-07 09:21:09
2026-03-09,2026-03-09 10:45:00,2026-03-09 10:50:00,OG,Backtest,AdxDiCrossBracketOG,OG_AdxDiCrossBracketOG,OG,NQ,NQ JUN26,LONG,1,24692.75,24762.25,1385.64,1381.28,276.3,WIN,TARGET_HIT,24622.25,1410.00,2026-05-07 09:21:09
2026-02-11,2026-02-11 11:05:00,2026-02-11 11:10:00,OG,Backtest,AdxDiCrossBracketOG,OG_AdxDiCrossBracketOG,OG,NQ,NQ JUN26,LONG,1,25454.25,25417.50,-739.36,-743.72,-148.7,LOSS,STOP_HIT,25393.00,1225.00,2026-05-07 09:21:09
2026-02-11,2026-02-11 11:05:00,2026-02-11 11:10:00,OG,Backtest,AdxDiCrossBracketOG,OG_AdxDiCrossBracketOG,OG,NQ,NQ JUN26,LONG,1,25454.25,25417.50,-739.36,-743.72,-148.7,LOSS,STOP_HIT,25393.00,1225.00,2026-05-07 09:21:09
2026-03-02,2026-03-02 11:15:00,2026-03-02 11:20:00,OG,Backtest,AdxDiCrossBracketOG,OG_AdxDiCrossBracketOG,OG,NQ,NQ JUN26,LONG,1,25187.75,25180.00,-159.36,-163.72,-32.7,LOSS,STOP_HIT,25129.50,1165.00,2026-05-07 09:21:09
2026-02-24,2026-02-24 09:50:00,2026-02-24 09:50:00,OG,Backtest,AdxDiCrossBracketOG,OG_AdxDiCrossBracketOG,OG,NQ,NQ JUN26,LONG,1,25121.25,25157.50,720.64,716.28,143.3,WIN,TARGET_HIT,25081.50,795.00,2026-05-07 09:21:09
2026-04-07,2026-04-07 11:40:00,2026-04-07 12:00:00,OG,Backtest,AdxDiCrossBracketOG,OG_AdxDiCrossBracketOG,OG,NQ,NQ JUN26,LONG,1,24072.25,24117.50,900.64,896.28,179.3,WIN,TARGET_HIT,24025.00,945.00,2026-05-07 09:21:09
2026-02-13,2026-02-13 10:35:00,2026-02-13 10:35:00,OG,Backtest,AdxDiCrossBracketOG,OG_AdxDiCrossBracketOG,OG,NQ,NQ JUN26,LONG,1,25058.75,25127.00,1360.64,1356.28,271.3,WIN,TARGET_HIT,24987.50,1425.00,2026-05-07 09:21:09
2026-03-17,2026-03-17 11:15:00,2026-03-17 11:20:00,OG,Backtest,AdxDiCrossBracketOG,OG_AdxDiCrossBracketOG,OG,NQ,NQ JUN26,SHORT,1,25019.75,25057.00,-749.36,-753.72,-150.7,LOSS,STOP_HIT,25056.25,730.00,2026-05-07 09:21:09
2026-03-06,2026-03-06 11:10:00,2026-03-06 11:15:00,OG,Backtest,AdxDiCrossBracketOG,OG_AdxDiCrossBracketOG,OG,NQ,NQ JUN26,LONG,1,25102.25,25058.25,-884.36,-888.72,-177.7,LOSS,STOP_HIT,25038.75,1270.00,2026-05-07 09:21:09
2026-02-10,2026-02-10 09:45:00,2026-02-10 09:45:00,OG,Backtest,AdxDiCrossBracketOG,OG_AdxDiCrossBracketOG,OG,NQ,NQ JUN26,SHORT,1,25534.50,25512.25,440.64,436.28,87.3,WIN,TARGET_HIT,25559.75,505.00,2026-05-07 09:21:09
2026-02-03,2026-02-03 09:50:00,2026-02-03 09:50:00,OG,Backtest,AdxDiCrossBracketOG,OG_AdxDiCrossBracketOG,OG,NQ,NQ JUN26,SHORT,1,25960.00,25999.25,-789.36,-793.72,-158.7,LOSS,STOP_HIT,25998.00,760.00,2026-05-07 09:21:09
2026-03-27,2026-03-27 11:40:00,2026-03-27 11:45:00,OG,Backtest,AdxDiCrossBracketOG,OG_AdxDiCrossBracketOG,OG,NQ,NQ JUN26,LONG,1,23597.75,23540.25,-1154.36,-1158.72,-231.7,LOSS,STOP_HIT,23541.50,1125.00,2026-05-07 09:21:09
2026-02-24,2026-02-24 09:50:00,2026-02-24 09:50:00,OG,Backtest,AdxDiCrossBracketOG,OG_AdxDiCrossBracketOG,OG,NQ,NQ JUN26,LONG,1,25121.25,25157.50,720.64,716.28,143.3,WIN,TARGET_HIT,25081.50,795.00,2026-05-07 09:21:09
2026-01-30,2026-01-30 10:55:00,2026-01-30 10:55:00,OG,Backtest,AdxDiCrossBracketOG,OG_AdxDiCrossBracketOG,OG,NQ,NQ JUN26,LONG,1,26118.00,26058.75,-1189.36,-1193.72,-238.7,LOSS,STOP_HIT,26060.00,1160.00,2026-05-07 09:21:09
2026-03-09,2026-03-09 10:45:00,2026-03-09 10:50:00,OG,Backtest,AdxDiCrossBracketOG,OG_AdxDiCrossBracketOG,OG,NQ,NQ JUN26,LONG,1,24692.75,24762.25,1385.64,1381.28,276.3,WIN,TARGET_HIT,24622.25,1410.00,2026-05-07 09:21:09
2026-03-09,2026-03-09 10:45:00,2026-03-09 10:50:00,OG,Backtest,AdxDiCrossBracketOG,OG_AdxDiCrossBracketOG,OG,NQ,NQ JUN26,LONG,1,24692.75,24762.25,1385.64,1381.28,276.3,WIN,TARGET_HIT,24622.25,1410.00,2026-05-07 09:21:09
2026-03-12,2026-03-12 11:50:00,2026-03-12 11:50:00,OG,Backtest,AdxDiCrossBracketOG,OG_AdxDiCrossBracketOG,OG,NQ,NQ JUN26,LONG,1,24898.75,24843.25,-1114.36,-1118.72,-223.7,LOSS,STOP_HIT,24844.50,1085.00,2026-05-07 09:21:09
2026-04-06,2026-04-06 11:05:00,2026-04-06 11:25:00,OG,Backtest,AdxDiCrossBracketOG,OG_AdxDiCrossBracketOG,OG,NQ,NQ JUN26,LONG,1,24307.50,24291.25,-329.36,-333.72,-66.7,LOSS,STOP_HIT,24255.50,1040.00,2026-05-07 09:21:09
2026-03-25,2026-03-25 11:20:00,2026-03-25 11:20:00,OG,Backtest,AdxDiCrossBracketOG,OG_AdxDiCrossBracketOG,OG,NQ,NQ JUN26,SHORT,1,24385.25,24336.50,970.64,966.28,193.3,WIN,TARGET_HIT,24438.00,1055.00,2026-05-07 09:21:09
2026-03-06,2026-03-06 11:10:00,2026-03-06 11:15:00,OG,Backtest,AdxDiCrossBracketOG,OG_AdxDiCrossBracketOG,OG,NQ,NQ JUN26,LONG,1,25102.25,25058.25,-884.36,-888.72,-177.7,LOSS,STOP_HIT,25038.75,1270.00,2026-05-07 09:21:09
2026-01-12,2026-01-12 11:25:00,2026-01-12 11:35:00,OG,Backtest,AdxDiCrossBracketOG,OG_AdxDiCrossBracketOG,OG,NQ,NQ JUN26,LONG,1,26159.50,26149.25,-209.36,-213.72,-42.7,LOSS,STOP_HIT,26131.75,555.00,2026-05-07 09:21:09
2026-01-09,2026-01-09 10:30:00,2026-01-09 10:30:00,OG,Backtest,AdxDiCrossBracketOG,OG_AdxDiCrossBracketOG,OG,NQ,NQ JUN26,LONG,1,26010.00,26057.25,940.64,936.28,187.3,WIN,TARGET_HIT,25959.75,1005.00,2026-05-07 09:21:09
2026-03-19,2026-03-19 11:15:00,2026-03-19 11:25:00,OG,Backtest,AdxDiCrossBracketOG,OG_AdxDiCrossBracketOG,OG,NQ,NQ JUN26,LONG,1,24531.00,24485.50,-914.36,-918.72,-183.7,LOSS,STOP_HIT,24473.00,1160.00,2026-05-07 09:21:09
2026-01-07,2026-01-07 10:10:00,2026-01-07 10:10:00,OG,Backtest,AdxDiCrossBracketOG,OG_AdxDiCrossBracketOG,OG,NQ,NQ JUN26,SHORT,1,26050.00,26073.50,-474.36,-478.72,-95.7,LOSS,STOP_HIT,26072.25,445.00,2026-05-07 09:21:09
2026-01-16,2026-01-16 11:30:00,2026-01-16 11:35:00,OG,Backtest,AdxDiCrossBracketOG,OG_AdxDiCrossBracketOG,OG,NQ,NQ JUN26,LONG,1,25912.25,25924.50,240.64,236.28,47.3,WIN,STOP_HIT,25874.75,750.00,2026-05-07 09:21:09
2026-04-02,2026-04-02 10:45:00,2026-04-02 10:45:00,OG,Backtest,AdxDiCrossBracketOG,OG_AdxDiCrossBracketOG,OG,NQ,NQ JUN26,LONG,1,24211.00,24133.25,-1559.36,-1563.72,-312.7,LOSS,STOP_HIT,24134.50,1530.00,2026-05-07 09:21:09
2026-01-21,2026-01-21 11:45:00,2026-01-21 11:45:00,OG,Backtest,AdxDiCrossBracketOG,OG_AdxDiCrossBracketOG,OG,NQ,NQ JUN26,SHORT,1,25543.00,25505.75,740.64,736.28,147.3,WIN,TARGET_HIT,25582.25,785.00,2026-05-07 09:21:09
2026-01-20,2026-01-20 10:50:00,2026-01-20 10:55:00,OG,Backtest,AdxDiCrossBracketOG,OG_AdxDiCrossBracketOG,OG,NQ,NQ JUN26,LONG,1,25598.75,25558.75,-804.36,-808.72,-161.7,LOSS,STOP_HIT,25550.75,960.00,2026-05-07 09:21:09
2026-01-07,2026-01-07 10:10:00,2026-01-07 10:10:00,OG,Backtest,AdxDiCrossBracketOG,OG_AdxDiCrossBracketOG,OG,NQ,NQ JUN26,SHORT,1,26050.00,26073.50,-474.36,-478.72,-95.7,LOSS,STOP_HIT,26072.25,445.00,2026-05-07 09:21:09
2026-01-09,2026-01-09 10:10:00,2026-01-09 10:10:00,OG,Backtest,AdxDiCrossBracketOG,OG_AdxDiCrossBracketOG,OG,NQ,NQ JUN26,LONG,1,25922.50,25881.00,-834.36,-838.72,-167.7,LOSS,STOP_HIT,25882.25,805.00,2026-05-07 09:21:09
2026-01-06,2026-01-06 11:00:00,2026-01-06 11:05:00,OG,Backtest,AdxDiCrossBracketOG,OG_AdxDiCrossBracketOG,OG,NQ,NQ JUN26,SHORT,1,25908.50,25880.75,550.64,546.28,109.3,WIN,TARGET_HIT,25938.25,595.00,2026-05-07 09:21:09
2026-01-09,2026-01-09 09:55:00,2026-01-09 09:55:00,OG,Backtest,AdxDiCrossBracketOG,OG_AdxDiCrossBracketOG,OG,NQ,NQ JUN26,SHORT,1,25912.50,25949.00,-734.36,-738.72,-147.7,LOSS,STOP_HIT,25947.75,705.00,2026-05-07 09:21:09
2026-03-12,2026-03-12 11:50:00,2026-03-12 11:50:00,OG,Backtest,AdxDiCrossBracketOG,OG_AdxDiCrossBracketOG,OG,NQ,NQ JUN26,LONG,1,24898.75,24843.25,-1114.36,-1118.72,-223.7,LOSS,STOP_HIT,24844.50,1085.00,2026-05-07 09:21:09
2026-01-09,2026-01-09 10:10:00,2026-01-09 10:10:00,OG,Backtest,AdxDiCrossBracketOG,OG_AdxDiCrossBracketOG,OG,NQ,NQ JUN26,LONG,1,25922.50,25881.00,-834.36,-838.72,-167.7,LOSS,STOP_HIT,25882.25,805.00,2026-05-07 09:21:09
2026-01-28,2026-01-28 10:55:00,2026-01-28 11:10:00,OG,Backtest,AdxDiCrossBracketOG,OG_AdxDiCrossBracketOG,OG,NQ,NQ JUN26,SHORT,1,26394.50,26396.00,-34.36,-38.72,-7.7,LOSS,STOP_HIT,26429.00,690.00,2026-05-07 09:21:09
2026-01-09,2026-01-09 10:15:00,2026-01-09 10:15:00,OG,Backtest,AdxDiCrossBracketOG,OG_AdxDiCrossBracketOG,OG,NQ,NQ JUN26,SHORT,1,25849.75,25897.00,-949.36,-953.72,-190.7,LOSS,STOP_HIT,25895.75,920.00,2026-05-07 09:21:09
2026-01-30,2026-01-30 11:00:00,2026-01-30 11:10:00,OG,Backtest,AdxDiCrossBracketOG,OG_AdxDiCrossBracketOG,OG,NQ,NQ JUN26,SHORT,1,26071.50,26048.25,460.64,456.28,91.3,WIN,STOP_HIT,26129.00,1150.00,2026-05-07 09:21:09
2026-04-07,2026-04-07 11:40:00,2026-04-07 12:00:00,OG,Backtest,AdxDiCrossBracketOG,OG_AdxDiCrossBracketOG,OG,NQ,NQ JUN26,LONG,1,24072.25,24117.50,900.64,896.28,179.3,WIN,TARGET_HIT,24025.00,945.00,2026-05-07 09:21:09
2026-02-03,2026-02-03 09:50:00,2026-02-03 09:50:00,OG,Backtest,AdxDiCrossBracketOG,OG_AdxDiCrossBracketOG,OG,NQ,NQ JUN26,SHORT,1,25960.00,25999.25,-789.36,-793.72,-158.7,LOSS,STOP_HIT,25998.00,760.00,2026-05-07 09:21:09
2026-04-06,2026-04-06 11:35:00,2026-04-06 11:50:00,OG,Backtest,AdxDiCrossBracketOG,OG_AdxDiCrossBracketOG,OG,NQ,NQ JUN26,SHORT,1,24280.00,24294.25,-289.36,-293.72,-58.7,LOSS,STOP_HIT,24325.50,910.00,2026-05-07 09:21:09
2026-01-06,2026-01-06 11:00:00,2026-01-06 11:05:00,OG,Backtest,AdxDiCrossBracketOG,OG_AdxDiCrossBracketOG,OG,NQ,NQ JUN26,SHORT,1,25908.50,25880.75,550.64,546.28,109.3,WIN,TARGET_HIT,25938.25,595.00,2026-05-07 09:21:09
2026-03-20,2026-03-20 11:30:00,2026-03-20 12:05:00,OG,Backtest,AdxDiCrossBracketOG,OG_AdxDiCrossBracketOG,OG,NQ,NQ JUN26,LONG,1,24275.00,24327.75,1050.64,1046.28,209.3,WIN,TARGET_HIT,24219.75,1105.00,2026-05-07 09:21:09
2026-04-10,2026-04-10 11:45:00,2026-04-10 12:00:00,OG,Backtest,AdxDiCrossBracketOG,OG_AdxDiCrossBracketOG,OG,NQ,NQ JUN26,SHORT,1,25300.75,25269.75,615.64,611.28,122.3,WIN,TARGET_HIT,25334.25,670.00,2026-05-07 09:21:09
2026-01-09,2026-01-09 10:30:00,2026-01-09 10:30:00,OG,Backtest,AdxDiCrossBracketOG,OG_AdxDiCrossBracketOG,OG,NQ,NQ JUN26,LONG,1,26010.00,26057.25,940.64,936.28,187.3,WIN,TARGET_HIT,25959.75,1005.00,2026-05-07 09:21:09
2026-01-07,2026-01-07 09:50:00,2026-01-07 09:50:00,OG,Backtest,AdxDiCrossBracketOG,OG_AdxDiCrossBracketOG,OG,NQ,NQ JUN26,LONG,1,26064.50,26079.75,300.64,296.28,59.3,WIN,TARGET_HIT,26047.25,345.00,2026-05-07 09:21:09
2026-04-06,2026-04-06 11:35:00,2026-04-06 11:50:00,OG,Backtest,AdxDiCrossBracketOG,OG_AdxDiCrossBracketOG,OG,NQ,NQ JUN26,SHORT,1,24280.00,24294.25,-289.36,-293.72,-58.7,LOSS,STOP_HIT,24325.50,910.00,2026-05-07 09:21:09
2026-01-06,2026-01-06 11:00:00,2026-01-06 11:05:00,OG,Backtest,AdxDiCrossBracketOG,OG_AdxDiCrossBracketOG,OG,NQ,NQ JUN26,SHORT,1,25908.50,25880.75,550.64,546.28,109.3,WIN,TARGET_HIT,25938.25,595.00,2026-05-07 09:21:09
2026-04-07,2026-04-07 11:40:00,2026-04-07 12:00:00,OG,Backtest,AdxDiCrossBracketOG,OG_AdxDiCrossBracketOG,OG,NQ,NQ JUN26,LONG,1,24072.25,24117.50,900.64,896.28,179.3,WIN,TARGET_HIT,24025.00,945.00,2026-05-07 09:21:09
2026-01-09,2026-01-09 09:55:00,2026-01-09 09:55:00,OG,Backtest,AdxDiCrossBracketOG,OG_AdxDiCrossBracketOG,OG,NQ,NQ JUN26,SHORT,1,25912.50,25949.00,-734.36,-738.72,-147.7,LOSS,STOP_HIT,25947.75,705.00,2026-05-07 09:21:09
2026-04-06,2026-04-06 10:55:00,2026-04-06 11:00:00,OG,Backtest,AdxDiCrossBracketOG,OG_AdxDiCrossBracketOG,OG,NQ,NQ JUN26,SHORT,1,24269.25,24322.25,-1064.36,-1068.72,-213.7,LOSS,STOP_HIT,24321.00,1035.00,2026-05-07 09:21:09
2026-02-13,2026-02-13 10:50:00,2026-02-13 11:05:00,OG,Backtest,AdxDiCrossBracketOG,OG_AdxDiCrossBracketOG,OG,NQ,NQ JUN26,SHORT,1,24982.25,25021.00,-779.36,-783.72,-156.7,LOSS,STOP_HIT,25055.00,1455.00,2026-05-07 09:21:09
2026-01-09,2026-01-09 10:10:00,2026-01-09 10:10:00,OG,Backtest,AdxDiCrossBracketOG,OG_AdxDiCrossBracketOG,OG,NQ,NQ JUN26,LONG,1,25922.50,25881.00,-834.36,-838.72,-167.7,LOSS,STOP_HIT,25882.25,805.00,2026-05-07 09:21:09
2026-02-24,2026-02-24 09:50:00,2026-02-24 09:50:00,OG,Backtest,AdxDiCrossBracketOG,OG_AdxDiCrossBracketOG,OG,NQ,NQ JUN26,LONG,1,25121.25,25157.50,720.64,716.28,143.3,WIN,TARGET_HIT,25081.50,795.00,2026-05-07 09:21:09
2026-04-06,2026-04-06 11:35:00,2026-04-06 11:50:00,OG,Backtest,AdxDiCrossBracketOG,OG_AdxDiCrossBracketOG,OG,NQ,NQ JUN26,SHORT,1,24280.00,24294.25,-289.36,-293.72,-58.7,LOSS,STOP_HIT,24325.50,910.00,2026-05-07 09:21:09
2026-02-17,2026-02-17 11:10:00,2026-02-17 11:10:00,OG,Backtest,AdxDiCrossBracketOG,OG_AdxDiCrossBracketOG,OG,NQ,NQ JUN26,LONG,1,24862.00,24927.25,1300.64,1296.28,259.3,WIN,TARGET_HIT,24793.75,1365.00,2026-05-07 09:21:09
2026-01-09,2026-01-09 09:55:00,2026-01-09 09:55:00,OG,Backtest,AdxDiCrossBracketOG,OG_AdxDiCrossBracketOG,OG,NQ,NQ JUN26,SHORT,1,25912.50,25949.00,-734.36,-738.72,-147.7,LOSS,STOP_HIT,25947.75,705.00,2026-05-07 09:21:09
2026-01-12,2026-01-12 11:25:00,2026-01-12 11:35:00,OG,Backtest,AdxDiCrossBracketOG,OG_AdxDiCrossBracketOG,OG,NQ,NQ JUN26,LONG,1,26159.50,26149.25,-209.36,-213.72,-42.7,LOSS,STOP_HIT,26131.75,555.00,2026-05-07 09:21:09
2026-01-07,2026-01-07 10:10:00,2026-01-07 10:10:00,OG,Backtest,AdxDiCrossBracketOG,OG_AdxDiCrossBracketOG,OG,NQ,NQ JUN26,SHORT,1,26050.00,26073.50,-474.36,-478.72,-95.7,LOSS,STOP_HIT,26072.25,445.00,2026-05-07 09:21:09
2026-04-06,2026-04-06 11:35:00,2026-04-06 11:50:00,OG,Backtest,AdxDiCrossBracketOG,OG_AdxDiCrossBracketOG,OG,NQ,NQ JUN26,SHORT,1,24280.00,24294.25,-289.36,-293.72,-58.7,LOSS,STOP_HIT,24325.50,910.00,2026-05-07 09:21:09
2026-01-12,2026-01-12 11:25:00,2026-01-12 11:35:00,OG,Backtest,AdxDiCrossBracketOG,OG_AdxDiCrossBracketOG,OG,NQ,NQ JUN26,LONG,1,26159.50,26149.25,-209.36,-213.72,-42.7,LOSS,STOP_HIT,26131.75,555.00,2026-05-07 09:21:09
2026-03-03,2026-03-03 11:25:00,2026-03-03 11:40:00,OG,Backtest,AdxDiCrossBracketOG,OG_AdxDiCrossBracketOG,OG,NQ,NQ JUN26,LONG,1,24795.25,24816.50,420.64,416.28,83.3,WIN,STOP_HIT,24724.00,1425.00,2026-05-07 09:21:09
2026-03-06,2026-03-06 11:10:00,2026-03-06 11:15:00,OG,Backtest,AdxDiCrossBracketOG,OG_AdxDiCrossBracketOG,OG,NQ,NQ JUN26,LONG,1,25102.25,25058.25,-884.36,-888.72,-177.7,LOSS,STOP_HIT,25038.75,1270.00,2026-05-07 09:21:09
2026-01-30,2026-01-30 11:00:00,2026-01-30 11:10:00,OG,Backtest,AdxDiCrossBracketOG,OG_AdxDiCrossBracketOG,OG,NQ,NQ JUN26,SHORT,1,26071.50,26048.25,460.64,456.28,91.3,WIN,STOP_HIT,26129.00,1150.00,2026-05-07 09:21:09
2026-03-09,2026-03-09 10:45:00,2026-03-09 10:50:00,OG,Backtest,AdxDiCrossBracketOG,OG_AdxDiCrossBracketOG,OG,NQ,NQ JUN26,LONG,1,24692.75,24762.25,1385.64,1381.28,276.3,WIN,TARGET_HIT,24622.25,1410.00,2026-05-07 09:21:09
2026-01-07,2026-01-07 10:10:00,2026-01-07 10:10:00,OG,Backtest,AdxDiCrossBracketOG,OG_AdxDiCrossBracketOG,OG,NQ,NQ JUN26,SHORT,1,26050.00,26073.50,-474.36,-478.72,-95.7,LOSS,STOP_HIT,26072.25,445.00,2026-05-07 09:21:09
2026-03-12,2026-03-12 11:50:00,2026-03-12 11:50:00,OG,Backtest,AdxDiCrossBracketOG,OG_AdxDiCrossBracketOG,OG,NQ,NQ JUN26,LONG,1,24898.75,24843.25,-1114.36,-1118.72,-223.7,LOSS,STOP_HIT,24844.50,1085.00,2026-05-07 09:21:09
2026-03-09,2026-03-09 10:45:00,2026-03-09 10:50:00,OG,Backtest,AdxDiCrossBracketOG,OG_AdxDiCrossBracketOG,OG,NQ,NQ JUN26,LONG,1,24692.75,24762.25,1385.64,1381.28,276.3,WIN,TARGET_HIT,24622.25,1410.00,2026-05-07 09:21:09
2026-01-09,2026-01-09 10:10:00,2026-01-09 10:10:00,OG,Backtest,AdxDiCrossBracketOG,OG_AdxDiCrossBracketOG,OG,NQ,NQ JUN26,LONG,1,25922.50,25881.00,-834.36,-838.72,-167.7,LOSS,STOP_HIT,25882.25,805.00,2026-05-07 09:21:09
2026-01-16,2026-01-16 11:30:00,2026-01-16 11:35:00,OG,Backtest,AdxDiCrossBracketOG,OG_AdxDiCrossBracketOG,OG,NQ,NQ JUN26,LONG,1,25912.25,25924.50,240.64,236.28,47.3,WIN,STOP_HIT,25874.75,750.00,2026-05-07 09:21:09
2026-02-11,2026-02-11 10:20:00,2026-02-11 10:20:00,OG,Backtest,AdxDiCrossBracketOG,OG_AdxDiCrossBracketOG,OG,NQ,NQ JUN26,SHORT,1,25395.25,25345.50,990.64,986.28,197.3,WIN,TARGET_HIT,25448.50,1065.00,2026-05-07 09:21:10
2026-03-19,2026-03-19 11:15:00,2026-03-19 11:25:00,OG,Backtest,AdxDiCrossBracketOG,OG_AdxDiCrossBracketOG,OG,NQ,NQ JUN26,LONG,1,24531.00,24485.50,-914.36,-918.72,-183.7,LOSS,STOP_HIT,24473.00,1160.00,2026-05-07 09:21:10
2026-03-17,2026-03-17 11:15:00,2026-03-17 11:20:00,OG,Backtest,AdxDiCrossBracketOG,OG_AdxDiCrossBracketOG,OG,NQ,NQ JUN26,SHORT,1,25019.75,25057.00,-749.36,-753.72,-150.7,LOSS,STOP_HIT,25056.25,730.00,2026-05-07 09:21:10
2026-02-10,2026-02-10 09:45:00,2026-02-10 09:45:00,OG,Backtest,AdxDiCrossBracketOG,OG_AdxDiCrossBracketOG,OG,NQ,NQ JUN26,SHORT,1,25534.50,25512.25,440.64,436.28,87.3,WIN,TARGET_HIT,25559.75,505.00,2026-05-07 09:21:10
2026-01-20,2026-01-20 11:10:00,2026-01-20 11:15:00,OG,Backtest,AdxDiCrossBracketOG,OG_AdxDiCrossBracketOG,OG,NQ,NQ JUN26,LONG,1,25588.25,25600.25,235.64,231.28,46.3,WIN,STOP_HIT,25540.75,950.00,2026-05-07 09:21:10
2026-01-09,2026-01-09 09:45:00,2026-01-09 09:50:00,OG,Backtest,AdxDiCrossBracketOG,OG_AdxDiCrossBracketOG,OG,NQ,NQ JUN26,LONG,1,25965.75,25936.75,-584.36,-588.72,-117.7,LOSS,STOP_HIT,25938.00,555.00,2026-05-07 09:21:10
2026-01-09,2026-01-09 10:10:00,2026-01-09 10:10:00,OG,Backtest,AdxDiCrossBracketOG,OG_AdxDiCrossBracketOG,OG,NQ,NQ JUN26,LONG,1,25922.50,25881.00,-834.36,-838.72,-167.7,LOSS,STOP_HIT,25882.25,805.00,2026-05-07 09:21:10
2026-03-06,2026-03-06 11:10:00,2026-03-06 11:15:00,OG,Backtest,AdxDiCrossBracketOG,OG_AdxDiCrossBracketOG,OG,NQ,NQ JUN26,LONG,1,25102.25,25058.25,-884.36,-888.72,-177.7,LOSS,STOP_HIT,25038.75,1270.00,2026-05-07 09:21:10
2026-01-09,2026-01-09 10:30:00,2026-01-09 10:30:00,OG,Backtest,AdxDiCrossBracketOG,OG_AdxDiCrossBracketOG,OG,NQ,NQ JUN26,LONG,1,26010.00,26057.25,940.64,936.28,187.3,WIN,TARGET_HIT,25959.75,1005.00,2026-05-07 09:21:10
2026-01-13,2026-01-13 10:10:00,2026-01-13 10:15:00,OG,Backtest,AdxDiCrossBracketOG,OG_AdxDiCrossBracketOG,OG,NQ,NQ JUN26,SHORT,1,26137.25,26108.00,580.64,576.28,115.3,WIN,TARGET_HIT,26168.00,615.00,2026-05-07 09:21:10
2026-01-12,2026-01-12 11:25:00,2026-01-12 11:35:00,OG,Backtest,AdxDiCrossBracketOG,OG_AdxDiCrossBracketOG,OG,NQ,NQ JUN26,LONG,1,26159.50,26149.25,-209.36,-213.72,-42.7,LOSS,STOP_HIT,26131.75,555.00,2026-05-07 09:21:10
2026-01-09,2026-01-09 09:55:00,2026-01-09 09:55:00,OG,Backtest,AdxDiCrossBracketOG,OG_AdxDiCrossBracketOG,OG,NQ,NQ JUN26,SHORT,1,25912.50,25949.00,-734.36,-738.72,-147.7,LOSS,STOP_HIT,25947.75,705.00,2026-05-07 09:21:10
2026-01-09,2026-01-09 10:15:00,2026-01-09 10:15:00,OG,Backtest,AdxDiCrossBracketOG,OG_AdxDiCrossBracketOG,OG,NQ,NQ JUN26,SHORT,1,25849.75,25897.00,-949.36,-953.72,-190.7,LOSS,STOP_HIT,25895.75,920.00,2026-05-07 09:21:10
2026-01-20,2026-01-20 10:50:00,2026-01-20 10:55:00,OG,Backtest,AdxDiCrossBracketOG,OG_AdxDiCrossBracketOG,OG,NQ,NQ JUN26,LONG,1,25598.75,25558.75,-804.36,-808.72,-161.7,LOSS,STOP_HIT,25550.75,960.00,2026-05-07 09:21:10
2026-01-28,2026-01-28 11:20:00,2026-01-28 11:25:00,OG,Backtest,AdxDiCrossBracketOG,OG_AdxDiCrossBracketOG,OG,NQ,NQ JUN26,LONG,1,26393.75,26378.25,-314.36,-318.72,-63.7,LOSS,STOP_HIT,26363.25,610.00,2026-05-07 09:21:10
2026-01-09,2026-01-09 10:10:00,2026-01-09 10:10:00,OG,Backtest,AdxDiCrossBracketOG,OG_AdxDiCrossBracketOG,OG,NQ,NQ JUN26,LONG,1,25922.50,25881.00,-834.36,-838.72,-167.7,LOSS,STOP_HIT,25882.25,805.00,2026-05-07 09:21:10
2026-02-24,2026-02-24 10:10:00,2026-02-24 10:10:00,OG,Backtest,AdxDiCrossBracketOG,OG_AdxDiCrossBracketOG,OG,NQ,NQ JUN26,SHORT,1,25048.00,25093.50,-914.36,-918.72,-183.7,LOSS,STOP_HIT,25092.25,885.00,2026-05-07 09:21:10
2026-01-07,2026-01-07 10:10:00,2026-01-07 10:10:00,OG,Backtest,AdxDiCrossBracketOG,OG_AdxDiCrossBracketOG,OG,NQ,NQ JUN26,SHORT,1,26050.00,26073.50,-474.36,-478.72,-95.7,LOSS,STOP_HIT,26072.25,445.00,2026-05-07 09:21:10
2026-02-13,2026-02-13 10:35:00,2026-02-13 10:35:00,OG,Backtest,AdxDiCrossBracketOG,OG_AdxDiCrossBracketOG,OG,NQ,NQ JUN26,LONG,1,25058.75,25127.00,1360.64,1356.28,271.3,WIN,TARGET_HIT,24987.50,1425.00,2026-05-07 09:21:10
2026-01-09,2026-01-09 10:30:00,2026-01-09 10:30:00,OG,Backtest,AdxDiCrossBracketOG,OG_AdxDiCrossBracketOG,OG,NQ,NQ JUN26,LONG,1,26010.00,26057.25,940.64,936.28,187.3,WIN,TARGET_HIT,25959.75,1005.00,2026-05-07 09:21:10
2026-04-10,2026-04-10 11:45:00,2026-04-10 12:00:00,OG,Backtest,AdxDiCrossBracketOG,OG_AdxDiCrossBracketOG,OG,NQ,NQ JUN26,SHORT,1,25300.75,25269.75,615.64,611.28,122.3,WIN,TARGET_HIT,25334.25,670.00,2026-05-07 09:21:10
2026-04-10,2026-04-10 11:45:00,2026-04-10 12:00:00,OG,Backtest,AdxDiCrossBracketOG,OG_AdxDiCrossBracketOG,OG,NQ,NQ JUN26,SHORT,1,25300.75,25269.75,615.64,611.28,122.3,WIN,TARGET_HIT,25334.25,670.00,2026-05-07 09:21:10
2026-02-24,2026-02-24 10:15:00,2026-02-24 10:15:00,OG,Backtest,AdxDiCrossBracketOG,OG_AdxDiCrossBracketOG,OG,NQ,NQ JUN26,LONG,1,25110.00,25063.00,-944.36,-948.72,-189.7,LOSS,STOP_HIT,25064.25,915.00,2026-05-07 09:21:10
2026-01-30,2026-01-30 10:55:00,2026-01-30 10:55:00,OG,Backtest,AdxDiCrossBracketOG,OG_AdxDiCrossBracketOG,OG,NQ,NQ JUN26,LONG,1,26118.00,26058.75,-1189.36,-1193.72,-238.7,LOSS,STOP_HIT,26060.00,1160.00,2026-05-07 09:21:10
2026-02-10,2026-02-10 09:45:00,2026-02-10 09:45:00,OG,Backtest,AdxDiCrossBracketOG,OG_AdxDiCrossBracketOG,OG,NQ,NQ JUN26,SHORT,1,25534.50,25512.25,440.64,436.28,87.3,WIN,TARGET_HIT,25559.75,505.00,2026-05-07 09:21:10
2026-01-23,2026-01-23 10:10:00,2026-01-23 10:15:00,OG,Backtest,AdxDiCrossBracketOG,OG_AdxDiCrossBracketOG,OG,NQ,NQ JUN26,LONG,1,25921.75,25885.00,-739.36,-743.72,-148.7,LOSS,STOP_HIT,25885.50,725.00,2026-05-07 09:21:10
2026-02-17,2026-02-17 11:10:00,2026-02-17 11:10:00,OG,Backtest,AdxDiCrossBracketOG,OG_AdxDiCrossBracketOG,OG,NQ,NQ JUN26,LONG,1,24862.00,24927.25,1300.64,1296.28,259.3,WIN,TARGET_HIT,24793.75,1365.00,2026-05-07 09:21:10
2026-01-21,2026-01-21 11:45:00,2026-01-21 11:45:00,OG,Backtest,AdxDiCrossBracketOG,OG_AdxDiCrossBracketOG,OG,NQ,NQ JUN26,SHORT,1,25543.00,25505.75,740.64,736.28,147.3,WIN,TARGET_HIT,25582.25,785.00,2026-05-07 09:21:10
2026-04-06,2026-04-06 11:05:00,2026-04-06 11:25:00,OG,Backtest,AdxDiCrossBracketOG,OG_AdxDiCrossBracketOG,OG,NQ,NQ JUN26,LONG,1,24307.50,24291.25,-329.36,-333.72,-66.7,LOSS,STOP_HIT,24255.50,1040.00,2026-05-07 09:21:10
2026-03-06,2026-03-06 11:10:00,2026-03-06 11:15:00,OG,Backtest,AdxDiCrossBracketOG,OG_AdxDiCrossBracketOG,OG,NQ,NQ JUN26,LONG,1,25102.25,25058.25,-884.36,-888.72,-177.7,LOSS,STOP_HIT,25038.75,1270.00,2026-05-07 09:21:10
2026-01-23,2026-01-23 10:10:00,2026-01-23 10:15:00,OG,Backtest,AdxDiCrossBracketOG,OG_AdxDiCrossBracketOG,OG,NQ,NQ JUN26,LONG,1,25921.75,25885.00,-739.36,-743.72,-148.7,LOSS,STOP_HIT,25885.50,725.00,2026-05-07 09:21:10
2026-01-28,2026-01-28 11:20:00,2026-01-28 11:25:00,OG,Backtest,AdxDiCrossBracketOG,OG_AdxDiCrossBracketOG,OG,NQ,NQ JUN26,LONG,1,26393.75,26378.25,-314.36,-318.72,-63.7,LOSS,STOP_HIT,26363.25,610.00,2026-05-07 09:21:10
2026-02-13,2026-02-13 10:35:00,2026-02-13 10:35:00,OG,Backtest,AdxDiCrossBracketOG,OG_AdxDiCrossBracketOG,OG,NQ,NQ JUN26,LONG,1,25058.75,25127.00,1360.64,1356.28,271.3,WIN,TARGET_HIT,24987.50,1425.00,2026-05-07 09:21:10
2026-02-03,2026-02-03 09:50:00,2026-02-03 09:50:00,OG,Backtest,AdxDiCrossBracketOG,OG_AdxDiCrossBracketOG,OG,NQ,NQ JUN26,SHORT,1,25960.00,25999.25,-789.36,-793.72,-158.7,LOSS,STOP_HIT,25998.00,760.00,2026-05-07 09:21:10
2026-01-21,2026-01-21 11:45:00,2026-01-21 11:45:00,OG,Backtest,AdxDiCrossBracketOG,OG_AdxDiCrossBracketOG,OG,NQ,NQ JUN26,SHORT,1,25543.00,25505.75,740.64,736.28,147.3,WIN,TARGET_HIT,25582.25,785.00,2026-05-07 09:21:10
2026-02-05,2026-02-05 11:40:00,2026-02-05 11:50:00,OG,Backtest,AdxDiCrossBracketOG,OG_AdxDiCrossBracketOG,OG,NQ,NQ JUN26,LONG,1,25026.25,24991.50,-699.36,-703.72,-140.7,LOSS,STOP_HIT,24938.00,1765.00,2026-05-07 09:21:10
2026-02-05,2026-02-05 11:40:00,2026-02-05 11:50:00,OG,Backtest,AdxDiCrossBracketOG,OG_AdxDiCrossBracketOG,OG,NQ,NQ JUN26,LONG,1,25026.25,24991.50,-699.36,-703.72,-140.7,LOSS,STOP_HIT,24938.00,1765.00,2026-05-07 09:21:10
2026-01-21,2026-01-21 11:45:00,2026-01-21 11:45:00,OG,Backtest,AdxDiCrossBracketOG,OG_AdxDiCrossBracketOG,OG,NQ,NQ JUN26,SHORT,1,25543.00,25505.75,740.64,736.28,147.3,WIN,TARGET_HIT,25582.25,785.00,2026-05-07 09:21:10
2026-02-11,2026-02-11 10:20:00,2026-02-11 10:20:00,OG,Backtest,AdxDiCrossBracketOG,OG_AdxDiCrossBracketOG,OG,NQ,NQ JUN26,SHORT,1,25395.25,25345.50,990.64,986.28,197.3,WIN,TARGET_HIT,25448.50,1065.00,2026-05-07 09:21:10
2026-03-12,2026-03-12 11:50:00,2026-03-12 11:50:00,OG,Backtest,AdxDiCrossBracketOG,OG_AdxDiCrossBracketOG,OG,NQ,NQ JUN26,LONG,1,24898.75,24843.25,-1114.36,-1118.72,-223.7,LOSS,STOP_HIT,24844.50,1085.00,2026-05-07 09:21:10
2026-03-13,2026-03-13 10:50:00,2026-03-13 10:50:00,OG,Backtest,AdxDiCrossBracketOG,OG_AdxDiCrossBracketOG,OG,NQ,NQ JUN26,SHORT,1,24804.25,24755.00,980.64,976.28,195.3,WIN,TARGET_HIT,24853.50,985.00,2026-05-07 09:21:10
2026-01-09,2026-01-09 09:55:00,2026-01-09 09:55:00,OG,Backtest,AdxDiCrossBracketOG,OG_AdxDiCrossBracketOG,OG,NQ,NQ JUN26,SHORT,1,25912.50,25949.00,-734.36,-738.72,-147.7,LOSS,STOP_HIT,25947.75,705.00,2026-05-07 09:21:10
2026-01-07,2026-01-07 09:50:00,2026-01-07 09:50:00,OG,Backtest,AdxDiCrossBracketOG,OG_AdxDiCrossBracketOG,OG,NQ,NQ JUN26,LONG,1,26064.50,26079.75,300.64,296.28,59.3,WIN,TARGET_HIT,26047.25,345.00,2026-05-07 09:21:10
2026-03-25,2026-03-25 11:20:00,2026-03-25 11:20:00,OG,Backtest,AdxDiCrossBracketOG,OG_AdxDiCrossBracketOG,OG,NQ,NQ JUN26,SHORT,1,24385.25,24336.50,970.64,966.28,193.3,WIN,TARGET_HIT,24438.00,1055.00,2026-05-07 09:21:10
2026-02-11,2026-02-11 11:20:00,2026-02-11 11:25:00,OG,Backtest,AdxDiCrossBracketOG,OG_AdxDiCrossBracketOG,OG,NQ,NQ JUN26,LONG,1,25468.75,25457.00,-239.36,-243.72,-48.7,LOSS,STOP_HIT,25406.75,1240.00,2026-05-07 09:21:10
2026-01-13,2026-01-13 10:10:00,2026-01-13 10:15:00,OG,Backtest,AdxDiCrossBracketOG,OG_AdxDiCrossBracketOG,OG,NQ,NQ JUN26,SHORT,1,26137.25,26108.00,580.64,576.28,115.3,WIN,TARGET_HIT,26168.00,615.00,2026-05-07 09:21:10
2026-02-13,2026-02-13 10:50:00,2026-02-13 11:05:00,OG,Backtest,AdxDiCrossBracketOG,OG_AdxDiCrossBracketOG,OG,NQ,NQ JUN26,SHORT,1,24982.25,25021.00,-779.36,-783.72,-156.7,LOSS,STOP_HIT,25055.00,1455.00,2026-05-07 09:21:10
2026-02-11,2026-02-11 11:20:00,2026-02-11 11:25:00,OG,Backtest,AdxDiCrossBracketOG,OG_AdxDiCrossBracketOG,OG,NQ,NQ JUN26,LONG,1,25468.75,25457.00,-239.36,-243.72,-48.7,LOSS,STOP_HIT,25406.75,1240.00,2026-05-07 09:21:10
2026-04-02,2026-04-02 10:45:00,2026-04-02 10:45:00,OG,Backtest,AdxDiCrossBracketOG,OG_AdxDiCrossBracketOG,OG,NQ,NQ JUN26,LONG,1,24211.00,24133.25,-1559.36,-1563.72,-312.7,LOSS,STOP_HIT,24134.50,1530.00,2026-05-07 09:21:10
2026-02-11,2026-02-11 11:20:00,2026-02-11 11:25:00,OG,Backtest,AdxDiCrossBracketOG,OG_AdxDiCrossBracketOG,OG,NQ,NQ JUN26,LONG,1,25468.75,25457.00,-239.36,-243.72,-48.7,LOSS,STOP_HIT,25406.75,1240.00,2026-05-07 09:21:10
2026-02-24,2026-02-24 09:50:00,2026-02-24 09:50:00,OG,Backtest,AdxDiCrossBracketOG,OG_AdxDiCrossBracketOG,OG,NQ,NQ JUN26,LONG,1,25121.25,25157.50,720.64,716.28,143.3,WIN,TARGET_HIT,25081.50,795.00,2026-05-07 09:21:10
2026-04-07,2026-04-07 11:40:00,2026-04-07 12:00:00,OG,Backtest,AdxDiCrossBracketOG,OG_AdxDiCrossBracketOG,OG,NQ,NQ JUN26,LONG,1,24072.25,24117.50,900.64,896.28,179.3,WIN,TARGET_HIT,24025.00,945.00,2026-05-07 09:21:10
2026-02-11,2026-02-11 11:20:00,2026-02-11 11:25:00,OG,Backtest,AdxDiCrossBracketOG,OG_AdxDiCrossBracketOG,OG,NQ,NQ JUN26,LONG,1,25468.75,25457.00,-239.36,-243.72,-48.7,LOSS,STOP_HIT,25406.75,1240.00,2026-05-07 09:21:10
2026-02-24,2026-02-24 10:10:00,2026-02-24 10:10:00,OG,Backtest,AdxDiCrossBracketOG,OG_AdxDiCrossBracketOG,OG,NQ,NQ JUN26,SHORT,1,25048.00,25093.50,-914.36,-918.72,-183.7,LOSS,STOP_HIT,25092.25,885.00,2026-05-07 09:21:10
2026-04-07,2026-04-07 11:40:00,2026-04-07 12:00:00,OG,Backtest,AdxDiCrossBracketOG,OG_AdxDiCrossBracketOG,OG,NQ,NQ JUN26,LONG,1,24072.25,24117.50,900.64,896.28,179.3,WIN,TARGET_HIT,24025.00,945.00,2026-05-07 09:21:10
2026-02-11,2026-02-11 11:20:00,2026-02-11 11:25:00,OG,Backtest,AdxDiCrossBracketOG,OG_AdxDiCrossBracketOG,OG,NQ,NQ JUN26,LONG,1,25468.75,25457.00,-239.36,-243.72,-48.7,LOSS,STOP_HIT,25406.75,1240.00,2026-05-07 09:21:10
2026-04-06,2026-04-06 11:35:00,2026-04-06 11:50:00,OG,Backtest,AdxDiCrossBracketOG,OG_AdxDiCrossBracketOG,OG,NQ,NQ JUN26,SHORT,1,24280.00,24294.25,-289.36,-293.72,-58.7,LOSS,STOP_HIT,24325.50,910.00,2026-05-07 09:21:10
2026-01-07,2026-01-07 09:50:00,2026-01-07 09:50:00,OG,Backtest,AdxDiCrossBracketOG,OG_AdxDiCrossBracketOG,OG,NQ,NQ JUN26,LONG,1,26064.50,26079.75,300.64,296.28,59.3,WIN,TARGET_HIT,26047.25,345.00,2026-05-07 09:21:10
2026-04-10,2026-04-10 11:45:00,2026-04-10 12:00:00,OG,Backtest,AdxDiCrossBracketOG,OG_AdxDiCrossBracketOG,OG,NQ,NQ JUN26,SHORT,1,25300.75,25269.75,615.64,611.28,122.3,WIN,TARGET_HIT,25334.25,670.00,2026-05-07 09:21:10
2026-02-24,2026-02-24 10:10:00,2026-02-24 10:10:00,OG,Backtest,AdxDiCrossBracketOG,OG_AdxDiCrossBracketOG,OG,NQ,NQ JUN26,SHORT,1,25048.00,25093.50,-914.36,-918.72,-183.7,LOSS,STOP_HIT,25092.25,885.00,2026-05-07 09:21:10
2026-01-21,2026-01-21 11:45:00,2026-01-21 11:45:00,OG,Backtest,AdxDiCrossBracketOG,OG_AdxDiCrossBracketOG,OG,NQ,NQ JUN26,SHORT,1,25543.00,25505.75,740.64,736.28,147.3,WIN,TARGET_HIT,25582.25,785.00,2026-05-07 09:21:10
2026-03-24,2026-03-24 11:00:00,2026-03-24 11:00:00,OG,Backtest,AdxDiCrossBracketOG,OG_AdxDiCrossBracketOG,OG,NQ,NQ JUN26,LONG,1,24282.25,24217.00,-1309.36,-1313.72,-262.7,LOSS,STOP_HIT,24218.25,1280.00,2026-05-07 09:21:10
2026-03-02,2026-03-02 11:15:00,2026-03-02 11:20:00,OG,Backtest,AdxDiCrossBracketOG,OG_AdxDiCrossBracketOG,OG,NQ,NQ JUN26,LONG,1,25187.75,25180.00,-159.36,-163.72,-32.7,LOSS,STOP_HIT,25129.50,1165.00,2026-05-07 09:21:10
2026-01-12,2026-01-12 11:25:00,2026-01-12 11:35:00,OG,Backtest,AdxDiCrossBracketOG,OG_AdxDiCrossBracketOG,OG,NQ,NQ JUN26,LONG,1,26159.50,26149.25,-209.36,-213.72,-42.7,LOSS,STOP_HIT,26131.75,555.00,2026-05-07 09:21:10
2026-03-12,2026-03-12 11:50:00,2026-03-12 11:50:00,OG,Backtest,AdxDiCrossBracketOG,OG_AdxDiCrossBracketOG,OG,NQ,NQ JUN26,LONG,1,24898.75,24843.25,-1114.36,-1118.72,-223.7,LOSS,STOP_HIT,24844.50,1085.00,2026-05-07 09:21:10
2026-02-24,2026-02-24 10:10:00,2026-02-24 10:10:00,OG,Backtest,AdxDiCrossBracketOG,OG_AdxDiCrossBracketOG,OG,NQ,NQ JUN26,SHORT,1,25048.00,25093.50,-914.36,-918.72,-183.7,LOSS,STOP_HIT,25092.25,885.00,2026-05-07 09:21:10
2026-01-09,2026-01-09 10:15:00,2026-01-09 10:15:00,OG,Backtest,AdxDiCrossBracketOG,OG_AdxDiCrossBracketOG,OG,NQ,NQ JUN26,SHORT,1,25849.75,25897.00,-949.36,-953.72,-190.7,LOSS,STOP_HIT,25895.75,920.00,2026-05-07 09:21:10
2026-01-30,2026-01-30 11:00:00,2026-01-30 11:10:00,OG,Backtest,AdxDiCrossBracketOG,OG_AdxDiCrossBracketOG,OG,NQ,NQ JUN26,SHORT,1,26071.50,26048.25,460.64,456.28,91.3,WIN,STOP_HIT,26129.00,1150.00,2026-05-07 09:21:10
2026-01-09,2026-01-09 10:30:00,2026-01-09 10:30:00,OG,Backtest,AdxDiCrossBracketOG,OG_AdxDiCrossBracketOG,OG,NQ,NQ JUN26,LONG,1,26010.00,26057.25,940.64,936.28,187.3,WIN,TARGET_HIT,25959.75,1005.00,2026-05-07 09:21:10
2026-04-06,2026-04-06 11:05:00,2026-04-06 11:25:00,OG,Backtest,AdxDiCrossBracketOG,OG_AdxDiCrossBracketOG,OG,NQ,NQ JUN26,LONG,1,24307.50,24291.25,-329.36,-333.72,-66.7,LOSS,STOP_HIT,24255.50,1040.00,2026-05-07 09:21:10
2026-03-17,2026-03-17 11:15:00,2026-03-17 11:20:00,OG,Backtest,AdxDiCrossBracketOG,OG_AdxDiCrossBracketOG,OG,NQ,NQ JUN26,SHORT,1,25019.75,25057.00,-749.36,-753.72,-150.7,LOSS,STOP_HIT,25056.25,730.00,2026-05-07 09:21:10
2026-04-06,2026-04-06 10:55:00,2026-04-06 11:00:00,OG,Backtest,AdxDiCrossBracketOG,OG_AdxDiCrossBracketOG,OG,NQ,NQ JUN26,SHORT,1,24269.25,24322.25,-1064.36,-1068.72,-213.7,LOSS,STOP_HIT,24321.00,1035.00,2026-05-07 09:21:10
2026-03-20,2026-03-20 11:30:00,2026-03-20 12:05:00,OG,Backtest,AdxDiCrossBracketOG,OG_AdxDiCrossBracketOG,OG,NQ,NQ JUN26,LONG,1,24275.00,24327.75,1050.64,1046.28,209.3,WIN,TARGET_HIT,24219.75,1105.00,2026-05-07 09:21:10
2026-01-23,2026-01-23 10:10:00,2026-01-23 10:15:00,OG,Backtest,AdxDiCrossBracketOG,OG_AdxDiCrossBracketOG,OG,NQ,NQ JUN26,LONG,1,25921.75,25885.00,-739.36,-743.72,-148.7,LOSS,STOP_HIT,25885.50,725.00,2026-05-07 09:21:10
2026-03-20,2026-03-20 11:30:00,2026-03-20 12:05:00,OG,Backtest,AdxDiCrossBracketOG,OG_AdxDiCrossBracketOG,OG,NQ,NQ JUN26,LONG,1,24275.00,24327.75,1050.64,1046.28,209.3,WIN,TARGET_HIT,24219.75,1105.00,2026-05-07 09:21:10
2026-02-11,2026-02-11 10:20:00,2026-02-11 10:20:00,OG,Backtest,AdxDiCrossBracketOG,OG_AdxDiCrossBracketOG,OG,NQ,NQ JUN26,SHORT,1,25395.25,25345.50,990.64,986.28,197.3,WIN,TARGET_HIT,25448.50,1065.00,2026-05-07 09:21:10
2026-03-17,2026-03-17 11:15:00,2026-03-17 11:20:00,OG,Backtest,AdxDiCrossBracketOG,OG_AdxDiCrossBracketOG,OG,NQ,NQ JUN26,SHORT,1,25019.75,25057.00,-749.36,-753.72,-150.7,LOSS,STOP_HIT,25056.25,730.00,2026-05-07 09:21:10
2026-02-10,2026-02-10 09:45:00,2026-02-10 09:45:00,OG,Backtest,AdxDiCrossBracketOG,OG_AdxDiCrossBracketOG,OG,NQ,NQ JUN26,SHORT,1,25534.50,25512.25,440.64,436.28,87.3,WIN,TARGET_HIT,25559.75,505.00,2026-05-07 09:21:10
2026-04-10,2026-04-10 11:45:00,2026-04-10 12:00:00,OG,Backtest,AdxDiCrossBracketOG,OG_AdxDiCrossBracketOG,OG,NQ,NQ JUN26,SHORT,1,25300.75,25269.75,615.64,611.28,122.3,WIN,TARGET_HIT,25334.25,670.00,2026-05-07 09:21:10
2026-01-07,2026-01-07 10:10:00,2026-01-07 10:10:00,OG,Backtest,AdxDiCrossBracketOG,OG_AdxDiCrossBracketOG,OG,NQ,NQ JUN26,SHORT,1,26050.00,26073.50,-474.36,-478.72,-95.7,LOSS,STOP_HIT,26072.25,445.00,2026-05-07 09:21:10
2026-02-24,2026-02-24 10:10:00,2026-02-24 10:10:00,OG,Backtest,AdxDiCrossBracketOG,OG_AdxDiCrossBracketOG,OG,NQ,NQ JUN26,SHORT,1,25048.00,25093.50,-914.36,-918.72,-183.7,LOSS,STOP_HIT,25092.25,885.00,2026-05-07 09:21:10
2026-04-02,2026-04-02 10:45:00,2026-04-02 10:45:00,OG,Backtest,AdxDiCrossBracketOG,OG_AdxDiCrossBracketOG,OG,NQ,NQ JUN26,LONG,1,24211.00,24133.25,-1559.36,-1563.72,-312.7,LOSS,STOP_HIT,24134.50,1530.00,2026-05-07 09:21:10
2026-02-03,2026-02-03 09:50:00,2026-02-03 09:50:00,OG,Backtest,AdxDiCrossBracketOG,OG_AdxDiCrossBracketOG,OG,NQ,NQ JUN26,SHORT,1,25960.00,25999.25,-789.36,-793.72,-158.7,LOSS,STOP_HIT,25998.00,760.00,2026-05-07 09:21:10
2026-03-06,2026-03-06 11:10:00,2026-03-06 11:15:00,OG,Backtest,AdxDiCrossBracketOG,OG_AdxDiCrossBracketOG,OG,NQ,NQ JUN26,LONG,1,25102.25,25058.25,-884.36,-888.72,-177.7,LOSS,STOP_HIT,25038.75,1270.00,2026-05-07 09:21:10
2026-01-09,2026-01-09 10:10:00,2026-01-09 10:10:00,OG,Backtest,AdxDiCrossBracketOG,OG_AdxDiCrossBracketOG,OG,NQ,NQ JUN26,LONG,1,25922.50,25881.00,-834.36,-838.72,-167.7,LOSS,STOP_HIT,25882.25,805.00,2026-05-07 09:21:10
2026-04-06,2026-04-06 10:55:00,2026-04-06 11:00:00,OG,Backtest,AdxDiCrossBracketOG,OG_AdxDiCrossBracketOG,OG,NQ,NQ JUN26,SHORT,1,24269.25,24322.25,-1064.36,-1068.72,-213.7,LOSS,STOP_HIT,24321.00,1035.00,2026-05-07 09:21:10
2026-04-07,2026-04-07 11:40:00,2026-04-07 12:00:00,OG,Backtest,AdxDiCrossBracketOG,OG_AdxDiCrossBracketOG,OG,NQ,NQ JUN26,LONG,1,24072.25,24117.50,900.64,896.28,179.3,WIN,TARGET_HIT,24025.00,945.00,2026-05-07 09:21:10
2026-04-06,2026-04-06 10:55:00,2026-04-06 11:00:00,OG,Backtest,AdxDiCrossBracketOG,OG_AdxDiCrossBracketOG,OG,NQ,NQ JUN26,SHORT,1,24269.25,24322.25,-1064.36,-1068.72,-213.7,LOSS,STOP_HIT,24321.00,1035.00,2026-05-07 09:21:10
2026-03-06,2026-03-06 11:10:00,2026-03-06 11:15:00,OG,Backtest,AdxDiCrossBracketOG,OG_AdxDiCrossBracketOG,OG,NQ,NQ JUN26,LONG,1,25102.25,25058.25,-884.36,-888.72,-177.7,LOSS,STOP_HIT,25038.75,1270.00,2026-05-07 09:21:10
2026-02-17,2026-02-17 11:10:00,2026-02-17 11:10:00,OG,Backtest,AdxDiCrossBracketOG,OG_AdxDiCrossBracketOG,OG,NQ,NQ JUN26,LONG,1,24862.00,24927.25,1300.64,1296.28,259.3,WIN,TARGET_HIT,24793.75,1365.00,2026-05-07 09:21:10
2026-01-09,2026-01-09 09:55:00,2026-01-09 09:55:00,OG,Backtest,AdxDiCrossBracketOG,OG_AdxDiCrossBracketOG,OG,NQ,NQ JUN26,SHORT,1,25912.50,25949.00,-734.36,-738.72,-147.7,LOSS,STOP_HIT,25947.75,705.00,2026-05-07 09:21:10
2026-02-10,2026-02-10 09:45:00,2026-02-10 09:45:00,OG,Backtest,AdxDiCrossBracketOG,OG_AdxDiCrossBracketOG,OG,NQ,NQ JUN26,SHORT,1,25534.50,25512.25,440.64,436.28,87.3,WIN,TARGET_HIT,25559.75,505.00,2026-05-07 09:21:10
2026-04-06,2026-04-06 11:05:00,2026-04-06 11:25:00,OG,Backtest,AdxDiCrossBracketOG,OG_AdxDiCrossBracketOG,OG,NQ,NQ JUN26,LONG,1,24307.50,24291.25,-329.36,-333.72,-66.7,LOSS,STOP_HIT,24255.50,1040.00,2026-05-07 09:21:10
2026-03-12,2026-03-12 11:50:00,2026-03-12 11:50:00,OG,Backtest,AdxDiCrossBracketOG,OG_AdxDiCrossBracketOG,OG,NQ,NQ JUN26,LONG,1,24898.75,24843.25,-1114.36,-1118.72,-223.7,LOSS,STOP_HIT,24844.50,1085.00,2026-05-07 09:21:10
2026-04-06,2026-04-06 11:35:00,2026-04-06 11:50:00,OG,Backtest,AdxDiCrossBracketOG,OG_AdxDiCrossBracketOG,OG,NQ,NQ JUN26,SHORT,1,24280.00,24294.25,-289.36,-293.72,-58.7,LOSS,STOP_HIT,24325.50,910.00,2026-05-07 09:21:10
2026-01-07,2026-01-07 10:10:00,2026-01-07 10:10:00,OG,Backtest,AdxDiCrossBracketOG,OG_AdxDiCrossBracketOG,OG,NQ,NQ JUN26,SHORT,1,26050.00,26073.50,-474.36,-478.72,-95.7,LOSS,STOP_HIT,26072.25,445.00,2026-05-07 09:21:10
2026-04-07,2026-04-07 11:40:00,2026-04-07 12:00:00,OG,Backtest,AdxDiCrossBracketOG,OG_AdxDiCrossBracketOG,OG,NQ,NQ JUN26,LONG,1,24072.25,24117.50,900.64,896.28,179.3,WIN,TARGET_HIT,24025.00,945.00,2026-05-07 09:21:10
2026-02-13,2026-02-13 10:50:00,2026-02-13 11:05:00,OG,Backtest,AdxDiCrossBracketOG,OG_AdxDiCrossBracketOG,OG,NQ,NQ JUN26,SHORT,1,24982.25,25021.00,-779.36,-783.72,-156.7,LOSS,STOP_HIT,25055.00,1455.00,2026-05-07 09:21:10
2026-03-02,2026-03-02 11:15:00,2026-03-02 11:20:00,OG,Backtest,AdxDiCrossBracketOG,OG_AdxDiCrossBracketOG,OG,NQ,NQ JUN26,LONG,1,25187.75,25180.00,-159.36,-163.72,-32.7,LOSS,STOP_HIT,25129.50,1165.00,2026-05-07 09:21:10
2026-04-10,2026-04-10 11:45:00,2026-04-10 12:00:00,OG,Backtest,AdxDiCrossBracketOG,OG_AdxDiCrossBracketOG,OG,NQ,NQ JUN26,SHORT,1,25300.75,25269.75,615.64,611.28,122.3,WIN,TARGET_HIT,25334.25,670.00,2026-05-07 09:21:10
2026-03-20,2026-03-20 11:30:00,2026-03-20 12:05:00,OG,Backtest,AdxDiCrossBracketOG,OG_AdxDiCrossBracketOG,OG,NQ,NQ JUN26,LONG,1,24275.00,24327.75,1050.64,1046.28,209.3,WIN,TARGET_HIT,24219.75,1105.00,2026-05-07 09:21:10
2026-03-13,2026-03-13 10:50:00,2026-03-13 10:50:00,OG,Backtest,AdxDiCrossBracketOG,OG_AdxDiCrossBracketOG,OG,NQ,NQ JUN26,SHORT,1,24804.25,24755.00,980.64,976.28,195.3,WIN,TARGET_HIT,24853.50,985.00,2026-05-07 09:21:10
2026-02-03,2026-02-03 09:50:00,2026-02-03 09:50:00,OG,Backtest,AdxDiCrossBracketOG,OG_AdxDiCrossBracketOG,OG,NQ,NQ JUN26,SHORT,1,25960.00,25999.25,-789.36,-793.72,-158.7,LOSS,STOP_HIT,25998.00,760.00,2026-05-07 09:21:10
2026-02-24,2026-02-24 10:15:00,2026-02-24 10:15:00,OG,Backtest,AdxDiCrossBracketOG,OG_AdxDiCrossBracketOG,OG,NQ,NQ JUN26,LONG,1,25110.00,25063.00,-944.36,-948.72,-189.7,LOSS,STOP_HIT,25064.25,915.00,2026-05-07 09:21:10
2026-03-25,2026-03-25 11:20:00,2026-03-25 11:20:00,OG,Backtest,AdxDiCrossBracketOG,OG_AdxDiCrossBracketOG,OG,NQ,NQ JUN26,SHORT,1,24385.25,24336.50,970.64,966.28,193.3,WIN,TARGET_HIT,24438.00,1055.00,2026-05-07 09:21:10
2026-02-24,2026-02-24 10:15:00,2026-02-24 10:15:00,OG,Backtest,AdxDiCrossBracketOG,OG_AdxDiCrossBracketOG,OG,NQ,NQ JUN26,LONG,1,25110.00,25063.00,-944.36,-948.72,-189.7,LOSS,STOP_HIT,25064.25,915.00,2026-05-07 09:21:10
2026-04-10,2026-04-10 11:45:00,2026-04-10 12:00:00,OG,Backtest,AdxDiCrossBracketOG,OG_AdxDiCrossBracketOG,OG,NQ,NQ JUN26,SHORT,1,25300.75,25269.75,615.64,611.28,122.3,WIN,TARGET_HIT,25334.25,670.00,2026-05-07 09:21:10
2026-03-27,2026-03-27 11:40:00,2026-03-27 11:45:00,OG,Backtest,AdxDiCrossBracketOG,OG_AdxDiCrossBracketOG,OG,NQ,NQ JUN26,LONG,1,23597.75,23540.25,-1154.36,-1158.72,-231.7,LOSS,STOP_HIT,23541.50,1125.00,2026-05-07 09:21:10
2026-03-27,2026-03-27 11:40:00,2026-03-27 11:45:00,OG,Backtest,AdxDiCrossBracketOG,OG_AdxDiCrossBracketOG,OG,NQ,NQ JUN26,LONG,1,23597.75,23540.25,-1154.36,-1158.72,-231.7,LOSS,STOP_HIT,23541.50,1125.00,2026-05-07 09:21:10
2026-04-06,2026-04-06 11:05:00,2026-04-06 11:25:00,OG,Backtest,AdxDiCrossBracketOG,OG_AdxDiCrossBracketOG,OG,NQ,NQ JUN26,LONG,1,24307.50,24291.25,-329.36,-333.72,-66.7,LOSS,STOP_HIT,24255.50,1040.00,2026-05-07 09:21:10
2026-04-06,2026-04-06 10:55:00,2026-04-06 11:00:00,OG,Backtest,AdxDiCrossBracketOG,OG_AdxDiCrossBracketOG,OG,NQ,NQ JUN26,SHORT,1,24269.25,24322.25,-1064.36,-1068.72,-213.7,LOSS,STOP_HIT,24321.00,1035.00,2026-05-07 09:21:10
2026-01-06,2026-01-06 11:00:00,2026-01-06 11:05:00,OG,Backtest,AdxDiCrossBracketOG,OG_AdxDiCrossBracketOG,OG,NQ,NQ JUN26,SHORT,1,25908.50,25880.75,550.64,546.28,109.3,WIN,TARGET_HIT,25938.25,595.00,2026-05-07 09:21:10
2026-04-02,2026-04-02 10:45:00,2026-04-02 10:45:00,OG,Backtest,AdxDiCrossBracketOG,OG_AdxDiCrossBracketOG,OG,NQ,NQ JUN26,LONG,1,24211.00,24133.25,-1559.36,-1563.72,-312.7,LOSS,STOP_HIT,24134.50,1530.00,2026-05-07 09:21:10
2026-03-09,2026-03-09 10:45:00,2026-03-09 10:50:00,OG,Backtest,AdxDiCrossBracketOG,OG_AdxDiCrossBracketOG,OG,NQ,NQ JUN26,LONG,1,24692.75,24762.25,1385.64,1381.28,276.3,WIN,TARGET_HIT,24622.25,1410.00,2026-05-07 09:21:10
2026-01-09,2026-01-09 10:15:00,2026-01-09 10:15:00,OG,Backtest,AdxDiCrossBracketOG,OG_AdxDiCrossBracketOG,OG,NQ,NQ JUN26,SHORT,1,25849.75,25897.00,-949.36,-953.72,-190.7,LOSS,STOP_HIT,25895.75,920.00,2026-05-07 09:21:10
2026-04-10,2026-04-10 11:45:00,2026-04-10 12:00:00,OG,Backtest,AdxDiCrossBracketOG,OG_AdxDiCrossBracketOG,OG,NQ,NQ JUN26,SHORT,1,25300.75,25269.75,615.64,611.28,122.3,WIN,TARGET_HIT,25334.25,670.00,2026-05-07 09:21:10
2026-02-24,2026-02-24 09:50:00,2026-02-24 09:50:00,OG,Backtest,AdxDiCrossBracketOG,OG_AdxDiCrossBracketOG,OG,NQ,NQ JUN26,LONG,1,25121.25,25157.50,720.64,716.28,143.3,WIN,TARGET_HIT,25081.50,795.00,2026-05-07 09:21:10
2026-02-10,2026-02-10 09:45:00,2026-02-10 09:45:00,OG,Backtest,AdxDiCrossBracketOG,OG_AdxDiCrossBracketOG,OG,NQ,NQ JUN26,SHORT,1,25534.50,25512.25,440.64,436.28,87.3,WIN,TARGET_HIT,25559.75,505.00,2026-05-07 09:21:10
2026-01-21,2026-01-21 11:45:00,2026-01-21 11:45:00,OG,Backtest,AdxDiCrossBracketOG,OG_AdxDiCrossBracketOG,OG,NQ,NQ JUN26,SHORT,1,25543.00,25505.75,740.64,736.28,147.3,WIN,TARGET_HIT,25582.25,785.00,2026-05-07 09:21:10
2026-02-17,2026-02-17 11:10:00,2026-02-17 11:10:00,OG,Backtest,AdxDiCrossBracketOG,OG_AdxDiCrossBracketOG,OG,NQ,NQ JUN26,LONG,1,24862.00,24927.25,1300.64,1296.28,259.3,WIN,TARGET_HIT,24793.75,1365.00,2026-05-07 09:21:10
2026-01-07,2026-01-07 09:50:00,2026-01-07 09:50:00,OG,Backtest,AdxDiCrossBracketOG,OG_AdxDiCrossBracketOG,OG,NQ,NQ JUN26,LONG,1,26064.50,26079.75,300.64,296.28,59.3,WIN,TARGET_HIT,26047.25,345.00,2026-05-07 09:21:10
2026-01-16,2026-01-16 11:30:00,2026-01-16 11:35:00,OG,Backtest,AdxDiCrossBracketOG,OG_AdxDiCrossBracketOG,OG,NQ,NQ JUN26,LONG,1,25912.25,25924.50,240.64,236.28,47.3,WIN,STOP_HIT,25874.75,750.00,2026-05-07 09:21:10
2026-01-06,2026-01-06 11:00:00,2026-01-06 11:05:00,OG,Backtest,AdxDiCrossBracketOG,OG_AdxDiCrossBracketOG,OG,NQ,NQ JUN26,SHORT,1,25908.50,25880.75,550.64,546.28,109.3,WIN,TARGET_HIT,25938.25,595.00,2026-05-07 09:21:10
2026-04-06,2026-04-06 11:05:00,2026-04-06 11:25:00,OG,Backtest,AdxDiCrossBracketOG,OG_AdxDiCrossBracketOG,OG,NQ,NQ JUN26,LONG,1,24307.50,24291.25,-329.36,-333.72,-66.7,LOSS,STOP_HIT,24255.50,1040.00,2026-05-07 09:21:10
2026-01-30,2026-01-30 10:55:00,2026-01-30 10:55:00,OG,Backtest,AdxDiCrossBracketOG,OG_AdxDiCrossBracketOG,OG,NQ,NQ JUN26,LONG,1,26118.00,26058.75,-1189.36,-1193.72,-238.7,LOSS,STOP_HIT,26060.00,1160.00,2026-05-07 09:21:10
2026-03-27,2026-03-27 11:40:00,2026-03-27 11:45:00,OG,Backtest,AdxDiCrossBracketOG,OG_AdxDiCrossBracketOG,OG,NQ,NQ JUN26,LONG,1,23597.75,23540.25,-1154.36,-1158.72,-231.7,LOSS,STOP_HIT,23541.50,1125.00,2026-05-07 09:21:10
2026-01-09,2026-01-09 09:45:00,2026-01-09 09:50:00,OG,Backtest,AdxDiCrossBracketOG,OG_AdxDiCrossBracketOG,OG,NQ,NQ JUN26,LONG,1,25965.75,25936.75,-584.36,-588.72,-117.7,LOSS,STOP_HIT,25938.00,555.00,2026-05-07 09:21:10
2026-04-06,2026-04-06 10:55:00,2026-04-06 11:00:00,OG,Backtest,AdxDiCrossBracketOG,OG_AdxDiCrossBracketOG,OG,NQ,NQ JUN26,SHORT,1,24269.25,24322.25,-1064.36,-1068.72,-213.7,LOSS,STOP_HIT,24321.00,1035.00,2026-05-07 09:21:10
2026-02-24,2026-02-24 10:10:00,2026-02-24 10:10:00,OG,Backtest,AdxDiCrossBracketOG,OG_AdxDiCrossBracketOG,OG,NQ,NQ JUN26,SHORT,1,25048.00,25093.50,-914.36,-918.72,-183.7,LOSS,STOP_HIT,25092.25,885.00,2026-05-07 09:21:10
2026-01-20,2026-01-20 10:50:00,2026-01-20 10:55:00,OG,Backtest,AdxDiCrossBracketOG,OG_AdxDiCrossBracketOG,OG,NQ,NQ JUN26,LONG,1,25598.75,25558.75,-804.36,-808.72,-161.7,LOSS,STOP_HIT,25550.75,960.00,2026-05-07 09:21:10
2026-01-23,2026-01-23 10:10:00,2026-01-23 10:15:00,OG,Backtest,AdxDiCrossBracketOG,OG_AdxDiCrossBracketOG,OG,NQ,NQ JUN26,LONG,1,25921.75,25885.00,-739.36,-743.72,-148.7,LOSS,STOP_HIT,25885.50,725.00,2026-05-07 09:21:10
2026-02-10,2026-02-10 09:45:00,2026-02-10 09:45:00,OG,Backtest,AdxDiCrossBracketOG,OG_AdxDiCrossBracketOG,OG,NQ,NQ JUN26,SHORT,1,25534.50,25512.25,440.64,436.28,87.3,WIN,TARGET_HIT,25559.75,505.00,2026-05-07 09:21:10
2026-04-06,2026-04-06 11:35:00,2026-04-06 11:50:00,OG,Backtest,AdxDiCrossBracketOG,OG_AdxDiCrossBracketOG,OG,NQ,NQ JUN26,SHORT,1,24280.00,24294.25,-289.36,-293.72,-58.7,LOSS,STOP_HIT,24325.50,910.00,2026-05-07 09:21:10
2026-01-09,2026-01-09 09:55:00,2026-01-09 09:55:00,OG,Backtest,AdxDiCrossBracketOG,OG_AdxDiCrossBracketOG,OG,NQ,NQ JUN26,SHORT,1,25912.50,25949.00,-734.36,-738.72,-147.7,LOSS,STOP_HIT,25947.75,705.00,2026-05-07 09:21:10
2026-01-23,2026-01-23 10:10:00,2026-01-23 10:15:00,OG,Backtest,AdxDiCrossBracketOG,OG_AdxDiCrossBracketOG,OG,NQ,NQ JUN26,LONG,1,25921.75,25885.00,-739.36,-743.72,-148.7,LOSS,STOP_HIT,25885.50,725.00,2026-05-07 09:21:10
2026-01-09,2026-01-09 10:30:00,2026-01-09 10:30:00,OG,Backtest,AdxDiCrossBracketOG,OG_AdxDiCrossBracketOG,OG,NQ,NQ JUN26,LONG,1,26010.00,26057.25,940.64,936.28,187.3,WIN,TARGET_HIT,25959.75,1005.00,2026-05-07 09:21:10
2026-01-06,2026-01-06 11:00:00,2026-01-06 11:05:00,OG,Backtest,AdxDiCrossBracketOG,OG_AdxDiCrossBracketOG,OG,NQ,NQ JUN26,SHORT,1,25908.50,25880.75,550.64,546.28,109.3,WIN,TARGET_HIT,25938.25,595.00,2026-05-07 09:21:10
2026-04-10,2026-04-10 11:45:00,2026-04-10 12:00:00,OG,Backtest,AdxDiCrossBracketOG,OG_AdxDiCrossBracketOG,OG,NQ,NQ JUN26,SHORT,1,25300.75,25269.75,615.64,611.28,122.3,WIN,TARGET_HIT,25334.25,670.00,2026-05-07 09:21:10
2026-02-13,2026-02-13 10:35:00,2026-02-13 10:35:00,OG,Backtest,AdxDiCrossBracketOG,OG_AdxDiCrossBracketOG,OG,NQ,NQ JUN26,LONG,1,25058.75,25127.00,1360.64,1356.28,271.3,WIN,TARGET_HIT,24987.50,1425.00,2026-05-07 09:21:10
2026-02-24,2026-02-24 10:10:00,2026-02-24 10:10:00,OG,Backtest,AdxDiCrossBracketOG,OG_AdxDiCrossBracketOG,OG,NQ,NQ JUN26,SHORT,1,25048.00,25093.50,-914.36,-918.72,-183.7,LOSS,STOP_HIT,25092.25,885.00,2026-05-07 09:21:10
2026-01-16,2026-01-16 11:30:00,2026-01-16 11:35:00,OG,Backtest,AdxDiCrossBracketOG,OG_AdxDiCrossBracketOG,OG,NQ,NQ JUN26,LONG,1,25912.25,25924.50,240.64,236.28,47.3,WIN,STOP_HIT,25874.75,750.00,2026-05-07 09:21:10
2026-01-20,2026-01-20 10:50:00,2026-01-20 10:55:00,OG,Backtest,AdxDiCrossBracketOG,OG_AdxDiCrossBracketOG,OG,NQ,NQ JUN26,LONG,1,25598.75,25558.75,-804.36,-808.72,-161.7,LOSS,STOP_HIT,25550.75,960.00,2026-05-07 09:21:10
2026-01-09,2026-01-09 09:45:00,2026-01-09 09:50:00,OG,Backtest,AdxDiCrossBracketOG,OG_AdxDiCrossBracketOG,OG,NQ,NQ JUN26,LONG,1,25965.75,25936.75,-584.36,-588.72,-117.7,LOSS,STOP_HIT,25938.00,555.00,2026-05-07 09:21:10
2026-01-23,2026-01-23 10:10:00,2026-01-23 10:15:00,OG,Backtest,AdxDiCrossBracketOG,OG_AdxDiCrossBracketOG,OG,NQ,NQ JUN26,LONG,1,25921.75,25885.00,-739.36,-743.72,-148.7,LOSS,STOP_HIT,25885.50,725.00,2026-05-07 09:21:10
2026-03-27,2026-03-27 11:40:00,2026-03-27 11:45:00,OG,Backtest,AdxDiCrossBracketOG,OG_AdxDiCrossBracketOG,OG,NQ,NQ JUN26,LONG,1,23597.75,23540.25,-1154.36,-1158.72,-231.7,LOSS,STOP_HIT,23541.50,1125.00,2026-05-07 09:21:10
2026-01-09,2026-01-09 10:10:00,2026-01-09 10:10:00,OG,Backtest,AdxDiCrossBracketOG,OG_AdxDiCrossBracketOG,OG,NQ,NQ JUN26,LONG,1,25922.50,25881.00,-834.36,-838.72,-167.7,LOSS,STOP_HIT,25882.25,805.00,2026-05-07 09:21:10
2026-04-06,2026-04-06 11:05:00,2026-04-06 11:25:00,OG,Backtest,AdxDiCrossBracketOG,OG_AdxDiCrossBracketOG,OG,NQ,NQ JUN26,LONG,1,24307.50,24291.25,-329.36,-333.72,-66.7,LOSS,STOP_HIT,24255.50,1040.00,2026-05-07 09:21:10
2026-01-07,2026-01-07 09:50:00,2026-01-07 09:50:00,OG,Backtest,AdxDiCrossBracketOG,OG_AdxDiCrossBracketOG,OG,NQ,NQ JUN26,LONG,1,26064.50,26079.75,300.64,296.28,59.3,WIN,TARGET_HIT,26047.25,345.00,2026-05-07 09:21:10
2026-01-09,2026-01-09 09:55:00,2026-01-09 09:55:00,OG,Backtest,AdxDiCrossBracketOG,OG_AdxDiCrossBracketOG,OG,NQ,NQ JUN26,SHORT,1,25912.50,25949.00,-734.36,-738.72,-147.7,LOSS,STOP_HIT,25947.75,705.00,2026-05-07 09:21:10
2026-01-09,2026-01-09 10:15:00,2026-01-09 10:15:00,OG,Backtest,AdxDiCrossBracketOG,OG_AdxDiCrossBracketOG,OG,NQ,NQ JUN26,SHORT,1,25849.75,25897.00,-949.36,-953.72,-190.7,LOSS,STOP_HIT,25895.75,920.00,2026-05-07 09:21:10
2026-02-24,2026-02-24 10:10:00,2026-02-24 10:10:00,OG,Backtest,AdxDiCrossBracketOG,OG_AdxDiCrossBracketOG,OG,NQ,NQ JUN26,SHORT,1,25048.00,25093.50,-914.36,-918.72,-183.7,LOSS,STOP_HIT,25092.25,885.00,2026-05-07 09:21:10
2026-01-23,2026-01-23 10:10:00,2026-01-23 10:15:00,OG,Backtest,AdxDiCrossBracketOG,OG_AdxDiCrossBracketOG,OG,NQ,NQ JUN26,LONG,1,25921.75,25885.00,-739.36,-743.72,-148.7,LOSS,STOP_HIT,25885.50,725.00,2026-05-07 09:21:10
2026-02-11,2026-02-11 10:20:00,2026-02-11 10:20:00,OG,Backtest,AdxDiCrossBracketOG,OG_AdxDiCrossBracketOG,OG,NQ,NQ JUN26,SHORT,1,25395.25,25345.50,990.64,986.28,197.3,WIN,TARGET_HIT,25448.50,1065.00,2026-05-07 09:21:10
2026-02-24,2026-02-24 10:10:00,2026-02-24 10:10:00,OG,Backtest,AdxDiCrossBracketOG,OG_AdxDiCrossBracketOG,OG,NQ,NQ JUN26,SHORT,1,25048.00,25093.50,-914.36,-918.72,-183.7,LOSS,STOP_HIT,25092.25,885.00,2026-05-07 09:21:10
2026-01-07,2026-01-07 09:50:00,2026-01-07 09:50:00,OG,Backtest,AdxDiCrossBracketOG,OG_AdxDiCrossBracketOG,OG,NQ,NQ JUN26,LONG,1,26064.50,26079.75,300.64,296.28,59.3,WIN,TARGET_HIT,26047.25,345.00,2026-05-07 09:21:10
2026-01-30,2026-01-30 11:00:00,2026-01-30 11:10:00,OG,Backtest,AdxDiCrossBracketOG,OG_AdxDiCrossBracketOG,OG,NQ,NQ JUN26,SHORT,1,26071.50,26048.25,460.64,456.28,91.3,WIN,STOP_HIT,26129.00,1150.00,2026-05-07 09:21:10
2026-01-13,2026-01-13 10:10:00,2026-01-13 10:15:00,OG,Backtest,AdxDiCrossBracketOG,OG_AdxDiCrossBracketOG,OG,NQ,NQ JUN26,SHORT,1,26137.25,26108.00,580.64,576.28,115.3,WIN,TARGET_HIT,26168.00,615.00,2026-05-07 09:21:10
2026-03-12,2026-03-12 11:50:00,2026-03-12 11:50:00,OG,Backtest,AdxDiCrossBracketOG,OG_AdxDiCrossBracketOG,OG,NQ,NQ JUN26,LONG,1,24898.75,24843.25,-1114.36,-1118.72,-223.7,LOSS,STOP_HIT,24844.50,1085.00,2026-05-07 09:21:10
2026-01-13,2026-01-13 10:10:00,2026-01-13 10:15:00,OG,Backtest,AdxDiCrossBracketOG,OG_AdxDiCrossBracketOG,OG,NQ,NQ JUN26,SHORT,1,26137.25,26108.00,580.64,576.28,115.3,WIN,TARGET_HIT,26168.00,615.00,2026-05-07 09:21:10
2026-01-30,2026-01-30 10:55:00,2026-01-30 10:55:00,OG,Backtest,AdxDiCrossBracketOG,OG_AdxDiCrossBracketOG,OG,NQ,NQ JUN26,LONG,1,26118.00,26058.75,-1189.36,-1193.72,-238.7,LOSS,STOP_HIT,26060.00,1160.00,2026-05-07 09:21:10
2026-02-13,2026-02-13 10:50:00,2026-02-13 11:05:00,OG,Backtest,AdxDiCrossBracketOG,OG_AdxDiCrossBracketOG,OG,NQ,NQ JUN26,SHORT,1,24982.25,25021.00,-779.36,-783.72,-156.7,LOSS,STOP_HIT,25055.00,1455.00,2026-05-07 09:21:10
2026-01-21,2026-01-21 11:45:00,2026-01-21 11:45:00,OG,Backtest,AdxDiCrossBracketOG,OG_AdxDiCrossBracketOG,OG,NQ,NQ JUN26,SHORT,1,25543.00,25505.75,740.64,736.28,147.3,WIN,TARGET_HIT,25582.25,785.00,2026-05-07 09:21:10
2026-02-13,2026-02-13 10:35:00,2026-02-13 10:35:00,OG,Backtest,AdxDiCrossBracketOG,OG_AdxDiCrossBracketOG,OG,NQ,NQ JUN26,LONG,1,25058.75,25127.00,1360.64,1356.28,271.3,WIN,TARGET_HIT,24987.50,1425.00,2026-05-07 09:21:10
2026-02-05,2026-02-05 11:40:00,2026-02-05 11:50:00,OG,Backtest,AdxDiCrossBracketOG,OG_AdxDiCrossBracketOG,OG,NQ,NQ JUN26,LONG,1,25026.25,24991.50,-699.36,-703.72,-140.7,LOSS,STOP_HIT,24938.00,1765.00,2026-05-07 09:21:10
2026-02-13,2026-02-13 10:50:00,2026-02-13 11:05:00,OG,Backtest,AdxDiCrossBracketOG,OG_AdxDiCrossBracketOG,OG,NQ,NQ JUN26,SHORT,1,24982.25,25021.00,-779.36,-783.72,-156.7,LOSS,STOP_HIT,25055.00,1455.00,2026-05-07 09:21:10
2026-01-16,2026-01-16 11:30:00,2026-01-16 11:35:00,OG,Backtest,AdxDiCrossBracketOG,OG_AdxDiCrossBracketOG,OG,NQ,NQ JUN26,LONG,1,25912.25,25924.50,240.64,236.28,47.3,WIN,STOP_HIT,25874.75,750.00,2026-05-07 09:21:10
2026-02-13,2026-02-13 10:35:00,2026-02-13 10:35:00,OG,Backtest,AdxDiCrossBracketOG,OG_AdxDiCrossBracketOG,OG,NQ,NQ JUN26,LONG,1,25058.75,25127.00,1360.64,1356.28,271.3,WIN,TARGET_HIT,24987.50,1425.00,2026-05-07 09:21:11
2026-01-28,2026-01-28 11:20:00,2026-01-28 11:25:00,OG,Backtest,AdxDiCrossBracketOG,OG_AdxDiCrossBracketOG,OG,NQ,NQ JUN26,LONG,1,26393.75,26378.25,-314.36,-318.72,-63.7,LOSS,STOP_HIT,26363.25,610.00,2026-05-07 09:21:11
2026-01-28,2026-01-28 10:55:00,2026-01-28 11:10:00,OG,Backtest,AdxDiCrossBracketOG,OG_AdxDiCrossBracketOG,OG,NQ,NQ JUN26,SHORT,1,26394.50,26396.00,-34.36,-38.72,-7.7,LOSS,STOP_HIT,26429.00,690.00,2026-05-07 09:21:11
2026-02-17,2026-02-17 11:10:00,2026-02-17 11:10:00,OG,Backtest,AdxDiCrossBracketOG,OG_AdxDiCrossBracketOG,OG,NQ,NQ JUN26,LONG,1,24862.00,24927.25,1300.64,1296.28,259.3,WIN,TARGET_HIT,24793.75,1365.00,2026-05-07 09:21:11
2026-04-02,2026-04-02 10:45:00,2026-04-02 10:45:00,OG,Backtest,AdxDiCrossBracketOG,OG_AdxDiCrossBracketOG,OG,NQ,NQ JUN26,LONG,1,24211.00,24133.25,-1559.36,-1563.72,-312.7,LOSS,STOP_HIT,24134.50,1530.00,2026-05-07 09:21:11
2026-03-09,2026-03-09 10:45:00,2026-03-09 10:50:00,OG,Backtest,AdxDiCrossBracketOG,OG_AdxDiCrossBracketOG,OG,NQ,NQ JUN26,LONG,1,24692.75,24762.25,1385.64,1381.28,276.3,WIN,TARGET_HIT,24622.25,1410.00,2026-05-07 09:21:11
2026-02-24,2026-02-24 09:50:00,2026-02-24 09:50:00,OG,Backtest,AdxDiCrossBracketOG,OG_AdxDiCrossBracketOG,OG,NQ,NQ JUN26,LONG,1,25121.25,25157.50,720.64,716.28,143.3,WIN,TARGET_HIT,25081.50,795.00,2026-05-07 09:21:11
2026-02-11,2026-02-11 10:20:00,2026-02-11 10:20:00,OG,Backtest,AdxDiCrossBracketOG,OG_AdxDiCrossBracketOG,OG,NQ,NQ JUN26,SHORT,1,25395.25,25345.50,990.64,986.28,197.3,WIN,TARGET_HIT,25448.50,1065.00,2026-05-07 09:21:11
2026-03-12,2026-03-12 11:50:00,2026-03-12 11:50:00,OG,Backtest,AdxDiCrossBracketOG,OG_AdxDiCrossBracketOG,OG,NQ,NQ JUN26,LONG,1,24898.75,24843.25,-1114.36,-1118.72,-223.7,LOSS,STOP_HIT,24844.50,1085.00,2026-05-07 09:21:11
2026-03-03,2026-03-03 11:25:00,2026-03-03 11:40:00,OG,Backtest,AdxDiCrossBracketOG,OG_AdxDiCrossBracketOG,OG,NQ,NQ JUN26,LONG,1,24795.25,24816.50,420.64,416.28,83.3,WIN,STOP_HIT,24724.00,1425.00,2026-05-07 09:21:11
2026-01-20,2026-01-20 10:50:00,2026-01-20 10:55:00,OG,Backtest,AdxDiCrossBracketOG,OG_AdxDiCrossBracketOG,OG,NQ,NQ JUN26,LONG,1,25598.75,25558.75,-804.36,-808.72,-161.7,LOSS,STOP_HIT,25550.75,960.00,2026-05-07 09:21:11
2026-02-24,2026-02-24 09:50:00,2026-02-24 09:50:00,OG,Backtest,AdxDiCrossBracketOG,OG_AdxDiCrossBracketOG,OG,NQ,NQ JUN26,LONG,1,25121.25,25157.50,720.64,716.28,143.3,WIN,TARGET_HIT,25081.50,795.00,2026-05-07 09:21:11
2026-02-24,2026-02-24 10:10:00,2026-02-24 10:10:00,OG,Backtest,AdxDiCrossBracketOG,OG_AdxDiCrossBracketOG,OG,NQ,NQ JUN26,SHORT,1,25048.00,25093.50,-914.36,-918.72,-183.7,LOSS,STOP_HIT,25092.25,885.00,2026-05-07 09:21:11
2026-01-28,2026-01-28 10:55:00,2026-01-28 11:10:00,OG,Backtest,AdxDiCrossBracketOG,OG_AdxDiCrossBracketOG,OG,NQ,NQ JUN26,SHORT,1,26394.50,26396.00,-34.36,-38.72,-7.7,LOSS,STOP_HIT,26429.00,690.00,2026-05-07 09:21:11
2026-03-13,2026-03-13 10:50:00,2026-03-13 10:50:00,OG,Backtest,AdxDiCrossBracketOG,OG_AdxDiCrossBracketOG,OG,NQ,NQ JUN26,SHORT,1,24804.25,24755.00,980.64,976.28,195.3,WIN,TARGET_HIT,24853.50,985.00,2026-05-07 09:21:11
2026-01-13,2026-01-13 10:10:00,2026-01-13 10:15:00,OG,Backtest,AdxDiCrossBracketOG,OG_AdxDiCrossBracketOG,OG,NQ,NQ JUN26,SHORT,1,26137.25,26108.00,580.64,576.28,115.3,WIN,TARGET_HIT,26168.00,615.00,2026-05-07 09:21:11
2026-04-10,2026-04-10 11:45:00,2026-04-10 12:00:00,OG,Backtest,AdxDiCrossBracketOG,OG_AdxDiCrossBracketOG,OG,NQ,NQ JUN26,SHORT,1,25300.75,25269.75,615.64,611.28,122.3,WIN,TARGET_HIT,25334.25,670.00,2026-05-07 09:21:11
2026-01-13,2026-01-13 10:10:00,2026-01-13 10:15:00,OG,Backtest,AdxDiCrossBracketOG,OG_AdxDiCrossBracketOG,OG,NQ,NQ JUN26,SHORT,1,26137.25,26108.00,580.64,576.28,115.3,WIN,TARGET_HIT,26168.00,615.00,2026-05-07 09:21:11
2026-02-11,2026-02-11 11:20:00,2026-02-11 11:25:00,OG,Backtest,AdxDiCrossBracketOG,OG_AdxDiCrossBracketOG,OG,NQ,NQ JUN26,LONG,1,25468.75,25457.00,-239.36,-243.72,-48.7,LOSS,STOP_HIT,25406.75,1240.00,2026-05-07 09:21:11
2026-02-24,2026-02-24 10:15:00,2026-02-24 10:15:00,OG,Backtest,AdxDiCrossBracketOG,OG_AdxDiCrossBracketOG,OG,NQ,NQ JUN26,LONG,1,25110.00,25063.00,-944.36,-948.72,-189.7,LOSS,STOP_HIT,25064.25,915.00,2026-05-07 09:21:11
2026-03-09,2026-03-09 10:45:00,2026-03-09 10:50:00,OG,Backtest,AdxDiCrossBracketOG,OG_AdxDiCrossBracketOG,OG,NQ,NQ JUN26,LONG,1,24692.75,24762.25,1385.64,1381.28,276.3,WIN,TARGET_HIT,24622.25,1410.00,2026-05-07 09:21:11
2026-03-02,2026-03-02 11:15:00,2026-03-02 11:20:00,OG,Backtest,AdxDiCrossBracketOG,OG_AdxDiCrossBracketOG,OG,NQ,NQ JUN26,LONG,1,25187.75,25180.00,-159.36,-163.72,-32.7,LOSS,STOP_HIT,25129.50,1165.00,2026-05-07 09:21:11
2026-01-20,2026-01-20 10:50:00,2026-01-20 10:55:00,OG,Backtest,AdxDiCrossBracketOG,OG_AdxDiCrossBracketOG,OG,NQ,NQ JUN26,LONG,1,25598.75,25558.75,-804.36,-808.72,-161.7,LOSS,STOP_HIT,25550.75,960.00,2026-05-07 09:21:11
2026-03-03,2026-03-03 11:25:00,2026-03-03 11:40:00,OG,Backtest,AdxDiCrossBracketOG,OG_AdxDiCrossBracketOG,OG,NQ,NQ JUN26,LONG,1,24795.25,24816.50,420.64,416.28,83.3,WIN,STOP_HIT,24724.00,1425.00,2026-05-07 09:21:11
2026-02-24,2026-02-24 10:10:00,2026-02-24 10:10:00,OG,Backtest,AdxDiCrossBracketOG,OG_AdxDiCrossBracketOG,OG,NQ,NQ JUN26,SHORT,1,25048.00,25093.50,-914.36,-918.72,-183.7,LOSS,STOP_HIT,25092.25,885.00,2026-05-07 09:21:11
2026-03-06,2026-03-06 11:10:00,2026-03-06 11:15:00,OG,Backtest,AdxDiCrossBracketOG,OG_AdxDiCrossBracketOG,OG,NQ,NQ JUN26,LONG,1,25102.25,25058.25,-884.36,-888.72,-177.7,LOSS,STOP_HIT,25038.75,1270.00,2026-05-07 09:21:11
2026-02-11,2026-02-11 10:20:00,2026-02-11 10:20:00,OG,Backtest,AdxDiCrossBracketOG,OG_AdxDiCrossBracketOG,OG,NQ,NQ JUN26,SHORT,1,25395.25,25345.50,990.64,986.28,197.3,WIN,TARGET_HIT,25448.50,1065.00,2026-05-07 09:21:11
2026-03-27,2026-03-27 11:40:00,2026-03-27 11:45:00,OG,Backtest,AdxDiCrossBracketOG,OG_AdxDiCrossBracketOG,OG,NQ,NQ JUN26,LONG,1,23597.75,23540.25,-1154.36,-1158.72,-231.7,LOSS,STOP_HIT,23541.50,1125.00,2026-05-07 09:21:11
2026-01-06,2026-01-06 11:00:00,2026-01-06 11:05:00,OG,Backtest,AdxDiCrossBracketOG,OG_AdxDiCrossBracketOG,OG,NQ,NQ JUN26,SHORT,1,25908.50,25880.75,550.64,546.28,109.3,WIN,TARGET_HIT,25938.25,595.00,2026-05-07 09:21:11
2026-04-06,2026-04-06 11:05:00,2026-04-06 11:25:00,OG,Backtest,AdxDiCrossBracketOG,OG_AdxDiCrossBracketOG,OG,NQ,NQ JUN26,LONG,1,24307.50,24291.25,-329.36,-333.72,-66.7,LOSS,STOP_HIT,24255.50,1040.00,2026-05-07 09:21:11
2026-03-12,2026-03-12 11:50:00,2026-03-12 11:50:00,OG,Backtest,AdxDiCrossBracketOG,OG_AdxDiCrossBracketOG,OG,NQ,NQ JUN26,LONG,1,24898.75,24843.25,-1114.36,-1118.72,-223.7,LOSS,STOP_HIT,24844.50,1085.00,2026-05-07 09:21:11
2026-01-28,2026-01-28 11:20:00,2026-01-28 11:25:00,OG,Backtest,AdxDiCrossBracketOG,OG_AdxDiCrossBracketOG,OG,NQ,NQ JUN26,LONG,1,26393.75,26378.25,-314.36,-318.72,-63.7,LOSS,STOP_HIT,26363.25,610.00,2026-05-07 09:21:11
2026-03-13,2026-03-13 10:50:00,2026-03-13 10:50:00,OG,Backtest,AdxDiCrossBracketOG,OG_AdxDiCrossBracketOG,OG,NQ,NQ JUN26,SHORT,1,24804.25,24755.00,980.64,976.28,195.3,WIN,TARGET_HIT,24853.50,985.00,2026-05-07 09:21:11
2026-02-13,2026-02-13 10:35:00,2026-02-13 10:35:00,OG,Backtest,AdxDiCrossBracketOG,OG_AdxDiCrossBracketOG,OG,NQ,NQ JUN26,LONG,1,25058.75,25127.00,1360.64,1356.28,271.3,WIN,TARGET_HIT,24987.50,1425.00,2026-05-07 09:21:11
2026-01-07,2026-01-07 10:10:00,2026-01-07 10:10:00,OG,Backtest,AdxDiCrossBracketOG,OG_AdxDiCrossBracketOG,OG,NQ,NQ JUN26,SHORT,1,26050.00,26073.50,-474.36,-478.72,-95.7,LOSS,STOP_HIT,26072.25,445.00,2026-05-07 09:21:11
2026-04-07,2026-04-07 11:40:00,2026-04-07 12:00:00,OG,Backtest,AdxDiCrossBracketOG,OG_AdxDiCrossBracketOG,OG,NQ,NQ JUN26,LONG,1,24072.25,24117.50,900.64,896.28,179.3,WIN,TARGET_HIT,24025.00,945.00,2026-05-07 09:21:11
2026-03-12,2026-03-12 11:50:00,2026-03-12 11:50:00,OG,Backtest,AdxDiCrossBracketOG,OG_AdxDiCrossBracketOG,OG,NQ,NQ JUN26,LONG,1,24898.75,24843.25,-1114.36,-1118.72,-223.7,LOSS,STOP_HIT,24844.50,1085.00,2026-05-07 09:21:11
2026-04-10,2026-04-10 11:45:00,2026-04-10 12:00:00,OG,Backtest,AdxDiCrossBracketOG,OG_AdxDiCrossBracketOG,OG,NQ,NQ JUN26,SHORT,1,25300.75,25269.75,615.64,611.28,122.3,WIN,TARGET_HIT,25334.25,670.00,2026-05-07 09:21:11
2026-01-09,2026-01-09 10:30:00,2026-01-09 10:30:00,OG,Backtest,AdxDiCrossBracketOG,OG_AdxDiCrossBracketOG,OG,NQ,NQ JUN26,LONG,1,26010.00,26057.25,940.64,936.28,187.3,WIN,TARGET_HIT,25959.75,1005.00,2026-05-07 09:21:11
2026-03-20,2026-03-20 11:30:00,2026-03-20 12:05:00,OG,Backtest,AdxDiCrossBracketOG,OG_AdxDiCrossBracketOG,OG,NQ,NQ JUN26,LONG,1,24275.00,24327.75,1050.64,1046.28,209.3,WIN,TARGET_HIT,24219.75,1105.00,2026-05-07 09:21:11
2026-03-24,2026-03-24 11:00:00,2026-03-24 11:00:00,OG,Backtest,AdxDiCrossBracketOG,OG_AdxDiCrossBracketOG,OG,NQ,NQ JUN26,LONG,1,24282.25,24217.00,-1309.36,-1313.72,-262.7,LOSS,STOP_HIT,24218.25,1280.00,2026-05-07 09:21:11
2026-04-10,2026-04-10 11:45:00,2026-04-10 12:00:00,OG,Backtest,AdxDiCrossBracketOG,OG_AdxDiCrossBracketOG,OG,NQ,NQ JUN26,SHORT,1,25300.75,25269.75,615.64,611.28,122.3,WIN,TARGET_HIT,25334.25,670.00,2026-05-07 09:21:11
2026-04-06,2026-04-06 11:05:00,2026-04-06 11:25:00,OG,Backtest,AdxDiCrossBracketOG,OG_AdxDiCrossBracketOG,OG,NQ,NQ JUN26,LONG,1,24307.50,24291.25,-329.36,-333.72,-66.7,LOSS,STOP_HIT,24255.50,1040.00,2026-05-07 09:21:11
2026-04-07,2026-04-07 11:40:00,2026-04-07 12:00:00,OG,Backtest,AdxDiCrossBracketOG,OG_AdxDiCrossBracketOG,OG,NQ,NQ JUN26,LONG,1,24072.25,24117.50,900.64,896.28,179.3,WIN,TARGET_HIT,24025.00,945.00,2026-05-07 09:21:11
2026-01-09,2026-01-09 10:15:00,2026-01-09 10:15:00,OG,Backtest,AdxDiCrossBracketOG,OG_AdxDiCrossBracketOG,OG,NQ,NQ JUN26,SHORT,1,25849.75,25897.00,-949.36,-953.72,-190.7,LOSS,STOP_HIT,25895.75,920.00,2026-05-07 09:21:11
2026-04-02,2026-04-02 10:45:00,2026-04-02 10:45:00,OG,Backtest,AdxDiCrossBracketOG,OG_AdxDiCrossBracketOG,OG,NQ,NQ JUN26,LONG,1,24211.00,24133.25,-1559.36,-1563.72,-312.7,LOSS,STOP_HIT,24134.50,1530.00,2026-05-07 09:21:11
2026-03-19,2026-03-19 11:15:00,2026-03-19 11:25:00,OG,Backtest,AdxDiCrossBracketOG,OG_AdxDiCrossBracketOG,OG,NQ,NQ JUN26,LONG,1,24531.00,24485.50,-914.36,-918.72,-183.7,LOSS,STOP_HIT,24473.00,1160.00,2026-05-07 09:21:11
2026-02-17,2026-02-17 11:10:00,2026-02-17 11:10:00,OG,Backtest,AdxDiCrossBracketOG,OG_AdxDiCrossBracketOG,OG,NQ,NQ JUN26,LONG,1,24862.00,24927.25,1300.64,1296.28,259.3,WIN,TARGET_HIT,24793.75,1365.00,2026-05-07 09:21:11
2026-03-09,2026-03-09 10:45:00,2026-03-09 10:50:00,OG,Backtest,AdxDiCrossBracketOG,OG_AdxDiCrossBracketOG,OG,NQ,NQ JUN26,LONG,1,24692.75,24762.25,1385.64,1381.28,276.3,WIN,TARGET_HIT,24622.25,1410.00,2026-05-07 09:21:11
2026-04-06,2026-04-06 11:05:00,2026-04-06 11:25:00,OG,Backtest,AdxDiCrossBracketOG,OG_AdxDiCrossBracketOG,OG,NQ,NQ JUN26,LONG,1,24307.50,24291.25,-329.36,-333.72,-66.7,LOSS,STOP_HIT,24255.50,1040.00,2026-05-07 09:21:11
2026-02-11,2026-02-11 10:20:00,2026-02-11 10:20:00,OG,Backtest,AdxDiCrossBracketOG,OG_AdxDiCrossBracketOG,OG,NQ,NQ JUN26,SHORT,1,25395.25,25345.50,990.64,986.28,197.3,WIN,TARGET_HIT,25448.50,1065.00,2026-05-07 09:21:11
2026-01-28,2026-01-28 10:55:00,2026-01-28 11:10:00,OG,Backtest,AdxDiCrossBracketOG,OG_AdxDiCrossBracketOG,OG,NQ,NQ JUN26,SHORT,1,26394.50,26396.00,-34.36,-38.72,-7.7,LOSS,STOP_HIT,26429.00,690.00,2026-05-07 09:21:11
2026-03-27,2026-03-27 11:40:00,2026-03-27 11:45:00,OG,Backtest,AdxDiCrossBracketOG,OG_AdxDiCrossBracketOG,OG,NQ,NQ JUN26,LONG,1,23597.75,23540.25,-1154.36,-1158.72,-231.7,LOSS,STOP_HIT,23541.50,1125.00,2026-05-07 09:21:11
2026-02-24,2026-02-24 10:10:00,2026-02-24 10:10:00,OG,Backtest,AdxDiCrossBracketOG,OG_AdxDiCrossBracketOG,OG,NQ,NQ JUN26,SHORT,1,25048.00,25093.50,-914.36,-918.72,-183.7,LOSS,STOP_HIT,25092.25,885.00,2026-05-07 09:21:11
2026-03-24,2026-03-24 11:00:00,2026-03-24 11:00:00,OG,Backtest,AdxDiCrossBracketOG,OG_AdxDiCrossBracketOG,OG,NQ,NQ JUN26,LONG,1,24282.25,24217.00,-1309.36,-1313.72,-262.7,LOSS,STOP_HIT,24218.25,1280.00,2026-05-07 09:21:11
2026-01-21,2026-01-21 11:45:00,2026-01-21 11:45:00,OG,Backtest,AdxDiCrossBracketOG,OG_AdxDiCrossBracketOG,OG,NQ,NQ JUN26,SHORT,1,25543.00,25505.75,740.64,736.28,147.3,WIN,TARGET_HIT,25582.25,785.00,2026-05-07 09:21:11
2026-01-23,2026-01-23 10:10:00,2026-01-23 10:15:00,OG,Backtest,AdxDiCrossBracketOG,OG_AdxDiCrossBracketOG,OG,NQ,NQ JUN26,LONG,1,25921.75,25885.00,-739.36,-743.72,-148.7,LOSS,STOP_HIT,25885.50,725.00,2026-05-07 09:21:11
2026-04-06,2026-04-06 10:55:00,2026-04-06 11:00:00,OG,Backtest,AdxDiCrossBracketOG,OG_AdxDiCrossBracketOG,OG,NQ,NQ JUN26,SHORT,1,24269.25,24322.25,-1064.36,-1068.72,-213.7,LOSS,STOP_HIT,24321.00,1035.00,2026-05-07 09:21:11
2026-02-11,2026-02-11 11:05:00,2026-02-11 11:10:00,OG,Backtest,AdxDiCrossBracketOG,OG_AdxDiCrossBracketOG,OG,NQ,NQ JUN26,LONG,1,25454.25,25417.50,-739.36,-743.72,-148.7,LOSS,STOP_HIT,25393.00,1225.00,2026-05-07 09:21:11
2026-02-17,2026-02-17 11:10:00,2026-02-17 11:10:00,OG,Backtest,AdxDiCrossBracketOG,OG_AdxDiCrossBracketOG,OG,NQ,NQ JUN26,LONG,1,24862.00,24927.25,1300.64,1296.28,259.3,WIN,TARGET_HIT,24793.75,1365.00,2026-05-07 09:21:11
2026-01-28,2026-01-28 11:20:00,2026-01-28 11:25:00,OG,Backtest,AdxDiCrossBracketOG,OG_AdxDiCrossBracketOG,OG,NQ,NQ JUN26,LONG,1,26393.75,26378.25,-314.36,-318.72,-63.7,LOSS,STOP_HIT,26363.25,610.00,2026-05-07 09:21:11
2026-01-23,2026-01-23 10:10:00,2026-01-23 10:15:00,OG,Backtest,AdxDiCrossBracketOG,OG_AdxDiCrossBracketOG,OG,NQ,NQ JUN26,LONG,1,25921.75,25885.00,-739.36,-743.72,-148.7,LOSS,STOP_HIT,25885.50,725.00,2026-05-07 09:21:11
2026-03-27,2026-03-27 11:40:00,2026-03-27 11:45:00,OG,Backtest,AdxDiCrossBracketOG,OG_AdxDiCrossBracketOG,OG,NQ,NQ JUN26,LONG,1,23597.75,23540.25,-1154.36,-1158.72,-231.7,LOSS,STOP_HIT,23541.50,1125.00,2026-05-07 09:21:11
2026-01-30,2026-01-30 11:00:00,2026-01-30 11:10:00,OG,Backtest,AdxDiCrossBracketOG,OG_AdxDiCrossBracketOG,OG,NQ,NQ JUN26,SHORT,1,26071.50,26048.25,460.64,456.28,91.3,WIN,STOP_HIT,26129.00,1150.00,2026-05-07 09:21:11
2026-01-30,2026-01-30 11:00:00,2026-01-30 11:10:00,OG,Backtest,AdxDiCrossBracketOG,OG_AdxDiCrossBracketOG,OG,NQ,NQ JUN26,SHORT,1,26071.50,26048.25,460.64,456.28,91.3,WIN,STOP_HIT,26129.00,1150.00,2026-05-07 09:21:11
2026-04-02,2026-04-02 10:45:00,2026-04-02 10:45:00,OG,Backtest,AdxDiCrossBracketOG,OG_AdxDiCrossBracketOG,OG,NQ,NQ JUN26,LONG,1,24211.00,24133.25,-1559.36,-1563.72,-312.7,LOSS,STOP_HIT,24134.50,1530.00,2026-05-07 09:21:11
2026-01-30,2026-01-30 10:55:00,2026-01-30 10:55:00,OG,Backtest,AdxDiCrossBracketOG,OG_AdxDiCrossBracketOG,OG,NQ,NQ JUN26,LONG,1,26118.00,26058.75,-1189.36,-1193.72,-238.7,LOSS,STOP_HIT,26060.00,1160.00,2026-05-07 09:21:11
2026-01-07,2026-01-07 09:50:00,2026-01-07 09:50:00,OG,Backtest,AdxDiCrossBracketOG,OG_AdxDiCrossBracketOG,OG,NQ,NQ JUN26,LONG,1,26064.50,26079.75,300.64,296.28,59.3,WIN,TARGET_HIT,26047.25,345.00,2026-05-07 09:21:11
2026-01-09,2026-01-09 09:45:00,2026-01-09 09:50:00,OG,Backtest,AdxDiCrossBracketOG,OG_AdxDiCrossBracketOG,OG,NQ,NQ JUN26,LONG,1,25965.75,25936.75,-584.36,-588.72,-117.7,LOSS,STOP_HIT,25938.00,555.00,2026-05-07 09:21:11
2026-04-07,2026-04-07 11:40:00,2026-04-07 12:00:00,OG,Backtest,AdxDiCrossBracketOG,OG_AdxDiCrossBracketOG,OG,NQ,NQ JUN26,LONG,1,24072.25,24117.50,900.64,896.28,179.3,WIN,TARGET_HIT,24025.00,945.00,2026-05-07 09:21:11
2026-01-07,2026-01-07 10:10:00,2026-01-07 10:10:00,OG,Backtest,AdxDiCrossBracketOG,OG_AdxDiCrossBracketOG,OG,NQ,NQ JUN26,SHORT,1,26050.00,26073.50,-474.36,-478.72,-95.7,LOSS,STOP_HIT,26072.25,445.00,2026-05-07 09:21:11
2026-02-13,2026-02-13 10:50:00,2026-02-13 11:05:00,OG,Backtest,AdxDiCrossBracketOG,OG_AdxDiCrossBracketOG,OG,NQ,NQ JUN26,SHORT,1,24982.25,25021.00,-779.36,-783.72,-156.7,LOSS,STOP_HIT,25055.00,1455.00,2026-05-07 09:21:11
2026-04-07,2026-04-07 11:40:00,2026-04-07 12:00:00,OG,Backtest,AdxDiCrossBracketOG,OG_AdxDiCrossBracketOG,OG,NQ,NQ JUN26,LONG,1,24072.25,24117.50,900.64,896.28,179.3,WIN,TARGET_HIT,24025.00,945.00,2026-05-07 09:21:11
2026-04-06,2026-04-06 10:55:00,2026-04-06 11:00:00,OG,Backtest,AdxDiCrossBracketOG,OG_AdxDiCrossBracketOG,OG,NQ,NQ JUN26,SHORT,1,24269.25,24322.25,-1064.36,-1068.72,-213.7,LOSS,STOP_HIT,24321.00,1035.00,2026-05-07 09:21:11
2026-02-17,2026-02-17 11:10:00,2026-02-17 11:10:00,OG,Backtest,AdxDiCrossBracketOG,OG_AdxDiCrossBracketOG,OG,NQ,NQ JUN26,LONG,1,24862.00,24927.25,1300.64,1296.28,259.3,WIN,TARGET_HIT,24793.75,1365.00,2026-05-07 09:21:11
2026-04-06,2026-04-06 11:05:00,2026-04-06 11:25:00,OG,Backtest,AdxDiCrossBracketOG,OG_AdxDiCrossBracketOG,OG,NQ,NQ JUN26,LONG,1,24307.50,24291.25,-329.36,-333.72,-66.7,LOSS,STOP_HIT,24255.50,1040.00,2026-05-07 09:21:11
2026-01-09,2026-01-09 10:15:00,2026-01-09 10:15:00,OG,Backtest,AdxDiCrossBracketOG,OG_AdxDiCrossBracketOG,OG,NQ,NQ JUN26,SHORT,1,25849.75,25897.00,-949.36,-953.72,-190.7,LOSS,STOP_HIT,25895.75,920.00,2026-05-07 09:21:11
2026-03-13,2026-03-13 10:50:00,2026-03-13 10:50:00,OG,Backtest,AdxDiCrossBracketOG,OG_AdxDiCrossBracketOG,OG,NQ,NQ JUN26,SHORT,1,24804.25,24755.00,980.64,976.28,195.3,WIN,TARGET_HIT,24853.50,985.00,2026-05-07 09:21:11
2026-02-13,2026-02-13 10:35:00,2026-02-13 10:35:00,OG,Backtest,AdxDiCrossBracketOG,OG_AdxDiCrossBracketOG,OG,NQ,NQ JUN26,LONG,1,25058.75,25127.00,1360.64,1356.28,271.3,WIN,TARGET_HIT,24987.50,1425.00,2026-05-07 09:21:11
2026-02-24,2026-02-24 10:10:00,2026-02-24 10:10:00,OG,Backtest,AdxDiCrossBracketOG,OG_AdxDiCrossBracketOG,OG,NQ,NQ JUN26,SHORT,1,25048.00,25093.50,-914.36,-918.72,-183.7,LOSS,STOP_HIT,25092.25,885.00,2026-05-07 09:21:11
2026-03-17,2026-03-17 11:15:00,2026-03-17 11:20:00,OG,Backtest,AdxDiCrossBracketOG,OG_AdxDiCrossBracketOG,OG,NQ,NQ JUN26,SHORT,1,25019.75,25057.00,-749.36,-753.72,-150.7,LOSS,STOP_HIT,25056.25,730.00,2026-05-07 09:21:11
2026-01-06,2026-01-06 11:00:00,2026-01-06 11:05:00,OG,Backtest,AdxDiCrossBracketOG,OG_AdxDiCrossBracketOG,OG,NQ,NQ JUN26,SHORT,1,25908.50,25880.75,550.64,546.28,109.3,WIN,TARGET_HIT,25938.25,595.00,2026-05-07 09:21:11
2026-01-12,2026-01-12 11:25:00,2026-01-12 11:35:00,OG,Backtest,AdxDiCrossBracketOG,OG_AdxDiCrossBracketOG,OG,NQ,NQ JUN26,LONG,1,26159.50,26149.25,-209.36,-213.72,-42.7,LOSS,STOP_HIT,26131.75,555.00,2026-05-07 09:21:11
2026-01-07,2026-01-07 10:10:00,2026-01-07 10:10:00,OG,Backtest,AdxDiCrossBracketOG,OG_AdxDiCrossBracketOG,OG,NQ,NQ JUN26,SHORT,1,26050.00,26073.50,-474.36,-478.72,-95.7,LOSS,STOP_HIT,26072.25,445.00,2026-05-07 09:21:11
2026-02-24,2026-02-24 09:50:00,2026-02-24 09:50:00,OG,Backtest,AdxDiCrossBracketOG,OG_AdxDiCrossBracketOG,OG,NQ,NQ JUN26,LONG,1,25121.25,25157.50,720.64,716.28,143.3,WIN,TARGET_HIT,25081.50,795.00,2026-05-07 09:21:11
2026-01-06,2026-01-06 11:00:00,2026-01-06 11:05:00,OG,Backtest,AdxDiCrossBracketOG,OG_AdxDiCrossBracketOG,OG,NQ,NQ JUN26,SHORT,1,25908.50,25880.75,550.64,546.28,109.3,WIN,TARGET_HIT,25938.25,595.00,2026-05-07 09:21:11
2026-01-16,2026-01-16 11:30:00,2026-01-16 11:35:00,OG,Backtest,AdxDiCrossBracketOG,OG_AdxDiCrossBracketOG,OG,NQ,NQ JUN26,LONG,1,25912.25,25924.50,240.64,236.28,47.3,WIN,STOP_HIT,25874.75,750.00,2026-05-07 09:21:11
2026-01-20,2026-01-20 11:10:00,2026-01-20 11:15:00,OG,Backtest,AdxDiCrossBracketOG,OG_AdxDiCrossBracketOG,OG,NQ,NQ JUN26,LONG,1,25588.25,25600.25,235.64,231.28,46.3,WIN,STOP_HIT,25540.75,950.00,2026-05-07 09:21:11
2026-03-06,2026-03-06 11:10:00,2026-03-06 11:15:00,OG,Backtest,AdxDiCrossBracketOG,OG_AdxDiCrossBracketOG,OG,NQ,NQ JUN26,LONG,1,25102.25,25058.25,-884.36,-888.72,-177.7,LOSS,STOP_HIT,25038.75,1270.00,2026-05-07 09:21:11
2026-01-21,2026-01-21 11:45:00,2026-01-21 11:45:00,OG,Backtest,AdxDiCrossBracketOG,OG_AdxDiCrossBracketOG,OG,NQ,NQ JUN26,SHORT,1,25543.00,25505.75,740.64,736.28,147.3,WIN,TARGET_HIT,25582.25,785.00,2026-05-07 09:21:11
2026-01-28,2026-01-28 10:55:00,2026-01-28 11:10:00,OG,Backtest,AdxDiCrossBracketOG,OG_AdxDiCrossBracketOG,OG,NQ,NQ JUN26,SHORT,1,26394.50,26396.00,-34.36,-38.72,-7.7,LOSS,STOP_HIT,26429.00,690.00,2026-05-07 09:21:11
2026-01-21,2026-01-21 11:45:00,2026-01-21 11:45:00,OG,Backtest,AdxDiCrossBracketOG,OG_AdxDiCrossBracketOG,OG,NQ,NQ JUN26,SHORT,1,25543.00,25505.75,740.64,736.28,147.3,WIN,TARGET_HIT,25582.25,785.00,2026-05-07 09:21:11
2026-01-09,2026-01-09 10:15:00,2026-01-09 10:15:00,OG,Backtest,AdxDiCrossBracketOG,OG_AdxDiCrossBracketOG,OG,NQ,NQ JUN26,SHORT,1,25849.75,25897.00,-949.36,-953.72,-190.7,LOSS,STOP_HIT,25895.75,920.00,2026-05-07 09:21:11
2026-04-06,2026-04-06 10:55:00,2026-04-06 11:00:00,OG,Backtest,AdxDiCrossBracketOG,OG_AdxDiCrossBracketOG,OG,NQ,NQ JUN26,SHORT,1,24269.25,24322.25,-1064.36,-1068.72,-213.7,LOSS,STOP_HIT,24321.00,1035.00,2026-05-07 09:21:11
2026-01-20,2026-01-20 11:10:00,2026-01-20 11:15:00,OG,Backtest,AdxDiCrossBracketOG,OG_AdxDiCrossBracketOG,OG,NQ,NQ JUN26,LONG,1,25588.25,25600.25,235.64,231.28,46.3,WIN,STOP_HIT,25540.75,950.00,2026-05-07 09:21:11
2026-01-20,2026-01-20 10:50:00,2026-01-20 10:55:00,OG,Backtest,AdxDiCrossBracketOG,OG_AdxDiCrossBracketOG,OG,NQ,NQ JUN26,LONG,1,25598.75,25558.75,-804.36,-808.72,-161.7,LOSS,STOP_HIT,25550.75,960.00,2026-05-07 09:21:11
2026-01-09,2026-01-09 10:10:00,2026-01-09 10:10:00,OG,Backtest,AdxDiCrossBracketOG,OG_AdxDiCrossBracketOG,OG,NQ,NQ JUN26,LONG,1,25922.50,25881.00,-834.36,-838.72,-167.7,LOSS,STOP_HIT,25882.25,805.00,2026-05-07 09:21:11
2026-01-07,2026-01-07 09:50:00,2026-01-07 09:50:00,OG,Backtest,AdxDiCrossBracketOG,OG_AdxDiCrossBracketOG,OG,NQ,NQ JUN26,LONG,1,26064.50,26079.75,300.64,296.28,59.3,WIN,TARGET_HIT,26047.25,345.00,2026-05-07 09:21:11
2026-02-03,2026-02-03 09:50:00,2026-02-03 09:50:00,OG,Backtest,AdxDiCrossBracketOG,OG_AdxDiCrossBracketOG,OG,NQ,NQ JUN26,SHORT,1,25960.00,25999.25,-789.36,-793.72,-158.7,LOSS,STOP_HIT,25998.00,760.00,2026-05-07 09:21:11
2026-03-13,2026-03-13 10:50:00,2026-03-13 10:50:00,OG,Backtest,AdxDiCrossBracketOG,OG_AdxDiCrossBracketOG,OG,NQ,NQ JUN26,SHORT,1,24804.25,24755.00,980.64,976.28,195.3,WIN,TARGET_HIT,24853.50,985.00,2026-05-07 09:21:11
2026-01-07,2026-01-07 09:50:00,2026-01-07 09:50:00,OG,Backtest,AdxDiCrossBracketOG,OG_AdxDiCrossBracketOG,OG,NQ,NQ JUN26,LONG,1,26064.50,26079.75,300.64,296.28,59.3,WIN,TARGET_HIT,26047.25,345.00,2026-05-07 09:21:11
2026-01-20,2026-01-20 10:50:00,2026-01-20 10:55:00,OG,Backtest,AdxDiCrossBracketOG,OG_AdxDiCrossBracketOG,OG,NQ,NQ JUN26,LONG,1,25598.75,25558.75,-804.36,-808.72,-161.7,LOSS,STOP_HIT,25550.75,960.00,2026-05-07 09:21:11
2026-01-09,2026-01-09 09:55:00,2026-01-09 09:55:00,OG,Backtest,AdxDiCrossBracketOG,OG_AdxDiCrossBracketOG,OG,NQ,NQ JUN26,SHORT,1,25912.50,25949.00,-734.36,-738.72,-147.7,LOSS,STOP_HIT,25947.75,705.00,2026-05-07 09:21:11
2026-01-09,2026-01-09 09:45:00,2026-01-09 09:50:00,OG,Backtest,AdxDiCrossBracketOG,OG_AdxDiCrossBracketOG,OG,NQ,NQ JUN26,LONG,1,25965.75,25936.75,-584.36,-588.72,-117.7,LOSS,STOP_HIT,25938.00,555.00,2026-05-07 09:21:11
2026-01-09,2026-01-09 10:10:00,2026-01-09 10:10:00,OG,Backtest,AdxDiCrossBracketOG,OG_AdxDiCrossBracketOG,OG,NQ,NQ JUN26,LONG,1,25922.50,25881.00,-834.36,-838.72,-167.7,LOSS,STOP_HIT,25882.25,805.00,2026-05-07 09:21:11
2026-02-24,2026-02-24 10:10:00,2026-02-24 10:10:00,OG,Backtest,AdxDiCrossBracketOG,OG_AdxDiCrossBracketOG,OG,NQ,NQ JUN26,SHORT,1,25048.00,25093.50,-914.36,-918.72,-183.7,LOSS,STOP_HIT,25092.25,885.00,2026-05-07 09:21:11
2026-01-23,2026-01-23 10:10:00,2026-01-23 10:15:00,OG,Backtest,AdxDiCrossBracketOG,OG_AdxDiCrossBracketOG,OG,NQ,NQ JUN26,LONG,1,25921.75,25885.00,-739.36,-743.72,-148.7,LOSS,STOP_HIT,25885.50,725.00,2026-05-07 09:21:11
2026-03-25,2026-03-25 11:20:00,2026-03-25 11:20:00,OG,Backtest,AdxDiCrossBracketOG,OG_AdxDiCrossBracketOG,OG,NQ,NQ JUN26,SHORT,1,24385.25,24336.50,970.64,966.28,193.3,WIN,TARGET_HIT,24438.00,1055.00,2026-05-07 09:21:11
2026-01-28,2026-01-28 11:20:00,2026-01-28 11:25:00,OG,Backtest,AdxDiCrossBracketOG,OG_AdxDiCrossBracketOG,OG,NQ,NQ JUN26,LONG,1,26393.75,26378.25,-314.36,-318.72,-63.7,LOSS,STOP_HIT,26363.25,610.00,2026-05-07 09:21:11
2026-01-09,2026-01-09 10:10:00,2026-01-09 10:10:00,OG,Backtest,AdxDiCrossBracketOG,OG_AdxDiCrossBracketOG,OG,NQ,NQ JUN26,LONG,1,25922.50,25881.00,-834.36,-838.72,-167.7,LOSS,STOP_HIT,25882.25,805.00,2026-05-07 09:21:11
2026-02-13,2026-02-13 10:50:00,2026-02-13 11:05:00,OG,Backtest,AdxDiCrossBracketOG,OG_AdxDiCrossBracketOG,OG,NQ,NQ JUN26,SHORT,1,24982.25,25021.00,-779.36,-783.72,-156.7,LOSS,STOP_HIT,25055.00,1455.00,2026-05-07 09:21:11
2026-01-09,2026-01-09 10:15:00,2026-01-09 10:15:00,OG,Backtest,AdxDiCrossBracketOG,OG_AdxDiCrossBracketOG,OG,NQ,NQ JUN26,SHORT,1,25849.75,25897.00,-949.36,-953.72,-190.7,LOSS,STOP_HIT,25895.75,920.00,2026-05-07 09:21:11
2026-01-23,2026-01-23 10:10:00,2026-01-23 10:15:00,OG,Backtest,AdxDiCrossBracketOG,OG_AdxDiCrossBracketOG,OG,NQ,NQ JUN26,LONG,1,25921.75,25885.00,-739.36,-743.72,-148.7,LOSS,STOP_HIT,25885.50,725.00,2026-05-07 09:21:11
2026-01-20,2026-01-20 10:50:00,2026-01-20 10:55:00,OG,Backtest,AdxDiCrossBracketOG,OG_AdxDiCrossBracketOG,OG,NQ,NQ JUN26,LONG,1,25598.75,25558.75,-804.36,-808.72,-161.7,LOSS,STOP_HIT,25550.75,960.00,2026-05-07 09:21:11
2026-02-11,2026-02-11 11:05:00,2026-02-11 11:10:00,OG,Backtest,AdxDiCrossBracketOG,OG_AdxDiCrossBracketOG,OG,NQ,NQ JUN26,LONG,1,25454.25,25417.50,-739.36,-743.72,-148.7,LOSS,STOP_HIT,25393.00,1225.00,2026-05-07 09:21:11
2026-01-09,2026-01-09 10:30:00,2026-01-09 10:30:00,OG,Backtest,AdxDiCrossBracketOG,OG_AdxDiCrossBracketOG,OG,NQ,NQ JUN26,LONG,1,26010.00,26057.25,940.64,936.28,187.3,WIN,TARGET_HIT,25959.75,1005.00,2026-05-07 09:21:11
2026-02-11,2026-02-11 11:20:00,2026-02-11 11:25:00,OG,Backtest,AdxDiCrossBracketOG,OG_AdxDiCrossBracketOG,OG,NQ,NQ JUN26,LONG,1,25468.75,25457.00,-239.36,-243.72,-48.7,LOSS,STOP_HIT,25406.75,1240.00,2026-05-07 09:21:11
2026-02-24,2026-02-24 10:15:00,2026-02-24 10:15:00,OG,Backtest,AdxDiCrossBracketOG,OG_AdxDiCrossBracketOG,OG,NQ,NQ JUN26,LONG,1,25110.00,25063.00,-944.36,-948.72,-189.7,LOSS,STOP_HIT,25064.25,915.00,2026-05-07 09:21:11
2026-02-13,2026-02-13 10:35:00,2026-02-13 10:35:00,OG,Backtest,AdxDiCrossBracketOG,OG_AdxDiCrossBracketOG,OG,NQ,NQ JUN26,LONG,1,25058.75,25127.00,1360.64,1356.28,271.3,WIN,TARGET_HIT,24987.50,1425.00,2026-05-07 09:21:11
2026-03-02,2026-03-02 11:15:00,2026-03-02 11:20:00,OG,Backtest,AdxDiCrossBracketOG,OG_AdxDiCrossBracketOG,OG,NQ,NQ JUN26,LONG,1,25187.75,25180.00,-159.36,-163.72,-32.7,LOSS,STOP_HIT,25129.50,1165.00,2026-05-07 09:21:11
2026-02-11,2026-02-11 11:05:00,2026-02-11 11:10:00,OG,Backtest,AdxDiCrossBracketOG,OG_AdxDiCrossBracketOG,OG,NQ,NQ JUN26,LONG,1,25454.25,25417.50,-739.36,-743.72,-148.7,LOSS,STOP_HIT,25393.00,1225.00,2026-05-07 09:21:11
2026-01-09,2026-01-09 10:15:00,2026-01-09 10:15:00,OG,Backtest,AdxDiCrossBracketOG,OG_AdxDiCrossBracketOG,OG,NQ,NQ JUN26,SHORT,1,25849.75,25897.00,-949.36,-953.72,-190.7,LOSS,STOP_HIT,25895.75,920.00,2026-05-07 09:21:11
2026-03-03,2026-03-03 11:25:00,2026-03-03 11:40:00,OG,Backtest,AdxDiCrossBracketOG,OG_AdxDiCrossBracketOG,OG,NQ,NQ JUN26,LONG,1,24795.25,24816.50,420.64,416.28,83.3,WIN,STOP_HIT,24724.00,1425.00,2026-05-07 09:21:11
2026-01-28,2026-01-28 10:55:00,2026-01-28 11:15:00,OG,Backtest,AdxDiCrossBracketOG,OG_AdxDiCrossBracketOG,OG,NQ,NQ JUN26,SHORT,1,26394.50,26407.00,-254.36,-258.72,-51.7,LOSS,STOP_HIT,26429.00,690.00,2026-05-07 09:21:11
2026-01-09,2026-01-09 10:30:00,2026-01-09 10:30:00,OG,Backtest,AdxDiCrossBracketOG,OG_AdxDiCrossBracketOG,OG,NQ,NQ JUN26,LONG,1,26010.00,26057.25,940.64,936.28,187.3,WIN,TARGET_HIT,25959.75,1005.00,2026-05-07 09:21:11
2026-03-06,2026-03-06 11:10:00,2026-03-06 11:15:00,OG,Backtest,AdxDiCrossBracketOG,OG_AdxDiCrossBracketOG,OG,NQ,NQ JUN26,LONG,1,25102.25,25058.25,-884.36,-888.72,-177.7,LOSS,STOP_HIT,25038.75,1270.00,2026-05-07 09:21:11
2026-02-17,2026-02-17 11:10:00,2026-02-17 11:10:00,OG,Backtest,AdxDiCrossBracketOG,OG_AdxDiCrossBracketOG,OG,NQ,NQ JUN26,LONG,1,24862.00,24927.25,1300.64,1296.28,259.3,WIN,TARGET_HIT,24793.75,1365.00,2026-05-07 09:21:11
2026-03-12,2026-03-12 11:50:00,2026-03-12 11:50:00,OG,Backtest,AdxDiCrossBracketOG,OG_AdxDiCrossBracketOG,OG,NQ,NQ JUN26,LONG,1,24898.75,24843.25,-1114.36,-1118.72,-223.7,LOSS,STOP_HIT,24844.50,1085.00,2026-05-07 09:21:11
2026-01-30,2026-01-30 11:00:00,2026-01-30 11:10:00,OG,Backtest,AdxDiCrossBracketOG,OG_AdxDiCrossBracketOG,OG,NQ,NQ JUN26,SHORT,1,26071.50,26048.25,460.64,456.28,91.3,WIN,STOP_HIT,26129.00,1150.00,2026-05-07 09:21:11
2026-02-24,2026-02-24 09:50:00,2026-02-24 09:50:00,OG,Backtest,AdxDiCrossBracketOG,OG_AdxDiCrossBracketOG,OG,NQ,NQ JUN26,LONG,1,25121.25,25157.50,720.64,716.28,143.3,WIN,TARGET_HIT,25081.50,795.00,2026-05-07 09:21:11
2026-02-13,2026-02-13 10:35:00,2026-02-13 10:35:00,OG,Backtest,AdxDiCrossBracketOG,OG_AdxDiCrossBracketOG,OG,NQ,NQ JUN26,LONG,1,25058.75,25127.00,1360.64,1356.28,271.3,WIN,TARGET_HIT,24987.50,1425.00,2026-05-07 09:21:11
2026-01-09,2026-01-09 10:30:00,2026-01-09 10:30:00,OG,Backtest,AdxDiCrossBracketOG,OG_AdxDiCrossBracketOG,OG,NQ,NQ JUN26,LONG,1,26010.00,26057.25,940.64,936.28,187.3,WIN,TARGET_HIT,25959.75,1005.00,2026-05-07 09:21:11
2026-02-13,2026-02-13 10:50:00,2026-02-13 11:05:00,OG,Backtest,AdxDiCrossBracketOG,OG_AdxDiCrossBracketOG,OG,NQ,NQ JUN26,SHORT,1,24982.25,25021.00,-779.36,-783.72,-156.7,LOSS,STOP_HIT,25055.00,1455.00,2026-05-07 09:21:11
2026-02-11,2026-02-11 10:20:00,2026-02-11 10:20:00,OG,Backtest,AdxDiCrossBracketOG,OG_AdxDiCrossBracketOG,OG,NQ,NQ JUN26,SHORT,1,25395.25,25345.50,990.64,986.28,197.3,WIN,TARGET_HIT,25448.50,1065.00,2026-05-07 09:21:11
2026-03-09,2026-03-09 10:45:00,2026-03-09 10:50:00,OG,Backtest,AdxDiCrossBracketOG,OG_AdxDiCrossBracketOG,OG,NQ,NQ JUN26,LONG,1,24692.75,24762.25,1385.64,1381.28,276.3,WIN,TARGET_HIT,24622.25,1410.00,2026-05-07 09:21:11
2026-02-03,2026-02-03 09:50:00,2026-02-03 09:50:00,OG,Backtest,AdxDiCrossBracketOG,OG_AdxDiCrossBracketOG,OG,NQ,NQ JUN26,SHORT,1,25960.00,25999.25,-789.36,-793.72,-158.7,LOSS,STOP_HIT,25998.00,760.00,2026-05-07 09:21:11
2026-01-09,2026-01-09 09:45:00,2026-01-09 09:50:00,OG,Backtest,AdxDiCrossBracketOG,OG_AdxDiCrossBracketOG,OG,NQ,NQ JUN26,LONG,1,25965.75,25936.75,-584.36,-588.72,-117.7,LOSS,STOP_HIT,25938.00,555.00,2026-05-07 09:21:11
2026-01-23,2026-01-23 10:10:00,2026-01-23 10:15:00,OG,Backtest,AdxDiCrossBracketOG,OG_AdxDiCrossBracketOG,OG,NQ,NQ JUN26,LONG,1,25921.75,25885.00,-739.36,-743.72,-148.7,LOSS,STOP_HIT,25885.50,725.00,2026-05-07 09:21:11
2026-02-13,2026-02-13 10:50:00,2026-02-13 11:05:00,OG,Backtest,AdxDiCrossBracketOG,OG_AdxDiCrossBracketOG,OG,NQ,NQ JUN26,SHORT,1,24982.25,25021.00,-779.36,-783.72,-156.7,LOSS,STOP_HIT,25055.00,1455.00,2026-05-07 09:21:11
2026-02-11,2026-02-11 11:05:00,2026-02-11 11:10:00,OG,Backtest,AdxDiCrossBracketOG,OG_AdxDiCrossBracketOG,OG,NQ,NQ JUN26,LONG,1,25454.25,25417.50,-739.36,-743.72,-148.7,LOSS,STOP_HIT,25393.00,1225.00,2026-05-07 09:21:11
2026-03-27,2026-03-27 11:40:00,2026-03-27 11:45:00,OG,Backtest,AdxDiCrossBracketOG,OG_AdxDiCrossBracketOG,OG,NQ,NQ JUN26,LONG,1,23597.75,23540.25,-1154.36,-1158.72,-231.7,LOSS,STOP_HIT,23541.50,1125.00,2026-05-07 09:21:11
2026-01-09,2026-01-09 10:15:00,2026-01-09 10:15:00,OG,Backtest,AdxDiCrossBracketOG,OG_AdxDiCrossBracketOG,OG,NQ,NQ JUN26,SHORT,1,25849.75,25897.00,-949.36,-953.72,-190.7,LOSS,STOP_HIT,25895.75,920.00,2026-05-07 09:21:11
2026-03-02,2026-03-02 11:15:00,2026-03-02 11:20:00,OG,Backtest,AdxDiCrossBracketOG,OG_AdxDiCrossBracketOG,OG,NQ,NQ JUN26,LONG,1,25187.75,25180.00,-159.36,-163.72,-32.7,LOSS,STOP_HIT,25129.50,1165.00,2026-05-07 09:21:11
2026-01-07,2026-01-07 10:10:00,2026-01-07 10:10:00,OG,Backtest,AdxDiCrossBracketOG,OG_AdxDiCrossBracketOG,OG,NQ,NQ JUN26,SHORT,1,26050.00,26073.50,-474.36,-478.72,-95.7,LOSS,STOP_HIT,26072.25,445.00,2026-05-07 09:21:11
2026-04-07,2026-04-07 11:40:00,2026-04-07 12:00:00,OG,Backtest,AdxDiCrossBracketOG,OG_AdxDiCrossBracketOG,OG,NQ,NQ JUN26,LONG,1,24072.25,24117.50,900.64,896.28,179.3,WIN,TARGET_HIT,24025.00,945.00,2026-05-07 09:21:11
2026-04-06,2026-04-06 10:55:00,2026-04-06 11:00:00,OG,Backtest,AdxDiCrossBracketOG,OG_AdxDiCrossBracketOG,OG,NQ,NQ JUN26,SHORT,1,24269.25,24322.25,-1064.36,-1068.72,-213.7,LOSS,STOP_HIT,24321.00,1035.00,2026-05-07 09:21:11
2026-01-07,2026-01-07 09:50:00,2026-01-07 09:50:00,OG,Backtest,AdxDiCrossBracketOG,OG_AdxDiCrossBracketOG,OG,NQ,NQ JUN26,LONG,1,26064.50,26079.75,300.64,296.28,59.3,WIN,TARGET_HIT,26047.25,345.00,2026-05-07 09:21:11
2026-01-13,2026-01-13 10:10:00,2026-01-13 10:15:00,OG,Backtest,AdxDiCrossBracketOG,OG_AdxDiCrossBracketOG,OG,NQ,NQ JUN26,SHORT,1,26137.25,26108.00,580.64,576.28,115.3,WIN,TARGET_HIT,26168.00,615.00,2026-05-07 09:21:11
2026-03-12,2026-03-12 11:50:00,2026-03-12 11:50:00,OG,Backtest,AdxDiCrossBracketOG,OG_AdxDiCrossBracketOG,OG,NQ,NQ JUN26,LONG,1,24898.75,24843.25,-1114.36,-1118.72,-223.7,LOSS,STOP_HIT,24844.50,1085.00,2026-05-07 09:21:11
2026-01-30,2026-01-30 10:55:00,2026-01-30 10:55:00,OG,Backtest,AdxDiCrossBracketOG,OG_AdxDiCrossBracketOG,OG,NQ,NQ JUN26,LONG,1,26118.00,26058.75,-1189.36,-1193.72,-238.7,LOSS,STOP_HIT,26060.00,1160.00,2026-05-07 09:21:11
2026-03-20,2026-03-20 11:30:00,2026-03-20 12:05:00,OG,Backtest,AdxDiCrossBracketOG,OG_AdxDiCrossBracketOG,OG,NQ,NQ JUN26,LONG,1,24275.00,24327.75,1050.64,1046.28,209.3,WIN,TARGET_HIT,24219.75,1105.00,2026-05-07 09:21:11
2026-03-02,2026-03-02 11:15:00,2026-03-02 11:20:00,OG,Backtest,AdxDiCrossBracketOG,OG_AdxDiCrossBracketOG,OG,NQ,NQ JUN26,LONG,1,25187.75,25180.00,-159.36,-163.72,-32.7,LOSS,STOP_HIT,25129.50,1165.00,2026-05-07 09:21:11
2026-04-07,2026-04-07 11:40:00,2026-04-07 12:00:00,OG,Backtest,AdxDiCrossBracketOG,OG_AdxDiCrossBracketOG,OG,NQ,NQ JUN26,LONG,1,24072.25,24117.50,900.64,896.28,179.3,WIN,TARGET_HIT,24025.00,945.00,2026-05-07 09:21:11
2026-03-17,2026-03-17 11:15:00,2026-03-17 11:20:00,OG,Backtest,AdxDiCrossBracketOG,OG_AdxDiCrossBracketOG,OG,NQ,NQ JUN26,SHORT,1,25019.75,25057.00,-749.36,-753.72,-150.7,LOSS,STOP_HIT,25056.25,730.00,2026-05-07 09:21:11
2026-01-12,2026-01-12 11:25:00,2026-01-12 11:35:00,OG,Backtest,AdxDiCrossBracketOG,OG_AdxDiCrossBracketOG,OG,NQ,NQ JUN26,LONG,1,26159.50,26149.25,-209.36,-213.72,-42.7,LOSS,STOP_HIT,26131.75,555.00,2026-05-07 09:21:11
2026-02-24,2026-02-24 10:15:00,2026-02-24 10:15:00,OG,Backtest,AdxDiCrossBracketOG,OG_AdxDiCrossBracketOG,OG,NQ,NQ JUN26,LONG,1,25110.00,25063.00,-944.36,-948.72,-189.7,LOSS,STOP_HIT,25064.25,915.00,2026-05-07 09:21:11
2026-01-28,2026-01-28 11:20:00,2026-01-28 11:25:00,OG,Backtest,AdxDiCrossBracketOG,OG_AdxDiCrossBracketOG,OG,NQ,NQ JUN26,LONG,1,26393.75,26378.25,-314.36,-318.72,-63.7,LOSS,STOP_HIT,26363.25,610.00,2026-05-07 09:21:11
2026-03-06,2026-03-06 11:10:00,2026-03-06 11:15:00,OG,Backtest,AdxDiCrossBracketOG,OG_AdxDiCrossBracketOG,OG,NQ,NQ JUN26,LONG,1,25102.25,25058.25,-884.36,-888.72,-177.7,LOSS,STOP_HIT,25038.75,1270.00,2026-05-07 09:21:11
2026-03-09,2026-03-09 10:45:00,2026-03-09 10:50:00,OG,Backtest,AdxDiCrossBracketOG,OG_AdxDiCrossBracketOG,OG,NQ,NQ JUN26,LONG,1,24692.75,24762.25,1385.64,1381.28,276.3,WIN,TARGET_HIT,24622.25,1410.00,2026-05-07 09:21:11
2026-01-30,2026-01-30 10:55:00,2026-01-30 10:55:00,OG,Backtest,AdxDiCrossBracketOG,OG_AdxDiCrossBracketOG,OG,NQ,NQ JUN26,LONG,1,26118.00,26058.75,-1189.36,-1193.72,-238.7,LOSS,STOP_HIT,26060.00,1160.00,2026-05-07 09:21:11
2026-01-06,2026-01-06 11:00:00,2026-01-06 11:05:00,OG,Backtest,AdxDiCrossBracketOG,OG_AdxDiCrossBracketOG,OG,NQ,NQ JUN26,SHORT,1,25908.50,25880.75,550.64,546.28,109.3,WIN,TARGET_HIT,25938.25,595.00,2026-05-07 09:21:11
2026-02-11,2026-02-11 11:20:00,2026-02-11 11:25:00,OG,Backtest,AdxDiCrossBracketOG,OG_AdxDiCrossBracketOG,OG,NQ,NQ JUN26,LONG,1,25468.75,25457.00,-239.36,-243.72,-48.7,LOSS,STOP_HIT,25406.75,1240.00,2026-05-07 09:21:11
2026-01-07,2026-01-07 09:50:00,2026-01-07 09:50:00,OG,Backtest,AdxDiCrossBracketOG,OG_AdxDiCrossBracketOG,OG,NQ,NQ JUN26,LONG,1,26064.50,26079.75,300.64,296.28,59.3,WIN,TARGET_HIT,26047.25,345.00,2026-05-07 09:21:11
2026-03-09,2026-03-09 10:45:00,2026-03-09 10:50:00,OG,Backtest,AdxDiCrossBracketOG,OG_AdxDiCrossBracketOG,OG,NQ,NQ JUN26,LONG,1,24692.75,24762.25,1385.64,1381.28,276.3,WIN,TARGET_HIT,24622.25,1410.00,2026-05-07 09:21:11
2026-01-20,2026-01-20 11:10:00,2026-01-20 11:15:00,OG,Backtest,AdxDiCrossBracketOG,OG_AdxDiCrossBracketOG,OG,NQ,NQ JUN26,LONG,1,25588.25,25600.25,235.64,231.28,46.3,WIN,STOP_HIT,25540.75,950.00,2026-05-07 09:21:11
2026-04-06,2026-04-06 11:05:00,2026-04-06 11:25:00,OG,Backtest,AdxDiCrossBracketOG,OG_AdxDiCrossBracketOG,OG,NQ,NQ JUN26,LONG,1,24307.50,24291.25,-329.36,-333.72,-66.7,LOSS,STOP_HIT,24255.50,1040.00,2026-05-07 09:21:11
2026-01-09,2026-01-09 09:55:00,2026-01-09 09:55:00,OG,Backtest,AdxDiCrossBracketOG,OG_AdxDiCrossBracketOG,OG,NQ,NQ JUN26,SHORT,1,25912.50,25949.00,-734.36,-738.72,-147.7,LOSS,STOP_HIT,25947.75,705.00,2026-05-07 09:21:11
2026-04-06,2026-04-06 11:35:00,2026-04-06 11:50:00,OG,Backtest,AdxDiCrossBracketOG,OG_AdxDiCrossBracketOG,OG,NQ,NQ JUN26,SHORT,1,24280.00,24294.25,-289.36,-293.72,-58.7,LOSS,STOP_HIT,24325.50,910.00,2026-05-07 09:21:11
2026-03-25,2026-03-25 11:20:00,2026-03-25 11:20:00,OG,Backtest,AdxDiCrossBracketOG,OG_AdxDiCrossBracketOG,OG,NQ,NQ JUN26,SHORT,1,24385.25,24336.50,970.64,966.28,193.3,WIN,TARGET_HIT,24438.00,1055.00,2026-05-07 09:21:12
2026-04-07,2026-04-07 11:40:00,2026-04-07 12:00:00,OG,Backtest,AdxDiCrossBracketOG,OG_AdxDiCrossBracketOG,OG,NQ,NQ JUN26,LONG,1,24072.25,24117.50,900.64,896.28,179.3,WIN,TARGET_HIT,24025.00,945.00,2026-05-07 09:21:12
2026-03-19,2026-03-19 11:15:00,2026-03-19 11:25:00,OG,Backtest,AdxDiCrossBracketOG,OG_AdxDiCrossBracketOG,OG,NQ,NQ JUN26,LONG,1,24531.00,24485.50,-914.36,-918.72,-183.7,LOSS,STOP_HIT,24473.00,1160.00,2026-05-07 09:21:12
2026-04-06,2026-04-06 11:05:00,2026-04-06 11:25:00,OG,Backtest,AdxDiCrossBracketOG,OG_AdxDiCrossBracketOG,OG,NQ,NQ JUN26,LONG,1,24307.50,24291.25,-329.36,-333.72,-66.7,LOSS,STOP_HIT,24255.50,1040.00,2026-05-07 09:21:12
2026-02-13,2026-02-13 10:35:00,2026-02-13 10:35:00,OG,Backtest,AdxDiCrossBracketOG,OG_AdxDiCrossBracketOG,OG,NQ,NQ JUN26,LONG,1,25058.75,25127.00,1360.64,1356.28,271.3,WIN,TARGET_HIT,24987.50,1425.00,2026-05-07 09:21:12
2026-04-06,2026-04-06 10:55:00,2026-04-06 11:00:00,OG,Backtest,AdxDiCrossBracketOG,OG_AdxDiCrossBracketOG,OG,NQ,NQ JUN26,SHORT,1,24269.25,24322.25,-1064.36,-1068.72,-213.7,LOSS,STOP_HIT,24321.00,1035.00,2026-05-07 09:21:12
2026-03-03,2026-03-03 11:25:00,2026-03-03 11:40:00,OG,Backtest,AdxDiCrossBracketOG,OG_AdxDiCrossBracketOG,OG,NQ,NQ JUN26,LONG,1,24795.25,24816.50,420.64,416.28,83.3,WIN,STOP_HIT,24724.00,1425.00,2026-05-07 09:21:12
2026-02-17,2026-02-17 11:10:00,2026-02-17 11:10:00,OG,Backtest,AdxDiCrossBracketOG,OG_AdxDiCrossBracketOG,OG,NQ,NQ JUN26,LONG,1,24862.00,24927.25,1300.64,1296.28,259.3,WIN,TARGET_HIT,24793.75,1365.00,2026-05-07 09:21:12
2026-02-17,2026-02-17 11:10:00,2026-02-17 11:10:00,OG,Backtest,AdxDiCrossBracketOG,OG_AdxDiCrossBracketOG,OG,NQ,NQ JUN26,LONG,1,24862.00,24927.25,1300.64,1296.28,259.3,WIN,TARGET_HIT,24793.75,1365.00,2026-05-07 09:21:12
2026-01-16,2026-01-16 11:30:00,2026-01-16 11:35:00,OG,Backtest,AdxDiCrossBracketOG,OG_AdxDiCrossBracketOG,OG,NQ,NQ JUN26,LONG,1,25912.25,25924.50,240.64,236.28,47.3,WIN,STOP_HIT,25874.75,750.00,2026-05-07 09:21:12
2026-01-07,2026-01-07 10:10:00,2026-01-07 10:10:00,OG,Backtest,AdxDiCrossBracketOG,OG_AdxDiCrossBracketOG,OG,NQ,NQ JUN26,SHORT,1,26050.00,26073.50,-474.36,-478.72,-95.7,LOSS,STOP_HIT,26072.25,445.00,2026-05-07 09:21:12
2026-01-09,2026-01-09 09:55:00,2026-01-09 09:55:00,OG,Backtest,AdxDiCrossBracketOG,OG_AdxDiCrossBracketOG,OG,NQ,NQ JUN26,SHORT,1,25912.50,25949.00,-734.36,-738.72,-147.7,LOSS,STOP_HIT,25947.75,705.00,2026-05-07 09:21:12
2026-04-06,2026-04-06 11:35:00,2026-04-06 11:50:00,OG,Backtest,AdxDiCrossBracketOG,OG_AdxDiCrossBracketOG,OG,NQ,NQ JUN26,SHORT,1,24280.00,24294.25,-289.36,-293.72,-58.7,LOSS,STOP_HIT,24325.50,910.00,2026-05-07 09:21:12
2026-02-24,2026-02-24 10:15:00,2026-02-24 10:15:00,OG,Backtest,AdxDiCrossBracketOG,OG_AdxDiCrossBracketOG,OG,NQ,NQ JUN26,LONG,1,25110.00,25063.00,-944.36,-948.72,-189.7,LOSS,STOP_HIT,25064.25,915.00,2026-05-07 09:21:12
2026-03-24,2026-03-24 11:00:00,2026-03-24 11:00:00,OG,Backtest,AdxDiCrossBracketOG,OG_AdxDiCrossBracketOG,OG,NQ,NQ JUN26,LONG,1,24282.25,24217.00,-1309.36,-1313.72,-262.7,LOSS,STOP_HIT,24218.25,1280.00,2026-05-07 09:21:12
2026-03-13,2026-03-13 10:50:00,2026-03-13 10:50:00,OG,Backtest,AdxDiCrossBracketOG,OG_AdxDiCrossBracketOG,OG,NQ,NQ JUN26,SHORT,1,24804.25,24755.00,980.64,976.28,195.3,WIN,TARGET_HIT,24853.50,985.00,2026-05-07 09:21:12
2026-01-23,2026-01-23 10:10:00,2026-01-23 10:15:00,OG,Backtest,AdxDiCrossBracketOG,OG_AdxDiCrossBracketOG,OG,NQ,NQ JUN26,LONG,1,25921.75,25885.00,-739.36,-743.72,-148.7,LOSS,STOP_HIT,25885.50,725.00,2026-05-07 09:21:12
2026-01-09,2026-01-09 10:15:00,2026-01-09 10:15:00,OG,Backtest,AdxDiCrossBracketOG,OG_AdxDiCrossBracketOG,OG,NQ,NQ JUN26,SHORT,1,25849.75,25897.00,-949.36,-953.72,-190.7,LOSS,STOP_HIT,25895.75,920.00,2026-05-07 09:21:12
2026-03-17,2026-03-17 11:15:00,2026-03-17 11:20:00,OG,Backtest,AdxDiCrossBracketOG,OG_AdxDiCrossBracketOG,OG,NQ,NQ JUN26,SHORT,1,25019.75,25057.00,-749.36,-753.72,-150.7,LOSS,STOP_HIT,25056.25,730.00,2026-05-07 09:21:12
2026-01-06,2026-01-06 11:00:00,2026-01-06 11:05:00,OG,Backtest,AdxDiCrossBracketOG,OG_AdxDiCrossBracketOG,OG,NQ,NQ JUN26,SHORT,1,25908.50,25880.75,550.64,546.28,109.3,WIN,TARGET_HIT,25938.25,595.00,2026-05-07 09:21:12
2026-01-13,2026-01-13 10:10:00,2026-01-13 10:15:00,OG,Backtest,AdxDiCrossBracketOG,OG_AdxDiCrossBracketOG,OG,NQ,NQ JUN26,SHORT,1,26137.25,26108.00,580.64,576.28,115.3,WIN,TARGET_HIT,26168.00,615.00,2026-05-07 09:21:12
2026-01-28,2026-01-28 11:20:00,2026-01-28 11:25:00,OG,Backtest,AdxDiCrossBracketOG,OG_AdxDiCrossBracketOG,OG,NQ,NQ JUN26,LONG,1,26393.75,26378.25,-314.36,-318.72,-63.7,LOSS,STOP_HIT,26363.25,610.00,2026-05-07 09:21:12
2026-03-09,2026-03-09 10:45:00,2026-03-09 10:50:00,OG,Backtest,AdxDiCrossBracketOG,OG_AdxDiCrossBracketOG,OG,NQ,NQ JUN26,LONG,1,24692.75,24762.25,1385.64,1381.28,276.3,WIN,TARGET_HIT,24622.25,1410.00,2026-05-07 09:21:12
2026-04-06,2026-04-06 10:55:00,2026-04-06 11:00:00,OG,Backtest,AdxDiCrossBracketOG,OG_AdxDiCrossBracketOG,OG,NQ,NQ JUN26,SHORT,1,24269.25,24322.25,-1064.36,-1068.72,-213.7,LOSS,STOP_HIT,24321.00,1035.00,2026-05-07 09:21:12
2026-03-20,2026-03-20 11:30:00,2026-03-20 12:05:00,OG,Backtest,AdxDiCrossBracketOG,OG_AdxDiCrossBracketOG,OG,NQ,NQ JUN26,LONG,1,24275.00,24327.75,1050.64,1046.28,209.3,WIN,TARGET_HIT,24219.75,1105.00,2026-05-07 09:21:12
2026-04-06,2026-04-06 11:05:00,2026-04-06 11:25:00,OG,Backtest,AdxDiCrossBracketOG,OG_AdxDiCrossBracketOG,OG,NQ,NQ JUN26,LONG,1,24307.50,24290.75,-339.36,-343.72,-68.7,LOSS,STOP_HIT,24255.50,1040.00,2026-05-07 09:21:12
2026-01-07,2026-01-07 10:10:00,2026-01-07 10:10:00,OG,Backtest,AdxDiCrossBracketOG,OG_AdxDiCrossBracketOG,OG,NQ,NQ JUN26,SHORT,1,26050.00,26073.50,-474.36,-478.72,-95.7,LOSS,STOP_HIT,26072.25,445.00,2026-05-07 09:21:12
2026-01-06,2026-01-06 11:00:00,2026-01-06 11:05:00,OG,Backtest,AdxDiCrossBracketOG,OG_AdxDiCrossBracketOG,OG,NQ,NQ JUN26,SHORT,1,25908.50,25880.75,550.64,546.28,109.3,WIN,TARGET_HIT,25938.25,595.00,2026-05-07 09:21:12
2026-01-20,2026-01-20 11:10:00,2026-01-20 11:15:00,OG,Backtest,AdxDiCrossBracketOG,OG_AdxDiCrossBracketOG,OG,NQ,NQ JUN26,LONG,1,25588.25,25600.25,235.64,231.28,46.3,WIN,STOP_HIT,25540.75,950.00,2026-05-07 09:21:12
2026-01-07,2026-01-07 09:50:00,2026-01-07 09:50:00,OG,Backtest,AdxDiCrossBracketOG,OG_AdxDiCrossBracketOG,OG,NQ,NQ JUN26,LONG,1,26064.50,26079.75,300.64,296.28,59.3,WIN,TARGET_HIT,26047.25,345.00,2026-05-07 09:21:12
2026-01-06,2026-01-06 11:00:00,2026-01-06 11:05:00,OG,Backtest,AdxDiCrossBracketOG,OG_AdxDiCrossBracketOG,OG,NQ,NQ JUN26,SHORT,1,25908.50,25880.75,550.64,546.28,109.3,WIN,TARGET_HIT,25938.25,595.00,2026-05-07 09:21:12
2026-01-09,2026-01-09 09:45:00,2026-01-09 09:50:00,OG,Backtest,AdxDiCrossBracketOG,OG_AdxDiCrossBracketOG,OG,NQ,NQ JUN26,LONG,1,25965.75,25936.75,-584.36,-588.72,-117.7,LOSS,STOP_HIT,25938.00,555.00,2026-05-07 09:21:12
2026-01-21,2026-01-21 11:45:00,2026-01-21 11:45:00,OG,Backtest,AdxDiCrossBracketOG,OG_AdxDiCrossBracketOG,OG,NQ,NQ JUN26,SHORT,1,25543.00,25505.75,740.64,736.28,147.3,WIN,TARGET_HIT,25582.25,785.00,2026-05-07 09:21:12
2026-01-07,2026-01-07 09:50:00,2026-01-07 09:50:00,OG,Backtest,AdxDiCrossBracketOG,OG_AdxDiCrossBracketOG,OG,NQ,NQ JUN26,LONG,1,26064.50,26079.75,300.64,296.28,59.3,WIN,TARGET_HIT,26047.25,345.00,2026-05-07 09:21:12
2026-01-07,2026-01-07 09:50:00,2026-01-07 09:50:00,OG,Backtest,AdxDiCrossBracketOG,OG_AdxDiCrossBracketOG,OG,NQ,NQ JUN26,LONG,1,26064.50,26079.75,300.64,296.28,59.3,WIN,TARGET_HIT,26047.25,345.00,2026-05-07 09:21:12
2026-02-11,2026-02-11 11:20:00,2026-02-11 11:25:00,OG,Backtest,AdxDiCrossBracketOG,OG_AdxDiCrossBracketOG,OG,NQ,NQ JUN26,LONG,1,25468.75,25457.00,-239.36,-243.72,-48.7,LOSS,STOP_HIT,25406.75,1240.00,2026-05-07 09:21:12
2026-01-09,2026-01-09 09:55:00,2026-01-09 09:55:00,OG,Backtest,AdxDiCrossBracketOG,OG_AdxDiCrossBracketOG,OG,NQ,NQ JUN26,SHORT,1,25912.50,25949.00,-734.36,-738.72,-147.7,LOSS,STOP_HIT,25947.75,705.00,2026-05-07 09:21:12
2026-01-09,2026-01-09 10:10:00,2026-01-09 10:10:00,OG,Backtest,AdxDiCrossBracketOG,OG_AdxDiCrossBracketOG,OG,NQ,NQ JUN26,LONG,1,25922.50,25881.00,-834.36,-838.72,-167.7,LOSS,STOP_HIT,25882.25,805.00,2026-05-07 09:21:12
2026-01-09,2026-01-09 09:55:00,2026-01-09 09:55:00,OG,Backtest,AdxDiCrossBracketOG,OG_AdxDiCrossBracketOG,OG,NQ,NQ JUN26,SHORT,1,25912.50,25949.00,-734.36,-738.72,-147.7,LOSS,STOP_HIT,25947.75,705.00,2026-05-07 09:21:12
2026-01-09,2026-01-09 09:55:00,2026-01-09 09:55:00,OG,Backtest,AdxDiCrossBracketOG,OG_AdxDiCrossBracketOG,OG,NQ,NQ JUN26,SHORT,1,25912.50,25949.00,-734.36,-738.72,-147.7,LOSS,STOP_HIT,25947.75,705.00,2026-05-07 09:21:12
2026-02-13,2026-02-13 10:50:00,2026-02-13 11:05:00,OG,Backtest,AdxDiCrossBracketOG,OG_AdxDiCrossBracketOG,OG,NQ,NQ JUN26,SHORT,1,24982.25,25021.00,-779.36,-783.72,-156.7,LOSS,STOP_HIT,25055.00,1455.00,2026-05-07 09:21:12
2026-02-05,2026-02-05 11:40:00,2026-02-05 11:50:00,OG,Backtest,AdxDiCrossBracketOG,OG_AdxDiCrossBracketOG,OG,NQ,NQ JUN26,LONG,1,25026.25,24991.50,-699.36,-703.72,-140.7,LOSS,STOP_HIT,24938.00,1765.00,2026-05-07 09:21:12
2026-02-17,2026-02-17 11:10:00,2026-02-17 11:10:00,OG,Backtest,AdxDiCrossBracketOG,OG_AdxDiCrossBracketOG,OG,NQ,NQ JUN26,LONG,1,24862.00,24927.25,1300.64,1296.28,259.3,WIN,TARGET_HIT,24793.75,1365.00,2026-05-07 09:21:12
2026-01-21,2026-01-21 11:45:00,2026-01-21 11:45:00,OG,Backtest,AdxDiCrossBracketOG,OG_AdxDiCrossBracketOG,OG,NQ,NQ JUN26,SHORT,1,25543.00,25505.75,740.64,736.28,147.3,WIN,TARGET_HIT,25582.25,785.00,2026-05-07 09:21:12
2026-04-06,2026-04-06 11:05:00,2026-04-06 11:25:00,OG,Backtest,AdxDiCrossBracketOG,OG_AdxDiCrossBracketOG,OG,NQ,NQ JUN26,LONG,1,24307.50,24290.75,-339.36,-343.72,-68.7,LOSS,STOP_HIT,24255.50,1040.00,2026-05-07 09:21:12
2026-01-13,2026-01-13 10:10:00,2026-01-13 10:15:00,OG,Backtest,AdxDiCrossBracketOG,OG_AdxDiCrossBracketOG,OG,NQ,NQ JUN26,SHORT,1,26137.25,26108.00,580.64,576.28,115.3,WIN,TARGET_HIT,26168.00,615.00,2026-05-07 09:21:12
2026-02-11,2026-02-11 10:20:00,2026-02-11 10:20:00,OG,Backtest,AdxDiCrossBracketOG,OG_AdxDiCrossBracketOG,OG,NQ,NQ JUN26,SHORT,1,25395.25,25345.50,990.64,986.28,197.3,WIN,TARGET_HIT,25448.50,1065.00,2026-05-07 09:21:12
2026-02-11,2026-02-11 11:05:00,2026-02-11 11:10:00,OG,Backtest,AdxDiCrossBracketOG,OG_AdxDiCrossBracketOG,OG,NQ,NQ JUN26,LONG,1,25454.25,25417.50,-739.36,-743.72,-148.7,LOSS,STOP_HIT,25393.00,1225.00,2026-05-07 09:21:12
2026-03-27,2026-03-27 11:40:00,2026-03-27 11:45:00,OG,Backtest,AdxDiCrossBracketOG,OG_AdxDiCrossBracketOG,OG,NQ,NQ JUN26,LONG,1,23597.75,23540.25,-1154.36,-1158.72,-231.7,LOSS,STOP_HIT,23541.50,1125.00,2026-05-07 09:21:12
2026-01-28,2026-01-28 11:20:00,2026-01-28 11:25:00,OG,Backtest,AdxDiCrossBracketOG,OG_AdxDiCrossBracketOG,OG,NQ,NQ JUN26,LONG,1,26393.75,26378.25,-314.36,-318.72,-63.7,LOSS,STOP_HIT,26363.25,610.00,2026-05-07 09:21:12
2026-01-21,2026-01-21 11:45:00,2026-01-21 11:45:00,OG,Backtest,AdxDiCrossBracketOG,OG_AdxDiCrossBracketOG,OG,NQ,NQ JUN26,SHORT,1,25543.00,25505.75,740.64,736.28,147.3,WIN,TARGET_HIT,25582.25,785.00,2026-05-07 09:21:12
2026-04-10,2026-04-10 11:45:00,2026-04-10 12:00:00,OG,Backtest,AdxDiCrossBracketOG,OG_AdxDiCrossBracketOG,OG,NQ,NQ JUN26,SHORT,1,25300.75,25269.75,615.64,611.28,122.3,WIN,TARGET_HIT,25334.25,670.00,2026-05-07 09:21:12
2026-04-02,2026-04-02 10:45:00,2026-04-02 10:45:00,OG,Backtest,AdxDiCrossBracketOG,OG_AdxDiCrossBracketOG,OG,NQ,NQ JUN26,LONG,1,24211.00,24133.25,-1559.36,-1563.72,-312.7,LOSS,STOP_HIT,24134.50,1530.00,2026-05-07 09:21:12
2026-01-20,2026-01-20 11:10:00,2026-01-20 11:15:00,OG,Backtest,AdxDiCrossBracketOG,OG_AdxDiCrossBracketOG,OG,NQ,NQ JUN26,LONG,1,25588.25,25600.25,235.64,231.28,46.3,WIN,STOP_HIT,25540.75,950.00,2026-05-07 09:21:12
2026-01-07,2026-01-07 09:50:00,2026-01-07 09:50:00,OG,Backtest,AdxDiCrossBracketOG,OG_AdxDiCrossBracketOG,OG,NQ,NQ JUN26,LONG,1,26064.50,26079.75,300.64,296.28,59.3,WIN,TARGET_HIT,26047.25,345.00,2026-05-07 09:21:12
2026-04-06,2026-04-06 10:55:00,2026-04-06 11:00:00,OG,Backtest,AdxDiCrossBracketOG,OG_AdxDiCrossBracketOG,OG,NQ,NQ JUN26,SHORT,1,24269.25,24322.25,-1064.36,-1068.72,-213.7,LOSS,STOP_HIT,24321.00,1035.00,2026-05-07 09:21:12
2026-01-16,2026-01-16 11:30:00,2026-01-16 11:35:00,OG,Backtest,AdxDiCrossBracketOG,OG_AdxDiCrossBracketOG,OG,NQ,NQ JUN26,LONG,1,25912.25,25924.50,240.64,236.28,47.3,WIN,STOP_HIT,25874.75,750.00,2026-05-07 09:21:12
2026-01-20,2026-01-20 11:10:00,2026-01-20 11:15:00,OG,Backtest,AdxDiCrossBracketOG,OG_AdxDiCrossBracketOG,OG,NQ,NQ JUN26,LONG,1,25588.25,25600.25,235.64,231.28,46.3,WIN,STOP_HIT,25540.75,950.00,2026-05-07 09:21:12
2026-02-03,2026-02-03 09:50:00,2026-02-03 09:50:00,OG,Backtest,AdxDiCrossBracketOG,OG_AdxDiCrossBracketOG,OG,NQ,NQ JUN26,SHORT,1,25960.00,25999.25,-789.36,-793.72,-158.7,LOSS,STOP_HIT,25998.00,760.00,2026-05-07 09:21:12
2026-01-28,2026-01-28 10:55:00,2026-01-28 11:15:00,OG,Backtest,AdxDiCrossBracketOG,OG_AdxDiCrossBracketOG,OG,NQ,NQ JUN26,SHORT,1,26394.50,26407.00,-254.36,-258.72,-51.7,LOSS,STOP_HIT,26429.00,690.00,2026-05-07 09:21:12
2026-01-09,2026-01-09 09:55:00,2026-01-09 09:55:00,OG,Backtest,AdxDiCrossBracketOG,OG_AdxDiCrossBracketOG,OG,NQ,NQ JUN26,SHORT,1,25912.50,25949.00,-734.36,-738.72,-147.7,LOSS,STOP_HIT,25947.75,705.00,2026-05-07 09:21:12
2026-02-13,2026-02-13 10:50:00,2026-02-13 11:05:00,OG,Backtest,AdxDiCrossBracketOG,OG_AdxDiCrossBracketOG,OG,NQ,NQ JUN26,SHORT,1,24982.25,25021.00,-779.36,-783.72,-156.7,LOSS,STOP_HIT,25055.00,1455.00,2026-05-07 09:21:12
2026-02-11,2026-02-11 11:05:00,2026-02-11 11:10:00,OG,Backtest,AdxDiCrossBracketOG,OG_AdxDiCrossBracketOG,OG,NQ,NQ JUN26,LONG,1,25454.25,25417.50,-739.36,-743.72,-148.7,LOSS,STOP_HIT,25393.00,1225.00,2026-05-07 09:21:12
2026-01-28,2026-01-28 11:20:00,2026-01-28 11:25:00,OG,Backtest,AdxDiCrossBracketOG,OG_AdxDiCrossBracketOG,OG,NQ,NQ JUN26,LONG,1,26393.75,26378.25,-314.36,-318.72,-63.7,LOSS,STOP_HIT,26363.25,610.00,2026-05-07 09:21:12
2026-02-24,2026-02-24 10:15:00,2026-02-24 10:15:00,OG,Backtest,AdxDiCrossBracketOG,OG_AdxDiCrossBracketOG,OG,NQ,NQ JUN26,LONG,1,25110.00,25063.00,-944.36,-948.72,-189.7,LOSS,STOP_HIT,25064.25,915.00,2026-05-07 09:21:12
2026-01-28,2026-01-28 11:20:00,2026-01-28 11:25:00,OG,Backtest,AdxDiCrossBracketOG,OG_AdxDiCrossBracketOG,OG,NQ,NQ JUN26,LONG,1,26393.75,26378.25,-314.36,-318.72,-63.7,LOSS,STOP_HIT,26363.25,610.00,2026-05-07 09:21:12
2026-01-30,2026-01-30 10:55:00,2026-01-30 10:55:00,OG,Backtest,AdxDiCrossBracketOG,OG_AdxDiCrossBracketOG,OG,NQ,NQ JUN26,LONG,1,26118.00,26058.75,-1189.36,-1193.72,-238.7,LOSS,STOP_HIT,26060.00,1160.00,2026-05-07 09:21:12
2026-01-30,2026-01-30 10:55:00,2026-01-30 10:55:00,OG,Backtest,AdxDiCrossBracketOG,OG_AdxDiCrossBracketOG,OG,NQ,NQ JUN26,LONG,1,26118.00,26058.75,-1189.36,-1193.72,-238.7,LOSS,STOP_HIT,26060.00,1160.00,2026-05-07 09:21:12
2026-02-11,2026-02-11 11:20:00,2026-02-11 11:25:00,OG,Backtest,AdxDiCrossBracketOG,OG_AdxDiCrossBracketOG,OG,NQ,NQ JUN26,LONG,1,25468.75,25457.00,-239.36,-243.72,-48.7,LOSS,STOP_HIT,25406.75,1240.00,2026-05-07 09:21:12
2026-02-10,2026-02-10 09:45:00,2026-02-10 09:45:00,OG,Backtest,AdxDiCrossBracketOG,OG_AdxDiCrossBracketOG,OG,NQ,NQ JUN26,SHORT,1,25534.50,25512.25,440.64,436.28,87.3,WIN,TARGET_HIT,25559.75,505.00,2026-05-07 09:21:12
2026-01-30,2026-01-30 11:00:00,2026-01-30 11:10:00,OG,Backtest,AdxDiCrossBracketOG,OG_AdxDiCrossBracketOG,OG,NQ,NQ JUN26,SHORT,1,26071.50,26048.25,460.64,456.28,91.3,WIN,STOP_HIT,26129.00,1150.00,2026-05-07 09:21:12
2026-01-20,2026-01-20 10:50:00,2026-01-20 10:55:00,OG,Backtest,AdxDiCrossBracketOG,OG_AdxDiCrossBracketOG,OG,NQ,NQ JUN26,LONG,1,25598.75,25558.75,-804.36,-808.72,-161.7,LOSS,STOP_HIT,25550.75,960.00,2026-05-07 09:21:12
2026-01-09,2026-01-09 10:15:00,2026-01-09 10:15:00,OG,Backtest,AdxDiCrossBracketOG,OG_AdxDiCrossBracketOG,OG,NQ,NQ JUN26,SHORT,1,25849.75,25897.00,-949.36,-953.72,-190.7,LOSS,STOP_HIT,25895.75,920.00,2026-05-07 09:21:12
2026-02-11,2026-02-11 11:05:00,2026-02-11 11:10:00,OG,Backtest,AdxDiCrossBracketOG,OG_AdxDiCrossBracketOG,OG,NQ,NQ JUN26,LONG,1,25454.25,25417.50,-739.36,-743.72,-148.7,LOSS,STOP_HIT,25393.00,1225.00,2026-05-07 09:21:12
2026-02-13,2026-02-13 10:35:00,2026-02-13 10:35:00,OG,Backtest,AdxDiCrossBracketOG,OG_AdxDiCrossBracketOG,OG,NQ,NQ JUN26,LONG,1,25058.75,25127.00,1360.64,1356.28,271.3,WIN,TARGET_HIT,24987.50,1425.00,2026-05-07 09:21:12
2026-03-09,2026-03-09 10:45:00,2026-03-09 10:50:00,OG,Backtest,AdxDiCrossBracketOG,OG_AdxDiCrossBracketOG,OG,NQ,NQ JUN26,LONG,1,24692.75,24762.25,1385.64,1381.28,276.3,WIN,TARGET_HIT,24622.25,1410.00,2026-05-07 09:21:12
2026-03-12,2026-03-12 11:50:00,2026-03-12 11:50:00,OG,Backtest,AdxDiCrossBracketOG,OG_AdxDiCrossBracketOG,OG,NQ,NQ JUN26,LONG,1,24898.75,24843.25,-1114.36,-1118.72,-223.7,LOSS,STOP_HIT,24844.50,1085.00,2026-05-07 09:21:12
2026-01-12,2026-01-12 11:25:00,2026-01-12 11:35:00,OG,Backtest,AdxDiCrossBracketOG,OG_AdxDiCrossBracketOG,OG,NQ,NQ JUN26,LONG,1,26159.50,26149.25,-209.36,-213.72,-42.7,LOSS,STOP_HIT,26131.75,555.00,2026-05-07 09:21:12
2026-03-13,2026-03-13 10:50:00,2026-03-13 10:50:00,OG,Backtest,AdxDiCrossBracketOG,OG_AdxDiCrossBracketOG,OG,NQ,NQ JUN26,SHORT,1,24804.25,24755.00,980.64,976.28,195.3,WIN,TARGET_HIT,24853.50,985.00,2026-05-07 09:21:12
2026-01-20,2026-01-20 10:50:00,2026-01-20 10:55:00,OG,Backtest,AdxDiCrossBracketOG,OG_AdxDiCrossBracketOG,OG,NQ,NQ JUN26,LONG,1,25598.75,25558.75,-804.36,-808.72,-161.7,LOSS,STOP_HIT,25550.75,960.00,2026-05-07 09:21:12
2026-02-24,2026-02-24 10:15:00,2026-02-24 10:15:00,OG,Backtest,AdxDiCrossBracketOG,OG_AdxDiCrossBracketOG,OG,NQ,NQ JUN26,LONG,1,25110.00,25063.00,-944.36,-948.72,-189.7,LOSS,STOP_HIT,25064.25,915.00,2026-05-07 09:21:12
2026-01-13,2026-01-13 10:10:00,2026-01-13 10:15:00,OG,Backtest,AdxDiCrossBracketOG,OG_AdxDiCrossBracketOG,OG,NQ,NQ JUN26,SHORT,1,26137.25,26108.00,580.64,576.28,115.3,WIN,TARGET_HIT,26168.00,615.00,2026-05-07 09:21:12
2026-03-09,2026-03-09 10:45:00,2026-03-09 10:50:00,OG,Backtest,AdxDiCrossBracketOG,OG_AdxDiCrossBracketOG,OG,NQ,NQ JUN26,LONG,1,24692.75,24762.25,1385.64,1381.28,276.3,WIN,TARGET_HIT,24622.25,1410.00,2026-05-07 09:21:12
2026-02-11,2026-02-11 11:20:00,2026-02-11 11:25:00,OG,Backtest,AdxDiCrossBracketOG,OG_AdxDiCrossBracketOG,OG,NQ,NQ JUN26,LONG,1,25468.75,25457.00,-239.36,-243.72,-48.7,LOSS,STOP_HIT,25406.75,1240.00,2026-05-07 09:21:12
2026-01-09,2026-01-09 09:45:00,2026-01-09 09:50:00,OG,Backtest,AdxDiCrossBracketOG,OG_AdxDiCrossBracketOG,OG,NQ,NQ JUN26,LONG,1,25965.75,25936.75,-584.36,-588.72,-117.7,LOSS,STOP_HIT,25938.00,555.00,2026-05-07 09:21:12
2026-02-24,2026-02-24 09:50:00,2026-02-24 09:50:00,OG,Backtest,AdxDiCrossBracketOG,OG_AdxDiCrossBracketOG,OG,NQ,NQ JUN26,LONG,1,25121.25,25157.50,720.64,716.28,143.3,WIN,TARGET_HIT,25081.50,795.00,2026-05-07 09:21:12
2026-03-20,2026-03-20 11:30:00,2026-03-20 12:05:00,OG,Backtest,AdxDiCrossBracketOG,OG_AdxDiCrossBracketOG,OG,NQ,NQ JUN26,LONG,1,24275.00,24327.75,1050.64,1046.28,209.3,WIN,TARGET_HIT,24219.75,1105.00,2026-05-07 09:21:12
2026-03-09,2026-03-09 10:45:00,2026-03-09 10:50:00,OG,Backtest,AdxDiCrossBracketOG,OG_AdxDiCrossBracketOG,OG,NQ,NQ JUN26,LONG,1,24692.75,24762.25,1385.64,1381.28,276.3,WIN,TARGET_HIT,24622.25,1410.00,2026-05-07 09:21:12
2026-02-10,2026-02-10 09:45:00,2026-02-10 09:45:00,OG,Backtest,AdxDiCrossBracketOG,OG_AdxDiCrossBracketOG,OG,NQ,NQ JUN26,SHORT,1,25534.50,25512.25,440.64,436.28,87.3,WIN,TARGET_HIT,25559.75,505.00,2026-05-07 09:21:12
2026-03-12,2026-03-12 11:50:00,2026-03-12 11:50:00,OG,Backtest,AdxDiCrossBracketOG,OG_AdxDiCrossBracketOG,OG,NQ,NQ JUN26,LONG,1,24898.75,24843.25,-1114.36,-1118.72,-223.7,LOSS,STOP_HIT,24844.50,1085.00,2026-05-07 09:21:12
2026-03-19,2026-03-19 11:15:00,2026-03-19 11:25:00,OG,Backtest,AdxDiCrossBracketOG,OG_AdxDiCrossBracketOG,OG,NQ,NQ JUN26,LONG,1,24531.00,24485.50,-914.36,-918.72,-183.7,LOSS,STOP_HIT,24473.00,1160.00,2026-05-07 09:21:12
2026-03-25,2026-03-25 11:20:00,2026-03-25 11:20:00,OG,Backtest,AdxDiCrossBracketOG,OG_AdxDiCrossBracketOG,OG,NQ,NQ JUN26,SHORT,1,24385.25,24336.50,970.64,966.28,193.3,WIN,TARGET_HIT,24438.00,1055.00,2026-05-07 09:21:12
2026-03-17,2026-03-17 11:15:00,2026-03-17 11:20:00,OG,Backtest,AdxDiCrossBracketOG,OG_AdxDiCrossBracketOG,OG,NQ,NQ JUN26,SHORT,1,25019.75,25057.00,-749.36,-753.72,-150.7,LOSS,STOP_HIT,25056.25,730.00,2026-05-07 09:21:12
2026-03-17,2026-03-17 11:15:00,2026-03-17 11:20:00,OG,Backtest,AdxDiCrossBracketOG,OG_AdxDiCrossBracketOG,OG,NQ,NQ JUN26,SHORT,1,25019.75,25057.00,-749.36,-753.72,-150.7,LOSS,STOP_HIT,25056.25,730.00,2026-05-07 09:21:12
2026-03-20,2026-03-20 11:30:00,2026-03-20 12:05:00,OG,Backtest,AdxDiCrossBracketOG,OG_AdxDiCrossBracketOG,OG,NQ,NQ JUN26,LONG,1,24275.00,24327.75,1050.64,1046.28,209.3,WIN,TARGET_HIT,24219.75,1105.00,2026-05-07 09:21:12
2026-03-27,2026-03-27 11:40:00,2026-03-27 11:45:00,OG,Backtest,AdxDiCrossBracketOG,OG_AdxDiCrossBracketOG,OG,NQ,NQ JUN26,LONG,1,23597.75,23540.25,-1154.36,-1158.72,-231.7,LOSS,STOP_HIT,23541.50,1125.00,2026-05-07 09:21:12
2026-04-06,2026-04-06 10:55:00,2026-04-06 11:00:00,OG,Backtest,AdxDiCrossBracketOG,OG_AdxDiCrossBracketOG,OG,NQ,NQ JUN26,SHORT,1,24269.25,24322.25,-1064.36,-1068.72,-213.7,LOSS,STOP_HIT,24321.00,1035.00,2026-05-07 09:21:12
2026-03-09,2026-03-09 10:45:00,2026-03-09 10:50:00,OG,Backtest,AdxDiCrossBracketOG,OG_AdxDiCrossBracketOG,OG,NQ,NQ JUN26,LONG,1,24692.75,24762.25,1385.64,1381.28,276.3,WIN,TARGET_HIT,24622.25,1410.00,2026-05-07 09:21:12
2026-01-13,2026-01-13 10:10:00,2026-01-13 10:15:00,OG,Backtest,AdxDiCrossBracketOG,OG_AdxDiCrossBracketOG,OG,NQ,NQ JUN26,SHORT,1,26137.25,26108.00,580.64,576.28,115.3,WIN,TARGET_HIT,26168.00,615.00,2026-05-07 09:21:12
2026-03-24,2026-03-24 11:00:00,2026-03-24 11:00:00,OG,Backtest,AdxDiCrossBracketOG,OG_AdxDiCrossBracketOG,OG,NQ,NQ JUN26,LONG,1,24282.25,24217.00,-1309.36,-1313.72,-262.7,LOSS,STOP_HIT,24218.25,1280.00,2026-05-07 09:21:12
2026-04-06,2026-04-06 11:35:00,2026-04-06 11:50:00,OG,Backtest,AdxDiCrossBracketOG,OG_AdxDiCrossBracketOG,OG,NQ,NQ JUN26,SHORT,1,24280.00,24294.25,-289.36,-293.72,-58.7,LOSS,STOP_HIT,24325.50,910.00,2026-05-07 09:21:12
2026-03-12,2026-03-12 11:50:00,2026-03-12 11:50:00,OG,Backtest,AdxDiCrossBracketOG,OG_AdxDiCrossBracketOG,OG,NQ,NQ JUN26,LONG,1,24898.75,24843.25,-1114.36,-1118.72,-223.7,LOSS,STOP_HIT,24844.50,1085.00,2026-05-07 09:21:12
2026-03-27,2026-03-27 11:40:00,2026-03-27 11:45:00,OG,Backtest,AdxDiCrossBracketOG,OG_AdxDiCrossBracketOG,OG,NQ,NQ JUN26,LONG,1,23597.75,23540.25,-1154.36,-1158.72,-231.7,LOSS,STOP_HIT,23541.50,1125.00,2026-05-07 09:21:12
2026-03-24,2026-03-24 11:00:00,2026-03-24 11:00:00,OG,Backtest,AdxDiCrossBracketOG,OG_AdxDiCrossBracketOG,OG,NQ,NQ JUN26,LONG,1,24282.25,24217.00,-1309.36,-1313.72,-262.7,LOSS,STOP_HIT,24218.25,1280.00,2026-05-07 09:21:12
2026-04-10,2026-04-10 11:45:00,2026-04-10 12:00:00,OG,Backtest,AdxDiCrossBracketOG,OG_AdxDiCrossBracketOG,OG,NQ,NQ JUN26,SHORT,1,25300.75,25269.75,615.64,611.28,122.3,WIN,TARGET_HIT,25334.25,670.00,2026-05-07 09:21:12
2026-01-09,2026-01-09 09:45:00,2026-01-09 09:50:00,OG,Backtest,AdxDiCrossBracketOG,OG_AdxDiCrossBracketOG,OG,NQ,NQ JUN26,LONG,1,25965.75,25936.75,-584.36,-588.72,-117.7,LOSS,STOP_HIT,25938.00,555.00,2026-05-07 09:21:12
2026-01-21,2026-01-21 11:45:00,2026-01-21 11:45:00,OG,Backtest,AdxDiCrossBracketOG,OG_AdxDiCrossBracketOG,OG,NQ,NQ JUN26,SHORT,1,25543.00,25505.75,740.64,736.28,147.3,WIN,TARGET_HIT,25582.25,785.00,2026-05-07 09:21:12
2026-04-10,2026-04-10 11:45:00,2026-04-10 12:00:00,OG,Backtest,AdxDiCrossBracketOG,OG_AdxDiCrossBracketOG,OG,NQ,NQ JUN26,SHORT,1,25300.75,25269.75,615.64,611.28,122.3,WIN,TARGET_HIT,25334.25,670.00,2026-05-07 09:21:12
2026-03-02,2026-03-02 11:15:00,2026-03-02 11:20:00,OG,Backtest,AdxDiCrossBracketOG,OG_AdxDiCrossBracketOG,OG,NQ,NQ JUN26,LONG,1,25187.75,25180.00,-159.36,-163.72,-32.7,LOSS,STOP_HIT,25129.50,1165.00,2026-05-07 09:21:12
2026-03-25,2026-03-25 11:20:00,2026-03-25 11:20:00,OG,Backtest,AdxDiCrossBracketOG,OG_AdxDiCrossBracketOG,OG,NQ,NQ JUN26,SHORT,1,24385.25,24336.50,970.64,966.28,193.3,WIN,TARGET_HIT,24438.00,1055.00,2026-05-07 09:21:12
2026-03-20,2026-03-20 11:30:00,2026-03-20 12:05:00,OG,Backtest,AdxDiCrossBracketOG,OG_AdxDiCrossBracketOG,OG,NQ,NQ JUN26,LONG,1,24275.00,24327.75,1050.64,1046.28,209.3,WIN,TARGET_HIT,24219.75,1105.00,2026-05-07 09:21:12
2026-03-25,2026-03-25 11:20:00,2026-03-25 11:20:00,OG,Backtest,AdxDiCrossBracketOG,OG_AdxDiCrossBracketOG,OG,NQ,NQ JUN26,SHORT,1,24385.25,24336.50,970.64,966.28,193.3,WIN,TARGET_HIT,24438.00,1055.00,2026-05-07 09:21:12
2026-04-06,2026-04-06 11:35:00,2026-04-06 11:50:00,OG,Backtest,AdxDiCrossBracketOG,OG_AdxDiCrossBracketOG,OG,NQ,NQ JUN26,SHORT,1,24280.00,24294.25,-289.36,-293.72,-58.7,LOSS,STOP_HIT,24325.50,910.00,2026-05-07 09:21:12
2026-01-09,2026-01-09 10:30:00,2026-01-09 10:30:00,OG,Backtest,AdxDiCrossBracketOG,OG_AdxDiCrossBracketOG,OG,NQ,NQ JUN26,LONG,1,26010.00,26057.25,940.64,936.28,187.3,WIN,TARGET_HIT,25959.75,1005.00,2026-05-07 09:21:12
2026-04-06,2026-04-06 11:35:00,2026-04-06 11:50:00,OG,Backtest,AdxDiCrossBracketOG,OG_AdxDiCrossBracketOG,OG,NQ,NQ JUN26,SHORT,1,24280.00,24294.25,-289.36,-293.72,-58.7,LOSS,STOP_HIT,24325.50,910.00,2026-05-07 09:21:12
2026-02-05,2026-02-05 11:40:00,2026-02-05 11:50:00,OG,Backtest,AdxDiCrossBracketOG,OG_AdxDiCrossBracketOG,OG,NQ,NQ JUN26,LONG,1,25026.25,24991.50,-699.36,-703.72,-140.7,LOSS,STOP_HIT,24938.00,1765.00,2026-05-07 09:21:12
2026-03-27,2026-03-27 11:40:00,2026-03-27 11:45:00,OG,Backtest,AdxDiCrossBracketOG,OG_AdxDiCrossBracketOG,OG,NQ,NQ JUN26,LONG,1,23597.75,23540.25,-1154.36,-1158.72,-231.7,LOSS,STOP_HIT,23541.50,1125.00,2026-05-07 09:21:12
2026-02-24,2026-02-24 10:15:00,2026-02-24 10:15:00,OG,Backtest,AdxDiCrossBracketOG,OG_AdxDiCrossBracketOG,OG,NQ,NQ JUN26,LONG,1,25110.00,25063.00,-944.36,-948.72,-189.7,LOSS,STOP_HIT,25064.25,915.00,2026-05-07 09:21:12
2026-02-24,2026-02-24 10:15:00,2026-02-24 10:15:00,OG,Backtest,AdxDiCrossBracketOG,OG_AdxDiCrossBracketOG,OG,NQ,NQ JUN26,LONG,1,25110.00,25063.00,-944.36,-948.72,-189.7,LOSS,STOP_HIT,25064.25,915.00,2026-05-07 09:21:12
2026-01-09,2026-01-09 10:10:00,2026-01-09 10:10:00,OG,Backtest,AdxDiCrossBracketOG,OG_AdxDiCrossBracketOG,OG,NQ,NQ JUN26,LONG,1,25922.50,25881.00,-834.36,-838.72,-167.7,LOSS,STOP_HIT,25882.25,805.00,2026-05-07 09:21:12
2026-02-10,2026-02-10 09:45:00,2026-02-10 09:45:00,OG,Backtest,AdxDiCrossBracketOG,OG_AdxDiCrossBracketOG,OG,NQ,NQ JUN26,SHORT,1,25534.50,25512.25,440.64,436.28,87.3,WIN,TARGET_HIT,25559.75,505.00,2026-05-07 09:21:12
2026-03-02,2026-03-02 11:15:00,2026-03-02 11:20:00,OG,Backtest,AdxDiCrossBracketOG,OG_AdxDiCrossBracketOG,OG,NQ,NQ JUN26,LONG,1,25187.75,25180.00,-159.36,-163.72,-32.7,LOSS,STOP_HIT,25129.50,1165.00,2026-05-07 09:21:12
2026-04-06,2026-04-06 11:05:00,2026-04-06 11:25:00,OG,Backtest,AdxDiCrossBracketOG,OG_AdxDiCrossBracketOG,OG,NQ,NQ JUN26,LONG,1,24307.50,24290.75,-339.36,-343.72,-68.7,LOSS,STOP_HIT,24255.50,1040.00,2026-05-07 09:21:12
2026-03-03,2026-03-03 11:25:00,2026-03-03 11:40:00,OG,Backtest,AdxDiCrossBracketOG,OG_AdxDiCrossBracketOG,OG,NQ,NQ JUN26,LONG,1,24795.25,24816.50,420.64,416.28,83.3,WIN,STOP_HIT,24724.00,1425.00,2026-05-07 09:21:12
2026-03-13,2026-03-13 10:50:00,2026-03-13 10:50:00,OG,Backtest,AdxDiCrossBracketOG,OG_AdxDiCrossBracketOG,OG,NQ,NQ JUN26,SHORT,1,24804.25,24755.00,980.64,976.28,195.3,WIN,TARGET_HIT,24853.50,985.00,2026-05-07 09:21:12
2026-03-24,2026-03-24 11:00:00,2026-03-24 11:00:00,OG,Backtest,AdxDiCrossBracketOG,OG_AdxDiCrossBracketOG,OG,NQ,NQ JUN26,LONG,1,24282.25,24217.00,-1309.36,-1313.72,-262.7,LOSS,STOP_HIT,24218.25,1280.00,2026-05-07 09:21:12
2026-02-24,2026-02-24 09:50:00,2026-02-24 09:50:00,OG,Backtest,AdxDiCrossBracketOG,OG_AdxDiCrossBracketOG,OG,NQ,NQ JUN26,LONG,1,25121.25,25157.50,720.64,716.28,143.3,WIN,TARGET_HIT,25081.50,795.00,2026-05-07 09:21:12
2026-04-06,2026-04-06 10:55:00,2026-04-06 11:00:00,OG,Backtest,AdxDiCrossBracketOG,OG_AdxDiCrossBracketOG,OG,NQ,NQ JUN26,SHORT,1,24269.25,24322.25,-1064.36,-1068.72,-213.7,LOSS,STOP_HIT,24321.00,1035.00,2026-05-07 09:21:12
2026-01-12,2026-01-12 11:25:00,2026-01-12 11:35:00,OG,Backtest,AdxDiCrossBracketOG,OG_AdxDiCrossBracketOG,OG,NQ,NQ JUN26,LONG,1,26159.50,26149.25,-209.36,-213.72,-42.7,LOSS,STOP_HIT,26131.75,555.00,2026-05-07 09:21:12
2026-01-20,2026-01-20 10:50:00,2026-01-20 10:55:00,OG,Backtest,AdxDiCrossBracketOG,OG_AdxDiCrossBracketOG,OG,NQ,NQ JUN26,LONG,1,25598.75,25558.75,-804.36,-808.72,-161.7,LOSS,STOP_HIT,25550.75,960.00,2026-05-07 09:21:12
2026-01-13,2026-01-13 10:10:00,2026-01-13 10:15:00,OG,Backtest,AdxDiCrossBracketOG,OG_AdxDiCrossBracketOG,OG,NQ,NQ JUN26,SHORT,1,26137.25,26108.00,580.64,576.28,115.3,WIN,TARGET_HIT,26168.00,615.00,2026-05-07 09:21:12
2026-04-06,2026-04-06 11:35:00,2026-04-06 11:50:00,OG,Backtest,AdxDiCrossBracketOG,OG_AdxDiCrossBracketOG,OG,NQ,NQ JUN26,SHORT,1,24280.00,24294.25,-289.36,-293.72,-58.7,LOSS,STOP_HIT,24325.50,910.00,2026-05-07 09:21:12
2026-04-02,2026-04-02 10:45:00,2026-04-02 10:45:00,OG,Backtest,AdxDiCrossBracketOG,OG_AdxDiCrossBracketOG,OG,NQ,NQ JUN26,LONG,1,24211.00,24133.25,-1559.36,-1563.72,-312.7,LOSS,STOP_HIT,24134.50,1530.00,2026-05-07 09:21:12
2026-01-21,2026-01-21 11:45:00,2026-01-21 11:45:00,OG,Backtest,AdxDiCrossBracketOG,OG_AdxDiCrossBracketOG,OG,NQ,NQ JUN26,SHORT,1,25543.00,25505.75,740.64,736.28,147.3,WIN,TARGET_HIT,25582.25,785.00,2026-05-07 09:21:12
2026-01-09,2026-01-09 10:15:00,2026-01-09 10:15:00,OG,Backtest,AdxDiCrossBracketOG,OG_AdxDiCrossBracketOG,OG,NQ,NQ JUN26,SHORT,1,25849.75,25897.00,-949.36,-953.72,-190.7,LOSS,STOP_HIT,25895.75,920.00,2026-05-07 09:21:12
2026-04-06,2026-04-06 10:55:00,2026-04-06 11:00:00,OG,Backtest,AdxDiCrossBracketOG,OG_AdxDiCrossBracketOG,OG,NQ,NQ JUN26,SHORT,1,24269.25,24322.25,-1064.36,-1068.72,-213.7,LOSS,STOP_HIT,24321.00,1035.00,2026-05-07 09:21:12
2026-03-24,2026-03-24 11:00:00,2026-03-24 11:00:00,OG,Backtest,AdxDiCrossBracketOG,OG_AdxDiCrossBracketOG,OG,NQ,NQ JUN26,LONG,1,24282.25,24217.00,-1309.36,-1313.72,-262.7,LOSS,STOP_HIT,24218.25,1280.00,2026-05-07 09:21:12
2026-02-11,2026-02-11 11:05:00,2026-02-11 11:10:00,OG,Backtest,AdxDiCrossBracketOG,OG_AdxDiCrossBracketOG,OG,NQ,NQ JUN26,LONG,1,25454.25,25417.50,-739.36,-743.72,-148.7,LOSS,STOP_HIT,25393.00,1225.00,2026-05-07 09:21:12
2026-04-06,2026-04-06 11:05:00,2026-04-06 11:25:00,OG,Backtest,AdxDiCrossBracketOG,OG_AdxDiCrossBracketOG,OG,NQ,NQ JUN26,LONG,1,24307.50,24290.75,-339.36,-343.72,-68.7,LOSS,STOP_HIT,24255.50,1040.00,2026-05-07 09:21:12
2026-03-27,2026-03-27 11:40:00,2026-03-27 11:45:00,OG,Backtest,AdxDiCrossBracketOG,OG_AdxDiCrossBracketOG,OG,NQ,NQ JUN26,LONG,1,23597.75,23540.25,-1154.36,-1158.72,-231.7,LOSS,STOP_HIT,23541.50,1125.00,2026-05-07 09:21:12
2026-04-10,2026-04-10 11:45:00,2026-04-10 12:00:00,OG,Backtest,AdxDiCrossBracketOG,OG_AdxDiCrossBracketOG,OG,NQ,NQ JUN26,SHORT,1,25300.75,25269.75,615.64,611.28,122.3,WIN,TARGET_HIT,25334.25,670.00,2026-05-07 09:21:12
2026-04-10,2026-04-10 11:45:00,2026-04-10 12:00:00,OG,Backtest,AdxDiCrossBracketOG,OG_AdxDiCrossBracketOG,OG,NQ,NQ JUN26,SHORT,1,25300.75,25269.75,615.64,611.28,122.3,WIN,TARGET_HIT,25334.25,670.00,2026-05-07 09:21:12
2026-02-05,2026-02-05 11:40:00,2026-02-05 11:50:00,OG,Backtest,AdxDiCrossBracketOG,OG_AdxDiCrossBracketOG,OG,NQ,NQ JUN26,LONG,1,25026.25,24991.50,-699.36,-703.72,-140.7,LOSS,STOP_HIT,24938.00,1765.00,2026-05-07 09:21:12
2026-01-30,2026-01-30 10:55:00,2026-01-30 10:55:00,OG,Backtest,AdxDiCrossBracketOG,OG_AdxDiCrossBracketOG,OG,NQ,NQ JUN26,LONG,1,26118.00,26058.75,-1189.36,-1193.72,-238.7,LOSS,STOP_HIT,26060.00,1160.00,2026-05-07 09:21:12
2026-01-09,2026-01-09 10:15:00,2026-01-09 10:15:00,OG,Backtest,AdxDiCrossBracketOG,OG_AdxDiCrossBracketOG,OG,NQ,NQ JUN26,SHORT,1,25849.75,25897.00,-949.36,-953.72,-190.7,LOSS,STOP_HIT,25895.75,920.00,2026-05-07 09:21:12
2026-01-06,2026-01-06 11:00:00,2026-01-06 11:05:00,OG,Backtest,AdxDiCrossBracketOG,OG_AdxDiCrossBracketOG,OG,NQ,NQ JUN26,SHORT,1,25908.50,25880.75,550.64,546.28,109.3,WIN,TARGET_HIT,25938.25,595.00,2026-05-07 09:21:12
2026-04-07,2026-04-07 11:40:00,2026-04-07 12:00:00,OG,Backtest,AdxDiCrossBracketOG,OG_AdxDiCrossBracketOG,OG,NQ,NQ JUN26,LONG,1,24072.25,24117.50,900.64,896.28,179.3,WIN,TARGET_HIT,24025.00,945.00,2026-05-07 09:21:12
2026-01-13,2026-01-13 10:10:00,2026-01-13 10:15:00,OG,Backtest,AdxDiCrossBracketOG,OG_AdxDiCrossBracketOG,OG,NQ,NQ JUN26,SHORT,1,26137.25,26108.00,580.64,576.28,115.3,WIN,TARGET_HIT,26168.00,615.00,2026-05-07 09:21:12
2026-01-06,2026-01-06 11:00:00,2026-01-06 11:05:00,OG,Backtest,AdxDiCrossBracketOG,OG_AdxDiCrossBracketOG,OG,NQ,NQ JUN26,SHORT,1,25908.50,25880.75,550.64,546.28,109.3,WIN,TARGET_HIT,25938.25,595.00,2026-05-07 09:21:12
2026-01-16,2026-01-16 11:30:00,2026-01-16 11:35:00,OG,Backtest,AdxDiCrossBracketOG,OG_AdxDiCrossBracketOG,OG,NQ,NQ JUN26,LONG,1,25912.25,25924.50,240.64,236.28,47.3,WIN,STOP_HIT,25874.75,750.00,2026-05-07 09:21:12
2026-01-09,2026-01-09 10:30:00,2026-01-09 10:30:00,OG,Backtest,AdxDiCrossBracketOG,OG_AdxDiCrossBracketOG,OG,NQ,NQ JUN26,LONG,1,26010.00,26057.25,940.64,936.28,187.3,WIN,TARGET_HIT,25959.75,1005.00,2026-05-07 09:21:12
2026-01-09,2026-01-09 09:45:00,2026-01-09 09:50:00,OG,Backtest,AdxDiCrossBracketOG,OG_AdxDiCrossBracketOG,OG,NQ,NQ JUN26,LONG,1,25965.75,25936.75,-584.36,-588.72,-117.7,LOSS,STOP_HIT,25938.00,555.00,2026-05-07 09:21:12
2026-01-09,2026-01-09 09:55:00,2026-01-09 09:55:00,OG,Backtest,AdxDiCrossBracketOG,OG_AdxDiCrossBracketOG,OG,NQ,NQ JUN26,SHORT,1,25912.50,25949.00,-734.36,-738.72,-147.7,LOSS,STOP_HIT,25947.75,705.00,2026-05-07 09:21:12
2026-01-09,2026-01-09 10:15:00,2026-01-09 10:15:00,OG,Backtest,AdxDiCrossBracketOG,OG_AdxDiCrossBracketOG,OG,NQ,NQ JUN26,SHORT,1,25849.75,25897.00,-949.36,-953.72,-190.7,LOSS,STOP_HIT,25895.75,920.00,2026-05-07 09:21:12
2026-01-06,2026-01-06 11:00:00,2026-01-06 11:05:00,OG,Backtest,AdxDiCrossBracketOG,OG_AdxDiCrossBracketOG,OG,NQ,NQ JUN26,SHORT,1,25908.50,25880.75,550.64,546.28,109.3,WIN,TARGET_HIT,25938.25,595.00,2026-05-07 09:21:12
2026-01-09,2026-01-09 10:15:00,2026-01-09 10:15:00,OG,Backtest,AdxDiCrossBracketOG,OG_AdxDiCrossBracketOG,OG,NQ,NQ JUN26,SHORT,1,25849.75,25897.00,-949.36,-953.72,-190.7,LOSS,STOP_HIT,25895.75,920.00,2026-05-07 09:21:12
2026-01-06,2026-01-06 11:00:00,2026-01-06 11:05:00,OG,Backtest,AdxDiCrossBracketOG,OG_AdxDiCrossBracketOG,OG,NQ,NQ JUN26,SHORT,1,25908.50,25880.75,550.64,546.28,109.3,WIN,TARGET_HIT,25938.25,595.00,2026-05-07 09:21:12
2026-01-07,2026-01-07 09:50:00,2026-01-07 09:50:00,OG,Backtest,AdxDiCrossBracketOG,OG_AdxDiCrossBracketOG,OG,NQ,NQ JUN26,LONG,1,26064.50,26079.75,300.64,296.28,59.3,WIN,TARGET_HIT,26047.25,345.00,2026-05-07 09:21:12
2026-02-10,2026-02-10 09:45:00,2026-02-10 09:45:00,OG,Backtest,AdxDiCrossBracketOG,OG_AdxDiCrossBracketOG,OG,NQ,NQ JUN26,SHORT,1,25534.50,25512.25,440.64,436.28,87.3,WIN,TARGET_HIT,25559.75,505.00,2026-05-07 09:21:12
2026-01-09,2026-01-09 10:30:00,2026-01-09 10:30:00,OG,Backtest,AdxDiCrossBracketOG,OG_AdxDiCrossBracketOG,OG,NQ,NQ JUN26,LONG,1,26010.00,26057.25,940.64,936.28,187.3,WIN,TARGET_HIT,25959.75,1005.00,2026-05-07 09:21:12
2026-02-24,2026-02-24 09:50:00,2026-02-24 09:50:00,OG,Backtest,AdxDiCrossBracketOG,OG_AdxDiCrossBracketOG,OG,NQ,NQ JUN26,LONG,1,25121.25,25157.50,720.64,716.28,143.3,WIN,TARGET_HIT,25081.50,795.00,2026-05-07 09:21:12
2026-01-07,2026-01-07 10:10:00,2026-01-07 10:10:00,OG,Backtest,AdxDiCrossBracketOG,OG_AdxDiCrossBracketOG,OG,NQ,NQ JUN26,SHORT,1,26050.00,26073.50,-474.36,-478.72,-95.7,LOSS,STOP_HIT,26072.25,445.00,2026-05-07 09:21:12
2026-01-12,2026-01-12 11:25:00,2026-01-12 11:35:00,OG,Backtest,AdxDiCrossBracketOG,OG_AdxDiCrossBracketOG,OG,NQ,NQ JUN26,LONG,1,26159.50,26149.25,-209.36,-213.72,-42.7,LOSS,STOP_HIT,26131.75,555.00,2026-05-07 09:21:12
2026-03-24,2026-03-24 11:00:00,2026-03-24 11:00:00,OG,Backtest,AdxDiCrossBracketOG,OG_AdxDiCrossBracketOG,OG,NQ,NQ JUN26,LONG,1,24282.25,24217.00,-1309.36,-1313.72,-262.7,LOSS,STOP_HIT,24218.25,1280.00,2026-05-07 09:21:12
2026-01-09,2026-01-09 09:55:00,2026-01-09 09:55:00,OG,Backtest,AdxDiCrossBracketOG,OG_AdxDiCrossBracketOG,OG,NQ,NQ JUN26,SHORT,1,25912.50,25949.00,-734.36,-738.72,-147.7,LOSS,STOP_HIT,25947.75,705.00,2026-05-07 09:21:12
2026-01-09,2026-01-09 09:55:00,2026-01-09 09:55:00,OG,Backtest,AdxDiCrossBracketOG,OG_AdxDiCrossBracketOG,OG,NQ,NQ JUN26,SHORT,1,25912.50,25949.00,-734.36,-738.72,-147.7,LOSS,STOP_HIT,25947.75,705.00,2026-05-07 09:21:13
2026-01-09,2026-01-09 10:10:00,2026-01-09 10:10:00,OG,Backtest,AdxDiCrossBracketOG,OG_AdxDiCrossBracketOG,OG,NQ,NQ JUN26,LONG,1,25922.50,25881.00,-834.36,-838.72,-167.7,LOSS,STOP_HIT,25882.25,805.00,2026-05-07 09:21:13
2026-01-07,2026-01-07 10:10:00,2026-01-07 10:10:00,OG,Backtest,AdxDiCrossBracketOG,OG_AdxDiCrossBracketOG,OG,NQ,NQ JUN26,SHORT,1,26050.00,26073.50,-474.36,-478.72,-95.7,LOSS,STOP_HIT,26072.25,445.00,2026-05-07 09:21:13
2026-01-09,2026-01-09 10:15:00,2026-01-09 10:15:00,OG,Backtest,AdxDiCrossBracketOG,OG_AdxDiCrossBracketOG,OG,NQ,NQ JUN26,SHORT,1,25849.75,25897.00,-949.36,-953.72,-190.7,LOSS,STOP_HIT,25895.75,920.00,2026-05-07 09:21:13
2026-01-09,2026-01-09 09:45:00,2026-01-09 09:50:00,OG,Backtest,AdxDiCrossBracketOG,OG_AdxDiCrossBracketOG,OG,NQ,NQ JUN26,LONG,1,25965.75,25936.75,-584.36,-588.72,-117.7,LOSS,STOP_HIT,25938.00,555.00,2026-05-07 09:21:13
2026-01-09,2026-01-09 10:30:00,2026-01-09 10:30:00,OG,Backtest,AdxDiCrossBracketOG,OG_AdxDiCrossBracketOG,OG,NQ,NQ JUN26,LONG,1,26010.00,26057.25,940.64,936.28,187.3,WIN,TARGET_HIT,25959.75,1005.00,2026-05-07 09:21:13
2026-01-13,2026-01-13 10:10:00,2026-01-13 10:15:00,OG,Backtest,AdxDiCrossBracketOG,OG_AdxDiCrossBracketOG,OG,NQ,NQ JUN26,SHORT,1,26137.25,26108.00,580.64,576.28,115.3,WIN,TARGET_HIT,26168.00,615.00,2026-05-07 09:21:13
2026-01-12,2026-01-12 11:25:00,2026-01-12 11:35:00,OG,Backtest,AdxDiCrossBracketOG,OG_AdxDiCrossBracketOG,OG,NQ,NQ JUN26,LONG,1,26159.50,26149.25,-209.36,-213.72,-42.7,LOSS,STOP_HIT,26131.75,555.00,2026-05-07 09:21:13
2026-01-28,2026-01-28 10:55:00,2026-01-28 11:15:00,OG,Backtest,AdxDiCrossBracketOG,OG_AdxDiCrossBracketOG,OG,NQ,NQ JUN26,SHORT,1,26394.50,26407.00,-254.36,-258.72,-51.7,LOSS,STOP_HIT,26429.00,690.00,2026-05-07 09:21:13
2026-01-20,2026-01-20 11:10:00,2026-01-20 11:15:00,OG,Backtest,AdxDiCrossBracketOG,OG_AdxDiCrossBracketOG,OG,NQ,NQ JUN26,LONG,1,25588.25,25600.25,235.64,231.28,46.3,WIN,STOP_HIT,25540.75,950.00,2026-05-07 09:21:13
2026-01-09,2026-01-09 10:15:00,2026-01-09 10:15:00,OG,Backtest,AdxDiCrossBracketOG,OG_AdxDiCrossBracketOG,OG,NQ,NQ JUN26,SHORT,1,25849.75,25897.00,-949.36,-953.72,-190.7,LOSS,STOP_HIT,25895.75,920.00,2026-05-07 09:21:13
2026-03-20,2026-03-20 11:30:00,2026-03-20 12:05:00,OG,Backtest,AdxDiCrossBracketOG,OG_AdxDiCrossBracketOG,OG,NQ,NQ JUN26,LONG,1,24275.00,24327.75,1050.64,1046.28,209.3,WIN,TARGET_HIT,24219.75,1105.00,2026-05-07 09:21:13
2026-02-03,2026-02-03 09:50:00,2026-02-03 09:50:00,OG,Backtest,AdxDiCrossBracketOG,OG_AdxDiCrossBracketOG,OG,NQ,NQ JUN26,SHORT,1,25960.00,25999.25,-789.36,-793.72,-158.7,LOSS,STOP_HIT,25998.00,760.00,2026-05-07 09:21:13
2026-01-23,2026-01-23 10:10:00,2026-01-23 10:15:00,OG,Backtest,AdxDiCrossBracketOG,OG_AdxDiCrossBracketOG,OG,NQ,NQ JUN26,LONG,1,25921.75,25885.00,-739.36,-743.72,-148.7,LOSS,STOP_HIT,25885.50,725.00,2026-05-07 09:21:13
2026-01-20,2026-01-20 11:10:00,2026-01-20 11:15:00,OG,Backtest,AdxDiCrossBracketOG,OG_AdxDiCrossBracketOG,OG,NQ,NQ JUN26,LONG,1,25588.25,25600.25,235.64,231.28,46.3,WIN,STOP_HIT,25540.75,950.00,2026-05-07 09:21:13
2026-01-12,2026-01-12 11:25:00,2026-01-12 11:35:00,OG,Backtest,AdxDiCrossBracketOG,OG_AdxDiCrossBracketOG,OG,NQ,NQ JUN26,LONG,1,26159.50,26149.25,-209.36,-213.72,-42.7,LOSS,STOP_HIT,26131.75,555.00,2026-05-07 09:21:13
2026-01-28,2026-01-28 10:55:00,2026-01-28 11:15:00,OG,Backtest,AdxDiCrossBracketOG,OG_AdxDiCrossBracketOG,OG,NQ,NQ JUN26,SHORT,1,26394.50,26407.00,-254.36,-258.72,-51.7,LOSS,STOP_HIT,26429.00,690.00,2026-05-07 09:21:13
2026-01-20,2026-01-20 11:10:00,2026-01-20 11:15:00,OG,Backtest,AdxDiCrossBracketOG,OG_AdxDiCrossBracketOG,OG,NQ,NQ JUN26,LONG,1,25588.25,25600.25,235.64,231.28,46.3,WIN,STOP_HIT,25540.75,950.00,2026-05-07 09:21:13
2026-01-13,2026-01-13 10:10:00,2026-01-13 10:15:00,OG,Backtest,AdxDiCrossBracketOG,OG_AdxDiCrossBracketOG,OG,NQ,NQ JUN26,SHORT,1,26137.25,26108.00,580.64,576.28,115.3,WIN,TARGET_HIT,26168.00,615.00,2026-05-07 09:21:13
2026-02-05,2026-02-05 11:40:00,2026-02-05 11:50:00,OG,Backtest,AdxDiCrossBracketOG,OG_AdxDiCrossBracketOG,OG,NQ,NQ JUN26,LONG,1,25026.25,24991.50,-699.36,-703.72,-140.7,LOSS,STOP_HIT,24938.00,1765.00,2026-05-07 09:21:13
2026-02-05,2026-02-05 11:40:00,2026-02-05 11:50:00,OG,Backtest,AdxDiCrossBracketOG,OG_AdxDiCrossBracketOG,OG,NQ,NQ JUN26,LONG,1,25026.25,24991.50,-699.36,-703.72,-140.7,LOSS,STOP_HIT,24938.00,1765.00,2026-05-07 09:21:13
2026-02-05,2026-02-05 11:40:00,2026-02-05 11:50:00,OG,Backtest,AdxDiCrossBracketOG,OG_AdxDiCrossBracketOG,OG,NQ,NQ JUN26,LONG,1,25026.25,24991.50,-699.36,-703.72,-140.7,LOSS,STOP_HIT,24938.00,1765.00,2026-05-07 09:21:13
2026-01-28,2026-01-28 11:20:00,2026-01-28 11:25:00,OG,Backtest,AdxDiCrossBracketOG,OG_AdxDiCrossBracketOG,OG,NQ,NQ JUN26,LONG,1,26393.75,26378.25,-314.36,-318.72,-63.7,LOSS,STOP_HIT,26363.25,610.00,2026-05-07 09:21:13
2026-02-24,2026-02-24 10:10:00,2026-02-24 10:10:00,OG,Backtest,AdxDiCrossBracketOG,OG_AdxDiCrossBracketOG,OG,NQ,NQ JUN26,SHORT,1,25048.00,25093.50,-914.36,-918.72,-183.7,LOSS,STOP_HIT,25092.25,885.00,2026-05-07 09:21:13
2026-01-28,2026-01-28 10:55:00,2026-01-28 11:15:00,OG,Backtest,AdxDiCrossBracketOG,OG_AdxDiCrossBracketOG,OG,NQ,NQ JUN26,SHORT,1,26394.50,26407.00,-254.36,-258.72,-51.7,LOSS,STOP_HIT,26429.00,690.00,2026-05-07 09:21:13
2026-03-13,2026-03-13 10:50:00,2026-03-13 10:50:00,OG,Backtest,AdxDiCrossBracketOG,OG_AdxDiCrossBracketOG,OG,NQ,NQ JUN26,SHORT,1,24804.25,24755.00,980.64,976.28,195.3,WIN,TARGET_HIT,24853.50,985.00,2026-05-07 09:21:13
2026-02-13,2026-02-13 10:35:00,2026-02-13 10:35:00,OG,Backtest,AdxDiCrossBracketOG,OG_AdxDiCrossBracketOG,OG,NQ,NQ JUN26,LONG,1,25058.75,25127.00,1360.64,1356.28,271.3,WIN,TARGET_HIT,24987.50,1425.00,2026-05-07 09:21:13
2026-02-03,2026-02-03 09:50:00,2026-02-03 09:50:00,OG,Backtest,AdxDiCrossBracketOG,OG_AdxDiCrossBracketOG,OG,NQ,NQ JUN26,SHORT,1,25960.00,25999.25,-789.36,-793.72,-158.7,LOSS,STOP_HIT,25998.00,760.00,2026-05-07 09:21:13
2026-01-23,2026-01-23 10:10:00,2026-01-23 10:15:00,OG,Backtest,AdxDiCrossBracketOG,OG_AdxDiCrossBracketOG,OG,NQ,NQ JUN26,LONG,1,25921.75,25885.00,-739.36,-743.72,-148.7,LOSS,STOP_HIT,25885.50,725.00,2026-05-07 09:21:13
2026-01-30,2026-01-30 11:00:00,2026-01-30 11:10:00,OG,Backtest,AdxDiCrossBracketOG,OG_AdxDiCrossBracketOG,OG,NQ,NQ JUN26,SHORT,1,26071.50,26048.25,460.64,456.28,91.3,WIN,STOP_HIT,26129.00,1150.00,2026-05-07 09:21:13
2026-02-17,2026-02-17 11:10:00,2026-02-17 11:10:00,OG,Backtest,AdxDiCrossBracketOG,OG_AdxDiCrossBracketOG,OG,NQ,NQ JUN26,LONG,1,24862.00,24927.25,1300.64,1296.28,259.3,WIN,TARGET_HIT,24793.75,1365.00,2026-05-07 09:21:13
2026-01-12,2026-01-12 11:25:00,2026-01-12 11:35:00,OG,Backtest,AdxDiCrossBracketOG,OG_AdxDiCrossBracketOG,OG,NQ,NQ JUN26,LONG,1,26159.50,26149.25,-209.36,-213.72,-42.7,LOSS,STOP_HIT,26131.75,555.00,2026-05-07 09:21:13
2026-04-06,2026-04-06 11:35:00,2026-04-06 11:50:00,OG,Backtest,AdxDiCrossBracketOG,OG_AdxDiCrossBracketOG,OG,NQ,NQ JUN26,SHORT,1,24280.00,24294.25,-289.36,-293.72,-58.7,LOSS,STOP_HIT,24325.50,910.00,2026-05-07 09:21:13
2026-02-24,2026-02-24 09:50:00,2026-02-24 09:50:00,OG,Backtest,AdxDiCrossBracketOG,OG_AdxDiCrossBracketOG,OG,NQ,NQ JUN26,LONG,1,25121.25,25157.50,720.64,716.28,143.3,WIN,TARGET_HIT,25081.50,795.00,2026-05-07 09:21:13
2026-02-17,2026-02-17 11:10:00,2026-02-17 11:10:00,OG,Backtest,AdxDiCrossBracketOG,OG_AdxDiCrossBracketOG,OG,NQ,NQ JUN26,LONG,1,24862.00,24927.25,1300.64,1296.28,259.3,WIN,TARGET_HIT,24793.75,1365.00,2026-05-07 09:21:13
2026-03-02,2026-03-02 11:15:00,2026-03-02 11:20:00,OG,Backtest,AdxDiCrossBracketOG,OG_AdxDiCrossBracketOG,OG,NQ,NQ JUN26,LONG,1,25187.75,25180.00,-159.36,-163.72,-32.7,LOSS,STOP_HIT,25129.50,1165.00,2026-05-07 09:21:13
2026-02-11,2026-02-11 11:05:00,2026-02-11 11:10:00,OG,Backtest,AdxDiCrossBracketOG,OG_AdxDiCrossBracketOG,OG,NQ,NQ JUN26,LONG,1,25454.25,25417.50,-739.36,-743.72,-148.7,LOSS,STOP_HIT,25393.00,1225.00,2026-05-07 09:21:13
2026-04-10,2026-04-10 11:45:00,2026-04-10 12:00:00,OG,Backtest,AdxDiCrossBracketOG,OG_AdxDiCrossBracketOG,OG,NQ,NQ JUN26,SHORT,1,25300.75,25269.75,615.64,611.28,122.3,WIN,TARGET_HIT,25334.25,670.00,2026-05-07 09:21:13
2026-03-03,2026-03-03 11:25:00,2026-03-03 11:40:00,OG,Backtest,AdxDiCrossBracketOG,OG_AdxDiCrossBracketOG,OG,NQ,NQ JUN26,LONG,1,24795.25,24816.50,420.64,416.28,83.3,WIN,STOP_HIT,24724.00,1425.00,2026-05-07 09:21:13
2026-02-24,2026-02-24 10:15:00,2026-02-24 10:15:00,OG,Backtest,AdxDiCrossBracketOG,OG_AdxDiCrossBracketOG,OG,NQ,NQ JUN26,LONG,1,25110.00,25063.00,-944.36,-948.72,-189.7,LOSS,STOP_HIT,25064.25,915.00,2026-05-07 09:21:13
2026-02-24,2026-02-24 10:15:00,2026-02-24 10:15:00,OG,Backtest,AdxDiCrossBracketOG,OG_AdxDiCrossBracketOG,OG,NQ,NQ JUN26,LONG,1,25110.00,25063.00,-944.36,-948.72,-189.7,LOSS,STOP_HIT,25064.25,915.00,2026-05-07 09:21:13
2026-02-13,2026-02-13 10:35:00,2026-02-13 10:35:00,OG,Backtest,AdxDiCrossBracketOG,OG_AdxDiCrossBracketOG,OG,NQ,NQ JUN26,LONG,1,25058.75,25127.00,1360.64,1356.28,271.3,WIN,TARGET_HIT,24987.50,1425.00,2026-05-07 09:21:13
2026-02-13,2026-02-13 10:35:00,2026-02-13 10:35:00,OG,Backtest,AdxDiCrossBracketOG,OG_AdxDiCrossBracketOG,OG,NQ,NQ JUN26,LONG,1,25058.75,25127.00,1360.64,1356.28,271.3,WIN,TARGET_HIT,24987.50,1425.00,2026-05-07 09:21:13
2026-02-13,2026-02-13 10:50:00,2026-02-13 11:05:00,OG,Backtest,AdxDiCrossBracketOG,OG_AdxDiCrossBracketOG,OG,NQ,NQ JUN26,SHORT,1,24982.25,25021.00,-779.36,-783.72,-156.7,LOSS,STOP_HIT,25055.00,1455.00,2026-05-07 09:21:13
2026-02-13,2026-02-13 10:50:00,2026-02-13 11:05:00,OG,Backtest,AdxDiCrossBracketOG,OG_AdxDiCrossBracketOG,OG,NQ,NQ JUN26,SHORT,1,24982.25,25021.00,-779.36,-783.72,-156.7,LOSS,STOP_HIT,25055.00,1455.00,2026-05-07 09:21:13
2026-03-13,2026-03-13 10:50:00,2026-03-13 10:50:00,OG,Backtest,AdxDiCrossBracketOG,OG_AdxDiCrossBracketOG,OG,NQ,NQ JUN26,SHORT,1,24804.25,24755.00,980.64,976.28,195.3,WIN,TARGET_HIT,24853.50,985.00,2026-05-07 09:21:13
2026-03-24,2026-03-24 11:00:00,2026-03-24 11:00:00,OG,Backtest,AdxDiCrossBracketOG,OG_AdxDiCrossBracketOG,OG,NQ,NQ JUN26,LONG,1,24282.25,24217.00,-1309.36,-1313.72,-262.7,LOSS,STOP_HIT,24218.25,1280.00,2026-05-07 09:21:13
2026-03-09,2026-03-09 10:45:00,2026-03-09 10:50:00,OG,Backtest,AdxDiCrossBracketOG,OG_AdxDiCrossBracketOG,OG,NQ,NQ JUN26,LONG,1,24692.75,24762.25,1385.64,1381.28,276.3,WIN,TARGET_HIT,24622.25,1410.00,2026-05-07 09:21:13
2026-02-24,2026-02-24 09:50:00,2026-02-24 09:50:00,OG,Backtest,AdxDiCrossBracketOG,OG_AdxDiCrossBracketOG,OG,NQ,NQ JUN26,LONG,1,25121.25,25157.50,720.64,716.28,143.3,WIN,TARGET_HIT,25081.50,795.00,2026-05-07 09:21:13
2026-03-17,2026-03-17 11:15:00,2026-03-17 11:20:00,OG,Backtest,AdxDiCrossBracketOG,OG_AdxDiCrossBracketOG,OG,NQ,NQ JUN26,SHORT,1,25019.75,25057.00,-749.36,-753.72,-150.7,LOSS,STOP_HIT,25056.25,730.00,2026-05-07 09:21:13
2026-03-02,2026-03-02 11:15:00,2026-03-02 11:20:00,OG,Backtest,AdxDiCrossBracketOG,OG_AdxDiCrossBracketOG,OG,NQ,NQ JUN26,LONG,1,25187.75,25180.00,-159.36,-163.72,-32.7,LOSS,STOP_HIT,25129.50,1165.00,2026-05-07 09:21:13
2026-02-24,2026-02-24 10:10:00,2026-02-24 10:10:00,OG,Backtest,AdxDiCrossBracketOG,OG_AdxDiCrossBracketOG,OG,NQ,NQ JUN26,SHORT,1,25048.00,25093.50,-914.36,-918.72,-183.7,LOSS,STOP_HIT,25092.25,885.00,2026-05-07 09:21:13
2026-02-24,2026-02-24 10:15:00,2026-02-24 10:15:00,OG,Backtest,AdxDiCrossBracketOG,OG_AdxDiCrossBracketOG,OG,NQ,NQ JUN26,LONG,1,25110.00,25063.00,-944.36,-948.72,-189.7,LOSS,STOP_HIT,25064.25,915.00,2026-05-07 09:21:13
2026-03-03,2026-03-03 11:25:00,2026-03-03 11:40:00,OG,Backtest,AdxDiCrossBracketOG,OG_AdxDiCrossBracketOG,OG,NQ,NQ JUN26,LONG,1,24795.25,24816.50,420.64,416.28,83.3,WIN,STOP_HIT,24724.00,1425.00,2026-05-07 09:21:13
2026-03-12,2026-03-12 11:50:00,2026-03-12 11:50:00,OG,Backtest,AdxDiCrossBracketOG,OG_AdxDiCrossBracketOG,OG,NQ,NQ JUN26,LONG,1,24898.75,24843.25,-1114.36,-1118.72,-223.7,LOSS,STOP_HIT,24844.50,1085.00,2026-05-07 09:21:13
2026-01-09,2026-01-09 09:45:00,2026-01-09 09:50:00,OG,Backtest,AdxDiCrossBracketOG,OG_AdxDiCrossBracketOG,OG,NQ,NQ JUN26,LONG,1,25965.75,25936.75,-584.36,-588.72,-117.7,LOSS,STOP_HIT,25938.00,555.00,2026-05-07 09:21:13
2026-03-17,2026-03-17 11:15:00,2026-03-17 11:20:00,OG,Backtest,AdxDiCrossBracketOG,OG_AdxDiCrossBracketOG,OG,NQ,NQ JUN26,SHORT,1,25019.75,25057.00,-749.36,-753.72,-150.7,LOSS,STOP_HIT,25056.25,730.00,2026-05-07 09:21:13
2026-03-02,2026-03-02 11:15:00,2026-03-02 11:20:00,OG,Backtest,AdxDiCrossBracketOG,OG_AdxDiCrossBracketOG,OG,NQ,NQ JUN26,LONG,1,25187.75,25180.00,-159.36,-163.72,-32.7,LOSS,STOP_HIT,25129.50,1165.00,2026-05-07 09:21:13
2026-03-27,2026-03-27 11:40:00,2026-03-27 11:45:00,OG,Backtest,AdxDiCrossBracketOG,OG_AdxDiCrossBracketOG,OG,NQ,NQ JUN26,LONG,1,23597.75,23540.25,-1154.36,-1158.72,-231.7,LOSS,STOP_HIT,23541.50,1125.00,2026-05-07 09:21:13
2026-01-21,2026-01-21 11:45:00,2026-01-21 11:45:00,OG,Backtest,AdxDiCrossBracketOG,OG_AdxDiCrossBracketOG,OG,NQ,NQ JUN26,SHORT,1,25543.00,25505.75,740.64,736.28,147.3,WIN,TARGET_HIT,25582.25,785.00,2026-05-07 09:21:13
2026-04-02,2026-04-02 10:45:00,2026-04-02 10:45:00,OG,Backtest,AdxDiCrossBracketOG,OG_AdxDiCrossBracketOG,OG,NQ,NQ JUN26,LONG,1,24211.00,24133.25,-1559.36,-1563.72,-312.7,LOSS,STOP_HIT,24134.50,1530.00,2026-05-07 09:21:13
2026-04-06,2026-04-06 11:05:00,2026-04-06 11:25:00,OG,Backtest,AdxDiCrossBracketOG,OG_AdxDiCrossBracketOG,OG,NQ,NQ JUN26,LONG,1,24307.50,24290.75,-339.36,-343.72,-68.7,LOSS,STOP_HIT,24255.50,1040.00,2026-05-07 09:21:13
2026-03-27,2026-03-27 11:40:00,2026-03-27 11:45:00,OG,Backtest,AdxDiCrossBracketOG,OG_AdxDiCrossBracketOG,OG,NQ,NQ JUN26,LONG,1,23597.75,23540.25,-1154.36,-1158.72,-231.7,LOSS,STOP_HIT,23541.50,1125.00,2026-05-07 09:21:13
2026-03-12,2026-03-12 11:50:00,2026-03-12 11:50:00,OG,Backtest,AdxDiCrossBracketOG,OG_AdxDiCrossBracketOG,OG,NQ,NQ JUN26,LONG,1,24898.75,24843.25,-1114.36,-1118.72,-223.7,LOSS,STOP_HIT,24844.50,1085.00,2026-05-07 09:21:13
2026-03-25,2026-03-25 11:20:00,2026-03-25 11:20:00,OG,Backtest,AdxDiCrossBracketOG,OG_AdxDiCrossBracketOG,OG,NQ,NQ JUN26,SHORT,1,24385.25,24336.50,970.64,966.28,193.3,WIN,TARGET_HIT,24438.00,1055.00,2026-05-07 09:21:13
2026-03-27,2026-03-27 11:40:00,2026-03-27 11:45:00,OG,Backtest,AdxDiCrossBracketOG,OG_AdxDiCrossBracketOG,OG,NQ,NQ JUN26,LONG,1,23597.75,23540.25,-1154.36,-1158.72,-231.7,LOSS,STOP_HIT,23541.50,1125.00,2026-05-07 09:21:13
2026-01-28,2026-01-28 11:20:00,2026-01-28 11:25:00,OG,Backtest,AdxDiCrossBracketOG,OG_AdxDiCrossBracketOG,OG,NQ,NQ JUN26,LONG,1,26393.75,26378.25,-314.36,-318.72,-63.7,LOSS,STOP_HIT,26363.25,610.00,2026-05-07 09:21:13
2026-01-20,2026-01-20 11:10:00,2026-01-20 11:15:00,OG,Backtest,AdxDiCrossBracketOG,OG_AdxDiCrossBracketOG,OG,NQ,NQ JUN26,LONG,1,25588.25,25600.25,235.64,231.28,46.3,WIN,STOP_HIT,25540.75,950.00,2026-05-07 09:21:13
2026-03-20,2026-03-20 11:30:00,2026-03-20 12:05:00,OG,Backtest,AdxDiCrossBracketOG,OG_AdxDiCrossBracketOG,OG,NQ,NQ JUN26,LONG,1,24275.00,24327.75,1050.64,1046.28,209.3,WIN,TARGET_HIT,24219.75,1105.00,2026-05-07 09:21:13
2026-04-02,2026-04-02 10:45:00,2026-04-02 10:45:00,OG,Backtest,AdxDiCrossBracketOG,OG_AdxDiCrossBracketOG,OG,NQ,NQ JUN26,LONG,1,24211.00,24133.25,-1559.36,-1563.72,-312.7,LOSS,STOP_HIT,24134.50,1530.00,2026-05-07 09:21:13
2026-03-20,2026-03-20 11:30:00,2026-03-20 12:05:00,OG,Backtest,AdxDiCrossBracketOG,OG_AdxDiCrossBracketOG,OG,NQ,NQ JUN26,LONG,1,24275.00,24327.75,1050.64,1046.28,209.3,WIN,TARGET_HIT,24219.75,1105.00,2026-05-07 09:21:13
2026-03-19,2026-03-19 11:15:00,2026-03-19 11:25:00,OG,Backtest,AdxDiCrossBracketOG,OG_AdxDiCrossBracketOG,OG,NQ,NQ JUN26,LONG,1,24531.00,24485.50,-914.36,-918.72,-183.7,LOSS,STOP_HIT,24473.00,1160.00,2026-05-07 09:21:13
2026-04-06,2026-04-06 11:05:00,2026-04-06 11:25:00,OG,Backtest,AdxDiCrossBracketOG,OG_AdxDiCrossBracketOG,OG,NQ,NQ JUN26,LONG,1,24307.50,24290.75,-339.36,-343.72,-68.7,LOSS,STOP_HIT,24255.50,1040.00,2026-05-07 09:21:13
2026-03-25,2026-03-25 11:20:00,2026-03-25 11:20:00,OG,Backtest,AdxDiCrossBracketOG,OG_AdxDiCrossBracketOG,OG,NQ,NQ JUN26,SHORT,1,24385.25,24336.50,970.64,966.28,193.3,WIN,TARGET_HIT,24438.00,1055.00,2026-05-07 09:21:13
2026-03-24,2026-03-24 11:00:00,2026-03-24 11:00:00,OG,Backtest,AdxDiCrossBracketOG,OG_AdxDiCrossBracketOG,OG,NQ,NQ JUN26,LONG,1,24282.25,24217.00,-1309.36,-1313.72,-262.7,LOSS,STOP_HIT,24218.25,1280.00,2026-05-07 09:21:13
2026-02-24,2026-02-24 10:10:00,2026-02-24 10:10:00,OG,Backtest,AdxDiCrossBracketOG,OG_AdxDiCrossBracketOG,OG,NQ,NQ JUN26,SHORT,1,25048.00,25093.50,-914.36,-918.72,-183.7,LOSS,STOP_HIT,25092.25,885.00,2026-05-07 09:21:13
2026-01-28,2026-01-28 11:20:00,2026-01-28 11:25:00,OG,Backtest,AdxDiCrossBracketOG,OG_AdxDiCrossBracketOG,OG,NQ,NQ JUN26,LONG,1,26393.75,26378.25,-314.36,-318.72,-63.7,LOSS,STOP_HIT,26363.25,610.00,2026-05-07 09:21:13
2026-04-06,2026-04-06 11:05:00,2026-04-06 11:25:00,OG,Backtest,AdxDiCrossBracketOG,OG_AdxDiCrossBracketOG,OG,NQ,NQ JUN26,LONG,1,24307.50,24290.75,-339.36,-343.72,-68.7,LOSS,STOP_HIT,24255.50,1040.00,2026-05-07 09:21:13
2026-03-27,2026-03-27 11:40:00,2026-03-27 11:45:00,OG,Backtest,AdxDiCrossBracketOG,OG_AdxDiCrossBracketOG,OG,NQ,NQ JUN26,LONG,1,23597.75,23540.25,-1154.36,-1158.72,-231.7,LOSS,STOP_HIT,23541.50,1125.00,2026-05-07 09:21:13
2026-04-06,2026-04-06 11:05:00,2026-04-06 11:25:00,OG,Backtest,AdxDiCrossBracketOG,OG_AdxDiCrossBracketOG,OG,NQ,NQ JUN26,LONG,1,24307.50,24290.75,-339.36,-343.72,-68.7,LOSS,STOP_HIT,24255.50,1040.00,2026-05-07 09:21:13
2026-04-06,2026-04-06 11:05:00,2026-04-06 11:25:00,OG,Backtest,AdxDiCrossBracketOG,OG_AdxDiCrossBracketOG,OG,NQ,NQ JUN26,LONG,1,24307.50,24290.75,-339.36,-343.72,-68.7,LOSS,STOP_HIT,24255.50,1040.00,2026-05-07 09:21:13
2026-01-28,2026-01-28 10:55:00,2026-01-28 11:15:00,OG,Backtest,AdxDiCrossBracketOG,OG_AdxDiCrossBracketOG,OG,NQ,NQ JUN26,SHORT,1,26394.50,26407.00,-254.36,-258.72,-51.7,LOSS,STOP_HIT,26429.00,690.00,2026-05-07 09:21:13
2026-03-09,2026-03-09 10:45:00,2026-03-09 10:50:00,OG,Backtest,AdxDiCrossBracketOG,OG_AdxDiCrossBracketOG,OG,NQ,NQ JUN26,LONG,1,24692.75,24762.25,1385.64,1381.28,276.3,WIN,TARGET_HIT,24622.25,1410.00,2026-05-07 09:21:13
2026-04-07,2026-04-07 11:40:00,2026-04-07 12:00:00,OG,Backtest,AdxDiCrossBracketOG,OG_AdxDiCrossBracketOG,OG,NQ,NQ JUN26,LONG,1,24072.25,24117.50,900.64,896.28,179.3,WIN,TARGET_HIT,24025.00,945.00,2026-05-07 09:21:13
2026-04-10,2026-04-10 11:45:00,2026-04-10 12:00:00,OG,Backtest,AdxDiCrossBracketOG,OG_AdxDiCrossBracketOG,OG,NQ,NQ JUN26,SHORT,1,25300.75,25269.75,615.64,611.28,122.3,WIN,TARGET_HIT,25334.25,670.00,2026-05-07 09:21:13
2026-01-09,2026-01-09 09:45:00,2026-01-09 09:50:00,OG,Backtest,AdxDiCrossBracketOG,OG_AdxDiCrossBracketOG,OG,NQ,NQ JUN26,LONG,1,25965.75,25936.75,-584.36,-588.72,-117.7,LOSS,STOP_HIT,25938.00,555.00,2026-05-07 09:21:13
2026-04-10,2026-04-10 11:45:00,2026-04-10 12:00:00,OG,Backtest,AdxDiCrossBracketOG,OG_AdxDiCrossBracketOG,OG,NQ,NQ JUN26,SHORT,1,25300.75,25269.75,615.64,611.28,122.3,WIN,TARGET_HIT,25334.25,670.00,2026-05-07 09:21:13
2026-01-09,2026-01-09 09:45:00,2026-01-09 09:50:00,OG,Backtest,AdxDiCrossBracketOG,OG_AdxDiCrossBracketOG,OG,NQ,NQ JUN26,LONG,1,25965.75,25936.75,-584.36,-588.72,-117.7,LOSS,STOP_HIT,25938.00,555.00,2026-05-07 09:21:13
2026-01-09,2026-01-09 10:10:00,2026-01-09 10:10:00,OG,Backtest,AdxDiCrossBracketOG,OG_AdxDiCrossBracketOG,OG,NQ,NQ JUN26,LONG,1,25922.50,25881.00,-834.36,-838.72,-167.7,LOSS,STOP_HIT,25882.25,805.00,2026-05-07 09:21:13
2026-01-09,2026-01-09 09:45:00,2026-01-09 09:50:00,OG,Backtest,AdxDiCrossBracketOG,OG_AdxDiCrossBracketOG,OG,NQ,NQ JUN26,LONG,1,25965.75,25936.75,-584.36,-588.72,-117.7,LOSS,STOP_HIT,25938.00,555.00,2026-05-07 09:21:13
2026-01-09,2026-01-09 10:15:00,2026-01-09 10:15:00,OG,Backtest,AdxDiCrossBracketOG,OG_AdxDiCrossBracketOG,OG,NQ,NQ JUN26,SHORT,1,25849.75,25897.00,-949.36,-953.72,-190.7,LOSS,STOP_HIT,25895.75,920.00,2026-05-07 09:21:13
2026-01-09,2026-01-09 09:55:00,2026-01-09 09:55:00,OG,Backtest,AdxDiCrossBracketOG,OG_AdxDiCrossBracketOG,OG,NQ,NQ JUN26,SHORT,1,25912.50,25949.00,-734.36,-738.72,-147.7,LOSS,STOP_HIT,25947.75,705.00,2026-05-07 09:21:13
2026-01-09,2026-01-09 10:15:00,2026-01-09 10:15:00,OG,Backtest,AdxDiCrossBracketOG,OG_AdxDiCrossBracketOG,OG,NQ,NQ JUN26,SHORT,1,25849.75,25897.00,-949.36,-953.72,-190.7,LOSS,STOP_HIT,25895.75,920.00,2026-05-07 09:21:13
2026-03-09,2026-03-09 10:45:00,2026-03-09 10:50:00,OG,Backtest,AdxDiCrossBracketOG,OG_AdxDiCrossBracketOG,OG,NQ,NQ JUN26,LONG,1,24692.75,24762.25,1385.64,1381.28,276.3,WIN,TARGET_HIT,24622.25,1410.00,2026-05-07 09:21:13
2026-01-09,2026-01-09 10:15:00,2026-01-09 10:15:00,OG,Backtest,AdxDiCrossBracketOG,OG_AdxDiCrossBracketOG,OG,NQ,NQ JUN26,SHORT,1,25849.75,25897.00,-949.36,-953.72,-190.7,LOSS,STOP_HIT,25895.75,920.00,2026-05-07 09:21:13
2026-01-07,2026-01-07 09:50:00,2026-01-07 09:50:00,OG,Backtest,AdxDiCrossBracketOG,OG_AdxDiCrossBracketOG,OG,NQ,NQ JUN26,LONG,1,26064.50,26079.75,300.64,296.28,59.3,WIN,TARGET_HIT,26047.25,345.00,2026-05-07 09:21:13
2026-01-09,2026-01-09 10:10:00,2026-01-09 10:10:00,OG,Backtest,AdxDiCrossBracketOG,OG_AdxDiCrossBracketOG,OG,NQ,NQ JUN26,LONG,1,25922.50,25881.00,-834.36,-838.72,-167.7,LOSS,STOP_HIT,25882.25,805.00,2026-05-07 09:21:13
2026-02-13,2026-02-13 10:50:00,2026-02-13 11:05:00,OG,Backtest,AdxDiCrossBracketOG,OG_AdxDiCrossBracketOG,OG,NQ,NQ JUN26,SHORT,1,24982.25,25021.00,-779.36,-783.72,-156.7,LOSS,STOP_HIT,25055.00,1455.00,2026-05-07 09:21:13
2026-01-23,2026-01-23 10:10:00,2026-01-23 10:15:00,OG,Backtest,AdxDiCrossBracketOG,OG_AdxDiCrossBracketOG,OG,NQ,NQ JUN26,LONG,1,25921.75,25885.00,-739.36,-743.72,-148.7,LOSS,STOP_HIT,25885.50,725.00,2026-05-07 09:21:13
2026-02-24,2026-02-24 10:15:00,2026-02-24 10:15:00,OG,Backtest,AdxDiCrossBracketOG,OG_AdxDiCrossBracketOG,OG,NQ,NQ JUN26,LONG,1,25110.00,25063.00,-944.36,-948.72,-189.7,LOSS,STOP_HIT,25064.25,915.00,2026-05-07 09:21:13
2026-01-23,2026-01-23 10:10:00,2026-01-23 10:15:00,OG,Backtest,AdxDiCrossBracketOG,OG_AdxDiCrossBracketOG,OG,NQ,NQ JUN26,LONG,1,25921.75,25885.00,-739.36,-743.72,-148.7,LOSS,STOP_HIT,25885.50,725.00,2026-05-07 09:21:13
2026-01-07,2026-01-07 09:50:00,2026-01-07 09:50:00,OG,Backtest,AdxDiCrossBracketOG,OG_AdxDiCrossBracketOG,OG,NQ,NQ JUN26,LONG,1,26064.50,26079.75,300.64,296.28,59.3,WIN,TARGET_HIT,26047.25,345.00,2026-05-07 09:21:13
2026-03-02,2026-03-02 11:15:00,2026-03-02 11:20:00,OG,Backtest,AdxDiCrossBracketOG,OG_AdxDiCrossBracketOG,OG,NQ,NQ JUN26,LONG,1,25187.75,25180.00,-159.36,-163.72,-32.7,LOSS,STOP_HIT,25129.50,1165.00,2026-05-07 09:21:13
2026-01-28,2026-01-28 10:55:00,2026-01-28 11:15:00,OG,Backtest,AdxDiCrossBracketOG,OG_AdxDiCrossBracketOG,OG,NQ,NQ JUN26,SHORT,1,26394.50,26407.00,-254.36,-258.72,-51.7,LOSS,STOP_HIT,26429.00,690.00,2026-05-07 09:21:13
2026-03-20,2026-03-20 11:30:00,2026-03-20 12:05:00,OG,Backtest,AdxDiCrossBracketOG,OG_AdxDiCrossBracketOG,OG,NQ,NQ JUN26,LONG,1,24275.00,24327.75,1050.64,1046.28,209.3,WIN,TARGET_HIT,24219.75,1105.00,2026-05-07 09:21:13
2026-01-09,2026-01-09 09:45:00,2026-01-09 09:50:00,OG,Backtest,AdxDiCrossBracketOG,OG_AdxDiCrossBracketOG,OG,NQ,NQ JUN26,LONG,1,25965.75,25936.75,-584.36,-588.72,-117.7,LOSS,STOP_HIT,25938.00,555.00,2026-05-07 09:21:13
2026-01-09,2026-01-09 09:45:00,2026-01-09 09:50:00,OG,Backtest,AdxDiCrossBracketOG,OG_AdxDiCrossBracketOG,OG,NQ,NQ JUN26,LONG,1,25965.75,25936.75,-584.36,-588.72,-117.7,LOSS,STOP_HIT,25938.00,555.00,2026-05-07 09:21:13
2026-01-28,2026-01-28 10:55:00,2026-01-28 11:15:00,OG,Backtest,AdxDiCrossBracketOG,OG_AdxDiCrossBracketOG,OG,NQ,NQ JUN26,SHORT,1,26394.50,26407.00,-254.36,-258.72,-51.7,LOSS,STOP_HIT,26429.00,690.00,2026-05-07 09:21:13
2026-01-07,2026-01-07 09:50:00,2026-01-07 09:50:00,OG,Backtest,AdxDiCrossBracketOG,OG_AdxDiCrossBracketOG,OG,NQ,NQ JUN26,LONG,1,26064.50,26079.75,300.64,296.28,59.3,WIN,TARGET_HIT,26047.25,345.00,2026-05-07 09:21:13
2026-01-09,2026-01-09 09:45:00,2026-01-09 09:50:00,OG,Backtest,AdxDiCrossBracketOG,OG_AdxDiCrossBracketOG,OG,NQ,NQ JUN26,LONG,1,25965.75,25936.75,-584.36,-588.72,-117.7,LOSS,STOP_HIT,25938.00,555.00,2026-05-07 09:21:13
2026-01-16,2026-01-16 11:30:00,2026-01-16 11:35:00,OG,Backtest,AdxDiCrossBracketOG,OG_AdxDiCrossBracketOG,OG,NQ,NQ JUN26,LONG,1,25912.25,25924.50,240.64,236.28,47.3,WIN,STOP_HIT,25874.75,750.00,2026-05-07 09:21:13
2026-01-09,2026-01-09 10:30:00,2026-01-09 10:30:00,OG,Backtest,AdxDiCrossBracketOG,OG_AdxDiCrossBracketOG,OG,NQ,NQ JUN26,LONG,1,26010.00,26057.25,940.64,936.28,187.3,WIN,TARGET_HIT,25959.75,1005.00,2026-05-07 09:21:13
2026-02-11,2026-02-11 11:05:00,2026-02-11 11:10:00,OG,Backtest,AdxDiCrossBracketOG,OG_AdxDiCrossBracketOG,OG,NQ,NQ JUN26,LONG,1,25454.25,25417.50,-739.36,-743.72,-148.7,LOSS,STOP_HIT,25393.00,1225.00,2026-05-07 09:21:13
2026-01-20,2026-01-20 11:10:00,2026-01-20 11:15:00,OG,Backtest,AdxDiCrossBracketOG,OG_AdxDiCrossBracketOG,OG,NQ,NQ JUN26,LONG,1,25588.25,25600.25,235.64,231.28,46.3,WIN,STOP_HIT,25540.75,950.00,2026-05-07 09:21:13
2026-01-12,2026-01-12 11:25:00,2026-01-12 11:35:00,OG,Backtest,AdxDiCrossBracketOG,OG_AdxDiCrossBracketOG,OG,NQ,NQ JUN26,LONG,1,26159.50,26149.25,-209.36,-213.72,-42.7,LOSS,STOP_HIT,26131.75,555.00,2026-05-07 09:21:13
2026-01-21,2026-01-21 11:45:00,2026-01-21 11:45:00,OG,Backtest,AdxDiCrossBracketOG,OG_AdxDiCrossBracketOG,OG,NQ,NQ JUN26,SHORT,1,25543.00,25505.75,740.64,736.28,147.3,WIN,TARGET_HIT,25582.25,785.00,2026-05-07 09:21:13
2026-01-06,2026-01-06 11:00:00,2026-01-06 11:05:00,OG,Backtest,AdxDiCrossBracketOG,OG_AdxDiCrossBracketOG,OG,NQ,NQ JUN26,SHORT,1,25908.50,25880.75,550.64,546.28,109.3,WIN,TARGET_HIT,25938.25,595.00,2026-05-07 09:21:13
2026-01-13,2026-01-13 10:10:00,2026-01-13 10:15:00,OG,Backtest,AdxDiCrossBracketOG,OG_AdxDiCrossBracketOG,OG,NQ,NQ JUN26,SHORT,1,26137.25,26108.00,580.64,576.28,115.3,WIN,TARGET_HIT,26168.00,615.00,2026-05-07 09:21:13
2026-02-05,2026-02-05 11:40:00,2026-02-05 11:50:00,OG,Backtest,AdxDiCrossBracketOG,OG_AdxDiCrossBracketOG,OG,NQ,NQ JUN26,LONG,1,25026.25,24991.50,-699.36,-703.72,-140.7,LOSS,STOP_HIT,24938.00,1765.00,2026-05-07 09:21:13
2026-01-07,2026-01-07 09:50:00,2026-01-07 09:50:00,OG,Backtest,AdxDiCrossBracketOG,OG_AdxDiCrossBracketOG,OG,NQ,NQ JUN26,LONG,1,26064.50,26079.75,300.64,296.28,59.3,WIN,TARGET_HIT,26047.25,345.00,2026-05-07 09:21:13
2026-01-07,2026-01-07 10:10:00,2026-01-07 10:10:00,OG,Backtest,AdxDiCrossBracketOG,OG_AdxDiCrossBracketOG,OG,NQ,NQ JUN26,SHORT,1,26050.00,26073.50,-474.36,-478.72,-95.7,LOSS,STOP_HIT,26072.25,445.00,2026-05-07 09:21:13
2026-01-09,2026-01-09 09:45:00,2026-01-09 09:50:00,OG,Backtest,AdxDiCrossBracketOG,OG_AdxDiCrossBracketOG,OG,NQ,NQ JUN26,LONG,1,25965.75,25936.75,-584.36,-588.72,-117.7,LOSS,STOP_HIT,25938.00,555.00,2026-05-07 09:21:13
2026-02-05,2026-02-05 11:40:00,2026-02-05 11:50:00,OG,Backtest,AdxDiCrossBracketOG,OG_AdxDiCrossBracketOG,OG,NQ,NQ JUN26,LONG,1,25026.25,24991.50,-699.36,-703.72,-140.7,LOSS,STOP_HIT,24938.00,1765.00,2026-05-07 09:21:13
2026-02-11,2026-02-11 10:20:00,2026-02-11 10:20:00,OG,Backtest,AdxDiCrossBracketOG,OG_AdxDiCrossBracketOG,OG,NQ,NQ JUN26,SHORT,1,25395.25,25345.50,990.64,986.28,197.3,WIN,TARGET_HIT,25448.50,1065.00,2026-05-07 09:21:13
2026-01-21,2026-01-21 11:45:00,2026-01-21 11:45:00,OG,Backtest,AdxDiCrossBracketOG,OG_AdxDiCrossBracketOG,OG,NQ,NQ JUN26,SHORT,1,25543.00,25505.75,740.64,736.28,147.3,WIN,TARGET_HIT,25582.25,785.00,2026-05-07 09:21:13
2026-01-07,2026-01-07 09:50:00,2026-01-07 09:50:00,OG,Backtest,AdxDiCrossBracketOG,OG_AdxDiCrossBracketOG,OG,NQ,NQ JUN26,LONG,1,26064.50,26079.75,300.64,296.28,59.3,WIN,TARGET_HIT,26047.25,345.00,2026-05-07 09:21:13
2026-01-20,2026-01-20 11:10:00,2026-01-20 11:15:00,OG,Backtest,AdxDiCrossBracketOG,OG_AdxDiCrossBracketOG,OG,NQ,NQ JUN26,LONG,1,25588.25,25600.25,235.64,231.28,46.3,WIN,STOP_HIT,25540.75,950.00,2026-05-07 09:21:13
2026-02-13,2026-02-13 10:35:00,2026-02-13 10:35:00,OG,Backtest,AdxDiCrossBracketOG,OG_AdxDiCrossBracketOG,OG,NQ,NQ JUN26,LONG,1,25058.75,25127.00,1360.64,1356.28,271.3,WIN,TARGET_HIT,24987.50,1425.00,2026-05-07 09:21:13
2026-04-06,2026-04-06 11:35:00,2026-04-06 11:50:00,OG,Backtest,AdxDiCrossBracketOG,OG_AdxDiCrossBracketOG,OG,NQ,NQ JUN26,SHORT,1,24280.00,24294.25,-289.36,-293.72,-58.7,LOSS,STOP_HIT,24325.50,910.00,2026-05-07 09:21:13
2026-01-30,2026-01-30 10:55:00,2026-01-30 10:55:00,OG,Backtest,AdxDiCrossBracketOG,OG_AdxDiCrossBracketOG,OG,NQ,NQ JUN26,LONG,1,26118.00,26058.75,-1189.36,-1193.72,-238.7,LOSS,STOP_HIT,26060.00,1160.00,2026-05-07 09:21:13
2026-01-23,2026-01-23 10:10:00,2026-01-23 10:15:00,OG,Backtest,AdxDiCrossBracketOG,OG_AdxDiCrossBracketOG,OG,NQ,NQ JUN26,LONG,1,25921.75,25885.00,-739.36,-743.72,-148.7,LOSS,STOP_HIT,25885.50,725.00,2026-05-07 09:21:13
2026-01-13,2026-01-13 10:10:00,2026-01-13 10:15:00,OG,Backtest,AdxDiCrossBracketOG,OG_AdxDiCrossBracketOG,OG,NQ,NQ JUN26,SHORT,1,26137.25,26108.00,580.64,576.28,115.3,WIN,TARGET_HIT,26168.00,615.00,2026-05-07 09:21:13
2026-01-12,2026-01-12 11:25:00,2026-01-12 11:35:00,OG,Backtest,AdxDiCrossBracketOG,OG_AdxDiCrossBracketOG,OG,NQ,NQ JUN26,LONG,1,26159.50,26149.25,-209.36,-213.72,-42.7,LOSS,STOP_HIT,26131.75,555.00,2026-05-07 09:21:13
2026-01-30,2026-01-30 11:00:00,2026-01-30 11:10:00,OG,Backtest,AdxDiCrossBracketOG,OG_AdxDiCrossBracketOG,OG,NQ,NQ JUN26,SHORT,1,26071.50,26048.25,460.64,456.28,91.3,WIN,STOP_HIT,26129.00,1150.00,2026-05-07 09:21:13
2026-01-28,2026-01-28 11:20:00,2026-01-28 11:25:00,OG,Backtest,AdxDiCrossBracketOG,OG_AdxDiCrossBracketOG,OG,NQ,NQ JUN26,LONG,1,26393.75,26378.25,-314.36,-318.72,-63.7,LOSS,STOP_HIT,26363.25,610.00,2026-05-07 09:21:13
2026-01-23,2026-01-23 10:10:00,2026-01-23 10:15:00,OG,Backtest,AdxDiCrossBracketOG,OG_AdxDiCrossBracketOG,OG,NQ,NQ JUN26,LONG,1,25921.75,25885.00,-739.36,-743.72,-148.7,LOSS,STOP_HIT,25885.50,725.00,2026-05-07 09:21:13
2026-02-05,2026-02-05 11:40:00,2026-02-05 11:50:00,OG,Backtest,AdxDiCrossBracketOG,OG_AdxDiCrossBracketOG,OG,NQ,NQ JUN26,LONG,1,25026.25,24991.50,-699.36,-703.72,-140.7,LOSS,STOP_HIT,24938.00,1765.00,2026-05-07 09:21:13
2026-01-30,2026-01-30 10:55:00,2026-01-30 10:55:00,OG,Backtest,AdxDiCrossBracketOG,OG_AdxDiCrossBracketOG,OG,NQ,NQ JUN26,LONG,1,26118.00,26058.75,-1189.36,-1193.72,-238.7,LOSS,STOP_HIT,26060.00,1160.00,2026-05-07 09:21:13
2026-01-20,2026-01-20 11:10:00,2026-01-20 11:15:00,OG,Backtest,AdxDiCrossBracketOG,OG_AdxDiCrossBracketOG,OG,NQ,NQ JUN26,LONG,1,25588.25,25600.25,235.64,231.28,46.3,WIN,STOP_HIT,25540.75,950.00,2026-05-07 09:21:13
2026-02-13,2026-02-13 10:50:00,2026-02-13 11:05:00,OG,Backtest,AdxDiCrossBracketOG,OG_AdxDiCrossBracketOG,OG,NQ,NQ JUN26,SHORT,1,24982.25,25021.00,-779.36,-783.72,-156.7,LOSS,STOP_HIT,25055.00,1455.00,2026-05-07 09:21:13
2026-01-23,2026-01-23 10:10:00,2026-01-23 10:15:00,OG,Backtest,AdxDiCrossBracketOG,OG_AdxDiCrossBracketOG,OG,NQ,NQ JUN26,LONG,1,25921.75,25885.00,-739.36,-743.72,-148.7,LOSS,STOP_HIT,25885.50,725.00,2026-05-07 09:21:13
2026-02-17,2026-02-17 11:10:00,2026-02-17 11:10:00,OG,Backtest,AdxDiCrossBracketOG,OG_AdxDiCrossBracketOG,OG,NQ,NQ JUN26,LONG,1,24862.00,24927.25,1300.64,1296.28,259.3,WIN,TARGET_HIT,24793.75,1365.00,2026-05-07 09:21:13
2026-01-21,2026-01-21 11:45:00,2026-01-21 11:45:00,OG,Backtest,AdxDiCrossBracketOG,OG_AdxDiCrossBracketOG,OG,NQ,NQ JUN26,SHORT,1,25543.00,25505.75,740.64,736.28,147.3,WIN,TARGET_HIT,25582.25,785.00,2026-05-07 09:21:13
2026-03-06,2026-03-06 11:10:00,2026-03-06 11:15:00,OG,Backtest,AdxDiCrossBracketOG,OG_AdxDiCrossBracketOG,OG,NQ,NQ JUN26,LONG,1,25102.25,25058.25,-884.36,-888.72,-177.7,LOSS,STOP_HIT,25038.75,1270.00,2026-05-07 09:21:13
2026-03-25,2026-03-25 11:20:00,2026-03-25 11:20:00,OG,Backtest,AdxDiCrossBracketOG,OG_AdxDiCrossBracketOG,OG,NQ,NQ JUN26,SHORT,1,24385.25,24336.50,970.64,966.28,193.3,WIN,TARGET_HIT,24438.00,1055.00,2026-05-07 09:21:13
2026-02-11,2026-02-11 11:05:00,2026-02-11 11:10:00,OG,Backtest,AdxDiCrossBracketOG,OG_AdxDiCrossBracketOG,OG,NQ,NQ JUN26,LONG,1,25454.25,25417.50,-739.36,-743.72,-148.7,LOSS,STOP_HIT,25393.00,1225.00,2026-05-07 09:21:13
2026-02-13,2026-02-13 10:50:00,2026-02-13 11:05:00,OG,Backtest,AdxDiCrossBracketOG,OG_AdxDiCrossBracketOG,OG,NQ,NQ JUN26,SHORT,1,24982.25,25021.00,-779.36,-783.72,-156.7,LOSS,STOP_HIT,25055.00,1455.00,2026-05-07 09:21:13
2026-02-11,2026-02-11 10:20:00,2026-02-11 10:20:00,OG,Backtest,AdxDiCrossBracketOG,OG_AdxDiCrossBracketOG,OG,NQ,NQ JUN26,SHORT,1,25395.25,25345.50,990.64,986.28,197.3,WIN,TARGET_HIT,25448.50,1065.00,2026-05-07 09:21:13
2026-03-25,2026-03-25 11:20:00,2026-03-25 11:20:00,OG,Backtest,AdxDiCrossBracketOG,OG_AdxDiCrossBracketOG,OG,NQ,NQ JUN26,SHORT,1,24385.25,24336.50,970.64,966.28,193.3,WIN,TARGET_HIT,24438.00,1055.00,2026-05-07 09:21:13
2026-01-30,2026-01-30 11:00:00,2026-01-30 11:10:00,OG,Backtest,AdxDiCrossBracketOG,OG_AdxDiCrossBracketOG,OG,NQ,NQ JUN26,SHORT,1,26071.50,26048.25,460.64,456.28,91.3,WIN,STOP_HIT,26129.00,1150.00,2026-05-07 09:21:13
2026-02-03,2026-02-03 09:50:00,2026-02-03 09:50:00,OG,Backtest,AdxDiCrossBracketOG,OG_AdxDiCrossBracketOG,OG,NQ,NQ JUN26,SHORT,1,25960.00,25999.25,-789.36,-793.72,-158.7,LOSS,STOP_HIT,25998.00,760.00,2026-05-07 09:21:13
2026-02-03,2026-02-03 09:50:00,2026-02-03 09:50:00,OG,Backtest,AdxDiCrossBracketOG,OG_AdxDiCrossBracketOG,OG,NQ,NQ JUN26,SHORT,1,25960.00,25999.25,-789.36,-793.72,-158.7,LOSS,STOP_HIT,25998.00,760.00,2026-05-07 09:21:13
2026-03-03,2026-03-03 11:25:00,2026-03-03 11:40:00,OG,Backtest,AdxDiCrossBracketOG,OG_AdxDiCrossBracketOG,OG,NQ,NQ JUN26,LONG,1,24795.25,24816.50,420.64,416.28,83.3,WIN,STOP_HIT,24724.00,1425.00,2026-05-07 09:21:13
2026-03-19,2026-03-19 11:15:00,2026-03-19 11:25:00,OG,Backtest,AdxDiCrossBracketOG,OG_AdxDiCrossBracketOG,OG,NQ,NQ JUN26,LONG,1,24531.00,24485.50,-914.36,-918.72,-183.7,LOSS,STOP_HIT,24473.00,1160.00,2026-05-07 09:21:13
2026-02-17,2026-02-17 11:10:00,2026-02-17 11:10:00,OG,Backtest,AdxDiCrossBracketOG,OG_AdxDiCrossBracketOG,OG,NQ,NQ JUN26,LONG,1,24862.00,24927.25,1300.64,1296.28,259.3,WIN,TARGET_HIT,24793.75,1365.00,2026-05-07 09:21:13
2026-03-27,2026-03-27 11:40:00,2026-03-27 11:45:00,OG,Backtest,AdxDiCrossBracketOG,OG_AdxDiCrossBracketOG,OG,NQ,NQ JUN26,LONG,1,23597.75,23540.25,-1154.36,-1158.72,-231.7,LOSS,STOP_HIT,23541.50,1125.00,2026-05-07 09:21:13
2026-02-03,2026-02-03 09:50:00,2026-02-03 09:50:00,OG,Backtest,AdxDiCrossBracketOG,OG_AdxDiCrossBracketOG,OG,NQ,NQ JUN26,SHORT,1,25960.00,25999.25,-789.36,-793.72,-158.7,LOSS,STOP_HIT,25998.00,760.00,2026-05-07 09:21:13
2026-02-10,2026-02-10 09:45:00,2026-02-10 09:45:00,OG,Backtest,AdxDiCrossBracketOG,OG_AdxDiCrossBracketOG,OG,NQ,NQ JUN26,SHORT,1,25534.50,25512.25,440.64,436.28,87.3,WIN,TARGET_HIT,25559.75,505.00,2026-05-07 09:21:13
2026-03-03,2026-03-03 11:25:00,2026-03-03 11:40:00,OG,Backtest,AdxDiCrossBracketOG,OG_AdxDiCrossBracketOG,OG,NQ,NQ JUN26,LONG,1,24795.25,24816.50,420.64,416.28,83.3,WIN,STOP_HIT,24724.00,1425.00,2026-05-07 09:21:13
2026-02-11,2026-02-11 10:20:00,2026-02-11 10:20:00,OG,Backtest,AdxDiCrossBracketOG,OG_AdxDiCrossBracketOG,OG,NQ,NQ JUN26,SHORT,1,25395.25,25345.50,990.64,986.28,197.3,WIN,TARGET_HIT,25448.50,1065.00,2026-05-07 09:21:13
2026-02-11,2026-02-11 11:20:00,2026-02-11 11:25:00,OG,Backtest,AdxDiCrossBracketOG,OG_AdxDiCrossBracketOG,OG,NQ,NQ JUN26,LONG,1,25468.75,25457.00,-239.36,-243.72,-48.7,LOSS,STOP_HIT,25406.75,1240.00,2026-05-07 09:21:13
2026-02-13,2026-02-13 10:35:00,2026-02-13 10:35:00,OG,Backtest,AdxDiCrossBracketOG,OG_AdxDiCrossBracketOG,OG,NQ,NQ JUN26,LONG,1,25058.75,25127.00,1360.64,1356.28,271.3,WIN,TARGET_HIT,24987.50,1425.00,2026-05-07 09:21:13
2026-02-24,2026-02-24 09:50:00,2026-02-24 09:50:00,OG,Backtest,AdxDiCrossBracketOG,OG_AdxDiCrossBracketOG,OG,NQ,NQ JUN26,LONG,1,25121.25,25157.50,720.64,716.28,143.3,WIN,TARGET_HIT,25081.50,795.00,2026-05-07 09:21:13
2026-03-17,2026-03-17 11:15:00,2026-03-17 11:20:00,OG,Backtest,AdxDiCrossBracketOG,OG_AdxDiCrossBracketOG,OG,NQ,NQ JUN26,SHORT,1,25019.75,25057.00,-749.36,-753.72,-150.7,LOSS,STOP_HIT,25056.25,730.00,2026-05-07 09:21:13
2026-04-07,2026-04-07 11:40:00,2026-04-07 12:00:00,OG,Backtest,AdxDiCrossBracketOG,OG_AdxDiCrossBracketOG,OG,NQ,NQ JUN26,LONG,1,24072.25,24117.50,900.64,896.28,179.3,WIN,TARGET_HIT,24025.00,945.00,2026-05-07 09:21:13
2026-01-16,2026-01-16 11:30:00,2026-01-16 11:35:00,OG,Backtest,AdxDiCrossBracketOG,OG_AdxDiCrossBracketOG,OG,NQ,NQ JUN26,LONG,1,25912.25,25924.50,240.64,236.28,47.3,WIN,STOP_HIT,25874.75,750.00,2026-05-07 09:21:14
2026-02-17,2026-02-17 11:10:00,2026-02-17 11:10:00,OG,Backtest,AdxDiCrossBracketOG,OG_AdxDiCrossBracketOG,OG,NQ,NQ JUN26,LONG,1,24862.00,24927.25,1300.64,1296.28,259.3,WIN,TARGET_HIT,24793.75,1365.00,2026-05-07 09:21:14
2026-03-09,2026-03-09 10:45:00,2026-03-09 10:50:00,OG,Backtest,AdxDiCrossBracketOG,OG_AdxDiCrossBracketOG,OG,NQ,NQ JUN26,LONG,1,24692.75,24762.25,1385.64,1381.28,276.3,WIN,TARGET_HIT,24622.25,1410.00,2026-05-07 09:21:14
2026-03-02,2026-03-02 11:15:00,2026-03-02 11:20:00,OG,Backtest,AdxDiCrossBracketOG,OG_AdxDiCrossBracketOG,OG,NQ,NQ JUN26,LONG,1,25187.75,25180.00,-159.36,-163.72,-32.7,LOSS,STOP_HIT,25129.50,1165.00,2026-05-07 09:21:14
2026-03-25,2026-03-25 11:20:00,2026-03-25 11:20:00,OG,Backtest,AdxDiCrossBracketOG,OG_AdxDiCrossBracketOG,OG,NQ,NQ JUN26,SHORT,1,24385.25,24336.50,970.64,966.28,193.3,WIN,TARGET_HIT,24438.00,1055.00,2026-05-07 09:21:14
2026-02-24,2026-02-24 10:10:00,2026-02-24 10:10:00,OG,Backtest,AdxDiCrossBracketOG,OG_AdxDiCrossBracketOG,OG,NQ,NQ JUN26,SHORT,1,25048.00,25093.50,-914.36,-918.72,-183.7,LOSS,STOP_HIT,25092.25,885.00,2026-05-07 09:21:14
2026-03-12,2026-03-12 11:50:00,2026-03-12 11:50:00,OG,Backtest,AdxDiCrossBracketOG,OG_AdxDiCrossBracketOG,OG,NQ,NQ JUN26,LONG,1,24898.75,24843.25,-1114.36,-1118.72,-223.7,LOSS,STOP_HIT,24844.50,1085.00,2026-05-07 09:21:14
2026-04-06,2026-04-06 10:55:00,2026-04-06 11:00:00,OG,Backtest,AdxDiCrossBracketOG,OG_AdxDiCrossBracketOG,OG,NQ,NQ JUN26,SHORT,1,24269.25,24322.25,-1064.36,-1068.72,-213.7,LOSS,STOP_HIT,24321.00,1035.00,2026-05-07 09:21:14
2026-02-24,2026-02-24 10:15:00,2026-02-24 10:15:00,OG,Backtest,AdxDiCrossBracketOG,OG_AdxDiCrossBracketOG,OG,NQ,NQ JUN26,LONG,1,25110.00,25063.00,-944.36,-948.72,-189.7,LOSS,STOP_HIT,25064.25,915.00,2026-05-07 09:21:14
2026-04-02,2026-04-02 10:45:00,2026-04-02 10:45:00,OG,Backtest,AdxDiCrossBracketOG,OG_AdxDiCrossBracketOG,OG,NQ,NQ JUN26,LONG,1,24211.00,24133.25,-1559.36,-1563.72,-312.7,LOSS,STOP_HIT,24134.50,1530.00,2026-05-07 09:21:14
2026-03-12,2026-03-12 11:50:00,2026-03-12 11:50:00,OG,Backtest,AdxDiCrossBracketOG,OG_AdxDiCrossBracketOG,OG,NQ,NQ JUN26,LONG,1,24898.75,24843.25,-1114.36,-1118.72,-223.7,LOSS,STOP_HIT,24844.50,1085.00,2026-05-07 09:21:14
2026-03-24,2026-03-24 11:00:00,2026-03-24 11:00:00,OG,Backtest,AdxDiCrossBracketOG,OG_AdxDiCrossBracketOG,OG,NQ,NQ JUN26,LONG,1,24282.25,24217.00,-1309.36,-1313.72,-262.7,LOSS,STOP_HIT,24218.25,1280.00,2026-05-07 09:21:14
2026-04-02,2026-04-02 10:45:00,2026-04-02 10:45:00,OG,Backtest,AdxDiCrossBracketOG,OG_AdxDiCrossBracketOG,OG,NQ,NQ JUN26,LONG,1,24211.00,24133.25,-1559.36,-1563.72,-312.7,LOSS,STOP_HIT,24134.50,1530.00,2026-05-07 09:21:14
2026-03-03,2026-03-03 11:25:00,2026-03-03 11:40:00,OG,Backtest,AdxDiCrossBracketOG,OG_AdxDiCrossBracketOG,OG,NQ,NQ JUN26,LONG,1,24795.25,24816.50,420.64,416.28,83.3,WIN,STOP_HIT,24724.00,1425.00,2026-05-07 09:21:14
2026-01-30,2026-01-30 10:55:00,2026-01-30 10:55:00,OG,Backtest,AdxDiCrossBracketOG,OG_AdxDiCrossBracketOG,OG,NQ,NQ JUN26,LONG,1,26118.00,26058.75,-1189.36,-1193.72,-238.7,LOSS,STOP_HIT,26060.00,1160.00,2026-05-07 09:21:14
2026-04-06,2026-04-06 11:05:00,2026-04-06 11:25:00,OG,Backtest,AdxDiCrossBracketOG,OG_AdxDiCrossBracketOG,OG,NQ,NQ JUN26,LONG,1,24307.50,24290.75,-339.36,-343.72,-68.7,LOSS,STOP_HIT,24255.50,1040.00,2026-05-07 09:21:14
2026-03-06,2026-03-06 11:10:00,2026-03-06 11:15:00,OG,Backtest,AdxDiCrossBracketOG,OG_AdxDiCrossBracketOG,OG,NQ,NQ JUN26,LONG,1,25102.25,25058.25,-884.36,-888.72,-177.7,LOSS,STOP_HIT,25038.75,1270.00,2026-05-07 09:21:14
2026-03-24,2026-03-24 11:00:00,2026-03-24 11:00:00,OG,Backtest,AdxDiCrossBracketOG,OG_AdxDiCrossBracketOG,OG,NQ,NQ JUN26,LONG,1,24282.25,24217.00,-1309.36,-1313.72,-262.7,LOSS,STOP_HIT,24218.25,1280.00,2026-05-07 09:21:14
2026-04-02,2026-04-02 10:45:00,2026-04-02 10:45:00,OG,Backtest,AdxDiCrossBracketOG,OG_AdxDiCrossBracketOG,OG,NQ,NQ JUN26,LONG,1,24211.00,24133.25,-1559.36,-1563.72,-312.7,LOSS,STOP_HIT,24134.50,1530.00,2026-05-07 09:21:14
2026-03-09,2026-03-09 10:45:00,2026-03-09 10:50:00,OG,Backtest,AdxDiCrossBracketOG,OG_AdxDiCrossBracketOG,OG,NQ,NQ JUN26,LONG,1,24692.75,24762.25,1385.64,1381.28,276.3,WIN,TARGET_HIT,24622.25,1410.00,2026-05-07 09:21:14
2026-03-06,2026-03-06 11:10:00,2026-03-06 11:15:00,OG,Backtest,AdxDiCrossBracketOG,OG_AdxDiCrossBracketOG,OG,NQ,NQ JUN26,LONG,1,25102.25,25058.25,-884.36,-888.72,-177.7,LOSS,STOP_HIT,25038.75,1270.00,2026-05-07 09:21:14
2026-04-06,2026-04-06 11:35:00,2026-04-06 11:50:00,OG,Backtest,AdxDiCrossBracketOG,OG_AdxDiCrossBracketOG,OG,NQ,NQ JUN26,SHORT,1,24280.00,24294.25,-289.36,-293.72,-58.7,LOSS,STOP_HIT,24325.50,910.00,2026-05-07 09:21:14
2026-03-27,2026-03-27 11:40:00,2026-03-27 11:45:00,OG,Backtest,AdxDiCrossBracketOG,OG_AdxDiCrossBracketOG,OG,NQ,NQ JUN26,LONG,1,23597.75,23540.25,-1154.36,-1158.72,-231.7,LOSS,STOP_HIT,23541.50,1125.00,2026-05-07 09:21:14
2026-03-20,2026-03-20 11:30:00,2026-03-20 12:05:00,OG,Backtest,AdxDiCrossBracketOG,OG_AdxDiCrossBracketOG,OG,NQ,NQ JUN26,LONG,1,24275.00,24327.75,1050.64,1046.28,209.3,WIN,TARGET_HIT,24219.75,1105.00,2026-05-07 09:21:14
2026-04-02,2026-04-02 10:45:00,2026-04-02 10:45:00,OG,Backtest,AdxDiCrossBracketOG,OG_AdxDiCrossBracketOG,OG,NQ,NQ JUN26,LONG,1,24211.00,24133.25,-1559.36,-1563.72,-312.7,LOSS,STOP_HIT,24134.50,1530.00,2026-05-07 09:21:14
2026-01-09,2026-01-09 09:55:00,2026-01-09 09:55:00,OG,Backtest,AdxDiCrossBracketOG,OG_AdxDiCrossBracketOG,OG,NQ,NQ JUN26,SHORT,1,25912.50,25949.00,-734.36,-738.72,-147.7,LOSS,STOP_HIT,25947.75,705.00,2026-05-07 09:21:14
2026-01-06,2026-01-06 11:00:00,2026-01-06 11:05:00,OG,Backtest,AdxDiCrossBracketOG,OG_AdxDiCrossBracketOG,OG,NQ,NQ JUN26,SHORT,1,25908.50,25880.75,550.64,546.28,109.3,WIN,TARGET_HIT,25938.25,595.00,2026-05-07 09:21:14
2026-03-24,2026-03-24 11:00:00,2026-03-24 11:00:00,OG,Backtest,AdxDiCrossBracketOG,OG_AdxDiCrossBracketOG,OG,NQ,NQ JUN26,LONG,1,24282.25,24217.00,-1309.36,-1313.72,-262.7,LOSS,STOP_HIT,24218.25,1280.00,2026-05-07 09:21:14
2026-03-19,2026-03-19 11:15:00,2026-03-19 11:25:00,OG,Backtest,AdxDiCrossBracketOG,OG_AdxDiCrossBracketOG,OG,NQ,NQ JUN26,LONG,1,24531.00,24485.50,-914.36,-918.72,-183.7,LOSS,STOP_HIT,24473.00,1160.00,2026-05-07 09:21:14
2026-01-09,2026-01-09 10:15:00,2026-01-09 10:15:00,OG,Backtest,AdxDiCrossBracketOG,OG_AdxDiCrossBracketOG,OG,NQ,NQ JUN26,SHORT,1,25849.75,25897.00,-949.36,-953.72,-190.7,LOSS,STOP_HIT,25895.75,920.00,2026-05-07 09:21:14
2026-03-25,2026-03-25 11:20:00,2026-03-25 11:20:00,OG,Backtest,AdxDiCrossBracketOG,OG_AdxDiCrossBracketOG,OG,NQ,NQ JUN26,SHORT,1,24385.25,24336.50,970.64,966.28,193.3,WIN,TARGET_HIT,24438.00,1055.00,2026-05-07 09:21:14
2026-01-09,2026-01-09 09:55:00,2026-01-09 09:55:00,OG,Backtest,AdxDiCrossBracketOG,OG_AdxDiCrossBracketOG,OG,NQ,NQ JUN26,SHORT,1,25912.50,25949.00,-734.36,-738.72,-147.7,LOSS,STOP_HIT,25947.75,705.00,2026-05-07 09:21:14
2026-04-06,2026-04-06 11:35:00,2026-04-06 11:50:00,OG,Backtest,AdxDiCrossBracketOG,OG_AdxDiCrossBracketOG,OG,NQ,NQ JUN26,SHORT,1,24280.00,24294.25,-289.36,-293.72,-58.7,LOSS,STOP_HIT,24325.50,910.00,2026-05-07 09:21:14
2026-04-07,2026-04-07 11:40:00,2026-04-07 12:00:00,OG,Backtest,AdxDiCrossBracketOG,OG_AdxDiCrossBracketOG,OG,NQ,NQ JUN26,LONG,1,24072.25,24117.50,900.64,896.28,179.3,WIN,TARGET_HIT,24025.00,945.00,2026-05-07 09:21:14
2026-01-09,2026-01-09 09:55:00,2026-01-09 09:55:00,OG,Backtest,AdxDiCrossBracketOG,OG_AdxDiCrossBracketOG,OG,NQ,NQ JUN26,SHORT,1,25912.50,25949.00,-734.36,-738.72,-147.7,LOSS,STOP_HIT,25947.75,705.00,2026-05-07 09:21:14
2026-01-09,2026-01-09 09:55:00,2026-01-09 09:55:00,OG,Backtest,AdxDiCrossBracketOG,OG_AdxDiCrossBracketOG,OG,NQ,NQ JUN26,SHORT,1,25912.50,25949.00,-734.36,-738.72,-147.7,LOSS,STOP_HIT,25947.75,705.00,2026-05-07 09:21:14
2026-01-13,2026-01-13 10:10:00,2026-01-13 10:15:00,OG,Backtest,AdxDiCrossBracketOG,OG_AdxDiCrossBracketOG,OG,NQ,NQ JUN26,SHORT,1,26137.25,26108.00,580.64,576.28,115.3,WIN,TARGET_HIT,26168.00,615.00,2026-05-07 09:21:14
2026-04-10,2026-04-10 11:45:00,2026-04-10 12:00:00,OG,Backtest,AdxDiCrossBracketOG,OG_AdxDiCrossBracketOG,OG,NQ,NQ JUN26,SHORT,1,25300.75,25269.75,615.64,611.28,122.3,WIN,TARGET_HIT,25334.25,670.00,2026-05-07 09:21:14
2026-01-09,2026-01-09 10:30:00,2026-01-09 10:30:00,OG,Backtest,AdxDiCrossBracketOG,OG_AdxDiCrossBracketOG,OG,NQ,NQ JUN26,LONG,1,26010.00,26057.25,940.64,936.28,187.3,WIN,TARGET_HIT,25959.75,1005.00,2026-05-07 09:21:14
2026-01-06,2026-01-06 11:00:00,2026-01-06 11:05:00,OG,Backtest,AdxDiCrossBracketOG,OG_AdxDiCrossBracketOG,OG,NQ,NQ JUN26,SHORT,1,25908.50,25880.75,550.64,546.28,109.3,WIN,TARGET_HIT,25938.25,595.00,2026-05-07 09:21:14
2026-01-12,2026-01-12 11:25:00,2026-01-12 11:35:00,OG,Backtest,AdxDiCrossBracketOG,OG_AdxDiCrossBracketOG,OG,NQ,NQ JUN26,LONG,1,26159.50,26149.25,-209.36,-213.72,-42.7,LOSS,STOP_HIT,26131.75,555.00,2026-05-07 09:21:14
2026-01-21,2026-01-21 11:45:00,2026-01-21 11:45:00,OG,Backtest,AdxDiCrossBracketOG,OG_AdxDiCrossBracketOG,OG,NQ,NQ JUN26,SHORT,1,25543.00,25505.75,740.64,736.28,147.3,WIN,TARGET_HIT,25582.25,785.00,2026-05-07 09:21:14
2026-01-06,2026-01-06 11:00:00,2026-01-06 11:05:00,OG,Backtest,AdxDiCrossBracketOG,OG_AdxDiCrossBracketOG,OG,NQ,NQ JUN26,SHORT,1,25908.50,25880.75,550.64,546.28,109.3,WIN,TARGET_HIT,25938.25,595.00,2026-05-07 09:21:14
2026-01-13,2026-01-13 10:10:00,2026-01-13 10:15:00,OG,Backtest,AdxDiCrossBracketOG,OG_AdxDiCrossBracketOG,OG,NQ,NQ JUN26,SHORT,1,26137.25,26108.00,580.64,576.28,115.3,WIN,TARGET_HIT,26168.00,615.00,2026-05-07 09:21:14
2026-04-06,2026-04-06 11:35:00,2026-04-06 11:50:00,OG,Backtest,AdxDiCrossBracketOG,OG_AdxDiCrossBracketOG,OG,NQ,NQ JUN26,SHORT,1,24280.00,24294.25,-289.36,-293.72,-58.7,LOSS,STOP_HIT,24325.50,910.00,2026-05-07 09:21:14
2026-01-16,2026-01-16 11:30:00,2026-01-16 11:35:00,OG,Backtest,AdxDiCrossBracketOG,OG_AdxDiCrossBracketOG,OG,NQ,NQ JUN26,LONG,1,25912.25,25924.50,240.64,236.28,47.3,WIN,STOP_HIT,25874.75,750.00,2026-05-07 09:21:14
2026-01-07,2026-01-07 09:50:00,2026-01-07 09:50:00,OG,Backtest,AdxDiCrossBracketOG,OG_AdxDiCrossBracketOG,OG,NQ,NQ JUN26,LONG,1,26064.50,26079.75,300.64,296.28,59.3,WIN,TARGET_HIT,26047.25,345.00,2026-05-07 09:21:14
2026-01-20,2026-01-20 10:50:00,2026-01-20 10:55:00,OG,Backtest,AdxDiCrossBracketOG,OG_AdxDiCrossBracketOG,OG,NQ,NQ JUN26,LONG,1,25598.75,25558.75,-804.36,-808.72,-161.7,LOSS,STOP_HIT,25550.75,960.00,2026-05-07 09:21:14
2026-01-07,2026-01-07 10:10:00,2026-01-07 10:10:00,OG,Backtest,AdxDiCrossBracketOG,OG_AdxDiCrossBracketOG,OG,NQ,NQ JUN26,SHORT,1,26050.00,26073.50,-474.36,-478.72,-95.7,LOSS,STOP_HIT,26072.25,445.00,2026-05-07 09:21:14
2026-01-28,2026-01-28 10:55:00,2026-01-28 11:15:00,OG,Backtest,AdxDiCrossBracketOG,OG_AdxDiCrossBracketOG,OG,NQ,NQ JUN26,SHORT,1,26394.50,26407.00,-254.36,-258.72,-51.7,LOSS,STOP_HIT,26429.00,690.00,2026-05-07 09:21:14
2026-03-13,2026-03-13 10:50:00,2026-03-13 10:50:00,OG,Backtest,AdxDiCrossBracketOG,OG_AdxDiCrossBracketOG,OG,NQ,NQ JUN26,SHORT,1,24804.25,24755.00,980.64,976.28,195.3,WIN,TARGET_HIT,24853.50,985.00,2026-05-07 09:21:14
2026-01-09,2026-01-09 09:55:00,2026-01-09 09:55:00,OG,Backtest,AdxDiCrossBracketOG,OG_AdxDiCrossBracketOG,OG,NQ,NQ JUN26,SHORT,1,25912.50,25949.00,-734.36,-738.72,-147.7,LOSS,STOP_HIT,25947.75,705.00,2026-05-07 09:21:14
2026-02-03,2026-02-03 09:50:00,2026-02-03 09:50:00,OG,Backtest,AdxDiCrossBracketOG,OG_AdxDiCrossBracketOG,OG,NQ,NQ JUN26,SHORT,1,25960.00,25999.25,-789.36,-793.72,-158.7,LOSS,STOP_HIT,25998.00,760.00,2026-05-07 09:21:14
2026-01-09,2026-01-09 10:10:00,2026-01-09 10:10:00,OG,Backtest,AdxDiCrossBracketOG,OG_AdxDiCrossBracketOG,OG,NQ,NQ JUN26,LONG,1,25922.50,25881.00,-834.36,-838.72,-167.7,LOSS,STOP_HIT,25882.25,805.00,2026-05-07 09:21:14
2026-01-09,2026-01-09 09:45:00,2026-01-09 09:50:00,OG,Backtest,AdxDiCrossBracketOG,OG_AdxDiCrossBracketOG,OG,NQ,NQ JUN26,LONG,1,25965.75,25936.75,-584.36,-588.72,-117.7,LOSS,STOP_HIT,25938.00,555.00,2026-05-07 09:21:14
2026-01-20,2026-01-20 10:50:00,2026-01-20 10:55:00,OG,Backtest,AdxDiCrossBracketOG,OG_AdxDiCrossBracketOG,OG,NQ,NQ JUN26,LONG,1,25598.75,25558.75,-804.36,-808.72,-161.7,LOSS,STOP_HIT,25550.75,960.00,2026-05-07 09:21:14
2026-03-20,2026-03-20 11:30:00,2026-03-20 12:05:00,OG,Backtest,AdxDiCrossBracketOG,OG_AdxDiCrossBracketOG,OG,NQ,NQ JUN26,LONG,1,24275.00,24327.75,1050.64,1046.28,209.3,WIN,TARGET_HIT,24219.75,1105.00,2026-05-07 09:21:14
2026-02-10,2026-02-10 09:45:00,2026-02-10 09:45:00,OG,Backtest,AdxDiCrossBracketOG,OG_AdxDiCrossBracketOG,OG,NQ,NQ JUN26,SHORT,1,25534.50,25512.25,440.64,436.28,87.3,WIN,TARGET_HIT,25559.75,505.00,2026-05-07 09:21:14
2026-01-30,2026-01-30 10:55:00,2026-01-30 10:55:00,OG,Backtest,AdxDiCrossBracketOG,OG_AdxDiCrossBracketOG,OG,NQ,NQ JUN26,LONG,1,26118.00,26058.75,-1189.36,-1193.72,-238.7,LOSS,STOP_HIT,26060.00,1160.00,2026-05-07 09:21:14
2026-01-13,2026-01-13 10:10:00,2026-01-13 10:15:00,OG,Backtest,AdxDiCrossBracketOG,OG_AdxDiCrossBracketOG,OG,NQ,NQ JUN26,SHORT,1,26137.25,26108.00,580.64,576.28,115.3,WIN,TARGET_HIT,26168.00,615.00,2026-05-07 09:21:14
2026-03-25,2026-03-25 11:20:00,2026-03-25 11:20:00,OG,Backtest,AdxDiCrossBracketOG,OG_AdxDiCrossBracketOG,OG,NQ,NQ JUN26,SHORT,1,24385.25,24336.50,970.64,966.28,193.3,WIN,TARGET_HIT,24438.00,1055.00,2026-05-07 09:21:14
2026-02-11,2026-02-11 11:20:00,2026-02-11 11:25:00,OG,Backtest,AdxDiCrossBracketOG,OG_AdxDiCrossBracketOG,OG,NQ,NQ JUN26,LONG,1,25468.75,25457.00,-239.36,-243.72,-48.7,LOSS,STOP_HIT,25406.75,1240.00,2026-05-07 09:21:14
2026-02-05,2026-02-05 11:40:00,2026-02-05 11:50:00,OG,Backtest,AdxDiCrossBracketOG,OG_AdxDiCrossBracketOG,OG,NQ,NQ JUN26,LONG,1,25026.25,24991.50,-699.36,-703.72,-140.7,LOSS,STOP_HIT,24938.00,1765.00,2026-05-07 09:21:14
2026-01-07,2026-01-07 09:50:00,2026-01-07 09:50:00,OG,Backtest,AdxDiCrossBracketOG,OG_AdxDiCrossBracketOG,OG,NQ,NQ JUN26,LONG,1,26064.50,26079.75,300.64,296.28,59.3,WIN,TARGET_HIT,26047.25,345.00,2026-05-07 09:21:14
2026-02-11,2026-02-11 11:05:00,2026-02-11 11:10:00,OG,Backtest,AdxDiCrossBracketOG,OG_AdxDiCrossBracketOG,OG,NQ,NQ JUN26,LONG,1,25454.25,25417.50,-739.36,-743.72,-148.7,LOSS,STOP_HIT,25393.00,1225.00,2026-05-07 09:21:14
2026-01-06,2026-01-06 11:00:00,2026-01-06 11:05:00,OG,Backtest,AdxDiCrossBracketOG,OG_AdxDiCrossBracketOG,OG,NQ,NQ JUN26,SHORT,1,25908.50,25880.75,550.64,546.28,109.3,WIN,TARGET_HIT,25938.25,595.00,2026-05-07 09:21:14
2026-01-21,2026-01-21 11:45:00,2026-01-21 11:45:00,OG,Backtest,AdxDiCrossBracketOG,OG_AdxDiCrossBracketOG,OG,NQ,NQ JUN26,SHORT,1,25543.00,25505.75,740.64,736.28,147.3,WIN,TARGET_HIT,25582.25,785.00,2026-05-07 09:21:14
2026-02-13,2026-02-13 10:50:00,2026-02-13 11:05:00,OG,Backtest,AdxDiCrossBracketOG,OG_AdxDiCrossBracketOG,OG,NQ,NQ JUN26,SHORT,1,24982.25,25021.00,-779.36,-783.72,-156.7,LOSS,STOP_HIT,25055.00,1455.00,2026-05-07 09:21:14
2026-02-11,2026-02-11 11:20:00,2026-02-11 11:25:00,OG,Backtest,AdxDiCrossBracketOG,OG_AdxDiCrossBracketOG,OG,NQ,NQ JUN26,LONG,1,25468.75,25457.00,-239.36,-243.72,-48.7,LOSS,STOP_HIT,25406.75,1240.00,2026-05-07 09:21:14
2026-02-24,2026-02-24 09:50:00,2026-02-24 09:50:00,OG,Backtest,AdxDiCrossBracketOG,OG_AdxDiCrossBracketOG,OG,NQ,NQ JUN26,LONG,1,25121.25,25157.50,720.64,716.28,143.3,WIN,TARGET_HIT,25081.50,795.00,2026-05-07 09:21:14
2026-01-30,2026-01-30 11:00:00,2026-01-30 11:10:00,OG,Backtest,AdxDiCrossBracketOG,OG_AdxDiCrossBracketOG,OG,NQ,NQ JUN26,SHORT,1,26071.50,26048.25,460.64,456.28,91.3,WIN,STOP_HIT,26129.00,1150.00,2026-05-07 09:21:14
2026-02-11,2026-02-11 11:20:00,2026-02-11 11:25:00,OG,Backtest,AdxDiCrossBracketOG,OG_AdxDiCrossBracketOG,OG,NQ,NQ JUN26,LONG,1,25468.75,25457.00,-239.36,-243.72,-48.7,LOSS,STOP_HIT,25406.75,1240.00,2026-05-07 09:21:14
2026-01-09,2026-01-09 09:45:00,2026-01-09 09:50:00,OG,Backtest,AdxDiCrossBracketOG,OG_AdxDiCrossBracketOG,OG,NQ,NQ JUN26,LONG,1,25965.75,25936.75,-584.36,-588.72,-117.7,LOSS,STOP_HIT,25938.00,555.00,2026-05-07 09:21:14
2026-01-09,2026-01-09 09:55:00,2026-01-09 09:55:00,OG,Backtest,AdxDiCrossBracketOG,OG_AdxDiCrossBracketOG,OG,NQ,NQ JUN26,SHORT,1,25912.50,25949.00,-734.36,-738.72,-147.7,LOSS,STOP_HIT,25947.75,705.00,2026-05-07 09:21:14
2026-01-09,2026-01-09 09:45:00,2026-01-09 09:50:00,OG,Backtest,AdxDiCrossBracketOG,OG_AdxDiCrossBracketOG,OG,NQ,NQ JUN26,LONG,1,25965.75,25936.75,-584.36,-588.72,-117.7,LOSS,STOP_HIT,25938.00,555.00,2026-05-07 09:21:14
2026-02-10,2026-02-10 09:45:00,2026-02-10 09:45:00,OG,Backtest,AdxDiCrossBracketOG,OG_AdxDiCrossBracketOG,OG,NQ,NQ JUN26,SHORT,1,25534.50,25512.25,440.64,436.28,87.3,WIN,TARGET_HIT,25559.75,505.00,2026-05-07 09:21:14
2026-01-12,2026-01-12 11:25:00,2026-01-12 11:35:00,OG,Backtest,AdxDiCrossBracketOG,OG_AdxDiCrossBracketOG,OG,NQ,NQ JUN26,LONG,1,26159.50,26149.25,-209.36,-213.72,-42.7,LOSS,STOP_HIT,26131.75,555.00,2026-05-07 09:21:14
2026-02-03,2026-02-03 09:50:00,2026-02-03 09:50:00,OG,Backtest,AdxDiCrossBracketOG,OG_AdxDiCrossBracketOG,OG,NQ,NQ JUN26,SHORT,1,25960.00,25999.25,-789.36,-793.72,-158.7,LOSS,STOP_HIT,25998.00,760.00,2026-05-07 09:21:14
2026-01-30,2026-01-30 11:00:00,2026-01-30 11:10:00,OG,Backtest,AdxDiCrossBracketOG,OG_AdxDiCrossBracketOG,OG,NQ,NQ JUN26,SHORT,1,26071.50,26048.25,460.64,456.28,91.3,WIN,STOP_HIT,26129.00,1150.00,2026-05-07 09:21:14
2026-02-11,2026-02-11 10:20:00,2026-02-11 10:20:00,OG,Backtest,AdxDiCrossBracketOG,OG_AdxDiCrossBracketOG,OG,NQ,NQ JUN26,SHORT,1,25395.25,25345.50,990.64,986.28,197.3,WIN,TARGET_HIT,25448.50,1065.00,2026-05-07 09:21:14
2026-02-24,2026-02-24 10:15:00,2026-02-24 10:15:00,OG,Backtest,AdxDiCrossBracketOG,OG_AdxDiCrossBracketOG,OG,NQ,NQ JUN26,LONG,1,25110.00,25063.00,-944.36,-948.72,-189.7,LOSS,STOP_HIT,25064.25,915.00,2026-05-07 09:21:14
2026-02-11,2026-02-11 10:20:00,2026-02-11 10:20:00,OG,Backtest,AdxDiCrossBracketOG,OG_AdxDiCrossBracketOG,OG,NQ,NQ JUN26,SHORT,1,25395.25,25345.50,990.64,986.28,197.3,WIN,TARGET_HIT,25448.50,1065.00,2026-05-07 09:21:14
2026-02-03,2026-02-03 09:50:00,2026-02-03 09:50:00,OG,Backtest,AdxDiCrossBracketOG,OG_AdxDiCrossBracketOG,OG,NQ,NQ JUN26,SHORT,1,25960.00,25999.25,-789.36,-793.72,-158.7,LOSS,STOP_HIT,25998.00,760.00,2026-05-07 09:21:14
2026-02-11,2026-02-11 10:20:00,2026-02-11 10:20:00,OG,Backtest,AdxDiCrossBracketOG,OG_AdxDiCrossBracketOG,OG,NQ,NQ JUN26,SHORT,1,25395.25,25345.50,990.64,986.28,197.3,WIN,TARGET_HIT,25448.50,1065.00,2026-05-07 09:21:14
2026-02-05,2026-02-05 11:40:00,2026-02-05 11:50:00,OG,Backtest,AdxDiCrossBracketOG,OG_AdxDiCrossBracketOG,OG,NQ,NQ JUN26,LONG,1,25026.25,24991.50,-699.36,-703.72,-140.7,LOSS,STOP_HIT,24938.00,1765.00,2026-05-07 09:21:14
2026-03-17,2026-03-17 11:15:00,2026-03-17 11:20:00,OG,Backtest,AdxDiCrossBracketOG,OG_AdxDiCrossBracketOG,OG,NQ,NQ JUN26,SHORT,1,25019.75,25057.00,-749.36,-753.72,-150.7,LOSS,STOP_HIT,25056.25,730.00,2026-05-07 09:21:14
2026-02-17,2026-02-17 11:10:00,2026-02-17 11:10:00,OG,Backtest,AdxDiCrossBracketOG,OG_AdxDiCrossBracketOG,OG,NQ,NQ JUN26,LONG,1,24862.00,24927.25,1300.64,1296.28,259.3,WIN,TARGET_HIT,24793.75,1365.00,2026-05-07 09:21:14
2026-01-20,2026-01-20 10:50:00,2026-01-20 10:55:00,OG,Backtest,AdxDiCrossBracketOG,OG_AdxDiCrossBracketOG,OG,NQ,NQ JUN26,LONG,1,25598.75,25558.75,-804.36,-808.72,-161.7,LOSS,STOP_HIT,25550.75,960.00,2026-05-07 09:21:14
2026-01-30,2026-01-30 11:00:00,2026-01-30 11:10:00,OG,Backtest,AdxDiCrossBracketOG,OG_AdxDiCrossBracketOG,OG,NQ,NQ JUN26,SHORT,1,26071.50,26048.25,460.64,456.28,91.3,WIN,STOP_HIT,26129.00,1150.00,2026-05-07 09:21:14
2026-01-23,2026-01-23 10:10:00,2026-01-23 10:15:00,OG,Backtest,AdxDiCrossBracketOG,OG_AdxDiCrossBracketOG,OG,NQ,NQ JUN26,LONG,1,25921.75,25885.00,-739.36,-743.72,-148.7,LOSS,STOP_HIT,25885.50,725.00,2026-05-07 09:21:14
2026-02-24,2026-02-24 10:10:00,2026-02-24 10:10:00,OG,Backtest,AdxDiCrossBracketOG,OG_AdxDiCrossBracketOG,OG,NQ,NQ JUN26,SHORT,1,25048.00,25093.50,-914.36,-918.72,-183.7,LOSS,STOP_HIT,25092.25,885.00,2026-05-07 09:21:14
2026-02-17,2026-02-17 11:10:00,2026-02-17 11:10:00,OG,Backtest,AdxDiCrossBracketOG,OG_AdxDiCrossBracketOG,OG,NQ,NQ JUN26,LONG,1,24862.00,24927.25,1300.64,1296.28,259.3,WIN,TARGET_HIT,24793.75,1365.00,2026-05-07 09:21:14
2026-03-25,2026-03-25 11:20:00,2026-03-25 11:20:00,OG,Backtest,AdxDiCrossBracketOG,OG_AdxDiCrossBracketOG,OG,NQ,NQ JUN26,SHORT,1,24385.25,24336.50,970.64,966.28,193.3,WIN,TARGET_HIT,24438.00,1055.00,2026-05-07 09:21:14
2026-01-28,2026-01-28 10:55:00,2026-01-28 11:15:00,OG,Backtest,AdxDiCrossBracketOG,OG_AdxDiCrossBracketOG,OG,NQ,NQ JUN26,SHORT,1,26394.50,26407.00,-254.36,-258.72,-51.7,LOSS,STOP_HIT,26429.00,690.00,2026-05-07 09:21:14
2026-02-24,2026-02-24 09:50:00,2026-02-24 09:50:00,OG,Backtest,AdxDiCrossBracketOG,OG_AdxDiCrossBracketOG,OG,NQ,NQ JUN26,LONG,1,25121.25,25157.50,720.64,716.28,143.3,WIN,TARGET_HIT,25081.50,795.00,2026-05-07 09:21:14
2026-01-28,2026-01-28 10:55:00,2026-01-28 11:15:00,OG,Backtest,AdxDiCrossBracketOG,OG_AdxDiCrossBracketOG,OG,NQ,NQ JUN26,SHORT,1,26394.50,26407.00,-254.36,-258.72,-51.7,LOSS,STOP_HIT,26429.00,690.00,2026-05-07 09:21:14
2026-02-11,2026-02-11 11:05:00,2026-02-11 11:10:00,OG,Backtest,AdxDiCrossBracketOG,OG_AdxDiCrossBracketOG,OG,NQ,NQ JUN26,LONG,1,25454.25,25417.50,-739.36,-743.72,-148.7,LOSS,STOP_HIT,25393.00,1225.00,2026-05-07 09:21:14
2026-02-11,2026-02-11 11:05:00,2026-02-11 11:10:00,OG,Backtest,AdxDiCrossBracketOG,OG_AdxDiCrossBracketOG,OG,NQ,NQ JUN26,LONG,1,25454.25,25417.50,-739.36,-743.72,-148.7,LOSS,STOP_HIT,25393.00,1225.00,2026-05-07 09:21:14
2026-02-24,2026-02-24 10:15:00,2026-02-24 10:15:00,OG,Backtest,AdxDiCrossBracketOG,OG_AdxDiCrossBracketOG,OG,NQ,NQ JUN26,LONG,1,25110.00,25063.00,-944.36,-948.72,-189.7,LOSS,STOP_HIT,25064.25,915.00,2026-05-07 09:21:14
2026-02-11,2026-02-11 11:20:00,2026-02-11 11:25:00,OG,Backtest,AdxDiCrossBracketOG,OG_AdxDiCrossBracketOG,OG,NQ,NQ JUN26,LONG,1,25468.75,25457.00,-239.36,-243.72,-48.7,LOSS,STOP_HIT,25406.75,1240.00,2026-05-07 09:21:14
2026-04-06,2026-04-06 10:55:00,2026-04-06 11:00:00,OG,Backtest,AdxDiCrossBracketOG,OG_AdxDiCrossBracketOG,OG,NQ,NQ JUN26,SHORT,1,24269.25,24322.25,-1064.36,-1068.72,-213.7,LOSS,STOP_HIT,24321.00,1035.00,2026-05-07 09:21:14
2026-01-30,2026-01-30 11:00:00,2026-01-30 11:10:00,OG,Backtest,AdxDiCrossBracketOG,OG_AdxDiCrossBracketOG,OG,NQ,NQ JUN26,SHORT,1,26071.50,26048.25,460.64,456.28,91.3,WIN,STOP_HIT,26129.00,1150.00,2026-05-07 09:21:14
2026-04-07,2026-04-07 11:40:00,2026-04-07 12:00:00,OG,Backtest,AdxDiCrossBracketOG,OG_AdxDiCrossBracketOG,OG,NQ,NQ JUN26,LONG,1,24072.25,24117.50,900.64,896.28,179.3,WIN,TARGET_HIT,24025.00,945.00,2026-05-07 09:21:14
2026-01-30,2026-01-30 11:00:00,2026-01-30 11:10:00,OG,Backtest,AdxDiCrossBracketOG,OG_AdxDiCrossBracketOG,OG,NQ,NQ JUN26,SHORT,1,26071.50,26048.25,460.64,456.28,91.3,WIN,STOP_HIT,26129.00,1150.00,2026-05-07 09:21:14
2026-03-17,2026-03-17 11:15:00,2026-03-17 11:20:00,OG,Backtest,AdxDiCrossBracketOG,OG_AdxDiCrossBracketOG,OG,NQ,NQ JUN26,SHORT,1,25019.75,25057.00,-749.36,-753.72,-150.7,LOSS,STOP_HIT,25056.25,730.00,2026-05-07 09:21:14
2026-02-03,2026-02-03 09:50:00,2026-02-03 09:50:00,OG,Backtest,AdxDiCrossBracketOG,OG_AdxDiCrossBracketOG,OG,NQ,NQ JUN26,SHORT,1,25960.00,25999.25,-789.36,-793.72,-158.7,LOSS,STOP_HIT,25998.00,760.00,2026-05-07 09:21:14
2026-04-06,2026-04-06 11:35:00,2026-04-06 11:50:00,OG,Backtest,AdxDiCrossBracketOG,OG_AdxDiCrossBracketOG,OG,NQ,NQ JUN26,SHORT,1,24280.00,24294.25,-289.36,-293.72,-58.7,LOSS,STOP_HIT,24325.50,910.00,2026-05-07 09:21:14
2026-04-10,2026-04-10 11:45:00,2026-04-10 12:00:00,OG,Backtest,AdxDiCrossBracketOG,OG_AdxDiCrossBracketOG,OG,NQ,NQ JUN26,SHORT,1,25300.75,25269.75,615.64,611.28,122.3,WIN,TARGET_HIT,25334.25,670.00,2026-05-07 09:21:14
2026-03-12,2026-03-12 11:50:00,2026-03-12 11:50:00,OG,Backtest,AdxDiCrossBracketOG,OG_AdxDiCrossBracketOG,OG,NQ,NQ JUN26,LONG,1,24898.75,24843.25,-1114.36,-1118.72,-223.7,LOSS,STOP_HIT,24844.50,1085.00,2026-05-07 09:21:14
2026-03-17,2026-03-17 11:15:00,2026-03-17 11:20:00,OG,Backtest,AdxDiCrossBracketOG,OG_AdxDiCrossBracketOG,OG,NQ,NQ JUN26,SHORT,1,25019.75,25057.00,-749.36,-753.72,-150.7,LOSS,STOP_HIT,25056.25,730.00,2026-05-07 09:21:14
2026-03-19,2026-03-19 11:15:00,2026-03-19 11:25:00,OG,Backtest,AdxDiCrossBracketOG,OG_AdxDiCrossBracketOG,OG,NQ,NQ JUN26,LONG,1,24531.00,24485.50,-914.36,-918.72,-183.7,LOSS,STOP_HIT,24473.00,1160.00,2026-05-07 09:21:14
2026-03-13,2026-03-13 10:50:00,2026-03-13 10:50:00,OG,Backtest,AdxDiCrossBracketOG,OG_AdxDiCrossBracketOG,OG,NQ,NQ JUN26,SHORT,1,24804.25,24755.00,980.64,976.28,195.3,WIN,TARGET_HIT,24853.50,985.00,2026-05-07 09:21:14
2026-04-06,2026-04-06 11:35:00,2026-04-06 11:50:00,OG,Backtest,AdxDiCrossBracketOG,OG_AdxDiCrossBracketOG,OG,NQ,NQ JUN26,SHORT,1,24280.00,24294.25,-289.36,-293.72,-58.7,LOSS,STOP_HIT,24325.50,910.00,2026-05-07 09:21:14
2026-03-25,2026-03-25 11:20:00,2026-03-25 11:20:00,OG,Backtest,AdxDiCrossBracketOG,OG_AdxDiCrossBracketOG,OG,NQ,NQ JUN26,SHORT,1,24385.25,24336.50,970.64,966.28,193.3,WIN,TARGET_HIT,24438.00,1055.00,2026-05-07 09:21:14
2026-02-24,2026-02-24 10:15:00,2026-02-24 10:15:00,OG,Backtest,AdxDiCrossBracketOG,OG_AdxDiCrossBracketOG,OG,NQ,NQ JUN26,LONG,1,25110.00,25063.00,-944.36,-948.72,-189.7,LOSS,STOP_HIT,25064.25,915.00,2026-05-07 09:21:14
2026-03-24,2026-03-24 11:00:00,2026-03-24 11:00:00,OG,Backtest,AdxDiCrossBracketOG,OG_AdxDiCrossBracketOG,OG,NQ,NQ JUN26,LONG,1,24282.25,24217.00,-1309.36,-1313.72,-262.7,LOSS,STOP_HIT,24218.25,1280.00,2026-05-07 09:21:14
2026-03-20,2026-03-20 11:30:00,2026-03-20 12:05:00,OG,Backtest,AdxDiCrossBracketOG,OG_AdxDiCrossBracketOG,OG,NQ,NQ JUN26,LONG,1,24275.00,24327.75,1050.64,1046.28,209.3,WIN,TARGET_HIT,24219.75,1105.00,2026-05-07 09:21:14
2026-03-25,2026-03-25 11:20:00,2026-03-25 11:20:00,OG,Backtest,AdxDiCrossBracketOG,OG_AdxDiCrossBracketOG,OG,NQ,NQ JUN26,SHORT,1,24385.25,24336.50,970.64,966.28,193.3,WIN,TARGET_HIT,24438.00,1055.00,2026-05-07 09:21:14
2026-04-06,2026-04-06 11:05:00,2026-04-06 11:25:00,OG,Backtest,AdxDiCrossBracketOG,OG_AdxDiCrossBracketOG,OG,NQ,NQ JUN26,LONG,1,24307.50,24290.75,-339.36,-343.72,-68.7,LOSS,STOP_HIT,24255.50,1040.00,2026-05-07 09:21:14
2026-03-17,2026-03-17 11:15:00,2026-03-17 11:20:00,OG,Backtest,AdxDiCrossBracketOG,OG_AdxDiCrossBracketOG,OG,NQ,NQ JUN26,SHORT,1,25019.75,25057.00,-749.36,-753.72,-150.7,LOSS,STOP_HIT,25056.25,730.00,2026-05-07 09:21:14
2026-04-07,2026-04-07 11:40:00,2026-04-07 12:00:00,OG,Backtest,AdxDiCrossBracketOG,OG_AdxDiCrossBracketOG,OG,NQ,NQ JUN26,LONG,1,24072.25,24117.50,900.64,896.28,179.3,WIN,TARGET_HIT,24025.00,945.00,2026-05-07 09:21:14
2026-02-24,2026-02-24 10:15:00,2026-02-24 10:15:00,OG,Backtest,AdxDiCrossBracketOG,OG_AdxDiCrossBracketOG,OG,NQ,NQ JUN26,LONG,1,25110.00,25063.00,-944.36,-948.72,-189.7,LOSS,STOP_HIT,25064.25,915.00,2026-05-07 09:21:14
2026-04-07,2026-04-07 11:40:00,2026-04-07 12:00:00,OG,Backtest,AdxDiCrossBracketOG,OG_AdxDiCrossBracketOG,OG,NQ,NQ JUN26,LONG,1,24072.25,24117.50,900.64,896.28,179.3,WIN,TARGET_HIT,24025.00,945.00,2026-05-07 09:21:14
2026-02-24,2026-02-24 10:10:00,2026-02-24 10:10:00,OG,Backtest,AdxDiCrossBracketOG,OG_AdxDiCrossBracketOG,OG,NQ,NQ JUN26,SHORT,1,25048.00,25093.50,-914.36,-918.72,-183.7,LOSS,STOP_HIT,25092.25,885.00,2026-05-07 09:21:14
2026-04-06,2026-04-06 11:05:00,2026-04-06 11:25:00,OG,Backtest,AdxDiCrossBracketOG,OG_AdxDiCrossBracketOG,OG,NQ,NQ JUN26,LONG,1,24307.50,24290.75,-339.36,-343.72,-68.7,LOSS,STOP_HIT,24255.50,1040.00,2026-05-07 09:21:14
2026-03-02,2026-03-02 11:15:00,2026-03-02 11:20:00,OG,Backtest,AdxDiCrossBracketOG,OG_AdxDiCrossBracketOG,OG,NQ,NQ JUN26,LONG,1,25187.75,25180.00,-159.36,-163.72,-32.7,LOSS,STOP_HIT,25129.50,1165.00,2026-05-07 09:21:14
2026-03-20,2026-03-20 11:30:00,2026-03-20 12:05:00,OG,Backtest,AdxDiCrossBracketOG,OG_AdxDiCrossBracketOG,OG,NQ,NQ JUN26,LONG,1,24275.00,24327.75,1050.64,1046.28,209.3,WIN,TARGET_HIT,24219.75,1105.00,2026-05-07 09:21:14
2026-03-25,2026-03-25 11:20:00,2026-03-25 11:20:00,OG,Backtest,AdxDiCrossBracketOG,OG_AdxDiCrossBracketOG,OG,NQ,NQ JUN26,SHORT,1,24385.25,24336.50,970.64,966.28,193.3,WIN,TARGET_HIT,24438.00,1055.00,2026-05-07 09:21:14
2026-03-02,2026-03-02 11:15:00,2026-03-02 11:20:00,OG,Backtest,AdxDiCrossBracketOG,OG_AdxDiCrossBracketOG,OG,NQ,NQ JUN26,LONG,1,25187.75,25180.00,-159.36,-163.72,-32.7,LOSS,STOP_HIT,25129.50,1165.00,2026-05-07 09:21:14
2026-03-19,2026-03-19 11:15:00,2026-03-19 11:25:00,OG,Backtest,AdxDiCrossBracketOG,OG_AdxDiCrossBracketOG,OG,NQ,NQ JUN26,LONG,1,24531.00,24485.50,-914.36,-918.72,-183.7,LOSS,STOP_HIT,24473.00,1160.00,2026-05-07 09:21:14
2026-03-25,2026-03-25 11:20:00,2026-03-25 11:20:00,OG,Backtest,AdxDiCrossBracketOG,OG_AdxDiCrossBracketOG,OG,NQ,NQ JUN26,SHORT,1,24385.25,24336.50,970.64,966.28,193.3,WIN,TARGET_HIT,24438.00,1055.00,2026-05-07 09:21:14
2026-04-06,2026-04-06 10:55:00,2026-04-06 11:00:00,OG,Backtest,AdxDiCrossBracketOG,OG_AdxDiCrossBracketOG,OG,NQ,NQ JUN26,SHORT,1,24269.25,24322.25,-1064.36,-1068.72,-213.7,LOSS,STOP_HIT,24321.00,1035.00,2026-05-07 09:21:14
2026-02-13,2026-02-13 10:35:00,2026-02-13 10:35:00,OG,Backtest,AdxDiCrossBracketOG,OG_AdxDiCrossBracketOG,OG,NQ,NQ JUN26,LONG,1,25058.75,25127.00,1360.64,1356.28,271.3,WIN,TARGET_HIT,24987.50,1425.00,2026-05-07 09:21:14
2026-03-09,2026-03-09 10:45:00,2026-03-09 10:50:00,OG,Backtest,AdxDiCrossBracketOG,OG_AdxDiCrossBracketOG,OG,NQ,NQ JUN26,LONG,1,24692.75,24762.25,1385.64,1381.28,276.3,WIN,TARGET_HIT,24622.25,1410.00,2026-05-07 09:21:14
2026-03-20,2026-03-20 11:30:00,2026-03-20 12:05:00,OG,Backtest,AdxDiCrossBracketOG,OG_AdxDiCrossBracketOG,OG,NQ,NQ JUN26,LONG,1,24275.00,24327.75,1050.64,1046.28,209.3,WIN,TARGET_HIT,24219.75,1105.00,2026-05-07 09:21:14
2026-03-12,2026-03-12 11:50:00,2026-03-12 11:50:00,OG,Backtest,AdxDiCrossBracketOG,OG_AdxDiCrossBracketOG,OG,NQ,NQ JUN26,LONG,1,24898.75,24843.25,-1114.36,-1118.72,-223.7,LOSS,STOP_HIT,24844.50,1085.00,2026-05-07 09:21:14
2026-03-24,2026-03-24 11:00:00,2026-03-24 11:00:00,OG,Backtest,AdxDiCrossBracketOG,OG_AdxDiCrossBracketOG,OG,NQ,NQ JUN26,LONG,1,24282.25,24217.00,-1309.36,-1313.72,-262.7,LOSS,STOP_HIT,24218.25,1280.00,2026-05-07 09:21:14
2026-01-09,2026-01-09 10:15:00,2026-01-09 10:15:00,OG,Backtest,AdxDiCrossBracketOG,OG_AdxDiCrossBracketOG,OG,NQ,NQ JUN26,SHORT,1,25849.75,25897.00,-949.36,-953.72,-190.7,LOSS,STOP_HIT,25895.75,920.00,2026-05-07 09:21:14
2026-02-13,2026-02-13 10:50:00,2026-02-13 11:05:00,OG,Backtest,AdxDiCrossBracketOG,OG_AdxDiCrossBracketOG,OG,NQ,NQ JUN26,SHORT,1,24982.25,25021.00,-779.36,-783.72,-156.7,LOSS,STOP_HIT,25055.00,1455.00,2026-05-07 09:21:14
2026-02-24,2026-02-24 10:10:00,2026-02-24 10:10:00,OG,Backtest,AdxDiCrossBracketOG,OG_AdxDiCrossBracketOG,OG,NQ,NQ JUN26,SHORT,1,25048.00,25093.50,-914.36,-918.72,-183.7,LOSS,STOP_HIT,25092.25,885.00,2026-05-07 09:21:14
2026-03-27,2026-03-27 11:40:00,2026-03-27 11:45:00,OG,Backtest,AdxDiCrossBracketOG,OG_AdxDiCrossBracketOG,OG,NQ,NQ JUN26,LONG,1,23597.75,23540.25,-1154.36,-1158.72,-231.7,LOSS,STOP_HIT,23541.50,1125.00,2026-05-07 09:21:14
2026-04-07,2026-04-07 11:40:00,2026-04-07 12:00:00,OG,Backtest,AdxDiCrossBracketOG,OG_AdxDiCrossBracketOG,OG,NQ,NQ JUN26,LONG,1,24072.25,24117.50,900.64,896.28,179.3,WIN,TARGET_HIT,24025.00,945.00,2026-05-07 09:21:14
2026-01-12,2026-01-12 11:25:00,2026-01-12 11:35:00,OG,Backtest,AdxDiCrossBracketOG,OG_AdxDiCrossBracketOG,OG,NQ,NQ JUN26,LONG,1,26159.50,26149.25,-209.36,-213.72,-42.7,LOSS,STOP_HIT,26131.75,555.00,2026-05-07 09:21:14
2026-01-06,2026-01-06 11:00:00,2026-01-06 11:05:00,OG,Backtest,AdxDiCrossBracketOG,OG_AdxDiCrossBracketOG,OG,NQ,NQ JUN26,SHORT,1,25908.50,25880.75,550.64,546.28,109.3,WIN,TARGET_HIT,25938.25,595.00,2026-05-07 09:21:14
2026-02-24,2026-02-24 10:10:00,2026-02-24 10:10:00,OG,Backtest,AdxDiCrossBracketOG,OG_AdxDiCrossBracketOG,OG,NQ,NQ JUN26,SHORT,1,25048.00,25093.50,-914.36,-918.72,-183.7,LOSS,STOP_HIT,25092.25,885.00,2026-05-07 09:21:14
2026-03-24,2026-03-24 11:00:00,2026-03-24 11:00:00,OG,Backtest,AdxDiCrossBracketOG,OG_AdxDiCrossBracketOG,OG,NQ,NQ JUN26,LONG,1,24282.25,24217.00,-1309.36,-1313.72,-262.7,LOSS,STOP_HIT,24218.25,1280.00,2026-05-07 09:21:14
2026-01-07,2026-01-07 09:50:00,2026-01-07 09:50:00,OG,Backtest,AdxDiCrossBracketOG,OG_AdxDiCrossBracketOG,OG,NQ,NQ JUN26,LONG,1,26064.50,26079.75,300.64,296.28,59.3,WIN,TARGET_HIT,26047.25,345.00,2026-05-07 09:21:14
2026-01-09,2026-01-09 09:45:00,2026-01-09 09:50:00,OG,Backtest,AdxDiCrossBracketOG,OG_AdxDiCrossBracketOG,OG,NQ,NQ JUN26,LONG,1,25965.75,25936.75,-584.36,-588.72,-117.7,LOSS,STOP_HIT,25938.00,555.00,2026-05-07 09:21:14
2026-04-02,2026-04-02 10:45:00,2026-04-02 10:45:00,OG,Backtest,AdxDiCrossBracketOG,OG_AdxDiCrossBracketOG,OG,NQ,NQ JUN26,LONG,1,24211.00,24133.25,-1559.36,-1563.72,-312.7,LOSS,STOP_HIT,24134.50,1530.00,2026-05-07 09:21:14
2026-01-09,2026-01-09 09:45:00,2026-01-09 09:50:00,OG,Backtest,AdxDiCrossBracketOG,OG_AdxDiCrossBracketOG,OG,NQ,NQ JUN26,LONG,1,25965.75,25936.75,-584.36,-588.72,-117.7,LOSS,STOP_HIT,25938.00,555.00,2026-05-07 09:21:14
2026-01-09,2026-01-09 10:10:00,2026-01-09 10:10:00,OG,Backtest,AdxDiCrossBracketOG,OG_AdxDiCrossBracketOG,OG,NQ,NQ JUN26,LONG,1,25922.50,25881.00,-834.36,-838.72,-167.7,LOSS,STOP_HIT,25882.25,805.00,2026-05-07 09:21:14
2026-01-09,2026-01-09 09:55:00,2026-01-09 09:55:00,OG,Backtest,AdxDiCrossBracketOG,OG_AdxDiCrossBracketOG,OG,NQ,NQ JUN26,SHORT,1,25912.50,25949.00,-734.36,-738.72,-147.7,LOSS,STOP_HIT,25947.75,705.00,2026-05-07 09:21:14
2026-03-17,2026-03-17 11:15:00,2026-03-17 11:20:00,OG,Backtest,AdxDiCrossBracketOG,OG_AdxDiCrossBracketOG,OG,NQ,NQ JUN26,SHORT,1,25019.75,25057.00,-749.36,-753.72,-150.7,LOSS,STOP_HIT,25056.25,730.00,2026-05-07 09:21:14
2026-01-09,2026-01-09 10:30:00,2026-01-09 10:30:00,OG,Backtest,AdxDiCrossBracketOG,OG_AdxDiCrossBracketOG,OG,NQ,NQ JUN26,LONG,1,26010.00,26057.25,940.64,936.28,187.3,WIN,TARGET_HIT,25959.75,1005.00,2026-05-07 09:21:14
2026-03-19,2026-03-19 11:15:00,2026-03-19 11:25:00,OG,Backtest,AdxDiCrossBracketOG,OG_AdxDiCrossBracketOG,OG,NQ,NQ JUN26,LONG,1,24531.00,24485.50,-914.36,-918.72,-183.7,LOSS,STOP_HIT,24473.00,1160.00,2026-05-07 09:21:14
2026-01-09,2026-01-09 10:10:00,2026-01-09 10:10:00,OG,Backtest,AdxDiCrossBracketOG,OG_AdxDiCrossBracketOG,OG,NQ,NQ JUN26,LONG,1,25922.50,25881.00,-834.36,-838.72,-167.7,LOSS,STOP_HIT,25882.25,805.00,2026-05-07 09:21:14
2026-01-06,2026-01-06 11:00:00,2026-01-06 11:05:00,OG,Backtest,AdxDiCrossBracketOG,OG_AdxDiCrossBracketOG,OG,NQ,NQ JUN26,SHORT,1,25908.50,25880.75,550.64,546.28,109.3,WIN,TARGET_HIT,25938.25,595.00,2026-05-07 09:21:14
2026-04-06,2026-04-06 11:35:00,2026-04-06 11:50:00,OG,Backtest,AdxDiCrossBracketOG,OG_AdxDiCrossBracketOG,OG,NQ,NQ JUN26,SHORT,1,24280.00,24294.25,-289.36,-293.72,-58.7,LOSS,STOP_HIT,24325.50,910.00,2026-05-07 09:21:14
2026-01-06,2026-01-06 11:00:00,2026-01-06 11:05:00,OG,Backtest,AdxDiCrossBracketOG,OG_AdxDiCrossBracketOG,OG,NQ,NQ JUN26,SHORT,1,25908.50,25880.75,550.64,546.28,109.3,WIN,TARGET_HIT,25938.25,595.00,2026-05-07 09:21:14
2026-04-06,2026-04-06 11:35:00,2026-04-06 11:50:00,OG,Backtest,AdxDiCrossBracketOG,OG_AdxDiCrossBracketOG,OG,NQ,NQ JUN26,SHORT,1,24280.00,24294.25,-289.36,-293.72,-58.7,LOSS,STOP_HIT,24325.50,910.00,2026-05-07 09:21:14
2026-01-09,2026-01-09 09:45:00,2026-01-09 09:50:00,OG,Backtest,AdxDiCrossBracketOG,OG_AdxDiCrossBracketOG,OG,NQ,NQ JUN26,LONG,1,25965.75,25936.75,-584.36,-588.72,-117.7,LOSS,STOP_HIT,25938.00,555.00,2026-05-07 09:21:14
2026-01-07,2026-01-07 10:10:00,2026-01-07 10:10:00,OG,Backtest,AdxDiCrossBracketOG,OG_AdxDiCrossBracketOG,OG,NQ,NQ JUN26,SHORT,1,26050.00,26073.50,-474.36,-478.72,-95.7,LOSS,STOP_HIT,26072.25,445.00,2026-05-07 09:21:14
2026-01-16,2026-01-16 11:30:00,2026-01-16 11:35:00,OG,Backtest,AdxDiCrossBracketOG,OG_AdxDiCrossBracketOG,OG,NQ,NQ JUN26,LONG,1,25912.25,25924.50,240.64,236.28,47.3,WIN,STOP_HIT,25874.75,750.00,2026-05-07 09:21:14
2026-01-09,2026-01-09 09:45:00,2026-01-09 09:50:00,OG,Backtest,AdxDiCrossBracketOG,OG_AdxDiCrossBracketOG,OG,NQ,NQ JUN26,LONG,1,25965.75,25936.75,-584.36,-588.72,-117.7,LOSS,STOP_HIT,25938.00,555.00,2026-05-07 09:21:14
2026-01-16,2026-01-16 11:30:00,2026-01-16 11:35:00,OG,Backtest,AdxDiCrossBracketOG,OG_AdxDiCrossBracketOG,OG,NQ,NQ JUN26,LONG,1,25912.25,25924.50,240.64,236.28,47.3,WIN,STOP_HIT,25874.75,750.00,2026-05-07 09:21:14
2026-01-06,2026-01-06 11:00:00,2026-01-06 11:05:00,OG,Backtest,AdxDiCrossBracketOG,OG_AdxDiCrossBracketOG,OG,NQ,NQ JUN26,SHORT,1,25908.50,25880.75,550.64,546.28,109.3,WIN,TARGET_HIT,25938.25,595.00,2026-05-07 09:21:15
2026-01-20,2026-01-20 10:50:00,2026-01-20 10:55:00,OG,Backtest,AdxDiCrossBracketOG,OG_AdxDiCrossBracketOG,OG,NQ,NQ JUN26,LONG,1,25598.75,25558.75,-804.36,-808.72,-161.7,LOSS,STOP_HIT,25550.75,960.00,2026-05-07 09:21:15
2026-01-20,2026-01-20 11:10:00,2026-01-20 11:15:00,OG,Backtest,AdxDiCrossBracketOG,OG_AdxDiCrossBracketOG,OG,NQ,NQ JUN26,LONG,1,25588.25,25600.25,235.64,231.28,46.3,WIN,STOP_HIT,25540.75,950.00,2026-05-07 09:21:15
2026-01-09,2026-01-09 10:15:00,2026-01-09 10:15:00,OG,Backtest,AdxDiCrossBracketOG,OG_AdxDiCrossBracketOG,OG,NQ,NQ JUN26,SHORT,1,25849.75,25897.00,-949.36,-953.72,-190.7,LOSS,STOP_HIT,25895.75,920.00,2026-05-07 09:21:15
2026-02-11,2026-02-11 10:20:00,2026-02-11 10:20:00,OG,Backtest,AdxDiCrossBracketOG,OG_AdxDiCrossBracketOG,OG,NQ,NQ JUN26,SHORT,1,25395.25,25345.50,990.64,986.28,197.3,WIN,TARGET_HIT,25448.50,1065.00,2026-05-07 09:21:15
2026-01-09,2026-01-09 09:55:00,2026-01-09 09:55:00,OG,Backtest,AdxDiCrossBracketOG,OG_AdxDiCrossBracketOG,OG,NQ,NQ JUN26,SHORT,1,25912.50,25949.00,-734.36,-738.72,-147.7,LOSS,STOP_HIT,25947.75,705.00,2026-05-07 09:21:15
2026-01-23,2026-01-23 10:10:00,2026-01-23 10:15:00,OG,Backtest,AdxDiCrossBracketOG,OG_AdxDiCrossBracketOG,OG,NQ,NQ JUN26,LONG,1,25921.75,25885.00,-739.36,-743.72,-148.7,LOSS,STOP_HIT,25885.50,725.00,2026-05-07 09:21:15
2026-01-28,2026-01-28 11:20:00,2026-01-28 11:25:00,OG,Backtest,AdxDiCrossBracketOG,OG_AdxDiCrossBracketOG,OG,NQ,NQ JUN26,LONG,1,26393.75,26378.25,-314.36,-318.72,-63.7,LOSS,STOP_HIT,26363.25,610.00,2026-05-07 09:21:15
2026-01-12,2026-01-12 11:25:00,2026-01-12 11:35:00,OG,Backtest,AdxDiCrossBracketOG,OG_AdxDiCrossBracketOG,OG,NQ,NQ JUN26,LONG,1,26159.50,26149.25,-209.36,-213.72,-42.7,LOSS,STOP_HIT,26131.75,555.00,2026-05-07 09:21:15
2026-01-20,2026-01-20 10:50:00,2026-01-20 10:55:00,OG,Backtest,AdxDiCrossBracketOG,OG_AdxDiCrossBracketOG,OG,NQ,NQ JUN26,LONG,1,25598.75,25558.75,-804.36,-808.72,-161.7,LOSS,STOP_HIT,25550.75,960.00,2026-05-07 09:21:15
2026-01-07,2026-01-07 10:10:00,2026-01-07 10:10:00,OG,Backtest,AdxDiCrossBracketOG,OG_AdxDiCrossBracketOG,OG,NQ,NQ JUN26,SHORT,1,26050.00,26073.50,-474.36,-478.72,-95.7,LOSS,STOP_HIT,26072.25,445.00,2026-05-07 09:21:15
2026-01-20,2026-01-20 11:10:00,2026-01-20 11:15:00,OG,Backtest,AdxDiCrossBracketOG,OG_AdxDiCrossBracketOG,OG,NQ,NQ JUN26,LONG,1,25588.25,25600.25,235.64,231.28,46.3,WIN,STOP_HIT,25540.75,950.00,2026-05-07 09:21:15
2026-01-21,2026-01-21 11:45:00,2026-01-21 11:45:00,OG,Backtest,AdxDiCrossBracketOG,OG_AdxDiCrossBracketOG,OG,NQ,NQ JUN26,SHORT,1,25543.00,25505.75,740.64,736.28,147.3,WIN,TARGET_HIT,25582.25,785.00,2026-05-07 09:21:15
2026-01-20,2026-01-20 11:10:00,2026-01-20 11:15:00,OG,Backtest,AdxDiCrossBracketOG,OG_AdxDiCrossBracketOG,OG,NQ,NQ JUN26,LONG,1,25588.25,25600.25,235.64,231.28,46.3,WIN,STOP_HIT,25540.75,950.00,2026-05-07 09:21:15
2026-02-03,2026-02-03 09:50:00,2026-02-03 09:50:00,OG,Backtest,AdxDiCrossBracketOG,OG_AdxDiCrossBracketOG,OG,NQ,NQ JUN26,SHORT,1,25960.00,25999.25,-789.36,-793.72,-158.7,LOSS,STOP_HIT,25998.00,760.00,2026-05-07 09:21:15
2026-01-21,2026-01-21 11:45:00,2026-01-21 11:45:00,OG,Backtest,AdxDiCrossBracketOG,OG_AdxDiCrossBracketOG,OG,NQ,NQ JUN26,SHORT,1,25543.00,25505.75,740.64,736.28,147.3,WIN,TARGET_HIT,25582.25,785.00,2026-05-07 09:21:15
2026-02-11,2026-02-11 11:05:00,2026-02-11 11:10:00,OG,Backtest,AdxDiCrossBracketOG,OG_AdxDiCrossBracketOG,OG,NQ,NQ JUN26,LONG,1,25454.25,25417.50,-739.36,-743.72,-148.7,LOSS,STOP_HIT,25393.00,1225.00,2026-05-07 09:21:15
2026-01-16,2026-01-16 11:30:00,2026-01-16 11:35:00,OG,Backtest,AdxDiCrossBracketOG,OG_AdxDiCrossBracketOG,OG,NQ,NQ JUN26,LONG,1,25912.25,25924.50,240.64,236.28,47.3,WIN,STOP_HIT,25874.75,750.00,2026-05-07 09:21:15
2026-01-06,2026-01-06 11:00:00,2026-01-06 11:05:00,OG,Backtest,AdxDiCrossBracketOG,OG_AdxDiCrossBracketOG,OG,NQ,NQ JUN26,SHORT,1,25908.50,25880.75,550.64,546.28,109.3,WIN,TARGET_HIT,25938.25,595.00,2026-05-07 09:21:15
2026-01-28,2026-01-28 10:55:00,2026-01-28 11:15:00,OG,Backtest,AdxDiCrossBracketOG,OG_AdxDiCrossBracketOG,OG,NQ,NQ JUN26,SHORT,1,26394.50,26407.00,-254.36,-258.72,-51.7,LOSS,STOP_HIT,26429.00,690.00,2026-05-07 09:21:15
2026-02-13,2026-02-13 10:35:00,2026-02-13 10:35:00,OG,Backtest,AdxDiCrossBracketOG,OG_AdxDiCrossBracketOG,OG,NQ,NQ JUN26,LONG,1,25058.75,25127.00,1360.64,1356.28,271.3,WIN,TARGET_HIT,24987.50,1425.00,2026-05-07 09:21:15
2026-01-30,2026-01-30 10:55:00,2026-01-30 10:55:00,OG,Backtest,AdxDiCrossBracketOG,OG_AdxDiCrossBracketOG,OG,NQ,NQ JUN26,LONG,1,26118.00,26058.75,-1189.36,-1193.72,-238.7,LOSS,STOP_HIT,26060.00,1160.00,2026-05-07 09:21:15
2026-03-03,2026-03-03 11:25:00,2026-03-03 11:40:00,OG,Backtest,AdxDiCrossBracketOG,OG_AdxDiCrossBracketOG,OG,NQ,NQ JUN26,LONG,1,24795.25,24816.50,420.64,416.28,83.3,WIN,STOP_HIT,24724.00,1425.00,2026-05-07 09:21:15
2026-01-30,2026-01-30 10:55:00,2026-01-30 10:55:00,OG,Backtest,AdxDiCrossBracketOG,OG_AdxDiCrossBracketOG,OG,NQ,NQ JUN26,LONG,1,26118.00,26058.75,-1189.36,-1193.72,-238.7,LOSS,STOP_HIT,26060.00,1160.00,2026-05-07 09:21:15
2026-01-30,2026-01-30 11:00:00,2026-01-30 11:10:00,OG,Backtest,AdxDiCrossBracketOG,OG_AdxDiCrossBracketOG,OG,NQ,NQ JUN26,SHORT,1,26071.50,26048.25,460.64,456.28,91.3,WIN,STOP_HIT,26129.00,1150.00,2026-05-07 09:21:15
2026-01-28,2026-01-28 10:55:00,2026-01-28 11:15:00,OG,Backtest,AdxDiCrossBracketOG,OG_AdxDiCrossBracketOG,OG,NQ,NQ JUN26,SHORT,1,26394.50,26407.00,-254.36,-258.72,-51.7,LOSS,STOP_HIT,26429.00,690.00,2026-05-07 09:21:15
2026-02-05,2026-02-05 11:40:00,2026-02-05 11:50:00,OG,Backtest,AdxDiCrossBracketOG,OG_AdxDiCrossBracketOG,OG,NQ,NQ JUN26,LONG,1,25026.25,24991.50,-699.36,-703.72,-140.7,LOSS,STOP_HIT,24938.00,1765.00,2026-05-07 09:21:15
2026-03-12,2026-03-12 11:50:00,2026-03-12 11:50:00,OG,Backtest,AdxDiCrossBracketOG,OG_AdxDiCrossBracketOG,OG,NQ,NQ JUN26,LONG,1,24898.75,24843.25,-1114.36,-1118.72,-223.7,LOSS,STOP_HIT,24844.50,1085.00,2026-05-07 09:21:15
2026-01-06,2026-01-06 11:00:00,2026-01-06 11:05:00,OG,Backtest,AdxDiCrossBracketOG,OG_AdxDiCrossBracketOG,OG,NQ,NQ JUN26,SHORT,1,25908.50,25880.75,550.64,546.28,109.3,WIN,TARGET_HIT,25938.25,595.00,2026-05-07 09:21:15
2026-01-09,2026-01-09 10:10:00,2026-01-09 10:10:00,OG,Backtest,AdxDiCrossBracketOG,OG_AdxDiCrossBracketOG,OG,NQ,NQ JUN26,LONG,1,25922.50,25881.00,-834.36,-838.72,-167.7,LOSS,STOP_HIT,25882.25,805.00,2026-05-07 09:21:15
2026-02-10,2026-02-10 09:45:00,2026-02-10 09:45:00,OG,Backtest,AdxDiCrossBracketOG,OG_AdxDiCrossBracketOG,OG,NQ,NQ JUN26,SHORT,1,25534.50,25512.25,440.64,436.28,87.3,WIN,TARGET_HIT,25559.75,505.00,2026-05-07 09:21:15
2026-03-09,2026-03-09 10:45:00,2026-03-09 10:50:00,OG,Backtest,AdxDiCrossBracketOG,OG_AdxDiCrossBracketOG,OG,NQ,NQ JUN26,LONG,1,24692.75,24762.25,1385.64,1381.28,276.3,WIN,TARGET_HIT,24622.25,1410.00,2026-05-07 09:21:15
2026-02-24,2026-02-24 10:10:00,2026-02-24 10:10:00,OG,Backtest,AdxDiCrossBracketOG,OG_AdxDiCrossBracketOG,OG,NQ,NQ JUN26,SHORT,1,25048.00,25093.50,-914.36,-918.72,-183.7,LOSS,STOP_HIT,25092.25,885.00,2026-05-07 09:21:15
2026-01-23,2026-01-23 10:10:00,2026-01-23 10:15:00,OG,Backtest,AdxDiCrossBracketOG,OG_AdxDiCrossBracketOG,OG,NQ,NQ JUN26,LONG,1,25921.75,25885.00,-739.36,-743.72,-148.7,LOSS,STOP_HIT,25885.50,725.00,2026-05-07 09:21:15
2026-02-11,2026-02-11 11:05:00,2026-02-11 11:10:00,OG,Backtest,AdxDiCrossBracketOG,OG_AdxDiCrossBracketOG,OG,NQ,NQ JUN26,LONG,1,25454.25,25417.50,-739.36,-743.72,-148.7,LOSS,STOP_HIT,25393.00,1225.00,2026-05-07 09:21:15
2026-02-17,2026-02-17 11:10:00,2026-02-17 11:10:00,OG,Backtest,AdxDiCrossBracketOG,OG_AdxDiCrossBracketOG,OG,NQ,NQ JUN26,LONG,1,24862.00,24927.25,1300.64,1296.28,259.3,WIN,TARGET_HIT,24793.75,1365.00,2026-05-07 09:21:15
2026-01-20,2026-01-20 10:50:00,2026-01-20 10:55:00,OG,Backtest,AdxDiCrossBracketOG,OG_AdxDiCrossBracketOG,OG,NQ,NQ JUN26,LONG,1,25598.75,25558.75,-804.36,-808.72,-161.7,LOSS,STOP_HIT,25550.75,960.00,2026-05-07 09:21:15
2026-03-13,2026-03-13 10:50:00,2026-03-13 10:50:00,OG,Backtest,AdxDiCrossBracketOG,OG_AdxDiCrossBracketOG,OG,NQ,NQ JUN26,SHORT,1,24804.25,24755.00,980.64,976.28,195.3,WIN,TARGET_HIT,24853.50,985.00,2026-05-07 09:21:15
2026-01-20,2026-01-20 11:10:00,2026-01-20 11:15:00,OG,Backtest,AdxDiCrossBracketOG,OG_AdxDiCrossBracketOG,OG,NQ,NQ JUN26,LONG,1,25588.25,25600.25,235.64,231.28,46.3,WIN,STOP_HIT,25540.75,950.00,2026-05-07 09:21:15
2026-02-13,2026-02-13 10:35:00,2026-02-13 10:35:00,OG,Backtest,AdxDiCrossBracketOG,OG_AdxDiCrossBracketOG,OG,NQ,NQ JUN26,LONG,1,25058.75,25127.00,1360.64,1356.28,271.3,WIN,TARGET_HIT,24987.50,1425.00,2026-05-07 09:21:15
2026-03-12,2026-03-12 11:50:00,2026-03-12 11:50:00,OG,Backtest,AdxDiCrossBracketOG,OG_AdxDiCrossBracketOG,OG,NQ,NQ JUN26,LONG,1,24898.75,24843.25,-1114.36,-1118.72,-223.7,LOSS,STOP_HIT,24844.50,1085.00,2026-05-07 09:21:15
2026-02-11,2026-02-11 10:20:00,2026-02-11 10:20:00,OG,Backtest,AdxDiCrossBracketOG,OG_AdxDiCrossBracketOG,OG,NQ,NQ JUN26,SHORT,1,25395.25,25345.50,990.64,986.28,197.3,WIN,TARGET_HIT,25448.50,1065.00,2026-05-07 09:21:15
2026-02-24,2026-02-24 10:15:00,2026-02-24 10:15:00,OG,Backtest,AdxDiCrossBracketOG,OG_AdxDiCrossBracketOG,OG,NQ,NQ JUN26,LONG,1,25110.00,25063.00,-944.36,-948.72,-189.7,LOSS,STOP_HIT,25064.25,915.00,2026-05-07 09:21:15
2026-02-11,2026-02-11 11:05:00,2026-02-11 11:10:00,OG,Backtest,AdxDiCrossBracketOG,OG_AdxDiCrossBracketOG,OG,NQ,NQ JUN26,LONG,1,25454.25,25417.50,-739.36,-743.72,-148.7,LOSS,STOP_HIT,25393.00,1225.00,2026-05-07 09:21:15
2026-02-24,2026-02-24 10:10:00,2026-02-24 10:10:00,OG,Backtest,AdxDiCrossBracketOG,OG_AdxDiCrossBracketOG,OG,NQ,NQ JUN26,SHORT,1,25048.00,25093.50,-914.36,-918.72,-183.7,LOSS,STOP_HIT,25092.25,885.00,2026-05-07 09:21:15
2026-03-06,2026-03-06 11:10:00,2026-03-06 11:15:00,OG,Backtest,AdxDiCrossBracketOG,OG_AdxDiCrossBracketOG,OG,NQ,NQ JUN26,LONG,1,25102.25,25058.25,-884.36,-888.72,-177.7,LOSS,STOP_HIT,25038.75,1270.00,2026-05-07 09:21:15
2026-03-24,2026-03-24 11:00:00,2026-03-24 11:00:00,OG,Backtest,AdxDiCrossBracketOG,OG_AdxDiCrossBracketOG,OG,NQ,NQ JUN26,LONG,1,24282.25,24217.00,-1309.36,-1313.72,-262.7,LOSS,STOP_HIT,24218.25,1280.00,2026-05-07 09:21:15
2026-04-02,2026-04-02 10:45:00,2026-04-02 10:45:00,OG,Backtest,AdxDiCrossBracketOG,OG_AdxDiCrossBracketOG,OG,NQ,NQ JUN26,LONG,1,24211.00,24133.25,-1559.36,-1563.72,-312.7,LOSS,STOP_HIT,24134.50,1530.00,2026-05-07 09:21:15
2026-03-06,2026-03-06 11:10:00,2026-03-06 11:15:00,OG,Backtest,AdxDiCrossBracketOG,OG_AdxDiCrossBracketOG,OG,NQ,NQ JUN26,LONG,1,25102.25,25058.25,-884.36,-888.72,-177.7,LOSS,STOP_HIT,25038.75,1270.00,2026-05-07 09:21:15
2026-03-27,2026-03-27 11:40:00,2026-03-27 11:45:00,OG,Backtest,AdxDiCrossBracketOG,OG_AdxDiCrossBracketOG,OG,NQ,NQ JUN26,LONG,1,23597.75,23540.25,-1154.36,-1158.72,-231.7,LOSS,STOP_HIT,23541.50,1125.00,2026-05-07 09:21:15
2026-03-06,2026-03-06 11:10:00,2026-03-06 11:15:00,OG,Backtest,AdxDiCrossBracketOG,OG_AdxDiCrossBracketOG,OG,NQ,NQ JUN26,LONG,1,25102.25,25058.25,-884.36,-888.72,-177.7,LOSS,STOP_HIT,25038.75,1270.00,2026-05-07 09:21:15
2026-03-19,2026-03-19 11:15:00,2026-03-19 11:25:00,OG,Backtest,AdxDiCrossBracketOG,OG_AdxDiCrossBracketOG,OG,NQ,NQ JUN26,LONG,1,24531.00,24485.50,-914.36,-918.72,-183.7,LOSS,STOP_HIT,24473.00,1160.00,2026-05-07 09:21:15
2026-03-12,2026-03-12 11:50:00,2026-03-12 11:50:00,OG,Backtest,AdxDiCrossBracketOG,OG_AdxDiCrossBracketOG,OG,NQ,NQ JUN26,LONG,1,24898.75,24843.25,-1114.36,-1118.72,-223.7,LOSS,STOP_HIT,24844.50,1085.00,2026-05-07 09:21:15
2026-03-06,2026-03-06 11:10:00,2026-03-06 11:15:00,OG,Backtest,AdxDiCrossBracketOG,OG_AdxDiCrossBracketOG,OG,NQ,NQ JUN26,LONG,1,25102.25,25058.25,-884.36,-888.72,-177.7,LOSS,STOP_HIT,25038.75,1270.00,2026-05-07 09:21:15
2026-03-03,2026-03-03 11:25:00,2026-03-03 11:40:00,OG,Backtest,AdxDiCrossBracketOG,OG_AdxDiCrossBracketOG,OG,NQ,NQ JUN26,LONG,1,24795.25,24816.50,420.64,416.28,83.3,WIN,STOP_HIT,24724.00,1425.00,2026-05-07 09:21:15
2026-01-30,2026-01-30 11:00:00,2026-01-30 11:10:00,OG,Backtest,AdxDiCrossBracketOG,OG_AdxDiCrossBracketOG,OG,NQ,NQ JUN26,SHORT,1,26071.50,26048.25,460.64,456.28,91.3,WIN,STOP_HIT,26129.00,1150.00,2026-05-07 09:21:15
2026-03-06,2026-03-06 11:10:00,2026-03-06 11:15:00,OG,Backtest,AdxDiCrossBracketOG,OG_AdxDiCrossBracketOG,OG,NQ,NQ JUN26,LONG,1,25102.25,25058.25,-884.36,-888.72,-177.7,LOSS,STOP_HIT,25038.75,1270.00,2026-05-07 09:21:15
2026-04-07,2026-04-07 11:40:00,2026-04-07 12:00:00,OG,Backtest,AdxDiCrossBracketOG,OG_AdxDiCrossBracketOG,OG,NQ,NQ JUN26,LONG,1,24072.25,24117.50,900.64,896.28,179.3,WIN,TARGET_HIT,24025.00,945.00,2026-05-07 09:21:15
2026-03-17,2026-03-17 11:15:00,2026-03-17 11:20:00,OG,Backtest,AdxDiCrossBracketOG,OG_AdxDiCrossBracketOG,OG,NQ,NQ JUN26,SHORT,1,25019.75,25057.00,-749.36,-753.72,-150.7,LOSS,STOP_HIT,25056.25,730.00,2026-05-07 09:21:15
2026-03-12,2026-03-12 11:50:00,2026-03-12 11:50:00,OG,Backtest,AdxDiCrossBracketOG,OG_AdxDiCrossBracketOG,OG,NQ,NQ JUN26,LONG,1,24898.75,24843.25,-1114.36,-1118.72,-223.7,LOSS,STOP_HIT,24844.50,1085.00,2026-05-07 09:21:15
2026-04-06,2026-04-06 10:55:00,2026-04-06 11:00:00,OG,Backtest,AdxDiCrossBracketOG,OG_AdxDiCrossBracketOG,OG,NQ,NQ JUN26,SHORT,1,24269.25,24322.25,-1064.36,-1068.72,-213.7,LOSS,STOP_HIT,24321.00,1035.00,2026-05-07 09:21:15
2026-03-20,2026-03-20 11:30:00,2026-03-20 12:05:00,OG,Backtest,AdxDiCrossBracketOG,OG_AdxDiCrossBracketOG,OG,NQ,NQ JUN26,LONG,1,24275.00,24327.75,1050.64,1046.28,209.3,WIN,TARGET_HIT,24219.75,1105.00,2026-05-07 09:21:15
2026-04-06,2026-04-06 11:35:00,2026-04-06 11:50:00,OG,Backtest,AdxDiCrossBracketOG,OG_AdxDiCrossBracketOG,OG,NQ,NQ JUN26,SHORT,1,24280.00,24294.25,-289.36,-293.72,-58.7,LOSS,STOP_HIT,24325.50,910.00,2026-05-07 09:21:15
2026-03-24,2026-03-24 11:00:00,2026-03-24 11:00:00,OG,Backtest,AdxDiCrossBracketOG,OG_AdxDiCrossBracketOG,OG,NQ,NQ JUN26,LONG,1,24282.25,24217.00,-1309.36,-1313.72,-262.7,LOSS,STOP_HIT,24218.25,1280.00,2026-05-07 09:21:15
2026-03-17,2026-03-17 11:15:00,2026-03-17 11:20:00,OG,Backtest,AdxDiCrossBracketOG,OG_AdxDiCrossBracketOG,OG,NQ,NQ JUN26,SHORT,1,25019.75,25057.00,-749.36,-753.72,-150.7,LOSS,STOP_HIT,25056.25,730.00,2026-05-07 09:21:15
2026-03-25,2026-03-25 11:20:00,2026-03-25 11:20:00,OG,Backtest,AdxDiCrossBracketOG,OG_AdxDiCrossBracketOG,OG,NQ,NQ JUN26,SHORT,1,24385.25,24336.50,970.64,966.28,193.3,WIN,TARGET_HIT,24438.00,1055.00,2026-05-07 09:21:15
2026-03-19,2026-03-19 11:15:00,2026-03-19 11:25:00,OG,Backtest,AdxDiCrossBracketOG,OG_AdxDiCrossBracketOG,OG,NQ,NQ JUN26,LONG,1,24531.00,24485.50,-914.36,-918.72,-183.7,LOSS,STOP_HIT,24473.00,1160.00,2026-05-07 09:21:15
2026-02-11,2026-02-11 11:05:00,2026-02-11 11:10:00,OG,Backtest,AdxDiCrossBracketOG,OG_AdxDiCrossBracketOG,OG,NQ,NQ JUN26,LONG,1,25454.25,25417.50,-739.36,-743.72,-148.7,LOSS,STOP_HIT,25393.00,1225.00,2026-05-07 09:21:15
2026-02-13,2026-02-13 10:50:00,2026-02-13 11:05:00,OG,Backtest,AdxDiCrossBracketOG,OG_AdxDiCrossBracketOG,OG,NQ,NQ JUN26,SHORT,1,24982.25,25021.00,-779.36,-783.72,-156.7,LOSS,STOP_HIT,25055.00,1455.00,2026-05-07 09:21:15
2026-04-07,2026-04-07 11:40:00,2026-04-07 12:00:00,OG,Backtest,AdxDiCrossBracketOG,OG_AdxDiCrossBracketOG,OG,NQ,NQ JUN26,LONG,1,24072.25,24117.50,900.64,896.28,179.3,WIN,TARGET_HIT,24025.00,945.00,2026-05-07 09:21:15
2026-04-02,2026-04-02 10:45:00,2026-04-02 10:45:00,OG,Backtest,AdxDiCrossBracketOG,OG_AdxDiCrossBracketOG,OG,NQ,NQ JUN26,LONG,1,24211.00,24133.25,-1559.36,-1563.72,-312.7,LOSS,STOP_HIT,24134.50,1530.00,2026-05-07 09:21:15
2026-02-13,2026-02-13 10:50:00,2026-02-13 11:05:00,OG,Backtest,AdxDiCrossBracketOG,OG_AdxDiCrossBracketOG,OG,NQ,NQ JUN26,SHORT,1,24982.25,25021.00,-779.36,-783.72,-156.7,LOSS,STOP_HIT,25055.00,1455.00,2026-05-07 09:21:15
2026-04-02,2026-04-02 10:45:00,2026-04-02 10:45:00,OG,Backtest,AdxDiCrossBracketOG,OG_AdxDiCrossBracketOG,OG,NQ,NQ JUN26,LONG,1,24211.00,24133.25,-1559.36,-1563.72,-312.7,LOSS,STOP_HIT,24134.50,1530.00,2026-05-07 09:21:15
2026-03-03,2026-03-03 11:25:00,2026-03-03 11:40:00,OG,Backtest,AdxDiCrossBracketOG,OG_AdxDiCrossBracketOG,OG,NQ,NQ JUN26,LONG,1,24795.25,24816.50,420.64,416.28,83.3,WIN,STOP_HIT,24724.00,1425.00,2026-05-07 09:21:15
2026-04-06,2026-04-06 10:55:00,2026-04-06 11:00:00,OG,Backtest,AdxDiCrossBracketOG,OG_AdxDiCrossBracketOG,OG,NQ,NQ JUN26,SHORT,1,24269.25,24322.25,-1064.36,-1068.72,-213.7,LOSS,STOP_HIT,24321.00,1035.00,2026-05-07 09:21:15
2026-04-06,2026-04-06 11:05:00,2026-04-06 11:25:00,OG,Backtest,AdxDiCrossBracketOG,OG_AdxDiCrossBracketOG,OG,NQ,NQ JUN26,LONG,1,24307.50,24290.75,-339.36,-343.72,-68.7,LOSS,STOP_HIT,24255.50,1040.00,2026-05-07 09:21:15
2026-04-06,2026-04-06 11:05:00,2026-04-06 11:25:00,OG,Backtest,AdxDiCrossBracketOG,OG_AdxDiCrossBracketOG,OG,NQ,NQ JUN26,LONG,1,24307.50,24290.75,-339.36,-343.72,-68.7,LOSS,STOP_HIT,24255.50,1040.00,2026-05-07 09:21:15
2026-04-07,2026-04-07 11:40:00,2026-04-07 12:00:00,OG,Backtest,AdxDiCrossBracketOG,OG_AdxDiCrossBracketOG,OG,NQ,NQ JUN26,LONG,1,24072.25,24117.50,900.64,896.28,179.3,WIN,TARGET_HIT,24025.00,945.00,2026-05-07 09:21:15
2026-03-03,2026-03-03 11:25:00,2026-03-03 11:40:00,OG,Backtest,AdxDiCrossBracketOG,OG_AdxDiCrossBracketOG,OG,NQ,NQ JUN26,LONG,1,24795.25,24816.50,420.64,416.28,83.3,WIN,STOP_HIT,24724.00,1425.00,2026-05-07 09:21:15
2026-04-06,2026-04-06 11:05:00,2026-04-06 11:25:00,OG,Backtest,AdxDiCrossBracketOG,OG_AdxDiCrossBracketOG,OG,NQ,NQ JUN26,LONG,1,24307.50,24290.75,-339.36,-343.72,-68.7,LOSS,STOP_HIT,24255.50,1040.00,2026-05-07 09:21:15
2026-04-06,2026-04-06 11:35:00,2026-04-06 11:50:00,OG,Backtest,AdxDiCrossBracketOG,OG_AdxDiCrossBracketOG,OG,NQ,NQ JUN26,SHORT,1,24280.00,24294.25,-289.36,-293.72,-58.7,LOSS,STOP_HIT,24325.50,910.00,2026-05-07 09:21:15
2026-03-13,2026-03-13 10:50:00,2026-03-13 10:50:00,OG,Backtest,AdxDiCrossBracketOG,OG_AdxDiCrossBracketOG,OG,NQ,NQ JUN26,SHORT,1,24804.25,24755.00,980.64,976.28,195.3,WIN,TARGET_HIT,24853.50,985.00,2026-05-07 09:21:15
2026-04-10,2026-04-10 11:45:00,2026-04-10 12:00:00,OG,Backtest,AdxDiCrossBracketOG,OG_AdxDiCrossBracketOG,OG,NQ,NQ JUN26,SHORT,1,25300.75,25269.75,615.64,611.28,122.3,WIN,TARGET_HIT,25334.25,670.00,2026-05-07 09:21:15
2026-02-24,2026-02-24 10:15:00,2026-02-24 10:15:00,OG,Backtest,AdxDiCrossBracketOG,OG_AdxDiCrossBracketOG,OG,NQ,NQ JUN26,LONG,1,25110.00,25063.00,-944.36,-948.72,-189.7,LOSS,STOP_HIT,25064.25,915.00,2026-05-07 09:21:15
2026-03-06,2026-03-06 11:10:00,2026-03-06 11:15:00,OG,Backtest,AdxDiCrossBracketOG,OG_AdxDiCrossBracketOG,OG,NQ,NQ JUN26,LONG,1,25102.25,25058.25,-884.36,-888.72,-177.7,LOSS,STOP_HIT,25038.75,1270.00,2026-05-07 09:21:15
2026-03-19,2026-03-19 11:15:00,2026-03-19 11:25:00,OG,Backtest,AdxDiCrossBracketOG,OG_AdxDiCrossBracketOG,OG,NQ,NQ JUN26,LONG,1,24531.00,24485.50,-914.36,-918.72,-183.7,LOSS,STOP_HIT,24473.00,1160.00,2026-05-07 09:21:15
2026-04-07,2026-04-07 11:40:00,2026-04-07 12:00:00,OG,Backtest,AdxDiCrossBracketOG,OG_AdxDiCrossBracketOG,OG,NQ,NQ JUN26,LONG,1,24072.25,24117.50,900.64,896.28,179.3,WIN,TARGET_HIT,24025.00,945.00,2026-05-07 09:21:15
2026-03-03,2026-03-03 11:25:00,2026-03-03 11:40:00,OG,Backtest,AdxDiCrossBracketOG,OG_AdxDiCrossBracketOG,OG,NQ,NQ JUN26,LONG,1,24795.25,24816.50,420.64,416.28,83.3,WIN,STOP_HIT,24724.00,1425.00,2026-05-07 09:21:15
2026-01-07,2026-01-07 10:10:00,2026-01-07 10:10:00,OG,Backtest,AdxDiCrossBracketOG,OG_AdxDiCrossBracketOG,OG,NQ,NQ JUN26,SHORT,1,26050.00,26073.50,-474.36,-478.72,-95.7,LOSS,STOP_HIT,26072.25,445.00,2026-05-07 09:21:15
2026-01-20,2026-01-20 11:10:00,2026-01-20 11:15:00,OG,Backtest,AdxDiCrossBracketOG,OG_AdxDiCrossBracketOG,OG,NQ,NQ JUN26,LONG,1,25588.25,25600.25,235.64,231.28,46.3,WIN,STOP_HIT,25540.75,950.00,2026-05-07 09:21:15
2026-01-09,2026-01-09 09:45:00,2026-01-09 09:50:00,OG,Backtest,AdxDiCrossBracketOG,OG_AdxDiCrossBracketOG,OG,NQ,NQ JUN26,LONG,1,25965.75,25936.75,-584.36,-588.72,-117.7,LOSS,STOP_HIT,25938.00,555.00,2026-05-07 09:21:15
2026-03-09,2026-03-09 10:45:00,2026-03-09 10:50:00,OG,Backtest,AdxDiCrossBracketOG,OG_AdxDiCrossBracketOG,OG,NQ,NQ JUN26,LONG,1,24692.75,24762.25,1385.64,1381.28,276.3,WIN,TARGET_HIT,24622.25,1410.00,2026-05-07 09:21:15
2026-03-09,2026-03-09 10:45:00,2026-03-09 10:50:00,OG,Backtest,AdxDiCrossBracketOG,OG_AdxDiCrossBracketOG,OG,NQ,NQ JUN26,LONG,1,24692.75,24762.25,1385.64,1381.28,276.3,WIN,TARGET_HIT,24622.25,1410.00,2026-05-07 09:21:15
2026-03-12,2026-03-12 11:50:00,2026-03-12 11:50:00,OG,Backtest,AdxDiCrossBracketOG,OG_AdxDiCrossBracketOG,OG,NQ,NQ JUN26,LONG,1,24898.75,24843.25,-1114.36,-1118.72,-223.7,LOSS,STOP_HIT,24844.50,1085.00,2026-05-07 09:21:15
2026-01-09,2026-01-09 10:10:00,2026-01-09 10:10:00,OG,Backtest,AdxDiCrossBracketOG,OG_AdxDiCrossBracketOG,OG,NQ,NQ JUN26,LONG,1,25922.50,25881.00,-834.36,-838.72,-167.7,LOSS,STOP_HIT,25882.25,805.00,2026-05-07 09:21:15
2026-01-09,2026-01-09 10:10:00,2026-01-09 10:10:00,OG,Backtest,AdxDiCrossBracketOG,OG_AdxDiCrossBracketOG,OG,NQ,NQ JUN26,LONG,1,25922.50,25881.00,-834.36,-838.72,-167.7,LOSS,STOP_HIT,25882.25,805.00,2026-05-07 09:21:15
2026-01-28,2026-01-28 11:20:00,2026-01-28 11:25:00,OG,Backtest,AdxDiCrossBracketOG,OG_AdxDiCrossBracketOG,OG,NQ,NQ JUN26,LONG,1,26393.75,26378.25,-314.36,-318.72,-63.7,LOSS,STOP_HIT,26363.25,610.00,2026-05-07 09:21:15
2026-03-24,2026-03-24 11:00:00,2026-03-24 11:00:00,OG,Backtest,AdxDiCrossBracketOG,OG_AdxDiCrossBracketOG,OG,NQ,NQ JUN26,LONG,1,24282.25,24217.00,-1309.36,-1313.72,-262.7,LOSS,STOP_HIT,24218.25,1280.00,2026-05-07 09:21:15
2026-03-25,2026-03-25 11:20:00,2026-03-25 11:20:00,OG,Backtest,AdxDiCrossBracketOG,OG_AdxDiCrossBracketOG,OG,NQ,NQ JUN26,SHORT,1,24385.25,24336.50,970.64,966.28,193.3,WIN,TARGET_HIT,24438.00,1055.00,2026-05-07 09:21:15
2026-01-21,2026-01-21 11:45:00,2026-01-21 11:45:00,OG,Backtest,AdxDiCrossBracketOG,OG_AdxDiCrossBracketOG,OG,NQ,NQ JUN26,SHORT,1,25543.00,25505.75,740.64,736.28,147.3,WIN,TARGET_HIT,25582.25,785.00,2026-05-07 09:21:15
2026-01-13,2026-01-13 10:10:00,2026-01-13 10:15:00,OG,Backtest,AdxDiCrossBracketOG,OG_AdxDiCrossBracketOG,OG,NQ,NQ JUN26,SHORT,1,26137.25,26108.00,580.64,576.28,115.3,WIN,TARGET_HIT,26168.00,615.00,2026-05-07 09:21:15
2026-04-06,2026-04-06 11:35:00,2026-04-06 11:50:00,OG,Backtest,AdxDiCrossBracketOG,OG_AdxDiCrossBracketOG,OG,NQ,NQ JUN26,SHORT,1,24280.00,24294.25,-289.36,-293.72,-58.7,LOSS,STOP_HIT,24325.50,910.00,2026-05-07 09:21:15
2026-01-12,2026-01-12 11:25:00,2026-01-12 11:35:00,OG,Backtest,AdxDiCrossBracketOG,OG_AdxDiCrossBracketOG,OG,NQ,NQ JUN26,LONG,1,26159.50,26149.25,-209.36,-213.72,-42.7,LOSS,STOP_HIT,26131.75,555.00,2026-05-07 09:21:15
2026-01-28,2026-01-28 11:20:00,2026-01-28 11:25:00,OG,Backtest,AdxDiCrossBracketOG,OG_AdxDiCrossBracketOG,OG,NQ,NQ JUN26,LONG,1,26393.75,26378.25,-314.36,-318.72,-63.7,LOSS,STOP_HIT,26363.25,610.00,2026-05-07 09:21:15
2026-04-07,2026-04-07 11:40:00,2026-04-07 12:00:00,OG,Backtest,AdxDiCrossBracketOG,OG_AdxDiCrossBracketOG,OG,NQ,NQ JUN26,LONG,1,24072.25,24117.50,900.64,896.28,179.3,WIN,TARGET_HIT,24025.00,945.00,2026-05-07 09:21:15
2026-03-24,2026-03-24 11:00:00,2026-03-24 11:00:00,OG,Backtest,AdxDiCrossBracketOG,OG_AdxDiCrossBracketOG,OG,NQ,NQ JUN26,LONG,1,24282.25,24217.00,-1309.36,-1313.72,-262.7,LOSS,STOP_HIT,24218.25,1280.00,2026-05-07 09:21:15
2026-01-09,2026-01-09 09:45:00,2026-01-09 09:50:00,OG,Backtest,AdxDiCrossBracketOG,OG_AdxDiCrossBracketOG,OG,NQ,NQ JUN26,LONG,1,25965.75,25936.75,-584.36,-588.72,-117.7,LOSS,STOP_HIT,25938.00,555.00,2026-05-07 09:21:15
2026-02-11,2026-02-11 11:20:00,2026-02-11 11:25:00,OG,Backtest,AdxDiCrossBracketOG,OG_AdxDiCrossBracketOG,OG,NQ,NQ JUN26,LONG,1,25468.75,25457.00,-239.36,-243.72,-48.7,LOSS,STOP_HIT,25406.75,1240.00,2026-05-07 09:21:15
2026-01-09,2026-01-09 10:15:00,2026-01-09 10:15:00,OG,Backtest,AdxDiCrossBracketOG,OG_AdxDiCrossBracketOG,OG,NQ,NQ JUN26,SHORT,1,25849.75,25897.00,-949.36,-953.72,-190.7,LOSS,STOP_HIT,25895.75,920.00,2026-05-07 09:21:15
2026-01-09,2026-01-09 09:45:00,2026-01-09 09:50:00,OG,Backtest,AdxDiCrossBracketOG,OG_AdxDiCrossBracketOG,OG,NQ,NQ JUN26,LONG,1,25965.75,25936.75,-584.36,-588.72,-117.7,LOSS,STOP_HIT,25938.00,555.00,2026-05-07 09:21:15
2026-01-09,2026-01-09 10:30:00,2026-01-09 10:30:00,OG,Backtest,AdxDiCrossBracketOG,OG_AdxDiCrossBracketOG,OG,NQ,NQ JUN26,LONG,1,26010.00,26057.25,940.64,936.28,187.3,WIN,TARGET_HIT,25959.75,1005.00,2026-05-07 09:21:15
2026-01-09,2026-01-09 09:55:00,2026-01-09 09:55:00,OG,Backtest,AdxDiCrossBracketOG,OG_AdxDiCrossBracketOG,OG,NQ,NQ JUN26,SHORT,1,25912.50,25949.00,-734.36,-738.72,-147.7,LOSS,STOP_HIT,25947.75,705.00,2026-05-07 09:21:15
2026-01-06,2026-01-06 11:00:00,2026-01-06 11:05:00,OG,Backtest,AdxDiCrossBracketOG,OG_AdxDiCrossBracketOG,OG,NQ,NQ JUN26,SHORT,1,25908.50,25880.75,550.64,546.28,109.3,WIN,TARGET_HIT,25938.25,595.00,2026-05-07 09:21:15
2026-01-09,2026-01-09 09:55:00,2026-01-09 09:55:00,OG,Backtest,AdxDiCrossBracketOG,OG_AdxDiCrossBracketOG,OG,NQ,NQ JUN26,SHORT,1,25912.50,25949.00,-734.36,-738.72,-147.7,LOSS,STOP_HIT,25947.75,705.00,2026-05-07 09:21:15
2026-01-09,2026-01-09 10:30:00,2026-01-09 10:30:00,OG,Backtest,AdxDiCrossBracketOG,OG_AdxDiCrossBracketOG,OG,NQ,NQ JUN26,LONG,1,26010.00,26057.25,940.64,936.28,187.3,WIN,TARGET_HIT,25959.75,1005.00,2026-05-07 09:21:15
2026-04-06,2026-04-06 11:05:00,2026-04-06 11:25:00,OG,Backtest,AdxDiCrossBracketOG,OG_AdxDiCrossBracketOG,OG,NQ,NQ JUN26,LONG,1,24307.50,24290.75,-339.36,-343.72,-68.7,LOSS,STOP_HIT,24255.50,1040.00,2026-05-07 09:21:15
2026-01-06,2026-01-06 11:00:00,2026-01-06 11:05:00,OG,Backtest,AdxDiCrossBracketOG,OG_AdxDiCrossBracketOG,OG,NQ,NQ JUN26,SHORT,1,25908.50,25880.75,550.64,546.28,109.3,WIN,TARGET_HIT,25938.25,595.00,2026-05-07 09:21:15
2026-01-16,2026-01-16 11:30:00,2026-01-16 11:35:00,OG,Backtest,AdxDiCrossBracketOG,OG_AdxDiCrossBracketOG,OG,NQ,NQ JUN26,LONG,1,25912.25,25924.50,240.64,236.28,47.3,WIN,STOP_HIT,25874.75,750.00,2026-05-07 09:21:15
2026-02-24,2026-02-24 10:15:00,2026-02-24 10:15:00,OG,Backtest,AdxDiCrossBracketOG,OG_AdxDiCrossBracketOG,OG,NQ,NQ JUN26,LONG,1,25110.00,25063.00,-944.36,-948.72,-189.7,LOSS,STOP_HIT,25064.25,915.00,2026-05-07 09:21:15
2026-01-09,2026-01-09 10:30:00,2026-01-09 10:30:00,OG,Backtest,AdxDiCrossBracketOG,OG_AdxDiCrossBracketOG,OG,NQ,NQ JUN26,LONG,1,26010.00,26057.25,940.64,936.28,187.3,WIN,TARGET_HIT,25959.75,1005.00,2026-05-07 09:21:15
2026-01-09,2026-01-09 09:45:00,2026-01-09 09:50:00,OG,Backtest,AdxDiCrossBracketOG,OG_AdxDiCrossBracketOG,OG,NQ,NQ JUN26,LONG,1,25965.75,25936.75,-584.36,-588.72,-117.7,LOSS,STOP_HIT,25938.00,555.00,2026-05-07 09:21:15
2026-02-24,2026-02-24 10:15:00,2026-02-24 10:15:00,OG,Backtest,AdxDiCrossBracketOG,OG_AdxDiCrossBracketOG,OG,NQ,NQ JUN26,LONG,1,25110.00,25063.00,-944.36,-948.72,-189.7,LOSS,STOP_HIT,25064.25,915.00,2026-05-07 09:21:15
2026-01-13,2026-01-13 10:10:00,2026-01-13 10:15:00,OG,Backtest,AdxDiCrossBracketOG,OG_AdxDiCrossBracketOG,OG,NQ,NQ JUN26,SHORT,1,26137.25,26108.00,580.64,576.28,115.3,WIN,TARGET_HIT,26168.00,615.00,2026-05-07 09:21:15
2026-01-16,2026-01-16 11:30:00,2026-01-16 11:35:00,OG,Backtest,AdxDiCrossBracketOG,OG_AdxDiCrossBracketOG,OG,NQ,NQ JUN26,LONG,1,25912.25,25924.50,240.64,236.28,47.3,WIN,STOP_HIT,25874.75,750.00,2026-05-07 09:21:15
2026-01-12,2026-01-12 11:25:00,2026-01-12 11:35:00,OG,Backtest,AdxDiCrossBracketOG,OG_AdxDiCrossBracketOG,OG,NQ,NQ JUN26,LONG,1,26159.50,26149.25,-209.36,-213.72,-42.7,LOSS,STOP_HIT,26131.75,555.00,2026-05-07 09:21:15
2026-01-09,2026-01-09 10:10:00,2026-01-09 10:10:00,OG,Backtest,AdxDiCrossBracketOG,OG_AdxDiCrossBracketOG,OG,NQ,NQ JUN26,LONG,1,25922.50,25881.00,-834.36,-838.72,-167.7,LOSS,STOP_HIT,25882.25,805.00,2026-05-07 09:21:15
2026-01-21,2026-01-21 11:45:00,2026-01-21 11:45:00,OG,Backtest,AdxDiCrossBracketOG,OG_AdxDiCrossBracketOG,OG,NQ,NQ JUN26,SHORT,1,25543.00,25505.75,740.64,736.28,147.3,WIN,TARGET_HIT,25582.25,785.00,2026-05-07 09:21:15
2026-01-13,2026-01-13 10:10:00,2026-01-13 10:15:00,OG,Backtest,AdxDiCrossBracketOG,OG_AdxDiCrossBracketOG,OG,NQ,NQ JUN26,SHORT,1,26137.25,26108.00,580.64,576.28,115.3,WIN,TARGET_HIT,26168.00,615.00,2026-05-07 09:21:15
2026-01-07,2026-01-07 09:50:00,2026-01-07 09:50:00,OG,Backtest,AdxDiCrossBracketOG,OG_AdxDiCrossBracketOG,OG,NQ,NQ JUN26,LONG,1,26064.50,26079.75,300.64,296.28,59.3,WIN,TARGET_HIT,26047.25,345.00,2026-05-07 09:21:15
2026-01-28,2026-01-28 11:20:00,2026-01-28 11:25:00,OG,Backtest,AdxDiCrossBracketOG,OG_AdxDiCrossBracketOG,OG,NQ,NQ JUN26,LONG,1,26393.75,26378.25,-314.36,-318.72,-63.7,LOSS,STOP_HIT,26363.25,610.00,2026-05-07 09:21:15
2026-01-28,2026-01-28 11:20:00,2026-01-28 11:25:00,OG,Backtest,AdxDiCrossBracketOG,OG_AdxDiCrossBracketOG,OG,NQ,NQ JUN26,LONG,1,26393.75,26378.25,-314.36,-318.72,-63.7,LOSS,STOP_HIT,26363.25,610.00,2026-05-07 09:21:15
2026-01-28,2026-01-28 11:20:00,2026-01-28 11:25:00,OG,Backtest,AdxDiCrossBracketOG,OG_AdxDiCrossBracketOG,OG,NQ,NQ JUN26,LONG,1,26393.75,26378.25,-314.36,-318.72,-63.7,LOSS,STOP_HIT,26363.25,610.00,2026-05-07 09:21:15
2026-03-13,2026-03-13 10:50:00,2026-03-13 10:50:00,OG,Backtest,AdxDiCrossBracketOG,OG_AdxDiCrossBracketOG,OG,NQ,NQ JUN26,SHORT,1,24804.25,24755.00,980.64,976.28,195.3,WIN,TARGET_HIT,24853.50,985.00,2026-05-07 09:21:15
2026-02-03,2026-02-03 09:50:00,2026-02-03 09:50:00,OG,Backtest,AdxDiCrossBracketOG,OG_AdxDiCrossBracketOG,OG,NQ,NQ JUN26,SHORT,1,25960.00,25999.25,-789.36,-793.72,-158.7,LOSS,STOP_HIT,25998.00,760.00,2026-05-07 09:21:15
2026-02-11,2026-02-11 11:05:00,2026-02-11 11:10:00,OG,Backtest,AdxDiCrossBracketOG,OG_AdxDiCrossBracketOG,OG,NQ,NQ JUN26,LONG,1,25454.25,25417.50,-739.36,-743.72,-148.7,LOSS,STOP_HIT,25393.00,1225.00,2026-05-07 09:21:15
2026-01-28,2026-01-28 11:20:00,2026-01-28 11:25:00,OG,Backtest,AdxDiCrossBracketOG,OG_AdxDiCrossBracketOG,OG,NQ,NQ JUN26,LONG,1,26393.75,26378.25,-314.36,-318.72,-63.7,LOSS,STOP_HIT,26363.25,610.00,2026-05-07 09:21:15
2026-01-30,2026-01-30 11:00:00,2026-01-30 11:10:00,OG,Backtest,AdxDiCrossBracketOG,OG_AdxDiCrossBracketOG,OG,NQ,NQ JUN26,SHORT,1,26071.50,26048.25,460.64,456.28,91.3,WIN,STOP_HIT,26129.00,1150.00,2026-05-07 09:21:15
2026-01-30,2026-01-30 10:55:00,2026-01-30 10:55:00,OG,Backtest,AdxDiCrossBracketOG,OG_AdxDiCrossBracketOG,OG,NQ,NQ JUN26,LONG,1,26118.00,26058.75,-1189.36,-1193.72,-238.7,LOSS,STOP_HIT,26060.00,1160.00,2026-05-07 09:21:15
2026-01-09,2026-01-09 10:15:00,2026-01-09 10:15:00,OG,Backtest,AdxDiCrossBracketOG,OG_AdxDiCrossBracketOG,OG,NQ,NQ JUN26,SHORT,1,25849.75,25897.00,-949.36,-953.72,-190.7,LOSS,STOP_HIT,25895.75,920.00,2026-05-07 09:21:15
2026-01-30,2026-01-30 11:00:00,2026-01-30 11:10:00,OG,Backtest,AdxDiCrossBracketOG,OG_AdxDiCrossBracketOG,OG,NQ,NQ JUN26,SHORT,1,26071.50,26048.25,460.64,456.28,91.3,WIN,STOP_HIT,26129.00,1150.00,2026-05-07 09:21:15
2026-02-24,2026-02-24 09:50:00,2026-02-24 09:50:00,OG,Backtest,AdxDiCrossBracketOG,OG_AdxDiCrossBracketOG,OG,NQ,NQ JUN26,LONG,1,25121.25,25157.50,720.64,716.28,143.3,WIN,TARGET_HIT,25081.50,795.00,2026-05-07 09:21:15
2026-01-09,2026-01-09 10:10:00,2026-01-09 10:10:00,OG,Backtest,AdxDiCrossBracketOG,OG_AdxDiCrossBracketOG,OG,NQ,NQ JUN26,LONG,1,25922.50,25881.00,-834.36,-838.72,-167.7,LOSS,STOP_HIT,25882.25,805.00,2026-05-07 09:21:15
2026-01-28,2026-01-28 11:20:00,2026-01-28 11:25:00,OG,Backtest,AdxDiCrossBracketOG,OG_AdxDiCrossBracketOG,OG,NQ,NQ JUN26,LONG,1,26393.75,26378.25,-314.36,-318.72,-63.7,LOSS,STOP_HIT,26363.25,610.00,2026-05-07 09:21:15
2026-02-11,2026-02-11 10:20:00,2026-02-11 10:20:00,OG,Backtest,AdxDiCrossBracketOG,OG_AdxDiCrossBracketOG,OG,NQ,NQ JUN26,SHORT,1,25395.25,25345.50,990.64,986.28,197.3,WIN,TARGET_HIT,25448.50,1065.00,2026-05-07 09:21:15
2026-02-05,2026-02-05 11:40:00,2026-02-05 11:50:00,OG,Backtest,AdxDiCrossBracketOG,OG_AdxDiCrossBracketOG,OG,NQ,NQ JUN26,LONG,1,25026.25,24991.50,-699.36,-703.72,-140.7,LOSS,STOP_HIT,24938.00,1765.00,2026-05-07 09:21:15
2026-01-07,2026-01-07 10:10:00,2026-01-07 10:10:00,OG,Backtest,AdxDiCrossBracketOG,OG_AdxDiCrossBracketOG,OG,NQ,NQ JUN26,SHORT,1,26050.00,26073.50,-474.36,-478.72,-95.7,LOSS,STOP_HIT,26072.25,445.00,2026-05-07 09:21:15
2026-01-09,2026-01-09 10:10:00,2026-01-09 10:10:00,OG,Backtest,AdxDiCrossBracketOG,OG_AdxDiCrossBracketOG,OG,NQ,NQ JUN26,LONG,1,25922.50,25881.00,-834.36,-838.72,-167.7,LOSS,STOP_HIT,25882.25,805.00,2026-05-07 09:21:15
2026-01-09,2026-01-09 09:45:00,2026-01-09 09:50:00,OG,Backtest,AdxDiCrossBracketOG,OG_AdxDiCrossBracketOG,OG,NQ,NQ JUN26,LONG,1,25965.75,25936.75,-584.36,-588.72,-117.7,LOSS,STOP_HIT,25938.00,555.00,2026-05-07 09:21:15
2026-01-20,2026-01-20 11:10:00,2026-01-20 11:15:00,OG,Backtest,AdxDiCrossBracketOG,OG_AdxDiCrossBracketOG,OG,NQ,NQ JUN26,LONG,1,25588.25,25600.25,235.64,231.28,46.3,WIN,STOP_HIT,25540.75,950.00,2026-05-07 09:21:15
2026-02-17,2026-02-17 11:10:00,2026-02-17 11:10:00,OG,Backtest,AdxDiCrossBracketOG,OG_AdxDiCrossBracketOG,OG,NQ,NQ JUN26,LONG,1,24862.00,24927.25,1300.64,1296.28,259.3,WIN,TARGET_HIT,24793.75,1365.00,2026-05-07 09:21:15
2026-02-11,2026-02-11 11:05:00,2026-02-11 11:10:00,OG,Backtest,AdxDiCrossBracketOG,OG_AdxDiCrossBracketOG,OG,NQ,NQ JUN26,LONG,1,25454.25,25417.50,-739.36,-743.72,-148.7,LOSS,STOP_HIT,25393.00,1225.00,2026-05-07 09:21:15
2026-02-17,2026-02-17 11:10:00,2026-02-17 11:10:00,OG,Backtest,AdxDiCrossBracketOG,OG_AdxDiCrossBracketOG,OG,NQ,NQ JUN26,LONG,1,24862.00,24927.25,1300.64,1296.28,259.3,WIN,TARGET_HIT,24793.75,1365.00,2026-05-07 09:21:15
2026-03-13,2026-03-13 10:50:00,2026-03-13 10:50:00,OG,Backtest,AdxDiCrossBracketOG,OG_AdxDiCrossBracketOG,OG,NQ,NQ JUN26,SHORT,1,24804.25,24755.00,980.64,976.28,195.3,WIN,TARGET_HIT,24853.50,985.00,2026-05-07 09:21:15
2026-01-09,2026-01-09 10:15:00,2026-01-09 10:15:00,OG,Backtest,AdxDiCrossBracketOG,OG_AdxDiCrossBracketOG,OG,NQ,NQ JUN26,SHORT,1,25849.75,25897.00,-949.36,-953.72,-190.7,LOSS,STOP_HIT,25895.75,920.00,2026-05-07 09:21:15
2026-04-07,2026-04-07 11:40:00,2026-04-07 12:00:00,OG,Backtest,AdxDiCrossBracketOG,OG_AdxDiCrossBracketOG,OG,NQ,NQ JUN26,LONG,1,24072.25,24117.50,900.64,896.28,179.3,WIN,TARGET_HIT,24025.00,945.00,2026-05-07 09:21:15
2026-02-13,2026-02-13 10:35:00,2026-02-13 10:35:00,OG,Backtest,AdxDiCrossBracketOG,OG_AdxDiCrossBracketOG,OG,NQ,NQ JUN26,LONG,1,25058.75,25127.00,1360.64,1356.28,271.3,WIN,TARGET_HIT,24987.50,1425.00,2026-05-07 09:21:15
2026-02-17,2026-02-17 11:10:00,2026-02-17 11:10:00,OG,Backtest,AdxDiCrossBracketOG,OG_AdxDiCrossBracketOG,OG,NQ,NQ JUN26,LONG,1,24862.00,24927.25,1300.64,1296.28,259.3,WIN,TARGET_HIT,24793.75,1365.00,2026-05-07 09:21:15
2026-03-02,2026-03-02 11:15:00,2026-03-02 11:20:00,OG,Backtest,AdxDiCrossBracketOG,OG_AdxDiCrossBracketOG,OG,NQ,NQ JUN26,LONG,1,25187.75,25180.00,-159.36,-163.72,-32.7,LOSS,STOP_HIT,25129.50,1165.00,2026-05-07 09:21:15
2026-02-03,2026-02-03 09:50:00,2026-02-03 09:50:00,OG,Backtest,AdxDiCrossBracketOG,OG_AdxDiCrossBracketOG,OG,NQ,NQ JUN26,SHORT,1,25960.00,25999.25,-789.36,-793.72,-158.7,LOSS,STOP_HIT,25998.00,760.00,2026-05-07 09:21:15
2026-02-24,2026-02-24 10:15:00,2026-02-24 10:15:00,OG,Backtest,AdxDiCrossBracketOG,OG_AdxDiCrossBracketOG,OG,NQ,NQ JUN26,LONG,1,25110.00,25063.00,-944.36,-948.72,-189.7,LOSS,STOP_HIT,25064.25,915.00,2026-05-07 09:21:15
2026-03-06,2026-03-06 11:10:00,2026-03-06 11:15:00,OG,Backtest,AdxDiCrossBracketOG,OG_AdxDiCrossBracketOG,OG,NQ,NQ JUN26,LONG,1,25102.25,25058.25,-884.36,-888.72,-177.7,LOSS,STOP_HIT,25038.75,1270.00,2026-05-07 09:21:15
2026-01-21,2026-01-21 11:45:00,2026-01-21 11:45:00,OG,Backtest,AdxDiCrossBracketOG,OG_AdxDiCrossBracketOG,OG,NQ,NQ JUN26,SHORT,1,25543.00,25505.75,740.64,736.28,147.3,WIN,TARGET_HIT,25582.25,785.00,2026-05-07 09:21:15
2026-03-24,2026-03-24 11:00:00,2026-03-24 11:00:00,OG,Backtest,AdxDiCrossBracketOG,OG_AdxDiCrossBracketOG,OG,NQ,NQ JUN26,LONG,1,24282.25,24217.00,-1309.36,-1313.72,-262.7,LOSS,STOP_HIT,24218.25,1280.00,2026-05-07 09:21:15
2026-02-24,2026-02-24 10:15:00,2026-02-24 10:15:00,OG,Backtest,AdxDiCrossBracketOG,OG_AdxDiCrossBracketOG,OG,NQ,NQ JUN26,LONG,1,25110.00,25063.00,-944.36,-948.72,-189.7,LOSS,STOP_HIT,25064.25,915.00,2026-05-07 09:21:15
2026-02-24,2026-02-24 09:50:00,2026-02-24 09:50:00,OG,Backtest,AdxDiCrossBracketOG,OG_AdxDiCrossBracketOG,OG,NQ,NQ JUN26,LONG,1,25121.25,25157.50,720.64,716.28,143.3,WIN,TARGET_HIT,25081.50,795.00,2026-05-07 09:21:15
2026-02-24,2026-02-24 09:50:00,2026-02-24 09:50:00,OG,Backtest,AdxDiCrossBracketOG,OG_AdxDiCrossBracketOG,OG,NQ,NQ JUN26,LONG,1,25121.25,25157.50,720.64,716.28,143.3,WIN,TARGET_HIT,25081.50,795.00,2026-05-07 09:21:15
2026-01-23,2026-01-23 10:10:00,2026-01-23 10:15:00,OG,Backtest,AdxDiCrossBracketOG,OG_AdxDiCrossBracketOG,OG,NQ,NQ JUN26,LONG,1,25921.75,25885.00,-739.36,-743.72,-148.7,LOSS,STOP_HIT,25885.50,725.00,2026-05-07 09:21:16
2026-03-03,2026-03-03 11:25:00,2026-03-03 11:40:00,OG,Backtest,AdxDiCrossBracketOG,OG_AdxDiCrossBracketOG,OG,NQ,NQ JUN26,LONG,1,24795.25,24816.50,420.64,416.28,83.3,WIN,STOP_HIT,24724.00,1425.00,2026-05-07 09:21:16
2026-04-02,2026-04-02 10:45:00,2026-04-02 10:45:00,OG,Backtest,AdxDiCrossBracketOG,OG_AdxDiCrossBracketOG,OG,NQ,NQ JUN26,LONG,1,24211.00,24133.25,-1559.36,-1563.72,-312.7,LOSS,STOP_HIT,24134.50,1530.00,2026-05-07 09:21:16
2026-04-06,2026-04-06 11:35:00,2026-04-06 11:50:00,OG,Backtest,AdxDiCrossBracketOG,OG_AdxDiCrossBracketOG,OG,NQ,NQ JUN26,SHORT,1,24280.00,24294.25,-289.36,-293.72,-58.7,LOSS,STOP_HIT,24325.50,910.00,2026-05-07 09:21:16
2026-01-30,2026-01-30 11:00:00,2026-01-30 11:10:00,OG,Backtest,AdxDiCrossBracketOG,OG_AdxDiCrossBracketOG,OG,NQ,NQ JUN26,SHORT,1,26071.50,26048.25,460.64,456.28,91.3,WIN,STOP_HIT,26129.00,1150.00,2026-05-07 09:21:16
2026-02-11,2026-02-11 11:20:00,2026-02-11 11:25:00,OG,Backtest,AdxDiCrossBracketOG,OG_AdxDiCrossBracketOG,OG,NQ,NQ JUN26,LONG,1,25468.75,25457.00,-239.36,-243.72,-48.7,LOSS,STOP_HIT,25406.75,1240.00,2026-05-07 09:21:16
2026-03-25,2026-03-25 11:20:00,2026-03-25 11:20:00,OG,Backtest,AdxDiCrossBracketOG,OG_AdxDiCrossBracketOG,OG,NQ,NQ JUN26,SHORT,1,24385.25,24336.50,970.64,966.28,193.3,WIN,TARGET_HIT,24438.00,1055.00,2026-05-07 09:21:16
2026-03-25,2026-03-25 11:20:00,2026-03-25 11:20:00,OG,Backtest,AdxDiCrossBracketOG,OG_AdxDiCrossBracketOG,OG,NQ,NQ JUN26,SHORT,1,24385.25,24336.50,970.64,966.28,193.3,WIN,TARGET_HIT,24438.00,1055.00,2026-05-07 09:21:16
2026-03-09,2026-03-09 10:45:00,2026-03-09 10:50:00,OG,Backtest,AdxDiCrossBracketOG,OG_AdxDiCrossBracketOG,OG,NQ,NQ JUN26,LONG,1,24692.75,24762.25,1385.64,1381.28,276.3,WIN,TARGET_HIT,24622.25,1410.00,2026-05-07 09:21:16
2026-03-25,2026-03-25 11:20:00,2026-03-25 11:20:00,OG,Backtest,AdxDiCrossBracketOG,OG_AdxDiCrossBracketOG,OG,NQ,NQ JUN26,SHORT,1,24385.25,24336.50,970.64,966.28,193.3,WIN,TARGET_HIT,24438.00,1055.00,2026-05-07 09:21:16
2026-03-12,2026-03-12 11:50:00,2026-03-12 11:50:00,OG,Backtest,AdxDiCrossBracketOG,OG_AdxDiCrossBracketOG,OG,NQ,NQ JUN26,LONG,1,24898.75,24843.25,-1114.36,-1118.72,-223.7,LOSS,STOP_HIT,24844.50,1085.00,2026-05-07 09:21:16
2026-02-13,2026-02-13 10:35:00,2026-02-13 10:35:00,OG,Backtest,AdxDiCrossBracketOG,OG_AdxDiCrossBracketOG,OG,NQ,NQ JUN26,LONG,1,25058.75,25127.00,1360.64,1356.28,271.3,WIN,TARGET_HIT,24987.50,1425.00,2026-05-07 09:21:16
2026-02-24,2026-02-24 10:10:00,2026-02-24 10:10:00,OG,Backtest,AdxDiCrossBracketOG,OG_AdxDiCrossBracketOG,OG,NQ,NQ JUN26,SHORT,1,25048.00,25093.50,-914.36,-918.72,-183.7,LOSS,STOP_HIT,25092.25,885.00,2026-05-07 09:21:16
2026-01-09,2026-01-09 10:30:00,2026-01-09 10:30:00,OG,Backtest,AdxDiCrossBracketOG,OG_AdxDiCrossBracketOG,OG,NQ,NQ JUN26,LONG,1,26010.00,26057.25,940.64,936.28,187.3,WIN,TARGET_HIT,25959.75,1005.00,2026-05-07 09:21:16
2026-01-09,2026-01-09 10:10:00,2026-01-09 10:10:00,OG,Backtest,AdxDiCrossBracketOG,OG_AdxDiCrossBracketOG,OG,NQ,NQ JUN26,LONG,1,25922.50,25881.00,-834.36,-838.72,-167.7,LOSS,STOP_HIT,25882.25,805.00,2026-05-07 09:21:16
2026-01-09,2026-01-09 10:10:00,2026-01-09 10:10:00,OG,Backtest,AdxDiCrossBracketOG,OG_AdxDiCrossBracketOG,OG,NQ,NQ JUN26,LONG,1,25922.50,25881.00,-834.36,-838.72,-167.7,LOSS,STOP_HIT,25882.25,805.00,2026-05-07 09:21:16
2026-01-12,2026-01-12 11:25:00,2026-01-12 11:35:00,OG,Backtest,AdxDiCrossBracketOG,OG_AdxDiCrossBracketOG,OG,NQ,NQ JUN26,LONG,1,26159.50,26149.25,-209.36,-213.72,-42.7,LOSS,STOP_HIT,26131.75,555.00,2026-05-07 09:21:16
2026-03-19,2026-03-19 11:15:00,2026-03-19 11:25:00,OG,Backtest,AdxDiCrossBracketOG,OG_AdxDiCrossBracketOG,OG,NQ,NQ JUN26,LONG,1,24531.00,24485.50,-914.36,-918.72,-183.7,LOSS,STOP_HIT,24473.00,1160.00,2026-05-07 09:21:16
2026-03-02,2026-03-02 11:15:00,2026-03-02 11:20:00,OG,Backtest,AdxDiCrossBracketOG,OG_AdxDiCrossBracketOG,OG,NQ,NQ JUN26,LONG,1,25187.75,25180.00,-159.36,-163.72,-32.7,LOSS,STOP_HIT,25129.50,1165.00,2026-05-07 09:21:16
2026-02-13,2026-02-13 10:50:00,2026-02-13 11:05:00,OG,Backtest,AdxDiCrossBracketOG,OG_AdxDiCrossBracketOG,OG,NQ,NQ JUN26,SHORT,1,24982.25,25021.00,-779.36,-783.72,-156.7,LOSS,STOP_HIT,25055.00,1455.00,2026-05-07 09:21:16
2026-04-07,2026-04-07 11:40:00,2026-04-07 12:00:00,OG,Backtest,AdxDiCrossBracketOG,OG_AdxDiCrossBracketOG,OG,NQ,NQ JUN26,LONG,1,24072.25,24117.50,900.64,896.28,179.3,WIN,TARGET_HIT,24025.00,945.00,2026-05-07 09:21:16
2026-03-24,2026-03-24 11:00:00,2026-03-24 11:00:00,OG,Backtest,AdxDiCrossBracketOG,OG_AdxDiCrossBracketOG,OG,NQ,NQ JUN26,LONG,1,24282.25,24217.00,-1309.36,-1313.72,-262.7,LOSS,STOP_HIT,24218.25,1280.00,2026-05-07 09:21:16
2026-01-07,2026-01-07 09:50:00,2026-01-07 09:50:00,OG,Backtest,AdxDiCrossBracketOG,OG_AdxDiCrossBracketOG,OG,NQ,NQ JUN26,LONG,1,26064.50,26079.75,300.64,296.28,59.3,WIN,TARGET_HIT,26047.25,345.00,2026-05-07 09:21:16
2026-03-25,2026-03-25 11:20:00,2026-03-25 11:20:00,OG,Backtest,AdxDiCrossBracketOG,OG_AdxDiCrossBracketOG,OG,NQ,NQ JUN26,SHORT,1,24385.25,24336.50,970.64,966.28,193.3,WIN,TARGET_HIT,24438.00,1055.00,2026-05-07 09:21:16
2026-02-13,2026-02-13 10:50:00,2026-02-13 11:05:00,OG,Backtest,AdxDiCrossBracketOG,OG_AdxDiCrossBracketOG,OG,NQ,NQ JUN26,SHORT,1,24982.25,25021.00,-779.36,-783.72,-156.7,LOSS,STOP_HIT,25055.00,1455.00,2026-05-07 09:21:16
2026-04-07,2026-04-07 11:40:00,2026-04-07 12:00:00,OG,Backtest,AdxDiCrossBracketOG,OG_AdxDiCrossBracketOG,OG,NQ,NQ JUN26,LONG,1,24072.25,24117.50,900.64,896.28,179.3,WIN,TARGET_HIT,24025.00,945.00,2026-05-07 09:21:16
2026-04-07,2026-04-07 11:40:00,2026-04-07 12:00:00,OG,Backtest,AdxDiCrossBracketOG,OG_AdxDiCrossBracketOG,OG,NQ,NQ JUN26,LONG,1,24072.25,24117.50,900.64,896.28,179.3,WIN,TARGET_HIT,24025.00,945.00,2026-05-07 09:21:16
2026-01-23,2026-01-23 10:10:00,2026-01-23 10:15:00,OG,Backtest,AdxDiCrossBracketOG,OG_AdxDiCrossBracketOG,OG,NQ,NQ JUN26,LONG,1,25921.75,25885.00,-739.36,-743.72,-148.7,LOSS,STOP_HIT,25885.50,725.00,2026-05-07 09:21:16
2026-02-24,2026-02-24 09:50:00,2026-02-24 09:50:00,OG,Backtest,AdxDiCrossBracketOG,OG_AdxDiCrossBracketOG,OG,NQ,NQ JUN26,LONG,1,25121.25,25157.50,720.64,716.28,143.3,WIN,TARGET_HIT,25081.50,795.00,2026-05-07 09:21:16
2026-04-02,2026-04-02 10:45:00,2026-04-02 10:45:00,OG,Backtest,AdxDiCrossBracketOG,OG_AdxDiCrossBracketOG,OG,NQ,NQ JUN26,LONG,1,24211.00,24133.25,-1559.36,-1563.72,-312.7,LOSS,STOP_HIT,24134.50,1530.00,2026-05-07 09:21:16
2026-03-03,2026-03-03 11:25:00,2026-03-03 11:40:00,OG,Backtest,AdxDiCrossBracketOG,OG_AdxDiCrossBracketOG,OG,NQ,NQ JUN26,LONG,1,24795.25,24816.50,420.64,416.28,83.3,WIN,STOP_HIT,24724.00,1425.00,2026-05-07 09:21:16
2026-01-09,2026-01-09 10:15:00,2026-01-09 10:15:00,OG,Backtest,AdxDiCrossBracketOG,OG_AdxDiCrossBracketOG,OG,NQ,NQ JUN26,SHORT,1,25849.75,25897.00,-949.36,-953.72,-190.7,LOSS,STOP_HIT,25895.75,920.00,2026-05-07 09:21:16
2026-01-09,2026-01-09 09:45:00,2026-01-09 09:50:00,OG,Backtest,AdxDiCrossBracketOG,OG_AdxDiCrossBracketOG,OG,NQ,NQ JUN26,LONG,1,25965.75,25936.75,-584.36,-588.72,-117.7,LOSS,STOP_HIT,25938.00,555.00,2026-05-07 09:21:16
2026-01-28,2026-01-28 10:55:00,2026-01-28 11:15:00,OG,Backtest,AdxDiCrossBracketOG,OG_AdxDiCrossBracketOG,OG,NQ,NQ JUN26,SHORT,1,26394.50,26407.00,-254.36,-258.72,-51.7,LOSS,STOP_HIT,26429.00,690.00,2026-05-07 09:21:16
2026-03-24,2026-03-24 11:00:00,2026-03-24 11:00:00,OG,Backtest,AdxDiCrossBracketOG,OG_AdxDiCrossBracketOG,OG,NQ,NQ JUN26,LONG,1,24282.25,24217.00,-1309.36,-1313.72,-262.7,LOSS,STOP_HIT,24218.25,1280.00,2026-05-07 09:21:16
2026-01-28,2026-01-28 11:20:00,2026-01-28 11:25:00,OG,Backtest,AdxDiCrossBracketOG,OG_AdxDiCrossBracketOG,OG,NQ,NQ JUN26,LONG,1,26393.75,26378.25,-314.36,-318.72,-63.7,LOSS,STOP_HIT,26363.25,610.00,2026-05-07 09:21:16
2026-03-13,2026-03-13 10:50:00,2026-03-13 10:50:00,OG,Backtest,AdxDiCrossBracketOG,OG_AdxDiCrossBracketOG,OG,NQ,NQ JUN26,SHORT,1,24804.25,24755.00,980.64,976.28,195.3,WIN,TARGET_HIT,24853.50,985.00,2026-05-07 09:21:16
2026-01-07,2026-01-07 10:10:00,2026-01-07 10:10:00,OG,Backtest,AdxDiCrossBracketOG,OG_AdxDiCrossBracketOG,OG,NQ,NQ JUN26,SHORT,1,26050.00,26073.50,-474.36,-478.72,-95.7,LOSS,STOP_HIT,26072.25,445.00,2026-05-07 09:21:16
2026-01-09,2026-01-09 10:30:00,2026-01-09 10:30:00,OG,Backtest,AdxDiCrossBracketOG,OG_AdxDiCrossBracketOG,OG,NQ,NQ JUN26,LONG,1,26010.00,26057.25,940.64,936.28,187.3,WIN,TARGET_HIT,25959.75,1005.00,2026-05-07 09:21:16
2026-01-30,2026-01-30 11:00:00,2026-01-30 11:10:00,OG,Backtest,AdxDiCrossBracketOG,OG_AdxDiCrossBracketOG,OG,NQ,NQ JUN26,SHORT,1,26071.50,26048.25,460.64,456.28,91.3,WIN,STOP_HIT,26129.00,1150.00,2026-05-07 09:21:16
2026-03-17,2026-03-17 11:15:00,2026-03-17 11:20:00,OG,Backtest,AdxDiCrossBracketOG,OG_AdxDiCrossBracketOG,OG,NQ,NQ JUN26,SHORT,1,25019.75,25057.00,-749.36,-753.72,-150.7,LOSS,STOP_HIT,25056.25,730.00,2026-05-07 09:21:16
2026-02-03,2026-02-03 09:50:00,2026-02-03 09:50:00,OG,Backtest,AdxDiCrossBracketOG,OG_AdxDiCrossBracketOG,OG,NQ,NQ JUN26,SHORT,1,25960.00,25999.25,-789.36,-793.72,-158.7,LOSS,STOP_HIT,25998.00,760.00,2026-05-07 09:21:16
2026-01-09,2026-01-09 09:45:00,2026-01-09 09:50:00,OG,Backtest,AdxDiCrossBracketOG,OG_AdxDiCrossBracketOG,OG,NQ,NQ JUN26,LONG,1,25965.75,25936.75,-584.36,-588.72,-117.7,LOSS,STOP_HIT,25938.00,555.00,2026-05-07 09:21:16
2026-02-11,2026-02-11 11:05:00,2026-02-11 11:10:00,OG,Backtest,AdxDiCrossBracketOG,OG_AdxDiCrossBracketOG,OG,NQ,NQ JUN26,LONG,1,25454.25,25417.50,-739.36,-743.72,-148.7,LOSS,STOP_HIT,25393.00,1225.00,2026-05-07 09:21:16
2026-03-27,2026-03-27 11:40:00,2026-03-27 11:45:00,OG,Backtest,AdxDiCrossBracketOG,OG_AdxDiCrossBracketOG,OG,NQ,NQ JUN26,LONG,1,23597.75,23540.25,-1154.36,-1158.72,-231.7,LOSS,STOP_HIT,23541.50,1125.00,2026-05-07 09:21:16
2026-02-11,2026-02-11 11:05:00,2026-02-11 11:10:00,OG,Backtest,AdxDiCrossBracketOG,OG_AdxDiCrossBracketOG,OG,NQ,NQ JUN26,LONG,1,25454.25,25417.50,-739.36,-743.72,-148.7,LOSS,STOP_HIT,25393.00,1225.00,2026-05-07 09:21:16
2026-01-09,2026-01-09 09:55:00,2026-01-09 09:55:00,OG,Backtest,AdxDiCrossBracketOG,OG_AdxDiCrossBracketOG,OG,NQ,NQ JUN26,SHORT,1,25912.50,25949.00,-734.36,-738.72,-147.7,LOSS,STOP_HIT,25947.75,705.00,2026-05-07 09:21:16
2026-04-07,2026-04-07 11:40:00,2026-04-07 12:00:00,OG,Backtest,AdxDiCrossBracketOG,OG_AdxDiCrossBracketOG,OG,NQ,NQ JUN26,LONG,1,24072.25,24117.50,900.64,896.28,179.3,WIN,TARGET_HIT,24025.00,945.00,2026-05-07 09:21:16
2026-01-23,2026-01-23 10:10:00,2026-01-23 10:15:00,OG,Backtest,AdxDiCrossBracketOG,OG_AdxDiCrossBracketOG,OG,NQ,NQ JUN26,LONG,1,25921.75,25885.00,-739.36,-743.72,-148.7,LOSS,STOP_HIT,25885.50,725.00,2026-05-07 09:21:16
2026-02-13,2026-02-13 10:35:00,2026-02-13 10:35:00,OG,Backtest,AdxDiCrossBracketOG,OG_AdxDiCrossBracketOG,OG,NQ,NQ JUN26,LONG,1,25058.75,25127.00,1360.64,1356.28,271.3,WIN,TARGET_HIT,24987.50,1425.00,2026-05-07 09:21:16
2026-01-06,2026-01-06 11:00:00,2026-01-06 11:05:00,OG,Backtest,AdxDiCrossBracketOG,OG_AdxDiCrossBracketOG,OG,NQ,NQ JUN26,SHORT,1,25908.50,25880.75,550.64,546.28,109.3,WIN,TARGET_HIT,25938.25,595.00,2026-05-07 09:21:16
2026-01-09,2026-01-09 10:10:00,2026-01-09 10:10:00,OG,Backtest,AdxDiCrossBracketOG,OG_AdxDiCrossBracketOG,OG,NQ,NQ JUN26,LONG,1,25922.50,25881.00,-834.36,-838.72,-167.7,LOSS,STOP_HIT,25882.25,805.00,2026-05-07 09:21:16
2026-01-09,2026-01-09 09:45:00,2026-01-09 09:50:00,OG,Backtest,AdxDiCrossBracketOG,OG_AdxDiCrossBracketOG,OG,NQ,NQ JUN26,LONG,1,25965.75,25936.75,-584.36,-588.72,-117.7,LOSS,STOP_HIT,25938.00,555.00,2026-05-07 09:21:16
2026-03-27,2026-03-27 11:40:00,2026-03-27 11:45:00,OG,Backtest,AdxDiCrossBracketOG,OG_AdxDiCrossBracketOG,OG,NQ,NQ JUN26,LONG,1,23597.75,23540.25,-1154.36,-1158.72,-231.7,LOSS,STOP_HIT,23541.50,1125.00,2026-05-07 09:21:16
2026-01-07,2026-01-07 09:50:00,2026-01-07 09:50:00,OG,Backtest,AdxDiCrossBracketOG,OG_AdxDiCrossBracketOG,OG,NQ,NQ JUN26,LONG,1,26064.50,26079.75,300.64,296.28,59.3,WIN,TARGET_HIT,26047.25,345.00,2026-05-07 09:21:16
2026-01-16,2026-01-16 11:30:00,2026-01-16 11:35:00,OG,Backtest,AdxDiCrossBracketOG,OG_AdxDiCrossBracketOG,OG,NQ,NQ JUN26,LONG,1,25912.25,25924.50,240.64,236.28,47.3,WIN,STOP_HIT,25874.75,750.00,2026-05-07 09:21:16
2026-02-24,2026-02-24 09:50:00,2026-02-24 09:50:00,OG,Backtest,AdxDiCrossBracketOG,OG_AdxDiCrossBracketOG,OG,NQ,NQ JUN26,LONG,1,25121.25,25157.50,720.64,716.28,143.3,WIN,TARGET_HIT,25081.50,795.00,2026-05-07 09:21:16
2026-01-07,2026-01-07 10:10:00,2026-01-07 10:10:00,OG,Backtest,AdxDiCrossBracketOG,OG_AdxDiCrossBracketOG,OG,NQ,NQ JUN26,SHORT,1,26050.00,26073.50,-474.36,-478.72,-95.7,LOSS,STOP_HIT,26072.25,445.00,2026-05-07 09:21:16
2026-01-07,2026-01-07 09:50:00,2026-01-07 09:50:00,OG,Backtest,AdxDiCrossBracketOG,OG_AdxDiCrossBracketOG,OG,NQ,NQ JUN26,LONG,1,26064.50,26079.75,300.64,296.28,59.3,WIN,TARGET_HIT,26047.25,345.00,2026-05-07 09:21:16
2026-01-09,2026-01-09 10:30:00,2026-01-09 10:30:00,OG,Backtest,AdxDiCrossBracketOG,OG_AdxDiCrossBracketOG,OG,NQ,NQ JUN26,LONG,1,26010.00,26057.25,940.64,936.28,187.3,WIN,TARGET_HIT,25959.75,1005.00,2026-05-07 09:21:16
2026-01-06,2026-01-06 11:00:00,2026-01-06 11:05:00,OG,Backtest,AdxDiCrossBracketOG,OG_AdxDiCrossBracketOG,OG,NQ,NQ JUN26,SHORT,1,25908.50,25880.75,550.64,546.28,109.3,WIN,TARGET_HIT,25938.25,595.00,2026-05-07 09:21:16
2026-01-21,2026-01-21 11:45:00,2026-01-21 11:45:00,OG,Backtest,AdxDiCrossBracketOG,OG_AdxDiCrossBracketOG,OG,NQ,NQ JUN26,SHORT,1,25543.00,25505.75,740.64,736.28,147.3,WIN,TARGET_HIT,25582.25,785.00,2026-05-07 09:21:16
2026-01-12,2026-01-12 11:25:00,2026-01-12 11:35:00,OG,Backtest,AdxDiCrossBracketOG,OG_AdxDiCrossBracketOG,OG,NQ,NQ JUN26,LONG,1,26159.50,26149.25,-209.36,-213.72,-42.7,LOSS,STOP_HIT,26131.75,555.00,2026-05-07 09:21:16
2026-01-07,2026-01-07 10:10:00,2026-01-07 10:10:00,OG,Backtest,AdxDiCrossBracketOG,OG_AdxDiCrossBracketOG,OG,NQ,NQ JUN26,SHORT,1,26050.00,26073.50,-474.36,-478.72,-95.7,LOSS,STOP_HIT,26072.25,445.00,2026-05-07 09:21:16
2026-01-20,2026-01-20 10:50:00,2026-01-20 10:55:00,OG,Backtest,AdxDiCrossBracketOG,OG_AdxDiCrossBracketOG,OG,NQ,NQ JUN26,LONG,1,25598.75,25558.75,-804.36,-808.72,-161.7,LOSS,STOP_HIT,25550.75,960.00,2026-05-07 09:21:16
2026-01-13,2026-01-13 10:10:00,2026-01-13 10:15:00,OG,Backtest,AdxDiCrossBracketOG,OG_AdxDiCrossBracketOG,OG,NQ,NQ JUN26,SHORT,1,26137.25,26108.00,580.64,576.28,115.3,WIN,TARGET_HIT,26168.00,615.00,2026-05-07 09:21:16
2026-04-10,2026-04-10 11:45:00,2026-04-10 12:00:00,OG,Backtest,AdxDiCrossBracketOG,OG_AdxDiCrossBracketOG,OG,NQ,NQ JUN26,SHORT,1,25300.75,25269.75,615.64,611.28,122.3,WIN,TARGET_HIT,25334.25,670.00,2026-05-07 09:21:16
2026-01-09,2026-01-09 10:30:00,2026-01-09 10:30:00,OG,Backtest,AdxDiCrossBracketOG,OG_AdxDiCrossBracketOG,OG,NQ,NQ JUN26,LONG,1,26010.00,26057.25,940.64,936.28,187.3,WIN,TARGET_HIT,25959.75,1005.00,2026-05-07 09:21:16
2026-03-20,2026-03-20 11:30:00,2026-03-20 12:05:00,OG,Backtest,AdxDiCrossBracketOG,OG_AdxDiCrossBracketOG,OG,NQ,NQ JUN26,LONG,1,24275.00,24327.75,1050.64,1046.28,209.3,WIN,TARGET_HIT,24219.75,1105.00,2026-05-07 09:21:16
2026-01-12,2026-01-12 11:25:00,2026-01-12 11:35:00,OG,Backtest,AdxDiCrossBracketOG,OG_AdxDiCrossBracketOG,OG,NQ,NQ JUN26,LONG,1,26159.50,26149.25,-209.36,-213.72,-42.7,LOSS,STOP_HIT,26131.75,555.00,2026-05-07 09:21:16
2026-01-09,2026-01-09 10:10:00,2026-01-09 10:10:00,OG,Backtest,AdxDiCrossBracketOG,OG_AdxDiCrossBracketOG,OG,NQ,NQ JUN26,LONG,1,25922.50,25881.00,-834.36,-838.72,-167.7,LOSS,STOP_HIT,25882.25,805.00,2026-05-07 09:21:16
2026-01-21,2026-01-21 11:45:00,2026-01-21 11:45:00,OG,Backtest,AdxDiCrossBracketOG,OG_AdxDiCrossBracketOG,OG,NQ,NQ JUN26,SHORT,1,25543.00,25505.75,740.64,736.28,147.3,WIN,TARGET_HIT,25582.25,785.00,2026-05-07 09:21:16
2026-03-25,2026-03-25 11:20:00,2026-03-25 11:20:00,OG,Backtest,AdxDiCrossBracketOG,OG_AdxDiCrossBracketOG,OG,NQ,NQ JUN26,SHORT,1,24385.25,24336.50,970.64,966.28,193.3,WIN,TARGET_HIT,24438.00,1055.00,2026-05-07 09:21:16
2026-01-23,2026-01-23 10:10:00,2026-01-23 10:15:00,OG,Backtest,AdxDiCrossBracketOG,OG_AdxDiCrossBracketOG,OG,NQ,NQ JUN26,LONG,1,25921.75,25885.00,-739.36,-743.72,-148.7,LOSS,STOP_HIT,25885.50,725.00,2026-05-07 09:21:16
2026-01-13,2026-01-13 10:10:00,2026-01-13 10:15:00,OG,Backtest,AdxDiCrossBracketOG,OG_AdxDiCrossBracketOG,OG,NQ,NQ JUN26,SHORT,1,26137.25,26108.00,580.64,576.28,115.3,WIN,TARGET_HIT,26168.00,615.00,2026-05-07 09:21:16
2026-03-12,2026-03-12 11:50:00,2026-03-12 11:50:00,OG,Backtest,AdxDiCrossBracketOG,OG_AdxDiCrossBracketOG,OG,NQ,NQ JUN26,LONG,1,24898.75,24843.25,-1114.36,-1118.72,-223.7,LOSS,STOP_HIT,24844.50,1085.00,2026-05-07 09:21:16
2026-03-02,2026-03-02 11:15:00,2026-03-02 11:20:00,OG,Backtest,AdxDiCrossBracketOG,OG_AdxDiCrossBracketOG,OG,NQ,NQ JUN26,LONG,1,25187.75,25180.00,-159.36,-163.72,-32.7,LOSS,STOP_HIT,25129.50,1165.00,2026-05-07 09:21:16
2026-01-09,2026-01-09 09:55:00,2026-01-09 09:55:00,OG,Backtest,AdxDiCrossBracketOG,OG_AdxDiCrossBracketOG,OG,NQ,NQ JUN26,SHORT,1,25912.50,25949.00,-734.36,-738.72,-147.7,LOSS,STOP_HIT,25947.75,705.00,2026-05-07 09:21:16
2026-01-09,2026-01-09 09:55:00,2026-01-09 09:55:00,OG,Backtest,AdxDiCrossBracketOG,OG_AdxDiCrossBracketOG,OG,NQ,NQ JUN26,SHORT,1,25912.50,25949.00,-734.36,-738.72,-147.7,LOSS,STOP_HIT,25947.75,705.00,2026-05-07 09:21:16
2026-02-05,2026-02-05 11:40:00,2026-02-05 11:50:00,OG,Backtest,AdxDiCrossBracketOG,OG_AdxDiCrossBracketOG,OG,NQ,NQ JUN26,LONG,1,25026.25,24991.50,-699.36,-703.72,-140.7,LOSS,STOP_HIT,24938.00,1765.00,2026-05-07 09:21:16
2026-01-28,2026-01-28 11:20:00,2026-01-28 11:25:00,OG,Backtest,AdxDiCrossBracketOG,OG_AdxDiCrossBracketOG,OG,NQ,NQ JUN26,LONG,1,26393.75,26378.25,-314.36,-318.72,-63.7,LOSS,STOP_HIT,26363.25,610.00,2026-05-07 09:21:16
2026-01-21,2026-01-21 11:45:00,2026-01-21 11:45:00,OG,Backtest,AdxDiCrossBracketOG,OG_AdxDiCrossBracketOG,OG,NQ,NQ JUN26,SHORT,1,25543.00,25505.75,740.64,736.28,147.3,WIN,TARGET_HIT,25582.25,785.00,2026-05-07 09:21:16
2026-01-09,2026-01-09 10:15:00,2026-01-09 10:15:00,OG,Backtest,AdxDiCrossBracketOG,OG_AdxDiCrossBracketOG,OG,NQ,NQ JUN26,SHORT,1,25849.75,25897.00,-949.36,-953.72,-190.7,LOSS,STOP_HIT,25895.75,920.00,2026-05-07 09:21:16
2026-01-28,2026-01-28 10:55:00,2026-01-28 11:15:00,OG,Backtest,AdxDiCrossBracketOG,OG_AdxDiCrossBracketOG,OG,NQ,NQ JUN26,SHORT,1,26394.50,26407.00,-254.36,-258.72,-51.7,LOSS,STOP_HIT,26429.00,690.00,2026-05-07 09:21:16
2026-02-24,2026-02-24 10:15:00,2026-02-24 10:15:00,OG,Backtest,AdxDiCrossBracketOG,OG_AdxDiCrossBracketOG,OG,NQ,NQ JUN26,LONG,1,25110.00,25063.00,-944.36,-948.72,-189.7,LOSS,STOP_HIT,25064.25,915.00,2026-05-07 09:21:16
2026-02-11,2026-02-11 11:05:00,2026-02-11 11:10:00,OG,Backtest,AdxDiCrossBracketOG,OG_AdxDiCrossBracketOG,OG,NQ,NQ JUN26,LONG,1,25454.25,25417.50,-739.36,-743.72,-148.7,LOSS,STOP_HIT,25393.00,1225.00,2026-05-07 09:21:16
2026-02-13,2026-02-13 10:35:00,2026-02-13 10:35:00,OG,Backtest,AdxDiCrossBracketOG,OG_AdxDiCrossBracketOG,OG,NQ,NQ JUN26,LONG,1,25058.75,25127.00,1360.64,1356.28,271.3,WIN,TARGET_HIT,24987.50,1425.00,2026-05-07 09:21:16
2026-02-17,2026-02-17 11:10:00,2026-02-17 11:10:00,OG,Backtest,AdxDiCrossBracketOG,OG_AdxDiCrossBracketOG,OG,NQ,NQ JUN26,LONG,1,24862.00,24927.25,1300.64,1296.28,259.3,WIN,TARGET_HIT,24793.75,1365.00,2026-05-07 09:21:16
2026-04-07,2026-04-07 11:40:00,2026-04-07 12:00:00,OG,Backtest,AdxDiCrossBracketOG,OG_AdxDiCrossBracketOG,OG,NQ,NQ JUN26,LONG,1,24072.25,24117.50,900.64,896.28,179.3,WIN,TARGET_HIT,24025.00,945.00,2026-05-07 09:21:16
2026-01-28,2026-01-28 11:20:00,2026-01-28 11:25:00,OG,Backtest,AdxDiCrossBracketOG,OG_AdxDiCrossBracketOG,OG,NQ,NQ JUN26,LONG,1,26393.75,26378.25,-314.36,-318.72,-63.7,LOSS,STOP_HIT,26363.25,610.00,2026-05-07 09:21:16
2026-02-11,2026-02-11 11:20:00,2026-02-11 11:25:00,OG,Backtest,AdxDiCrossBracketOG,OG_AdxDiCrossBracketOG,OG,NQ,NQ JUN26,LONG,1,25468.75,25457.00,-239.36,-243.72,-48.7,LOSS,STOP_HIT,25406.75,1240.00,2026-05-07 09:21:16
2026-01-30,2026-01-30 10:55:00,2026-01-30 10:55:00,OG,Backtest,AdxDiCrossBracketOG,OG_AdxDiCrossBracketOG,OG,NQ,NQ JUN26,LONG,1,26118.00,26058.75,-1189.36,-1193.72,-238.7,LOSS,STOP_HIT,26060.00,1160.00,2026-05-07 09:21:16
2026-02-13,2026-02-13 10:50:00,2026-02-13 11:05:00,OG,Backtest,AdxDiCrossBracketOG,OG_AdxDiCrossBracketOG,OG,NQ,NQ JUN26,SHORT,1,24982.25,25021.00,-779.36,-783.72,-156.7,LOSS,STOP_HIT,25055.00,1455.00,2026-05-07 09:21:16
2026-01-20,2026-01-20 10:50:00,2026-01-20 10:55:00,OG,Backtest,AdxDiCrossBracketOG,OG_AdxDiCrossBracketOG,OG,NQ,NQ JUN26,LONG,1,25598.75,25558.75,-804.36,-808.72,-161.7,LOSS,STOP_HIT,25550.75,960.00,2026-05-07 09:21:16
2026-02-17,2026-02-17 11:10:00,2026-02-17 11:10:00,OG,Backtest,AdxDiCrossBracketOG,OG_AdxDiCrossBracketOG,OG,NQ,NQ JUN26,LONG,1,24862.00,24927.25,1300.64,1296.28,259.3,WIN,TARGET_HIT,24793.75,1365.00,2026-05-07 09:21:16
2026-02-11,2026-02-11 10:20:00,2026-02-11 10:20:00,OG,Backtest,AdxDiCrossBracketOG,OG_AdxDiCrossBracketOG,OG,NQ,NQ JUN26,SHORT,1,25395.25,25345.50,990.64,986.28,197.3,WIN,TARGET_HIT,25448.50,1065.00,2026-05-07 09:21:16
2026-03-03,2026-03-03 11:25:00,2026-03-03 11:40:00,OG,Backtest,AdxDiCrossBracketOG,OG_AdxDiCrossBracketOG,OG,NQ,NQ JUN26,LONG,1,24795.25,24816.50,420.64,416.28,83.3,WIN,STOP_HIT,24724.00,1425.00,2026-05-07 09:21:16
2026-03-02,2026-03-02 11:15:00,2026-03-02 11:20:00,OG,Backtest,AdxDiCrossBracketOG,OG_AdxDiCrossBracketOG,OG,NQ,NQ JUN26,LONG,1,25187.75,25180.00,-159.36,-163.72,-32.7,LOSS,STOP_HIT,25129.50,1165.00,2026-05-07 09:21:16
2026-02-24,2026-02-24 10:10:00,2026-02-24 10:10:00,OG,Backtest,AdxDiCrossBracketOG,OG_AdxDiCrossBracketOG,OG,NQ,NQ JUN26,SHORT,1,25048.00,25093.50,-914.36,-918.72,-183.7,LOSS,STOP_HIT,25092.25,885.00,2026-05-07 09:21:16
2026-01-12,2026-01-12 11:25:00,2026-01-12 11:35:00,OG,Backtest,AdxDiCrossBracketOG,OG_AdxDiCrossBracketOG,OG,NQ,NQ JUN26,LONG,1,26159.50,26149.25,-209.36,-213.72,-42.7,LOSS,STOP_HIT,26131.75,555.00,2026-05-07 09:21:16
2026-01-20,2026-01-20 11:10:00,2026-01-20 11:15:00,OG,Backtest,AdxDiCrossBracketOG,OG_AdxDiCrossBracketOG,OG,NQ,NQ JUN26,LONG,1,25588.25,25600.25,235.64,231.28,46.3,WIN,STOP_HIT,25540.75,950.00,2026-05-07 09:21:16
2026-01-30,2026-01-30 10:55:00,2026-01-30 10:55:00,OG,Backtest,AdxDiCrossBracketOG,OG_AdxDiCrossBracketOG,OG,NQ,NQ JUN26,LONG,1,26118.00,26058.75,-1189.36,-1193.72,-238.7,LOSS,STOP_HIT,26060.00,1160.00,2026-05-07 09:21:16
2026-02-17,2026-02-17 11:10:00,2026-02-17 11:10:00,OG,Backtest,AdxDiCrossBracketOG,OG_AdxDiCrossBracketOG,OG,NQ,NQ JUN26,LONG,1,24862.00,24927.25,1300.64,1296.28,259.3,WIN,TARGET_HIT,24793.75,1365.00,2026-05-07 09:21:16
2026-02-17,2026-02-17 11:10:00,2026-02-17 11:10:00,OG,Backtest,AdxDiCrossBracketOG,OG_AdxDiCrossBracketOG,OG,NQ,NQ JUN26,LONG,1,24862.00,24927.25,1300.64,1296.28,259.3,WIN,TARGET_HIT,24793.75,1365.00,2026-05-07 09:21:16
2026-03-09,2026-03-09 10:45:00,2026-03-09 10:50:00,OG,Backtest,AdxDiCrossBracketOG,OG_AdxDiCrossBracketOG,OG,NQ,NQ JUN26,LONG,1,24692.75,24762.25,1385.64,1381.28,276.3,WIN,TARGET_HIT,24622.25,1410.00,2026-05-07 09:21:16
2026-02-13,2026-02-13 10:35:00,2026-02-13 10:35:00,OG,Backtest,AdxDiCrossBracketOG,OG_AdxDiCrossBracketOG,OG,NQ,NQ JUN26,LONG,1,25058.75,25127.00,1360.64,1356.28,271.3,WIN,TARGET_HIT,24987.50,1425.00,2026-05-07 09:21:16
2026-03-17,2026-03-17 11:15:00,2026-03-17 11:20:00,OG,Backtest,AdxDiCrossBracketOG,OG_AdxDiCrossBracketOG,OG,NQ,NQ JUN26,SHORT,1,25019.75,25057.00,-749.36,-753.72,-150.7,LOSS,STOP_HIT,25056.25,730.00,2026-05-07 09:21:16
2026-03-06,2026-03-06 11:10:00,2026-03-06 11:15:00,OG,Backtest,AdxDiCrossBracketOG,OG_AdxDiCrossBracketOG,OG,NQ,NQ JUN26,LONG,1,25102.25,25058.25,-884.36,-888.72,-177.7,LOSS,STOP_HIT,25038.75,1270.00,2026-05-07 09:21:16
2026-02-24,2026-02-24 10:10:00,2026-02-24 10:10:00,OG,Backtest,AdxDiCrossBracketOG,OG_AdxDiCrossBracketOG,OG,NQ,NQ JUN26,SHORT,1,25048.00,25093.50,-914.36,-918.72,-183.7,LOSS,STOP_HIT,25092.25,885.00,2026-05-07 09:21:16
2026-03-19,2026-03-19 11:15:00,2026-03-19 11:25:00,OG,Backtest,AdxDiCrossBracketOG,OG_AdxDiCrossBracketOG,OG,NQ,NQ JUN26,LONG,1,24531.00,24485.50,-914.36,-918.72,-183.7,LOSS,STOP_HIT,24473.00,1160.00,2026-05-07 09:21:16
2026-02-24,2026-02-24 10:15:00,2026-02-24 10:15:00,OG,Backtest,AdxDiCrossBracketOG,OG_AdxDiCrossBracketOG,OG,NQ,NQ JUN26,LONG,1,25110.00,25063.00,-944.36,-948.72,-189.7,LOSS,STOP_HIT,25064.25,915.00,2026-05-07 09:21:16
2026-01-30,2026-01-30 11:00:00,2026-01-30 11:10:00,OG,Backtest,AdxDiCrossBracketOG,OG_AdxDiCrossBracketOG,OG,NQ,NQ JUN26,SHORT,1,26071.50,26048.25,460.64,456.28,91.3,WIN,STOP_HIT,26129.00,1150.00,2026-05-07 09:21:16
2026-03-19,2026-03-19 11:15:00,2026-03-19 11:25:00,OG,Backtest,AdxDiCrossBracketOG,OG_AdxDiCrossBracketOG,OG,NQ,NQ JUN26,LONG,1,24531.00,24485.50,-914.36,-918.72,-183.7,LOSS,STOP_HIT,24473.00,1160.00,2026-05-07 09:21:16
2026-03-03,2026-03-03 11:25:00,2026-03-03 11:40:00,OG,Backtest,AdxDiCrossBracketOG,OG_AdxDiCrossBracketOG,OG,NQ,NQ JUN26,LONG,1,24795.25,24816.50,420.64,416.28,83.3,WIN,STOP_HIT,24724.00,1425.00,2026-05-07 09:21:16
2026-01-30,2026-01-30 11:00:00,2026-01-30 11:10:00,OG,Backtest,AdxDiCrossBracketOG,OG_AdxDiCrossBracketOG,OG,NQ,NQ JUN26,SHORT,1,26071.50,26048.25,460.64,456.28,91.3,WIN,STOP_HIT,26129.00,1150.00,2026-05-07 09:21:16
2026-03-25,2026-03-25 11:20:00,2026-03-25 11:20:00,OG,Backtest,AdxDiCrossBracketOG,OG_AdxDiCrossBracketOG,OG,NQ,NQ JUN26,SHORT,1,24385.25,24336.50,970.64,966.28,193.3,WIN,TARGET_HIT,24438.00,1055.00,2026-05-07 09:21:16
2026-03-06,2026-03-06 11:10:00,2026-03-06 11:15:00,OG,Backtest,AdxDiCrossBracketOG,OG_AdxDiCrossBracketOG,OG,NQ,NQ JUN26,LONG,1,25102.25,25058.25,-884.36,-888.72,-177.7,LOSS,STOP_HIT,25038.75,1270.00,2026-05-07 09:21:16
2026-02-03,2026-02-03 09:50:00,2026-02-03 09:50:00,OG,Backtest,AdxDiCrossBracketOG,OG_AdxDiCrossBracketOG,OG,NQ,NQ JUN26,SHORT,1,25960.00,25999.25,-789.36,-793.72,-158.7,LOSS,STOP_HIT,25998.00,760.00,2026-05-07 09:21:16
2026-03-09,2026-03-09 10:45:00,2026-03-09 10:50:00,OG,Backtest,AdxDiCrossBracketOG,OG_AdxDiCrossBracketOG,OG,NQ,NQ JUN26,LONG,1,24692.75,24762.25,1385.64,1381.28,276.3,WIN,TARGET_HIT,24622.25,1410.00,2026-05-07 09:21:16
2026-02-10,2026-02-10 09:45:00,2026-02-10 09:45:00,OG,Backtest,AdxDiCrossBracketOG,OG_AdxDiCrossBracketOG,OG,NQ,NQ JUN26,SHORT,1,25534.50,25512.25,440.64,436.28,87.3,WIN,TARGET_HIT,25559.75,505.00,2026-05-07 09:21:16
2026-04-02,2026-04-02 10:45:00,2026-04-02 10:45:00,OG,Backtest,AdxDiCrossBracketOG,OG_AdxDiCrossBracketOG,OG,NQ,NQ JUN26,LONG,1,24211.00,24133.25,-1559.36,-1563.72,-312.7,LOSS,STOP_HIT,24134.50,1530.00,2026-05-07 09:21:16
2026-03-13,2026-03-13 10:50:00,2026-03-13 10:50:00,OG,Backtest,AdxDiCrossBracketOG,OG_AdxDiCrossBracketOG,OG,NQ,NQ JUN26,SHORT,1,24804.25,24755.00,980.64,976.28,195.3,WIN,TARGET_HIT,24853.50,985.00,2026-05-07 09:21:16
2026-04-10,2026-04-10 11:45:00,2026-04-10 12:00:00,OG,Backtest,AdxDiCrossBracketOG,OG_AdxDiCrossBracketOG,OG,NQ,NQ JUN26,SHORT,1,25300.75,25269.75,615.64,611.28,122.3,WIN,TARGET_HIT,25334.25,670.00,2026-05-07 09:21:16
2026-01-13,2026-01-13 10:10:00,2026-01-13 10:15:00,OG,Backtest,AdxDiCrossBracketOG,OG_AdxDiCrossBracketOG,OG,NQ,NQ JUN26,SHORT,1,26137.25,26108.00,580.64,576.28,115.3,WIN,TARGET_HIT,26168.00,615.00,2026-05-07 09:21:16
2026-03-17,2026-03-17 11:15:00,2026-03-17 11:20:00,OG,Backtest,AdxDiCrossBracketOG,OG_AdxDiCrossBracketOG,OG,NQ,NQ JUN26,SHORT,1,25019.75,25057.00,-749.36,-753.72,-150.7,LOSS,STOP_HIT,25056.25,730.00,2026-05-07 09:21:16
2026-01-16,2026-01-16 11:30:00,2026-01-16 11:35:00,OG,Backtest,AdxDiCrossBracketOG,OG_AdxDiCrossBracketOG,OG,NQ,NQ JUN26,LONG,1,25912.25,25924.50,240.64,236.28,47.3,WIN,STOP_HIT,25874.75,750.00,2026-05-07 09:21:16
2026-04-06,2026-04-06 11:35:00,2026-04-06 11:50:00,OG,Backtest,AdxDiCrossBracketOG,OG_AdxDiCrossBracketOG,OG,NQ,NQ JUN26,SHORT,1,24280.00,24294.25,-289.36,-293.72,-58.7,LOSS,STOP_HIT,24325.50,910.00,2026-05-07 09:21:16
2026-03-20,2026-03-20 11:30:00,2026-03-20 12:05:00,OG,Backtest,AdxDiCrossBracketOG,OG_AdxDiCrossBracketOG,OG,NQ,NQ JUN26,LONG,1,24275.00,24327.75,1050.64,1046.28,209.3,WIN,TARGET_HIT,24219.75,1105.00,2026-05-07 09:21:16
2026-02-10,2026-02-10 09:45:00,2026-02-10 09:45:00,OG,Backtest,AdxDiCrossBracketOG,OG_AdxDiCrossBracketOG,OG,NQ,NQ JUN26,SHORT,1,25534.50,25512.25,440.64,436.28,87.3,WIN,TARGET_HIT,25559.75,505.00,2026-05-07 09:21:16
2026-02-17,2026-02-17 11:10:00,2026-02-17 11:10:00,OG,Backtest,AdxDiCrossBracketOG,OG_AdxDiCrossBracketOG,OG,NQ,NQ JUN26,LONG,1,24862.00,24927.25,1300.64,1296.28,259.3,WIN,TARGET_HIT,24793.75,1365.00,2026-05-07 09:21:16
2026-02-13,2026-02-13 10:35:00,2026-02-13 10:35:00,OG,Backtest,AdxDiCrossBracketOG,OG_AdxDiCrossBracketOG,OG,NQ,NQ JUN26,LONG,1,25058.75,25127.00,1360.64,1356.28,271.3,WIN,TARGET_HIT,24987.50,1425.00,2026-05-07 09:21:16
2026-03-03,2026-03-03 11:25:00,2026-03-03 11:40:00,OG,Backtest,AdxDiCrossBracketOG,OG_AdxDiCrossBracketOG,OG,NQ,NQ JUN26,LONG,1,24795.25,24816.50,420.64,416.28,83.3,WIN,STOP_HIT,24724.00,1425.00,2026-05-07 09:21:16
2026-01-09,2026-01-09 10:30:00,2026-01-09 10:30:00,OG,Backtest,AdxDiCrossBracketOG,OG_AdxDiCrossBracketOG,OG,NQ,NQ JUN26,LONG,1,26010.00,26057.25,940.64,936.28,187.3,WIN,TARGET_HIT,25959.75,1005.00,2026-05-07 09:21:16
2026-04-06,2026-04-06 11:05:00,2026-04-06 11:25:00,OG,Backtest,AdxDiCrossBracketOG,OG_AdxDiCrossBracketOG,OG,NQ,NQ JUN26,LONG,1,24307.50,24290.75,-339.36,-343.72,-68.7,LOSS,STOP_HIT,24255.50,1040.00,2026-05-07 09:21:16
2026-01-12,2026-01-12 11:25:00,2026-01-12 11:35:00,OG,Backtest,AdxDiCrossBracketOG,OG_AdxDiCrossBracketOG,OG,NQ,NQ JUN26,LONG,1,26159.50,26149.25,-209.36,-213.72,-42.7,LOSS,STOP_HIT,26131.75,555.00,2026-05-07 09:21:16
2026-03-09,2026-03-09 10:45:00,2026-03-09 10:50:00,OG,Backtest,AdxDiCrossBracketOG,OG_AdxDiCrossBracketOG,OG,NQ,NQ JUN26,LONG,1,24692.75,24762.25,1385.64,1381.28,276.3,WIN,TARGET_HIT,24622.25,1410.00,2026-05-07 09:21:16
2026-03-25,2026-03-25 11:20:00,2026-03-25 11:20:00,OG,Backtest,AdxDiCrossBracketOG,OG_AdxDiCrossBracketOG,OG,NQ,NQ JUN26,SHORT,1,24385.25,24336.50,970.64,966.28,193.3,WIN,TARGET_HIT,24438.00,1055.00,2026-05-07 09:21:16
2026-02-13,2026-02-13 10:35:00,2026-02-13 10:35:00,OG,Backtest,AdxDiCrossBracketOG,OG_AdxDiCrossBracketOG,OG,NQ,NQ JUN26,LONG,1,25058.75,25127.00,1360.64,1356.28,271.3,WIN,TARGET_HIT,24987.50,1425.00,2026-05-07 09:21:16
2026-01-07,2026-01-07 10:10:00,2026-01-07 10:10:00,OG,Backtest,AdxDiCrossBracketOG,OG_AdxDiCrossBracketOG,OG,NQ,NQ JUN26,SHORT,1,26050.00,26073.50,-474.36,-478.72,-95.7,LOSS,STOP_HIT,26072.25,445.00,2026-05-07 09:21:16
2026-02-24,2026-02-24 10:15:00,2026-02-24 10:15:00,OG,Backtest,AdxDiCrossBracketOG,OG_AdxDiCrossBracketOG,OG,NQ,NQ JUN26,LONG,1,25110.00,25063.00,-944.36,-948.72,-189.7,LOSS,STOP_HIT,25064.25,915.00,2026-05-07 09:21:16
2026-01-30,2026-01-30 11:00:00,2026-01-30 11:10:00,OG,Backtest,AdxDiCrossBracketOG,OG_AdxDiCrossBracketOG,OG,NQ,NQ JUN26,SHORT,1,26071.50,26048.25,460.64,456.28,91.3,WIN,STOP_HIT,26129.00,1150.00,2026-05-07 09:21:16
2026-04-06,2026-04-06 11:35:00,2026-04-06 11:50:00,OG,Backtest,AdxDiCrossBracketOG,OG_AdxDiCrossBracketOG,OG,NQ,NQ JUN26,SHORT,1,24280.00,24294.25,-289.36,-293.72,-58.7,LOSS,STOP_HIT,24325.50,910.00,2026-05-07 09:21:16
2026-03-03,2026-03-03 11:25:00,2026-03-03 11:40:00,OG,Backtest,AdxDiCrossBracketOG,OG_AdxDiCrossBracketOG,OG,NQ,NQ JUN26,LONG,1,24795.25,24816.50,420.64,416.28,83.3,WIN,STOP_HIT,24724.00,1425.00,2026-05-07 09:21:16
2026-01-28,2026-01-28 11:20:00,2026-01-28 11:25:00,OG,Backtest,AdxDiCrossBracketOG,OG_AdxDiCrossBracketOG,OG,NQ,NQ JUN26,LONG,1,26393.75,26378.25,-314.36,-318.72,-63.7,LOSS,STOP_HIT,26363.25,610.00,2026-05-07 09:21:16
2026-02-24,2026-02-24 09:50:00,2026-02-24 09:50:00,OG,Backtest,AdxDiCrossBracketOG,OG_AdxDiCrossBracketOG,OG,NQ,NQ JUN26,LONG,1,25121.25,25157.50,720.64,716.28,143.3,WIN,TARGET_HIT,25081.50,795.00,2026-05-07 09:21:16
2026-03-19,2026-03-19 11:15:00,2026-03-19 11:25:00,OG,Backtest,AdxDiCrossBracketOG,OG_AdxDiCrossBracketOG,OG,NQ,NQ JUN26,LONG,1,24531.00,24485.50,-914.36,-918.72,-183.7,LOSS,STOP_HIT,24473.00,1160.00,2026-05-07 09:21:16
2026-01-30,2026-01-30 10:55:00,2026-01-30 10:55:00,OG,Backtest,AdxDiCrossBracketOG,OG_AdxDiCrossBracketOG,OG,NQ,NQ JUN26,LONG,1,26118.00,26058.75,-1189.36,-1193.72,-238.7,LOSS,STOP_HIT,26060.00,1160.00,2026-05-07 09:21:16
2026-03-12,2026-03-12 11:50:00,2026-03-12 11:50:00,OG,Backtest,AdxDiCrossBracketOG,OG_AdxDiCrossBracketOG,OG,NQ,NQ JUN26,LONG,1,24898.75,24843.25,-1114.36,-1118.72,-223.7,LOSS,STOP_HIT,24844.50,1085.00,2026-05-07 09:21:16
2026-01-23,2026-01-23 10:10:00,2026-01-23 10:15:00,OG,Backtest,AdxDiCrossBracketOG,OG_AdxDiCrossBracketOG,OG,NQ,NQ JUN26,LONG,1,25921.75,25885.00,-739.36,-743.72,-148.7,LOSS,STOP_HIT,25885.50,725.00,2026-05-07 09:21:16
2026-04-06,2026-04-06 11:35:00,2026-04-06 11:50:00,OG,Backtest,AdxDiCrossBracketOG,OG_AdxDiCrossBracketOG,OG,NQ,NQ JUN26,SHORT,1,24280.00,24294.25,-289.36,-293.72,-58.7,LOSS,STOP_HIT,24325.50,910.00,2026-05-07 09:21:16
2026-01-28,2026-01-28 10:55:00,2026-01-28 11:15:00,OG,Backtest,AdxDiCrossBracketOG,OG_AdxDiCrossBracketOG,OG,NQ,NQ JUN26,SHORT,1,26394.50,26407.00,-254.36,-258.72,-51.7,LOSS,STOP_HIT,26429.00,690.00,2026-05-07 09:21:16
2026-03-25,2026-03-25 11:20:00,2026-03-25 11:20:00,OG,Backtest,AdxDiCrossBracketOG,OG_AdxDiCrossBracketOG,OG,NQ,NQ JUN26,SHORT,1,24385.25,24336.50,970.64,966.28,193.3,WIN,TARGET_HIT,24438.00,1055.00,2026-05-07 09:21:16
2026-02-11,2026-02-11 11:20:00,2026-02-11 11:25:00,OG,Backtest,AdxDiCrossBracketOG,OG_AdxDiCrossBracketOG,OG,NQ,NQ JUN26,LONG,1,25468.75,25457.00,-239.36,-243.72,-48.7,LOSS,STOP_HIT,25406.75,1240.00,2026-05-07 09:21:16
2026-03-12,2026-03-12 11:50:00,2026-03-12 11:50:00,OG,Backtest,AdxDiCrossBracketOG,OG_AdxDiCrossBracketOG,OG,NQ,NQ JUN26,LONG,1,24898.75,24843.25,-1114.36,-1118.72,-223.7,LOSS,STOP_HIT,24844.50,1085.00,2026-05-07 09:21:16
2026-03-19,2026-03-19 11:15:00,2026-03-19 11:25:00,OG,Backtest,AdxDiCrossBracketOG,OG_AdxDiCrossBracketOG,OG,NQ,NQ JUN26,LONG,1,24531.00,24485.50,-914.36,-918.72,-183.7,LOSS,STOP_HIT,24473.00,1160.00,2026-05-07 09:21:16
2026-01-06,2026-01-06 11:00:00,2026-01-06 11:05:00,OG,Backtest,AdxDiCrossBracketOG,OG_AdxDiCrossBracketOG,OG,NQ,NQ JUN26,SHORT,1,25908.50,25880.75,550.64,546.28,109.3,WIN,TARGET_HIT,25938.25,595.00,2026-05-07 09:21:16
2026-02-11,2026-02-11 10:20:00,2026-02-11 10:20:00,OG,Backtest,AdxDiCrossBracketOG,OG_AdxDiCrossBracketOG,OG,NQ,NQ JUN26,SHORT,1,25395.25,25345.50,990.64,986.28,197.3,WIN,TARGET_HIT,25448.50,1065.00,2026-05-07 09:21:16
2026-02-17,2026-02-17 11:10:00,2026-02-17 11:10:00,OG,Backtest,AdxDiCrossBracketOG,OG_AdxDiCrossBracketOG,OG,NQ,NQ JUN26,LONG,1,24862.00,24927.25,1300.64,1296.28,259.3,WIN,TARGET_HIT,24793.75,1365.00,2026-05-07 09:21:16
2026-03-20,2026-03-20 11:30:00,2026-03-20 12:05:00,OG,Backtest,AdxDiCrossBracketOG,OG_AdxDiCrossBracketOG,OG,NQ,NQ JUN26,LONG,1,24275.00,24327.75,1050.64,1046.28,209.3,WIN,TARGET_HIT,24219.75,1105.00,2026-05-07 09:21:16
2026-01-09,2026-01-09 09:45:00,2026-01-09 09:50:00,OG,Backtest,AdxDiCrossBracketOG,OG_AdxDiCrossBracketOG,OG,NQ,NQ JUN26,LONG,1,25965.75,25936.75,-584.36,-588.72,-117.7,LOSS,STOP_HIT,25938.00,555.00,2026-05-07 09:21:16
2026-01-09,2026-01-09 09:55:00,2026-01-09 09:55:00,OG,Backtest,AdxDiCrossBracketOG,OG_AdxDiCrossBracketOG,OG,NQ,NQ JUN26,SHORT,1,25912.50,25949.00,-734.36,-738.72,-147.7,LOSS,STOP_HIT,25947.75,705.00,2026-05-07 09:21:16
2026-01-12,2026-01-12 11:25:00,2026-01-12 11:35:00,OG,Backtest,AdxDiCrossBracketOG,OG_AdxDiCrossBracketOG,OG,NQ,NQ JUN26,LONG,1,26159.50,26149.25,-209.36,-213.72,-42.7,LOSS,STOP_HIT,26131.75,555.00,2026-05-07 09:21:16
2026-04-07,2026-04-07 11:40:00,2026-04-07 12:00:00,OG,Backtest,AdxDiCrossBracketOG,OG_AdxDiCrossBracketOG,OG,NQ,NQ JUN26,LONG,1,24072.25,24117.50,900.64,896.28,179.3,WIN,TARGET_HIT,24025.00,945.00,2026-05-07 09:21:16
2026-01-09,2026-01-09 10:15:00,2026-01-09 10:15:00,OG,Backtest,AdxDiCrossBracketOG,OG_AdxDiCrossBracketOG,OG,NQ,NQ JUN26,SHORT,1,25849.75,25897.00,-949.36,-953.72,-190.7,LOSS,STOP_HIT,25895.75,920.00,2026-05-07 09:21:16
2026-02-11,2026-02-11 11:20:00,2026-02-11 11:25:00,OG,Backtest,AdxDiCrossBracketOG,OG_AdxDiCrossBracketOG,OG,NQ,NQ JUN26,LONG,1,25468.75,25457.00,-239.36,-243.72,-48.7,LOSS,STOP_HIT,25406.75,1240.00,2026-05-07 09:21:16
2026-01-16,2026-01-16 11:30:00,2026-01-16 11:35:00,OG,Backtest,AdxDiCrossBracketOG,OG_AdxDiCrossBracketOG,OG,NQ,NQ JUN26,LONG,1,25912.25,25924.50,240.64,236.28,47.3,WIN,STOP_HIT,25874.75,750.00,2026-05-07 09:21:16
2026-01-09,2026-01-09 10:30:00,2026-01-09 10:30:00,OG,Backtest,AdxDiCrossBracketOG,OG_AdxDiCrossBracketOG,OG,NQ,NQ JUN26,LONG,1,26010.00,26057.25,940.64,936.28,187.3,WIN,TARGET_HIT,25959.75,1005.00,2026-05-07 09:21:16
2026-03-24,2026-03-24 11:00:00,2026-03-24 11:00:00,OG,Backtest,AdxDiCrossBracketOG,OG_AdxDiCrossBracketOG,OG,NQ,NQ JUN26,LONG,1,24282.25,24217.00,-1309.36,-1313.72,-262.7,LOSS,STOP_HIT,24218.25,1280.00,2026-05-07 09:21:16
2026-01-12,2026-01-12 11:25:00,2026-01-12 11:35:00,OG,Backtest,AdxDiCrossBracketOG,OG_AdxDiCrossBracketOG,OG,NQ,NQ JUN26,LONG,1,26159.50,26149.25,-209.36,-213.72,-42.7,LOSS,STOP_HIT,26131.75,555.00,2026-05-07 09:21:16
2026-01-09,2026-01-09 10:15:00,2026-01-09 10:15:00,OG,Backtest,AdxDiCrossBracketOG,OG_AdxDiCrossBracketOG,OG,NQ,NQ JUN26,SHORT,1,25849.75,25897.00,-949.36,-953.72,-190.7,LOSS,STOP_HIT,25895.75,920.00,2026-05-07 09:21:17
2026-03-09,2026-03-09 10:45:00,2026-03-09 10:50:00,OG,Backtest,AdxDiCrossBracketOG,OG_AdxDiCrossBracketOG,OG,NQ,NQ JUN26,LONG,1,24692.75,24762.25,1385.64,1381.28,276.3,WIN,TARGET_HIT,24622.25,1410.00,2026-05-07 09:21:17
2026-01-20,2026-01-20 11:10:00,2026-01-20 11:15:00,OG,Backtest,AdxDiCrossBracketOG,OG_AdxDiCrossBracketOG,OG,NQ,NQ JUN26,LONG,1,25588.25,25600.25,235.64,231.28,46.3,WIN,STOP_HIT,25540.75,950.00,2026-05-07 09:21:17
2026-02-11,2026-02-11 11:20:00,2026-02-11 11:25:00,OG,Backtest,AdxDiCrossBracketOG,OG_AdxDiCrossBracketOG,OG,NQ,NQ JUN26,LONG,1,25468.75,25457.00,-239.36,-243.72,-48.7,LOSS,STOP_HIT,25406.75,1240.00,2026-05-07 09:21:17
2026-02-17,2026-02-17 11:10:00,2026-02-17 11:10:00,OG,Backtest,AdxDiCrossBracketOG,OG_AdxDiCrossBracketOG,OG,NQ,NQ JUN26,LONG,1,24862.00,24927.25,1300.64,1296.28,259.3,WIN,TARGET_HIT,24793.75,1365.00,2026-05-07 09:21:17
2026-01-06,2026-01-06 11:00:00,2026-01-06 11:05:00,OG,Backtest,AdxDiCrossBracketOG,OG_AdxDiCrossBracketOG,OG,NQ,NQ JUN26,SHORT,1,25908.50,25880.75,550.64,546.28,109.3,WIN,TARGET_HIT,25938.25,595.00,2026-05-07 09:21:17
2026-01-28,2026-01-28 10:55:00,2026-01-28 11:15:00,OG,Backtest,AdxDiCrossBracketOG,OG_AdxDiCrossBracketOG,OG,NQ,NQ JUN26,SHORT,1,26394.50,26407.00,-254.36,-258.72,-51.7,LOSS,STOP_HIT,26429.00,690.00,2026-05-07 09:21:17
2026-04-07,2026-04-07 11:40:00,2026-04-07 12:00:00,OG,Backtest,AdxDiCrossBracketOG,OG_AdxDiCrossBracketOG,OG,NQ,NQ JUN26,LONG,1,24072.25,24117.50,900.64,896.28,179.3,WIN,TARGET_HIT,24025.00,945.00,2026-05-07 09:21:17
2026-02-03,2026-02-03 09:50:00,2026-02-03 09:50:00,OG,Backtest,AdxDiCrossBracketOG,OG_AdxDiCrossBracketOG,OG,NQ,NQ JUN26,SHORT,1,25960.00,25999.25,-789.36,-793.72,-158.7,LOSS,STOP_HIT,25998.00,760.00,2026-05-07 09:21:17
2026-01-09,2026-01-09 09:55:00,2026-01-09 09:55:00,OG,Backtest,AdxDiCrossBracketOG,OG_AdxDiCrossBracketOG,OG,NQ,NQ JUN26,SHORT,1,25912.50,25949.00,-734.36,-738.72,-147.7,LOSS,STOP_HIT,25947.75,705.00,2026-05-07 09:21:17
2026-01-20,2026-01-20 11:10:00,2026-01-20 11:15:00,OG,Backtest,AdxDiCrossBracketOG,OG_AdxDiCrossBracketOG,OG,NQ,NQ JUN26,LONG,1,25588.25,25600.25,235.64,231.28,46.3,WIN,STOP_HIT,25540.75,950.00,2026-05-07 09:21:17
2026-01-09,2026-01-09 10:10:00,2026-01-09 10:10:00,OG,Backtest,AdxDiCrossBracketOG,OG_AdxDiCrossBracketOG,OG,NQ,NQ JUN26,LONG,1,25922.50,25881.00,-834.36,-838.72,-167.7,LOSS,STOP_HIT,25882.25,805.00,2026-05-07 09:21:17
2026-01-30,2026-01-30 10:55:00,2026-01-30 10:55:00,OG,Backtest,AdxDiCrossBracketOG,OG_AdxDiCrossBracketOG,OG,NQ,NQ JUN26,LONG,1,26118.00,26058.75,-1189.36,-1193.72,-238.7,LOSS,STOP_HIT,26060.00,1160.00,2026-05-07 09:21:17
2026-01-09,2026-01-09 10:10:00,2026-01-09 10:10:00,OG,Backtest,AdxDiCrossBracketOG,OG_AdxDiCrossBracketOG,OG,NQ,NQ JUN26,LONG,1,25922.50,25881.00,-834.36,-838.72,-167.7,LOSS,STOP_HIT,25882.25,805.00,2026-05-07 09:21:17
2026-02-11,2026-02-11 10:20:00,2026-02-11 10:20:00,OG,Backtest,AdxDiCrossBracketOG,OG_AdxDiCrossBracketOG,OG,NQ,NQ JUN26,SHORT,1,25395.25,25345.50,990.64,986.28,197.3,WIN,TARGET_HIT,25448.50,1065.00,2026-05-07 09:21:17
2026-03-20,2026-03-20 11:30:00,2026-03-20 12:05:00,OG,Backtest,AdxDiCrossBracketOG,OG_AdxDiCrossBracketOG,OG,NQ,NQ JUN26,LONG,1,24275.00,24327.75,1050.64,1046.28,209.3,WIN,TARGET_HIT,24219.75,1105.00,2026-05-07 09:21:17
2026-01-09,2026-01-09 10:10:00,2026-01-09 10:10:00,OG,Backtest,AdxDiCrossBracketOG,OG_AdxDiCrossBracketOG,OG,NQ,NQ JUN26,LONG,1,25922.50,25881.00,-834.36,-838.72,-167.7,LOSS,STOP_HIT,25882.25,805.00,2026-05-07 09:21:17
2026-03-03,2026-03-03 11:25:00,2026-03-03 11:40:00,OG,Backtest,AdxDiCrossBracketOG,OG_AdxDiCrossBracketOG,OG,NQ,NQ JUN26,LONG,1,24795.25,24816.50,420.64,416.28,83.3,WIN,STOP_HIT,24724.00,1425.00,2026-05-07 09:21:17
2026-02-11,2026-02-11 10:20:00,2026-02-11 10:20:00,OG,Backtest,AdxDiCrossBracketOG,OG_AdxDiCrossBracketOG,OG,NQ,NQ JUN26,SHORT,1,25395.25,25345.50,990.64,986.28,197.3,WIN,TARGET_HIT,25448.50,1065.00,2026-05-07 09:21:17
2026-04-06,2026-04-06 10:55:00,2026-04-06 11:00:00,OG,Backtest,AdxDiCrossBracketOG,OG_AdxDiCrossBracketOG,OG,NQ,NQ JUN26,SHORT,1,24269.25,24322.25,-1064.36,-1068.72,-213.7,LOSS,STOP_HIT,24321.00,1035.00,2026-05-07 09:21:17
2026-03-27,2026-03-27 11:40:00,2026-03-27 11:45:00,OG,Backtest,AdxDiCrossBracketOG,OG_AdxDiCrossBracketOG,OG,NQ,NQ JUN26,LONG,1,23597.75,23540.25,-1154.36,-1158.72,-231.7,LOSS,STOP_HIT,23541.50,1125.00,2026-05-07 09:21:17
2026-01-06,2026-01-06 11:00:00,2026-01-06 11:05:00,OG,Backtest,AdxDiCrossBracketOG,OG_AdxDiCrossBracketOG,OG,NQ,NQ JUN26,SHORT,1,25908.50,25880.75,550.64,546.28,109.3,WIN,TARGET_HIT,25938.25,595.00,2026-05-07 09:21:17
2026-01-21,2026-01-21 11:45:00,2026-01-21 11:45:00,OG,Backtest,AdxDiCrossBracketOG,OG_AdxDiCrossBracketOG,OG,NQ,NQ JUN26,SHORT,1,25543.00,25505.75,740.64,736.28,147.3,WIN,TARGET_HIT,25582.25,785.00,2026-05-07 09:21:17
2026-02-17,2026-02-17 11:10:00,2026-02-17 11:10:00,OG,Backtest,AdxDiCrossBracketOG,OG_AdxDiCrossBracketOG,OG,NQ,NQ JUN26,LONG,1,24862.00,24927.25,1300.64,1296.28,259.3,WIN,TARGET_HIT,24793.75,1365.00,2026-05-07 09:21:17
2026-01-23,2026-01-23 10:10:00,2026-01-23 10:15:00,OG,Backtest,AdxDiCrossBracketOG,OG_AdxDiCrossBracketOG,OG,NQ,NQ JUN26,LONG,1,25921.75,25885.00,-739.36,-743.72,-148.7,LOSS,STOP_HIT,25885.50,725.00,2026-05-07 09:21:17
2026-01-28,2026-01-28 10:55:00,2026-01-28 11:20:00,OG,Backtest,AdxDiCrossBracketOG,OG_AdxDiCrossBracketOG,OG,NQ,NQ JUN26,SHORT,1,26394.50,26393.75,10.64,6.28,1.3,WIN,STOP_HIT,26429.00,690.00,2026-05-07 09:21:17
2026-01-07,2026-01-07 09:50:00,2026-01-07 09:50:00,OG,Backtest,AdxDiCrossBracketOG,OG_AdxDiCrossBracketOG,OG,NQ,NQ JUN26,LONG,1,26064.50,26079.75,300.64,296.28,59.3,WIN,TARGET_HIT,26047.25,345.00,2026-05-07 09:21:17
2026-01-09,2026-01-09 09:55:00,2026-01-09 09:55:00,OG,Backtest,AdxDiCrossBracketOG,OG_AdxDiCrossBracketOG,OG,NQ,NQ JUN26,SHORT,1,25912.50,25949.00,-734.36,-738.72,-147.7,LOSS,STOP_HIT,25947.75,705.00,2026-05-07 09:21:17
2026-02-24,2026-02-24 09:50:00,2026-02-24 09:50:00,OG,Backtest,AdxDiCrossBracketOG,OG_AdxDiCrossBracketOG,OG,NQ,NQ JUN26,LONG,1,25121.25,25157.50,720.64,716.28,143.3,WIN,TARGET_HIT,25081.50,795.00,2026-05-07 09:21:17
2026-01-28,2026-01-28 10:55:00,2026-01-28 11:15:00,OG,Backtest,AdxDiCrossBracketOG,OG_AdxDiCrossBracketOG,OG,NQ,NQ JUN26,SHORT,1,26394.50,26407.00,-254.36,-258.72,-51.7,LOSS,STOP_HIT,26429.00,690.00,2026-05-07 09:21:17
2026-01-09,2026-01-09 09:55:00,2026-01-09 09:55:00,OG,Backtest,AdxDiCrossBracketOG,OG_AdxDiCrossBracketOG,OG,NQ,NQ JUN26,SHORT,1,25912.50,25949.00,-734.36,-738.72,-147.7,LOSS,STOP_HIT,25947.75,705.00,2026-05-07 09:21:17
2026-01-16,2026-01-16 11:30:00,2026-01-16 11:35:00,OG,Backtest,AdxDiCrossBracketOG,OG_AdxDiCrossBracketOG,OG,NQ,NQ JUN26,LONG,1,25912.25,25924.50,240.64,236.28,47.3,WIN,STOP_HIT,25874.75,750.00,2026-05-07 09:21:17
2026-04-06,2026-04-06 11:05:00,2026-04-06 11:25:00,OG,Backtest,AdxDiCrossBracketOG,OG_AdxDiCrossBracketOG,OG,NQ,NQ JUN26,LONG,1,24307.50,24290.75,-339.36,-343.72,-68.7,LOSS,STOP_HIT,24255.50,1040.00,2026-05-07 09:21:17
2026-01-09,2026-01-09 10:30:00,2026-01-09 10:30:00,OG,Backtest,AdxDiCrossBracketOG,OG_AdxDiCrossBracketOG,OG,NQ,NQ JUN26,LONG,1,26010.00,26057.25,940.64,936.28,187.3,WIN,TARGET_HIT,25959.75,1005.00,2026-05-07 09:21:17
2026-01-09,2026-01-09 10:15:00,2026-01-09 10:15:00,OG,Backtest,AdxDiCrossBracketOG,OG_AdxDiCrossBracketOG,OG,NQ,NQ JUN26,SHORT,1,25849.75,25897.00,-949.36,-953.72,-190.7,LOSS,STOP_HIT,25895.75,920.00,2026-05-07 09:21:17
2026-02-17,2026-02-17 11:10:00,2026-02-17 11:10:00,OG,Backtest,AdxDiCrossBracketOG,OG_AdxDiCrossBracketOG,OG,NQ,NQ JUN26,LONG,1,24862.00,24927.25,1300.64,1296.28,259.3,WIN,TARGET_HIT,24793.75,1365.00,2026-05-07 09:21:17
2026-01-30,2026-01-30 10:55:00,2026-01-30 10:55:00,OG,Backtest,AdxDiCrossBracketOG,OG_AdxDiCrossBracketOG,OG,NQ,NQ JUN26,LONG,1,26118.00,26058.75,-1189.36,-1193.72,-238.7,LOSS,STOP_HIT,26060.00,1160.00,2026-05-07 09:21:17
2026-01-13,2026-01-13 10:10:00,2026-01-13 10:15:00,OG,Backtest,AdxDiCrossBracketOG,OG_AdxDiCrossBracketOG,OG,NQ,NQ JUN26,SHORT,1,26137.25,26108.00,580.64,576.28,115.3,WIN,TARGET_HIT,26168.00,615.00,2026-05-07 09:21:17
2026-01-09,2026-01-09 10:30:00,2026-01-09 10:30:00,OG,Backtest,AdxDiCrossBracketOG,OG_AdxDiCrossBracketOG,OG,NQ,NQ JUN26,LONG,1,26010.00,26057.25,940.64,936.28,187.3,WIN,TARGET_HIT,25959.75,1005.00,2026-05-07 09:21:17
2026-01-20,2026-01-20 11:10:00,2026-01-20 11:15:00,OG,Backtest,AdxDiCrossBracketOG,OG_AdxDiCrossBracketOG,OG,NQ,NQ JUN26,LONG,1,25588.25,25600.25,235.64,231.28,46.3,WIN,STOP_HIT,25540.75,950.00,2026-05-07 09:21:17
2026-02-05,2026-02-05 11:40:00,2026-02-05 11:50:00,OG,Backtest,AdxDiCrossBracketOG,OG_AdxDiCrossBracketOG,OG,NQ,NQ JUN26,LONG,1,25026.25,24991.50,-699.36,-703.72,-140.7,LOSS,STOP_HIT,24938.00,1765.00,2026-05-07 09:21:17
2026-01-07,2026-01-07 09:50:00,2026-01-07 09:50:00,OG,Backtest,AdxDiCrossBracketOG,OG_AdxDiCrossBracketOG,OG,NQ,NQ JUN26,LONG,1,26064.50,26079.75,300.64,296.28,59.3,WIN,TARGET_HIT,26047.25,345.00,2026-05-07 09:21:17
2026-02-13,2026-02-13 10:50:00,2026-02-13 11:05:00,OG,Backtest,AdxDiCrossBracketOG,OG_AdxDiCrossBracketOG,OG,NQ,NQ JUN26,SHORT,1,24982.25,25021.00,-779.36,-783.72,-156.7,LOSS,STOP_HIT,25055.00,1455.00,2026-05-07 09:21:17
2026-03-19,2026-03-19 11:15:00,2026-03-19 11:25:00,OG,Backtest,AdxDiCrossBracketOG,OG_AdxDiCrossBracketOG,OG,NQ,NQ JUN26,LONG,1,24531.00,24485.50,-914.36,-918.72,-183.7,LOSS,STOP_HIT,24473.00,1160.00,2026-05-07 09:21:17
2026-01-28,2026-01-28 11:20:00,2026-01-28 11:25:00,OG,Backtest,AdxDiCrossBracketOG,OG_AdxDiCrossBracketOG,OG,NQ,NQ JUN26,LONG,1,26393.75,26378.25,-314.36,-318.72,-63.7,LOSS,STOP_HIT,26363.25,610.00,2026-05-07 09:21:17
2026-02-13,2026-02-13 10:50:00,2026-02-13 11:05:00,OG,Backtest,AdxDiCrossBracketOG,OG_AdxDiCrossBracketOG,OG,NQ,NQ JUN26,SHORT,1,24982.25,25021.00,-779.36,-783.72,-156.7,LOSS,STOP_HIT,25055.00,1455.00,2026-05-07 09:21:17
2026-01-23,2026-01-23 10:10:00,2026-01-23 10:15:00,OG,Backtest,AdxDiCrossBracketOG,OG_AdxDiCrossBracketOG,OG,NQ,NQ JUN26,LONG,1,25921.75,25885.00,-739.36,-743.72,-148.7,LOSS,STOP_HIT,25885.50,725.00,2026-05-07 09:21:17
2026-02-24,2026-02-24 10:10:00,2026-02-24 10:10:00,OG,Backtest,AdxDiCrossBracketOG,OG_AdxDiCrossBracketOG,OG,NQ,NQ JUN26,SHORT,1,25048.00,25093.50,-914.36,-918.72,-183.7,LOSS,STOP_HIT,25092.25,885.00,2026-05-07 09:21:17
2026-02-24,2026-02-24 09:50:00,2026-02-24 09:50:00,OG,Backtest,AdxDiCrossBracketOG,OG_AdxDiCrossBracketOG,OG,NQ,NQ JUN26,LONG,1,25121.25,25157.50,720.64,716.28,143.3,WIN,TARGET_HIT,25081.50,795.00,2026-05-07 09:21:17
2026-02-24,2026-02-24 09:50:00,2026-02-24 09:50:00,OG,Backtest,AdxDiCrossBracketOG,OG_AdxDiCrossBracketOG,OG,NQ,NQ JUN26,LONG,1,25121.25,25157.50,720.64,716.28,143.3,WIN,TARGET_HIT,25081.50,795.00,2026-05-07 09:21:17
2026-02-13,2026-02-13 10:35:00,2026-02-13 10:35:00,OG,Backtest,AdxDiCrossBracketOG,OG_AdxDiCrossBracketOG,OG,NQ,NQ JUN26,LONG,1,25058.75,25127.00,1360.64,1356.28,271.3,WIN,TARGET_HIT,24987.50,1425.00,2026-05-07 09:21:17
2026-02-17,2026-02-17 11:10:00,2026-02-17 11:10:00,OG,Backtest,AdxDiCrossBracketOG,OG_AdxDiCrossBracketOG,OG,NQ,NQ JUN26,LONG,1,24862.00,24927.25,1300.64,1296.28,259.3,WIN,TARGET_HIT,24793.75,1365.00,2026-05-07 09:21:17
2026-01-12,2026-01-12 11:25:00,2026-01-12 11:35:00,OG,Backtest,AdxDiCrossBracketOG,OG_AdxDiCrossBracketOG,OG,NQ,NQ JUN26,LONG,1,26159.50,26149.25,-209.36,-213.72,-42.7,LOSS,STOP_HIT,26131.75,555.00,2026-05-07 09:21:17
2026-02-05,2026-02-05 11:40:00,2026-02-05 11:50:00,OG,Backtest,AdxDiCrossBracketOG,OG_AdxDiCrossBracketOG,OG,NQ,NQ JUN26,LONG,1,25026.25,24991.50,-699.36,-703.72,-140.7,LOSS,STOP_HIT,24938.00,1765.00,2026-05-07 09:21:17
2026-02-24,2026-02-24 09:50:00,2026-02-24 09:50:00,OG,Backtest,AdxDiCrossBracketOG,OG_AdxDiCrossBracketOG,OG,NQ,NQ JUN26,LONG,1,25121.25,25157.50,720.64,716.28,143.3,WIN,TARGET_HIT,25081.50,795.00,2026-05-07 09:21:17
2026-04-10,2026-04-10 11:45:00,2026-04-10 12:00:00,OG,Backtest,AdxDiCrossBracketOG,OG_AdxDiCrossBracketOG,OG,NQ,NQ JUN26,SHORT,1,25300.75,25269.75,615.64,611.28,122.3,WIN,TARGET_HIT,25334.25,670.00,2026-05-07 09:21:17
2026-01-30,2026-01-30 11:00:00,2026-01-30 11:10:00,OG,Backtest,AdxDiCrossBracketOG,OG_AdxDiCrossBracketOG,OG,NQ,NQ JUN26,SHORT,1,26071.50,26048.25,460.64,456.28,91.3,WIN,STOP_HIT,26129.00,1150.00,2026-05-07 09:21:17
2026-04-06,2026-04-06 11:35:00,2026-04-06 11:50:00,OG,Backtest,AdxDiCrossBracketOG,OG_AdxDiCrossBracketOG,OG,NQ,NQ JUN26,SHORT,1,24280.00,24294.25,-289.36,-293.72,-58.7,LOSS,STOP_HIT,24325.50,910.00,2026-05-07 09:21:17
2026-03-06,2026-03-06 11:10:00,2026-03-06 11:15:00,OG,Backtest,AdxDiCrossBracketOG,OG_AdxDiCrossBracketOG,OG,NQ,NQ JUN26,LONG,1,25102.25,25058.25,-884.36,-888.72,-177.7,LOSS,STOP_HIT,25038.75,1270.00,2026-05-07 09:21:17
2026-03-13,2026-03-13 10:50:00,2026-03-13 10:50:00,OG,Backtest,AdxDiCrossBracketOG,OG_AdxDiCrossBracketOG,OG,NQ,NQ JUN26,SHORT,1,24804.25,24755.00,980.64,976.28,195.3,WIN,TARGET_HIT,24853.50,985.00,2026-05-07 09:21:17
2026-02-03,2026-02-03 09:50:00,2026-02-03 09:50:00,OG,Backtest,AdxDiCrossBracketOG,OG_AdxDiCrossBracketOG,OG,NQ,NQ JUN26,SHORT,1,25960.00,25999.25,-789.36,-793.72,-158.7,LOSS,STOP_HIT,25998.00,760.00,2026-05-07 09:21:17
2026-03-27,2026-03-27 11:40:00,2026-03-27 11:45:00,OG,Backtest,AdxDiCrossBracketOG,OG_AdxDiCrossBracketOG,OG,NQ,NQ JUN26,LONG,1,23597.75,23540.25,-1154.36,-1158.72,-231.7,LOSS,STOP_HIT,23541.50,1125.00,2026-05-07 09:21:17
2026-03-12,2026-03-12 11:50:00,2026-03-12 11:50:00,OG,Backtest,AdxDiCrossBracketOG,OG_AdxDiCrossBracketOG,OG,NQ,NQ JUN26,LONG,1,24898.75,24843.25,-1114.36,-1118.72,-223.7,LOSS,STOP_HIT,24844.50,1085.00,2026-05-07 09:21:17
2026-02-11,2026-02-11 11:05:00,2026-02-11 11:10:00,OG,Backtest,AdxDiCrossBracketOG,OG_AdxDiCrossBracketOG,OG,NQ,NQ JUN26,LONG,1,25454.25,25417.50,-739.36,-743.72,-148.7,LOSS,STOP_HIT,25393.00,1225.00,2026-05-07 09:21:17
2026-04-10,2026-04-10 11:45:00,2026-04-10 12:00:00,OG,Backtest,AdxDiCrossBracketOG,OG_AdxDiCrossBracketOG,OG,NQ,NQ JUN26,SHORT,1,25300.75,25269.75,615.64,611.28,122.3,WIN,TARGET_HIT,25334.25,670.00,2026-05-07 09:21:17
2026-03-09,2026-03-09 10:45:00,2026-03-09 10:50:00,OG,Backtest,AdxDiCrossBracketOG,OG_AdxDiCrossBracketOG,OG,NQ,NQ JUN26,LONG,1,24692.75,24762.25,1385.64,1381.28,276.3,WIN,TARGET_HIT,24622.25,1410.00,2026-05-07 09:21:17
2026-02-11,2026-02-11 10:20:00,2026-02-11 10:20:00,OG,Backtest,AdxDiCrossBracketOG,OG_AdxDiCrossBracketOG,OG,NQ,NQ JUN26,SHORT,1,25395.25,25345.50,990.64,986.28,197.3,WIN,TARGET_HIT,25448.50,1065.00,2026-05-07 09:21:17
2026-03-24,2026-03-24 11:00:00,2026-03-24 11:00:00,OG,Backtest,AdxDiCrossBracketOG,OG_AdxDiCrossBracketOG,OG,NQ,NQ JUN26,LONG,1,24282.25,24217.00,-1309.36,-1313.72,-262.7,LOSS,STOP_HIT,24218.25,1280.00,2026-05-07 09:21:17
2026-02-11,2026-02-11 11:05:00,2026-02-11 11:10:00,OG,Backtest,AdxDiCrossBracketOG,OG_AdxDiCrossBracketOG,OG,NQ,NQ JUN26,LONG,1,25454.25,25417.50,-739.36,-743.72,-148.7,LOSS,STOP_HIT,25393.00,1225.00,2026-05-07 09:21:17
2026-04-06,2026-04-06 11:35:00,2026-04-06 11:50:00,OG,Backtest,AdxDiCrossBracketOG,OG_AdxDiCrossBracketOG,OG,NQ,NQ JUN26,SHORT,1,24280.00,24294.25,-289.36,-293.72,-58.7,LOSS,STOP_HIT,24325.50,910.00,2026-05-07 09:21:17
2026-03-13,2026-03-13 10:50:00,2026-03-13 10:50:00,OG,Backtest,AdxDiCrossBracketOG,OG_AdxDiCrossBracketOG,OG,NQ,NQ JUN26,SHORT,1,24804.25,24755.00,980.64,976.28,195.3,WIN,TARGET_HIT,24853.50,985.00,2026-05-07 09:21:17
2026-03-27,2026-03-27 11:40:00,2026-03-27 11:45:00,OG,Backtest,AdxDiCrossBracketOG,OG_AdxDiCrossBracketOG,OG,NQ,NQ JUN26,LONG,1,23597.75,23540.25,-1154.36,-1158.72,-231.7,LOSS,STOP_HIT,23541.50,1125.00,2026-05-07 09:21:17
2026-02-24,2026-02-24 10:10:00,2026-02-24 10:10:00,OG,Backtest,AdxDiCrossBracketOG,OG_AdxDiCrossBracketOG,OG,NQ,NQ JUN26,SHORT,1,25048.00,25093.50,-914.36,-918.72,-183.7,LOSS,STOP_HIT,25092.25,885.00,2026-05-07 09:21:17
2026-02-24,2026-02-24 10:15:00,2026-02-24 10:15:00,OG,Backtest,AdxDiCrossBracketOG,OG_AdxDiCrossBracketOG,OG,NQ,NQ JUN26,LONG,1,25110.00,25063.00,-944.36,-948.72,-189.7,LOSS,STOP_HIT,25064.25,915.00,2026-05-07 09:21:17
2026-02-24,2026-02-24 10:15:00,2026-02-24 10:15:00,OG,Backtest,AdxDiCrossBracketOG,OG_AdxDiCrossBracketOG,OG,NQ,NQ JUN26,LONG,1,25110.00,25063.00,-944.36,-948.72,-189.7,LOSS,STOP_HIT,25064.25,915.00,2026-05-07 09:21:17
2026-03-27,2026-03-27 11:40:00,2026-03-27 11:45:00,OG,Backtest,AdxDiCrossBracketOG,OG_AdxDiCrossBracketOG,OG,NQ,NQ JUN26,LONG,1,23597.75,23540.25,-1154.36,-1158.72,-231.7,LOSS,STOP_HIT,23541.50,1125.00,2026-05-07 09:21:17
2026-03-20,2026-03-20 11:30:00,2026-03-20 12:05:00,OG,Backtest,AdxDiCrossBracketOG,OG_AdxDiCrossBracketOG,OG,NQ,NQ JUN26,LONG,1,24275.00,24327.75,1050.64,1046.28,209.3,WIN,TARGET_HIT,24219.75,1105.00,2026-05-07 09:21:17
2026-03-27,2026-03-27 11:40:00,2026-03-27 11:45:00,OG,Backtest,AdxDiCrossBracketOG,OG_AdxDiCrossBracketOG,OG,NQ,NQ JUN26,LONG,1,23597.75,23540.25,-1154.36,-1158.72,-231.7,LOSS,STOP_HIT,23541.50,1125.00,2026-05-07 09:21:17
2026-02-11,2026-02-11 11:20:00,2026-02-11 11:25:00,OG,Backtest,AdxDiCrossBracketOG,OG_AdxDiCrossBracketOG,OG,NQ,NQ JUN26,LONG,1,25468.75,25457.00,-239.36,-243.72,-48.7,LOSS,STOP_HIT,25406.75,1240.00,2026-05-07 09:21:17
2026-02-24,2026-02-24 10:10:00,2026-02-24 10:10:00,OG,Backtest,AdxDiCrossBracketOG,OG_AdxDiCrossBracketOG,OG,NQ,NQ JUN26,SHORT,1,25048.00,25093.50,-914.36,-918.72,-183.7,LOSS,STOP_HIT,25092.25,885.00,2026-05-07 09:21:17
2026-03-06,2026-03-06 11:10:00,2026-03-06 11:15:00,OG,Backtest,AdxDiCrossBracketOG,OG_AdxDiCrossBracketOG,OG,NQ,NQ JUN26,LONG,1,25102.25,25058.25,-884.36,-888.72,-177.7,LOSS,STOP_HIT,25038.75,1270.00,2026-05-07 09:21:17
2026-03-27,2026-03-27 11:40:00,2026-03-27 11:45:00,OG,Backtest,AdxDiCrossBracketOG,OG_AdxDiCrossBracketOG,OG,NQ,NQ JUN26,LONG,1,23597.75,23540.25,-1154.36,-1158.72,-231.7,LOSS,STOP_HIT,23541.50,1125.00,2026-05-07 09:21:17
2026-03-02,2026-03-02 11:15:00,2026-03-02 11:20:00,OG,Backtest,AdxDiCrossBracketOG,OG_AdxDiCrossBracketOG,OG,NQ,NQ JUN26,LONG,1,25187.75,25180.00,-159.36,-163.72,-32.7,LOSS,STOP_HIT,25129.50,1165.00,2026-05-07 09:21:17
2026-03-19,2026-03-19 11:15:00,2026-03-19 11:25:00,OG,Backtest,AdxDiCrossBracketOG,OG_AdxDiCrossBracketOG,OG,NQ,NQ JUN26,LONG,1,24531.00,24485.50,-914.36,-918.72,-183.7,LOSS,STOP_HIT,24473.00,1160.00,2026-05-07 09:21:17
2026-04-02,2026-04-02 10:45:00,2026-04-02 10:45:00,OG,Backtest,AdxDiCrossBracketOG,OG_AdxDiCrossBracketOG,OG,NQ,NQ JUN26,LONG,1,24211.00,24133.25,-1559.36,-1563.72,-312.7,LOSS,STOP_HIT,24134.50,1530.00,2026-05-07 09:21:17
2026-01-13,2026-01-13 10:10:00,2026-01-13 10:15:00,OG,Backtest,AdxDiCrossBracketOG,OG_AdxDiCrossBracketOG,OG,NQ,NQ JUN26,SHORT,1,26137.25,26108.00,580.64,576.28,115.3,WIN,TARGET_HIT,26168.00,615.00,2026-05-07 09:21:17
2026-01-07,2026-01-07 10:10:00,2026-01-07 10:10:00,OG,Backtest,AdxDiCrossBracketOG,OG_AdxDiCrossBracketOG,OG,NQ,NQ JUN26,SHORT,1,26050.00,26073.50,-474.36,-478.72,-95.7,LOSS,STOP_HIT,26072.25,445.00,2026-05-07 09:21:17
2026-01-16,2026-01-16 11:30:00,2026-01-16 11:35:00,OG,Backtest,AdxDiCrossBracketOG,OG_AdxDiCrossBracketOG,OG,NQ,NQ JUN26,LONG,1,25912.25,25924.50,240.64,236.28,47.3,WIN,STOP_HIT,25874.75,750.00,2026-05-07 09:21:17
2026-03-17,2026-03-17 11:15:00,2026-03-17 11:20:00,OG,Backtest,AdxDiCrossBracketOG,OG_AdxDiCrossBracketOG,OG,NQ,NQ JUN26,SHORT,1,25019.75,25057.00,-749.36,-753.72,-150.7,LOSS,STOP_HIT,25056.25,730.00,2026-05-07 09:21:17
2026-03-17,2026-03-17 11:15:00,2026-03-17 11:20:00,OG,Backtest,AdxDiCrossBracketOG,OG_AdxDiCrossBracketOG,OG,NQ,NQ JUN26,SHORT,1,25019.75,25057.00,-749.36,-753.72,-150.7,LOSS,STOP_HIT,25056.25,730.00,2026-05-07 09:21:17
2026-02-24,2026-02-24 10:15:00,2026-02-24 10:15:00,OG,Backtest,AdxDiCrossBracketOG,OG_AdxDiCrossBracketOG,OG,NQ,NQ JUN26,LONG,1,25110.00,25063.00,-944.36,-948.72,-189.7,LOSS,STOP_HIT,25064.25,915.00,2026-05-07 09:21:17
2026-01-09,2026-01-09 09:55:00,2026-01-09 09:55:00,OG,Backtest,AdxDiCrossBracketOG,OG_AdxDiCrossBracketOG,OG,NQ,NQ JUN26,SHORT,1,25912.50,25949.00,-734.36,-738.72,-147.7,LOSS,STOP_HIT,25947.75,705.00,2026-05-07 09:21:17
2026-03-24,2026-03-24 11:00:00,2026-03-24 11:00:00,OG,Backtest,AdxDiCrossBracketOG,OG_AdxDiCrossBracketOG,OG,NQ,NQ JUN26,LONG,1,24282.25,24217.00,-1309.36,-1313.72,-262.7,LOSS,STOP_HIT,24218.25,1280.00,2026-05-07 09:21:17
2026-03-27,2026-03-27 11:40:00,2026-03-27 11:45:00,OG,Backtest,AdxDiCrossBracketOG,OG_AdxDiCrossBracketOG,OG,NQ,NQ JUN26,LONG,1,23597.75,23540.25,-1154.36,-1158.72,-231.7,LOSS,STOP_HIT,23541.50,1125.00,2026-05-07 09:21:17
2026-04-06,2026-04-06 10:55:00,2026-04-06 11:00:00,OG,Backtest,AdxDiCrossBracketOG,OG_AdxDiCrossBracketOG,OG,NQ,NQ JUN26,SHORT,1,24269.25,24322.25,-1064.36,-1068.72,-213.7,LOSS,STOP_HIT,24321.00,1035.00,2026-05-07 09:21:17
2026-04-06,2026-04-06 11:05:00,2026-04-06 11:25:00,OG,Backtest,AdxDiCrossBracketOG,OG_AdxDiCrossBracketOG,OG,NQ,NQ JUN26,LONG,1,24307.50,24290.75,-339.36,-343.72,-68.7,LOSS,STOP_HIT,24255.50,1040.00,2026-05-07 09:21:17
2026-04-06,2026-04-06 11:05:00,2026-04-06 11:25:00,OG,Backtest,AdxDiCrossBracketOG,OG_AdxDiCrossBracketOG,OG,NQ,NQ JUN26,LONG,1,24307.50,24290.75,-339.36,-343.72,-68.7,LOSS,STOP_HIT,24255.50,1040.00,2026-05-07 09:21:17
2026-03-27,2026-03-27 11:40:00,2026-03-27 11:45:00,OG,Backtest,AdxDiCrossBracketOG,OG_AdxDiCrossBracketOG,OG,NQ,NQ JUN26,LONG,1,23597.75,23540.25,-1154.36,-1158.72,-231.7,LOSS,STOP_HIT,23541.50,1125.00,2026-05-07 09:21:17
2026-01-16,2026-01-16 11:30:00,2026-01-16 11:35:00,OG,Backtest,AdxDiCrossBracketOG,OG_AdxDiCrossBracketOG,OG,NQ,NQ JUN26,LONG,1,25912.25,25924.50,240.64,236.28,47.3,WIN,STOP_HIT,25874.75,750.00,2026-05-07 09:21:17
2026-04-06,2026-04-06 11:05:00,2026-04-06 11:25:00,OG,Backtest,AdxDiCrossBracketOG,OG_AdxDiCrossBracketOG,OG,NQ,NQ JUN26,LONG,1,24307.50,24290.75,-339.36,-343.72,-68.7,LOSS,STOP_HIT,24255.50,1040.00,2026-05-07 09:21:17
2026-02-13,2026-02-13 10:35:00,2026-02-13 10:35:00,OG,Backtest,AdxDiCrossBracketOG,OG_AdxDiCrossBracketOG,OG,NQ,NQ JUN26,LONG,1,25058.75,25127.00,1360.64,1356.28,271.3,WIN,TARGET_HIT,24987.50,1425.00,2026-05-07 09:21:17
2026-01-16,2026-01-16 11:30:00,2026-01-16 11:35:00,OG,Backtest,AdxDiCrossBracketOG,OG_AdxDiCrossBracketOG,OG,NQ,NQ JUN26,LONG,1,25912.25,25924.50,240.64,236.28,47.3,WIN,STOP_HIT,25874.75,750.00,2026-05-07 09:21:17
2026-01-21,2026-01-21 11:45:00,2026-01-21 11:45:00,OG,Backtest,AdxDiCrossBracketOG,OG_AdxDiCrossBracketOG,OG,NQ,NQ JUN26,SHORT,1,25543.00,25505.75,740.64,736.28,147.3,WIN,TARGET_HIT,25582.25,785.00,2026-05-07 09:21:17
2026-01-30,2026-01-30 10:55:00,2026-01-30 10:55:00,OG,Backtest,AdxDiCrossBracketOG,OG_AdxDiCrossBracketOG,OG,NQ,NQ JUN26,LONG,1,26118.00,26058.75,-1189.36,-1193.72,-238.7,LOSS,STOP_HIT,26060.00,1160.00,2026-05-07 09:21:17
2026-04-06,2026-04-06 11:35:00,2026-04-06 11:50:00,OG,Backtest,AdxDiCrossBracketOG,OG_AdxDiCrossBracketOG,OG,NQ,NQ JUN26,SHORT,1,24280.00,24294.25,-289.36,-293.72,-58.7,LOSS,STOP_HIT,24325.50,910.00,2026-05-07 09:21:17
2026-01-20,2026-01-20 11:10:00,2026-01-20 11:15:00,OG,Backtest,AdxDiCrossBracketOG,OG_AdxDiCrossBracketOG,OG,NQ,NQ JUN26,LONG,1,25588.25,25600.25,235.64,231.28,46.3,WIN,STOP_HIT,25540.75,950.00,2026-05-07 09:21:17
2026-01-09,2026-01-09 09:45:00,2026-01-09 09:50:00,OG,Backtest,AdxDiCrossBracketOG,OG_AdxDiCrossBracketOG,OG,NQ,NQ JUN26,LONG,1,25965.75,25936.75,-584.36,-588.72,-117.7,LOSS,STOP_HIT,25938.00,555.00,2026-05-07 09:21:17
2026-02-13,2026-02-13 10:35:00,2026-02-13 10:35:00,OG,Backtest,AdxDiCrossBracketOG,OG_AdxDiCrossBracketOG,OG,NQ,NQ JUN26,LONG,1,25058.75,25127.00,1360.64,1356.28,271.3,WIN,TARGET_HIT,24987.50,1425.00,2026-05-07 09:21:17
2026-02-24,2026-02-24 10:15:00,2026-02-24 10:15:00,OG,Backtest,AdxDiCrossBracketOG,OG_AdxDiCrossBracketOG,OG,NQ,NQ JUN26,LONG,1,25110.00,25063.00,-944.36,-948.72,-189.7,LOSS,STOP_HIT,25064.25,915.00,2026-05-07 09:21:17
2026-01-09,2026-01-09 09:55:00,2026-01-09 09:55:00,OG,Backtest,AdxDiCrossBracketOG,OG_AdxDiCrossBracketOG,OG,NQ,NQ JUN26,SHORT,1,25912.50,25949.00,-734.36,-738.72,-147.7,LOSS,STOP_HIT,25947.75,705.00,2026-05-07 09:21:17
2026-03-09,2026-03-09 10:45:00,2026-03-09 10:50:00,OG,Backtest,AdxDiCrossBracketOG,OG_AdxDiCrossBracketOG,OG,NQ,NQ JUN26,LONG,1,24692.75,24762.25,1385.64,1381.28,276.3,WIN,TARGET_HIT,24622.25,1410.00,2026-05-07 09:21:17
2026-04-06,2026-04-06 11:05:00,2026-04-06 11:30:00,OG,Backtest,AdxDiCrossBracketOG,OG_AdxDiCrossBracketOG,OG,NQ,NQ JUN26,LONG,1,24307.50,24278.75,-579.36,-583.72,-116.7,LOSS,STOP_HIT,24255.50,1040.00,2026-05-07 09:21:17
2026-02-05,2026-02-05 11:40:00,2026-02-05 11:50:00,OG,Backtest,AdxDiCrossBracketOG,OG_AdxDiCrossBracketOG,OG,NQ,NQ JUN26,LONG,1,25026.25,24991.50,-699.36,-703.72,-140.7,LOSS,STOP_HIT,24938.00,1765.00,2026-05-07 09:21:17
2026-01-07,2026-01-07 10:10:00,2026-01-07 10:10:00,OG,Backtest,AdxDiCrossBracketOG,OG_AdxDiCrossBracketOG,OG,NQ,NQ JUN26,SHORT,1,26050.00,26073.50,-474.36,-478.72,-95.7,LOSS,STOP_HIT,26072.25,445.00,2026-05-07 09:21:17
2026-01-30,2026-01-30 11:00:00,2026-01-30 11:10:00,OG,Backtest,AdxDiCrossBracketOG,OG_AdxDiCrossBracketOG,OG,NQ,NQ JUN26,SHORT,1,26071.50,26048.25,460.64,456.28,91.3,WIN,STOP_HIT,26129.00,1150.00,2026-05-07 09:21:17
2026-01-09,2026-01-09 09:45:00,2026-01-09 09:50:00,OG,Backtest,AdxDiCrossBracketOG,OG_AdxDiCrossBracketOG,OG,NQ,NQ JUN26,LONG,1,25965.75,25936.75,-584.36,-588.72,-117.7,LOSS,STOP_HIT,25938.00,555.00,2026-05-07 09:21:17
2026-02-11,2026-02-11 10:20:00,2026-02-11 10:20:00,OG,Backtest,AdxDiCrossBracketOG,OG_AdxDiCrossBracketOG,OG,NQ,NQ JUN26,SHORT,1,25395.25,25345.50,990.64,986.28,197.3,WIN,TARGET_HIT,25448.50,1065.00,2026-05-07 09:21:17
2026-01-21,2026-01-21 11:45:00,2026-01-21 11:45:00,OG,Backtest,AdxDiCrossBracketOG,OG_AdxDiCrossBracketOG,OG,NQ,NQ JUN26,SHORT,1,25543.00,25505.75,740.64,736.28,147.3,WIN,TARGET_HIT,25582.25,785.00,2026-05-07 09:21:17
2026-01-09,2026-01-09 09:55:00,2026-01-09 09:55:00,OG,Backtest,AdxDiCrossBracketOG,OG_AdxDiCrossBracketOG,OG,NQ,NQ JUN26,SHORT,1,25912.50,25949.00,-734.36,-738.72,-147.7,LOSS,STOP_HIT,25947.75,705.00,2026-05-07 09:21:17
2026-01-09,2026-01-09 10:10:00,2026-01-09 10:10:00,OG,Backtest,AdxDiCrossBracketOG,OG_AdxDiCrossBracketOG,OG,NQ,NQ JUN26,LONG,1,25922.50,25881.00,-834.36,-838.72,-167.7,LOSS,STOP_HIT,25882.25,805.00,2026-05-07 09:21:17
2026-03-19,2026-03-19 11:15:00,2026-03-19 11:25:00,OG,Backtest,AdxDiCrossBracketOG,OG_AdxDiCrossBracketOG,OG,NQ,NQ JUN26,LONG,1,24531.00,24485.50,-914.36,-918.72,-183.7,LOSS,STOP_HIT,24473.00,1160.00,2026-05-07 09:21:17
2026-01-23,2026-01-23 10:10:00,2026-01-23 10:15:00,OG,Backtest,AdxDiCrossBracketOG,OG_AdxDiCrossBracketOG,OG,NQ,NQ JUN26,LONG,1,25921.75,25885.00,-739.36,-743.72,-148.7,LOSS,STOP_HIT,25885.50,725.00,2026-05-07 09:21:17
2026-01-12,2026-01-12 11:25:00,2026-01-12 11:35:00,OG,Backtest,AdxDiCrossBracketOG,OG_AdxDiCrossBracketOG,OG,NQ,NQ JUN26,LONG,1,26159.50,26149.25,-209.36,-213.72,-42.7,LOSS,STOP_HIT,26131.75,555.00,2026-05-07 09:21:17
2026-03-09,2026-03-09 10:45:00,2026-03-09 10:50:00,OG,Backtest,AdxDiCrossBracketOG,OG_AdxDiCrossBracketOG,OG,NQ,NQ JUN26,LONG,1,24692.75,24762.25,1385.64,1381.28,276.3,WIN,TARGET_HIT,24622.25,1410.00,2026-05-07 09:21:17
2026-02-11,2026-02-11 11:05:00,2026-02-11 11:10:00,OG,Backtest,AdxDiCrossBracketOG,OG_AdxDiCrossBracketOG,OG,NQ,NQ JUN26,LONG,1,25454.25,25417.50,-739.36,-743.72,-148.7,LOSS,STOP_HIT,25393.00,1225.00,2026-05-07 09:21:17
2026-01-28,2026-01-28 11:20:00,2026-01-28 11:25:00,OG,Backtest,AdxDiCrossBracketOG,OG_AdxDiCrossBracketOG,OG,NQ,NQ JUN26,LONG,1,26393.75,26378.25,-314.36,-318.72,-63.7,LOSS,STOP_HIT,26363.25,610.00,2026-05-07 09:21:17
2026-01-20,2026-01-20 11:10:00,2026-01-20 11:15:00,OG,Backtest,AdxDiCrossBracketOG,OG_AdxDiCrossBracketOG,OG,NQ,NQ JUN26,LONG,1,25588.25,25600.25,235.64,231.28,46.3,WIN,STOP_HIT,25540.75,950.00,2026-05-07 09:21:17
2026-01-09,2026-01-09 10:10:00,2026-01-09 10:10:00,OG,Backtest,AdxDiCrossBracketOG,OG_AdxDiCrossBracketOG,OG,NQ,NQ JUN26,LONG,1,25922.50,25881.00,-834.36,-838.72,-167.7,LOSS,STOP_HIT,25882.25,805.00,2026-05-07 09:21:17
2026-02-24,2026-02-24 10:15:00,2026-02-24 10:15:00,OG,Backtest,AdxDiCrossBracketOG,OG_AdxDiCrossBracketOG,OG,NQ,NQ JUN26,LONG,1,25110.00,25063.00,-944.36,-948.72,-189.7,LOSS,STOP_HIT,25064.25,915.00,2026-05-07 09:21:17
2026-01-21,2026-01-21 11:45:00,2026-01-21 11:45:00,OG,Backtest,AdxDiCrossBracketOG,OG_AdxDiCrossBracketOG,OG,NQ,NQ JUN26,SHORT,1,25543.00,25505.75,740.64,736.28,147.3,WIN,TARGET_HIT,25582.25,785.00,2026-05-07 09:21:17
2026-04-07,2026-04-07 11:40:00,2026-04-07 12:00:00,OG,Backtest,AdxDiCrossBracketOG,OG_AdxDiCrossBracketOG,OG,NQ,NQ JUN26,LONG,1,24072.25,24117.50,900.64,896.28,179.3,WIN,TARGET_HIT,24025.00,945.00,2026-05-07 09:21:17
2026-01-21,2026-01-21 11:45:00,2026-01-21 11:45:00,OG,Backtest,AdxDiCrossBracketOG,OG_AdxDiCrossBracketOG,OG,NQ,NQ JUN26,SHORT,1,25543.00,25505.75,740.64,736.28,147.3,WIN,TARGET_HIT,25582.25,785.00,2026-05-07 09:21:17
2026-01-20,2026-01-20 11:10:00,2026-01-20 11:15:00,OG,Backtest,AdxDiCrossBracketOG,OG_AdxDiCrossBracketOG,OG,NQ,NQ JUN26,LONG,1,25588.25,25600.25,235.64,231.28,46.3,WIN,STOP_HIT,25540.75,950.00,2026-05-07 09:21:17
2026-01-28,2026-01-28 11:20:00,2026-01-28 11:25:00,OG,Backtest,AdxDiCrossBracketOG,OG_AdxDiCrossBracketOG,OG,NQ,NQ JUN26,LONG,1,26393.75,26378.25,-314.36,-318.72,-63.7,LOSS,STOP_HIT,26363.25,610.00,2026-05-07 09:21:17
2026-04-06,2026-04-06 11:35:00,2026-04-06 11:50:00,OG,Backtest,AdxDiCrossBracketOG,OG_AdxDiCrossBracketOG,OG,NQ,NQ JUN26,SHORT,1,24280.00,24294.25,-289.36,-293.72,-58.7,LOSS,STOP_HIT,24325.50,910.00,2026-05-07 09:21:17
2026-01-30,2026-01-30 10:55:00,2026-01-30 10:55:00,OG,Backtest,AdxDiCrossBracketOG,OG_AdxDiCrossBracketOG,OG,NQ,NQ JUN26,LONG,1,26118.00,26058.75,-1189.36,-1193.72,-238.7,LOSS,STOP_HIT,26060.00,1160.00,2026-05-07 09:21:17
2026-01-09,2026-01-09 10:15:00,2026-01-09 10:15:00,OG,Backtest,AdxDiCrossBracketOG,OG_AdxDiCrossBracketOG,OG,NQ,NQ JUN26,SHORT,1,25849.75,25897.00,-949.36,-953.72,-190.7,LOSS,STOP_HIT,25895.75,920.00,2026-05-07 09:21:17
2026-04-07,2026-04-07 11:40:00,2026-04-07 12:00:00,OG,Backtest,AdxDiCrossBracketOG,OG_AdxDiCrossBracketOG,OG,NQ,NQ JUN26,LONG,1,24072.25,24117.50,900.64,896.28,179.3,WIN,TARGET_HIT,24025.00,945.00,2026-05-07 09:21:17
2026-03-06,2026-03-06 11:10:00,2026-03-06 11:15:00,OG,Backtest,AdxDiCrossBracketOG,OG_AdxDiCrossBracketOG,OG,NQ,NQ JUN26,LONG,1,25102.25,25058.25,-884.36,-888.72,-177.7,LOSS,STOP_HIT,25038.75,1270.00,2026-05-07 09:21:17
2026-01-09,2026-01-09 10:30:00,2026-01-09 10:30:00,OG,Backtest,AdxDiCrossBracketOG,OG_AdxDiCrossBracketOG,OG,NQ,NQ JUN26,LONG,1,26010.00,26057.25,940.64,936.28,187.3,WIN,TARGET_HIT,25959.75,1005.00,2026-05-07 09:21:17
2026-03-12,2026-03-12 11:50:00,2026-03-12 11:50:00,OG,Backtest,AdxDiCrossBracketOG,OG_AdxDiCrossBracketOG,OG,NQ,NQ JUN26,LONG,1,24898.75,24843.25,-1114.36,-1118.72,-223.7,LOSS,STOP_HIT,24844.50,1085.00,2026-05-07 09:21:17
2026-01-28,2026-01-28 11:20:00,2026-01-28 11:25:00,OG,Backtest,AdxDiCrossBracketOG,OG_AdxDiCrossBracketOG,OG,NQ,NQ JUN26,LONG,1,26393.75,26378.25,-314.36,-318.72,-63.7,LOSS,STOP_HIT,26363.25,610.00,2026-05-07 09:21:17
2026-01-09,2026-01-09 10:30:00,2026-01-09 10:30:00,OG,Backtest,AdxDiCrossBracketOG,OG_AdxDiCrossBracketOG,OG,NQ,NQ JUN26,LONG,1,26010.00,26057.25,940.64,936.28,187.3,WIN,TARGET_HIT,25959.75,1005.00,2026-05-07 09:21:17
2026-02-13,2026-02-13 10:50:00,2026-02-13 11:05:00,OG,Backtest,AdxDiCrossBracketOG,OG_AdxDiCrossBracketOG,OG,NQ,NQ JUN26,SHORT,1,24982.25,25021.00,-779.36,-783.72,-156.7,LOSS,STOP_HIT,25055.00,1455.00,2026-05-07 09:21:17
2026-02-13,2026-02-13 10:50:00,2026-02-13 11:05:00,OG,Backtest,AdxDiCrossBracketOG,OG_AdxDiCrossBracketOG,OG,NQ,NQ JUN26,SHORT,1,24982.25,25021.00,-779.36,-783.72,-156.7,LOSS,STOP_HIT,25055.00,1455.00,2026-05-07 09:21:17
2026-01-09,2026-01-09 10:10:00,2026-01-09 10:10:00,OG,Backtest,AdxDiCrossBracketOG,OG_AdxDiCrossBracketOG,OG,NQ,NQ JUN26,LONG,1,25922.50,25881.00,-834.36,-838.72,-167.7,LOSS,STOP_HIT,25882.25,805.00,2026-05-07 09:21:17
2026-01-20,2026-01-20 11:10:00,2026-01-20 11:15:00,OG,Backtest,AdxDiCrossBracketOG,OG_AdxDiCrossBracketOG,OG,NQ,NQ JUN26,LONG,1,25588.25,25600.25,235.64,231.28,46.3,WIN,STOP_HIT,25540.75,950.00,2026-05-07 09:21:17
2026-02-05,2026-02-05 11:40:00,2026-02-05 11:50:00,OG,Backtest,AdxDiCrossBracketOG,OG_AdxDiCrossBracketOG,OG,NQ,NQ JUN26,LONG,1,25026.25,24991.50,-699.36,-703.72,-140.7,LOSS,STOP_HIT,24938.00,1765.00,2026-05-07 09:21:17
2026-02-24,2026-02-24 09:50:00,2026-02-24 09:50:00,OG,Backtest,AdxDiCrossBracketOG,OG_AdxDiCrossBracketOG,OG,NQ,NQ JUN26,LONG,1,25121.25,25157.50,720.64,716.28,143.3,WIN,TARGET_HIT,25081.50,795.00,2026-05-07 09:21:17
2026-02-24,2026-02-24 10:10:00,2026-02-24 10:10:00,OG,Backtest,AdxDiCrossBracketOG,OG_AdxDiCrossBracketOG,OG,NQ,NQ JUN26,SHORT,1,25048.00,25093.50,-914.36,-918.72,-183.7,LOSS,STOP_HIT,25092.25,885.00,2026-05-07 09:21:17
2026-01-09,2026-01-09 10:15:00,2026-01-09 10:15:00,OG,Backtest,AdxDiCrossBracketOG,OG_AdxDiCrossBracketOG,OG,NQ,NQ JUN26,SHORT,1,25849.75,25897.00,-949.36,-953.72,-190.7,LOSS,STOP_HIT,25895.75,920.00,2026-05-07 09:21:17
2026-04-06,2026-04-06 11:05:00,2026-04-06 11:30:00,OG,Backtest,AdxDiCrossBracketOG,OG_AdxDiCrossBracketOG,OG,NQ,NQ JUN26,LONG,1,24307.50,24278.75,-579.36,-583.72,-116.7,LOSS,STOP_HIT,24255.50,1040.00,2026-05-07 09:21:17
2026-01-21,2026-01-21 11:45:00,2026-01-21 11:45:00,OG,Backtest,AdxDiCrossBracketOG,OG_AdxDiCrossBracketOG,OG,NQ,NQ JUN26,SHORT,1,25543.00,25505.75,740.64,736.28,147.3,WIN,TARGET_HIT,25582.25,785.00,2026-05-07 09:21:17
2026-02-11,2026-02-11 11:05:00,2026-02-11 11:10:00,OG,Backtest,AdxDiCrossBracketOG,OG_AdxDiCrossBracketOG,OG,NQ,NQ JUN26,LONG,1,25454.25,25417.50,-739.36,-743.72,-148.7,LOSS,STOP_HIT,25393.00,1225.00,2026-05-07 09:21:17
2026-01-20,2026-01-20 11:10:00,2026-01-20 11:15:00,OG,Backtest,AdxDiCrossBracketOG,OG_AdxDiCrossBracketOG,OG,NQ,NQ JUN26,LONG,1,25588.25,25600.25,235.64,231.28,46.3,WIN,STOP_HIT,25540.75,950.00,2026-05-07 09:21:17
2026-02-17,2026-02-17 11:10:00,2026-02-17 11:10:00,OG,Backtest,AdxDiCrossBracketOG,OG_AdxDiCrossBracketOG,OG,NQ,NQ JUN26,LONG,1,24862.00,24927.25,1300.64,1296.28,259.3,WIN,TARGET_HIT,24793.75,1365.00,2026-05-07 09:21:17
2026-03-24,2026-03-24 11:00:00,2026-03-24 11:00:00,OG,Backtest,AdxDiCrossBracketOG,OG_AdxDiCrossBracketOG,OG,NQ,NQ JUN26,LONG,1,24282.25,24217.00,-1309.36,-1313.72,-262.7,LOSS,STOP_HIT,24218.25,1280.00,2026-05-07 09:21:17
2026-01-09,2026-01-09 10:15:00,2026-01-09 10:15:00,OG,Backtest,AdxDiCrossBracketOG,OG_AdxDiCrossBracketOG,OG,NQ,NQ JUN26,SHORT,1,25849.75,25897.00,-949.36,-953.72,-190.7,LOSS,STOP_HIT,25895.75,920.00,2026-05-07 09:21:17
2026-03-06,2026-03-06 11:10:00,2026-03-06 11:15:00,OG,Backtest,AdxDiCrossBracketOG,OG_AdxDiCrossBracketOG,OG,NQ,NQ JUN26,LONG,1,25102.25,25058.25,-884.36,-888.72,-177.7,LOSS,STOP_HIT,25038.75,1270.00,2026-05-07 09:21:17
2026-03-02,2026-03-02 11:15:00,2026-03-02 11:20:00,OG,Backtest,AdxDiCrossBracketOG,OG_AdxDiCrossBracketOG,OG,NQ,NQ JUN26,LONG,1,25187.75,25180.00,-159.36,-163.72,-32.7,LOSS,STOP_HIT,25129.50,1165.00,2026-05-07 09:21:18
2026-03-09,2026-03-09 10:45:00,2026-03-09 10:50:00,OG,Backtest,AdxDiCrossBracketOG,OG_AdxDiCrossBracketOG,OG,NQ,NQ JUN26,LONG,1,24692.75,24762.25,1385.64,1381.28,276.3,WIN,TARGET_HIT,24622.25,1410.00,2026-05-07 09:21:18
2026-02-13,2026-02-13 10:35:00,2026-02-13 10:35:00,OG,Backtest,AdxDiCrossBracketOG,OG_AdxDiCrossBracketOG,OG,NQ,NQ JUN26,LONG,1,25058.75,25127.00,1360.64,1356.28,271.3,WIN,TARGET_HIT,24987.50,1425.00,2026-05-07 09:21:18
2026-03-12,2026-03-12 11:50:00,2026-03-12 11:50:00,OG,Backtest,AdxDiCrossBracketOG,OG_AdxDiCrossBracketOG,OG,NQ,NQ JUN26,LONG,1,24898.75,24843.25,-1114.36,-1118.72,-223.7,LOSS,STOP_HIT,24844.50,1085.00,2026-05-07 09:21:18
2026-01-12,2026-01-12 11:25:00,2026-01-12 11:35:00,OG,Backtest,AdxDiCrossBracketOG,OG_AdxDiCrossBracketOG,OG,NQ,NQ JUN26,LONG,1,26159.50,26149.25,-209.36,-213.72,-42.7,LOSS,STOP_HIT,26131.75,555.00,2026-05-07 09:21:18
2026-03-03,2026-03-03 11:25:00,2026-03-03 11:40:00,OG,Backtest,AdxDiCrossBracketOG,OG_AdxDiCrossBracketOG,OG,NQ,NQ JUN26,LONG,1,24795.25,24816.50,420.64,416.28,83.3,WIN,STOP_HIT,24724.00,1425.00,2026-05-07 09:21:18
2026-02-05,2026-02-05 11:40:00,2026-02-05 11:50:00,OG,Backtest,AdxDiCrossBracketOG,OG_AdxDiCrossBracketOG,OG,NQ,NQ JUN26,LONG,1,25026.25,24991.50,-699.36,-703.72,-140.7,LOSS,STOP_HIT,24938.00,1765.00,2026-05-07 09:21:18
2026-04-06,2026-04-06 11:05:00,2026-04-06 11:25:00,OG,Backtest,AdxDiCrossBracketOG,OG_AdxDiCrossBracketOG,OG,NQ,NQ JUN26,LONG,1,24307.50,24290.75,-339.36,-343.72,-68.7,LOSS,STOP_HIT,24255.50,1040.00,2026-05-07 09:21:18
2026-01-07,2026-01-07 09:50:00,2026-01-07 09:50:00,OG,Backtest,AdxDiCrossBracketOG,OG_AdxDiCrossBracketOG,OG,NQ,NQ JUN26,LONG,1,26064.50,26079.75,300.64,296.28,59.3,WIN,TARGET_HIT,26047.25,345.00,2026-05-07 09:21:18
2026-01-20,2026-01-20 11:10:00,2026-01-20 11:15:00,OG,Backtest,AdxDiCrossBracketOG,OG_AdxDiCrossBracketOG,OG,NQ,NQ JUN26,LONG,1,25588.25,25600.25,235.64,231.28,46.3,WIN,STOP_HIT,25540.75,950.00,2026-05-07 09:21:18
2026-01-09,2026-01-09 09:55:00,2026-01-09 09:55:00,OG,Backtest,AdxDiCrossBracketOG,OG_AdxDiCrossBracketOG,OG,NQ,NQ JUN26,SHORT,1,25912.50,25949.00,-734.36,-738.72,-147.7,LOSS,STOP_HIT,25947.75,705.00,2026-05-07 09:21:18
2026-02-03,2026-02-03 09:50:00,2026-02-03 09:50:00,OG,Backtest,AdxDiCrossBracketOG,OG_AdxDiCrossBracketOG,OG,NQ,NQ JUN26,SHORT,1,25960.00,25999.25,-789.36,-793.72,-158.7,LOSS,STOP_HIT,25998.00,760.00,2026-05-07 09:21:18
2026-03-24,2026-03-24 11:00:00,2026-03-24 11:00:00,OG,Backtest,AdxDiCrossBracketOG,OG_AdxDiCrossBracketOG,OG,NQ,NQ JUN26,LONG,1,24282.25,24217.00,-1309.36,-1313.72,-262.7,LOSS,STOP_HIT,24218.25,1280.00,2026-05-07 09:21:18
2026-03-09,2026-03-09 10:45:00,2026-03-09 10:50:00,OG,Backtest,AdxDiCrossBracketOG,OG_AdxDiCrossBracketOG,OG,NQ,NQ JUN26,LONG,1,24692.75,24762.25,1385.64,1381.28,276.3,WIN,TARGET_HIT,24622.25,1410.00,2026-05-07 09:21:18
2026-01-09,2026-01-09 09:45:00,2026-01-09 09:50:00,OG,Backtest,AdxDiCrossBracketOG,OG_AdxDiCrossBracketOG,OG,NQ,NQ JUN26,LONG,1,25965.75,25936.75,-584.36,-588.72,-117.7,LOSS,STOP_HIT,25938.00,555.00,2026-05-07 09:21:18
2026-03-20,2026-03-20 11:30:00,2026-03-20 12:05:00,OG,Backtest,AdxDiCrossBracketOG,OG_AdxDiCrossBracketOG,OG,NQ,NQ JUN26,LONG,1,24275.00,24327.75,1050.64,1046.28,209.3,WIN,TARGET_HIT,24219.75,1105.00,2026-05-07 09:21:18
2026-03-03,2026-03-03 11:25:00,2026-03-03 11:40:00,OG,Backtest,AdxDiCrossBracketOG,OG_AdxDiCrossBracketOG,OG,NQ,NQ JUN26,LONG,1,24795.25,24816.50,420.64,416.28,83.3,WIN,STOP_HIT,24724.00,1425.00,2026-05-07 09:21:18
2026-03-27,2026-03-27 11:40:00,2026-03-27 11:45:00,OG,Backtest,AdxDiCrossBracketOG,OG_AdxDiCrossBracketOG,OG,NQ,NQ JUN26,LONG,1,23597.75,23540.25,-1154.36,-1158.72,-231.7,LOSS,STOP_HIT,23541.50,1125.00,2026-05-07 09:21:18
2026-01-30,2026-01-30 10:55:00,2026-01-30 10:55:00,OG,Backtest,AdxDiCrossBracketOG,OG_AdxDiCrossBracketOG,OG,NQ,NQ JUN26,LONG,1,26118.00,26058.75,-1189.36,-1193.72,-238.7,LOSS,STOP_HIT,26060.00,1160.00,2026-05-07 09:21:18
2026-02-11,2026-02-11 11:05:00,2026-02-11 11:10:00,OG,Backtest,AdxDiCrossBracketOG,OG_AdxDiCrossBracketOG,OG,NQ,NQ JUN26,LONG,1,25454.25,25417.50,-739.36,-743.72,-148.7,LOSS,STOP_HIT,25393.00,1225.00,2026-05-07 09:21:18
2026-03-19,2026-03-19 11:15:00,2026-03-19 11:25:00,OG,Backtest,AdxDiCrossBracketOG,OG_AdxDiCrossBracketOG,OG,NQ,NQ JUN26,LONG,1,24531.00,24485.50,-914.36,-918.72,-183.7,LOSS,STOP_HIT,24473.00,1160.00,2026-05-07 09:21:18
2026-03-09,2026-03-09 10:45:00,2026-03-09 10:50:00,OG,Backtest,AdxDiCrossBracketOG,OG_AdxDiCrossBracketOG,OG,NQ,NQ JUN26,LONG,1,24692.75,24762.25,1385.64,1381.28,276.3,WIN,TARGET_HIT,24622.25,1410.00,2026-05-07 09:21:18
2026-04-06,2026-04-06 11:05:00,2026-04-06 11:30:00,OG,Backtest,AdxDiCrossBracketOG,OG_AdxDiCrossBracketOG,OG,NQ,NQ JUN26,LONG,1,24307.50,24278.75,-579.36,-583.72,-116.7,LOSS,STOP_HIT,24255.50,1040.00,2026-05-07 09:21:18
2026-01-12,2026-01-12 11:25:00,2026-01-12 11:35:00,OG,Backtest,AdxDiCrossBracketOG,OG_AdxDiCrossBracketOG,OG,NQ,NQ JUN26,LONG,1,26159.50,26149.25,-209.36,-213.72,-42.7,LOSS,STOP_HIT,26131.75,555.00,2026-05-07 09:21:18
2026-03-24,2026-03-24 11:00:00,2026-03-24 11:00:00,OG,Backtest,AdxDiCrossBracketOG,OG_AdxDiCrossBracketOG,OG,NQ,NQ JUN26,LONG,1,24282.25,24217.00,-1309.36,-1313.72,-262.7,LOSS,STOP_HIT,24218.25,1280.00,2026-05-07 09:21:18
2026-01-21,2026-01-21 11:45:00,2026-01-21 11:45:00,OG,Backtest,AdxDiCrossBracketOG,OG_AdxDiCrossBracketOG,OG,NQ,NQ JUN26,SHORT,1,25543.00,25505.75,740.64,736.28,147.3,WIN,TARGET_HIT,25582.25,785.00,2026-05-07 09:21:18
2026-01-09,2026-01-09 10:30:00,2026-01-09 10:30:00,OG,Backtest,AdxDiCrossBracketOG,OG_AdxDiCrossBracketOG,OG,NQ,NQ JUN26,LONG,1,26010.00,26057.25,940.64,936.28,187.3,WIN,TARGET_HIT,25959.75,1005.00,2026-05-07 09:21:18
2026-02-10,2026-02-10 09:45:00,2026-02-10 09:45:00,OG,Backtest,AdxDiCrossBracketOG,OG_AdxDiCrossBracketOG,OG,NQ,NQ JUN26,SHORT,1,25534.50,25512.25,440.64,436.28,87.3,WIN,TARGET_HIT,25559.75,505.00,2026-05-07 09:21:18
2026-02-11,2026-02-11 11:20:00,2026-02-11 11:25:00,OG,Backtest,AdxDiCrossBracketOG,OG_AdxDiCrossBracketOG,OG,NQ,NQ JUN26,LONG,1,25468.75,25457.00,-239.36,-243.72,-48.7,LOSS,STOP_HIT,25406.75,1240.00,2026-05-07 09:21:18
2026-03-25,2026-03-25 11:20:00,2026-03-25 11:20:00,OG,Backtest,AdxDiCrossBracketOG,OG_AdxDiCrossBracketOG,OG,NQ,NQ JUN26,SHORT,1,24385.25,24336.50,970.64,966.28,193.3,WIN,TARGET_HIT,24438.00,1055.00,2026-05-07 09:21:18
2026-02-24,2026-02-24 09:50:00,2026-02-24 09:50:00,OG,Backtest,AdxDiCrossBracketOG,OG_AdxDiCrossBracketOG,OG,NQ,NQ JUN26,LONG,1,25121.25,25157.50,720.64,716.28,143.3,WIN,TARGET_HIT,25081.50,795.00,2026-05-07 09:21:18
2026-04-06,2026-04-06 11:05:00,2026-04-06 11:30:00,OG,Backtest,AdxDiCrossBracketOG,OG_AdxDiCrossBracketOG,OG,NQ,NQ JUN26,LONG,1,24307.50,24278.75,-579.36,-583.72,-116.7,LOSS,STOP_HIT,24255.50,1040.00,2026-05-07 09:21:18
2026-02-11,2026-02-11 11:05:00,2026-02-11 11:10:00,OG,Backtest,AdxDiCrossBracketOG,OG_AdxDiCrossBracketOG,OG,NQ,NQ JUN26,LONG,1,25454.25,25417.50,-739.36,-743.72,-148.7,LOSS,STOP_HIT,25393.00,1225.00,2026-05-07 09:21:18
2026-01-28,2026-01-28 10:55:00,2026-01-28 11:20:00,OG,Backtest,AdxDiCrossBracketOG,OG_AdxDiCrossBracketOG,OG,NQ,NQ JUN26,SHORT,1,26394.50,26393.75,10.64,6.28,1.3,WIN,STOP_HIT,26429.00,690.00,2026-05-07 09:21:18
2026-01-09,2026-01-09 09:45:00,2026-01-09 09:50:00,OG,Backtest,AdxDiCrossBracketOG,OG_AdxDiCrossBracketOG,OG,NQ,NQ JUN26,LONG,1,25965.75,25936.75,-584.36,-588.72,-117.7,LOSS,STOP_HIT,25938.00,555.00,2026-05-07 09:21:18
2026-03-12,2026-03-12 11:50:00,2026-03-12 11:50:00,OG,Backtest,AdxDiCrossBracketOG,OG_AdxDiCrossBracketOG,OG,NQ,NQ JUN26,LONG,1,24898.75,24843.25,-1114.36,-1118.72,-223.7,LOSS,STOP_HIT,24844.50,1085.00,2026-05-07 09:21:18
2026-03-13,2026-03-13 10:50:00,2026-03-13 10:50:00,OG,Backtest,AdxDiCrossBracketOG,OG_AdxDiCrossBracketOG,OG,NQ,NQ JUN26,SHORT,1,24804.25,24755.00,980.64,976.28,195.3,WIN,TARGET_HIT,24853.50,985.00,2026-05-07 09:21:18
2026-01-09,2026-01-09 09:55:00,2026-01-09 09:55:00,OG,Backtest,AdxDiCrossBracketOG,OG_AdxDiCrossBracketOG,OG,NQ,NQ JUN26,SHORT,1,25912.50,25949.00,-734.36,-738.72,-147.7,LOSS,STOP_HIT,25947.75,705.00,2026-05-07 09:21:18
2026-01-30,2026-01-30 11:00:00,2026-01-30 11:10:00,OG,Backtest,AdxDiCrossBracketOG,OG_AdxDiCrossBracketOG,OG,NQ,NQ JUN26,SHORT,1,26071.50,26048.25,460.64,456.28,91.3,WIN,STOP_HIT,26129.00,1150.00,2026-05-07 09:21:18
2026-03-03,2026-03-03 11:25:00,2026-03-03 11:40:00,OG,Backtest,AdxDiCrossBracketOG,OG_AdxDiCrossBracketOG,OG,NQ,NQ JUN26,LONG,1,24795.25,24816.50,420.64,416.28,83.3,WIN,STOP_HIT,24724.00,1425.00,2026-05-07 09:21:18
2026-03-19,2026-03-19 11:15:00,2026-03-19 11:25:00,OG,Backtest,AdxDiCrossBracketOG,OG_AdxDiCrossBracketOG,OG,NQ,NQ JUN26,LONG,1,24531.00,24485.50,-914.36,-918.72,-183.7,LOSS,STOP_HIT,24473.00,1160.00,2026-05-07 09:21:18
2026-02-24,2026-02-24 10:10:00,2026-02-24 10:10:00,OG,Backtest,AdxDiCrossBracketOG,OG_AdxDiCrossBracketOG,OG,NQ,NQ JUN26,SHORT,1,25048.00,25093.50,-914.36,-918.72,-183.7,LOSS,STOP_HIT,25092.25,885.00,2026-05-07 09:21:18
2026-04-06,2026-04-06 11:05:00,2026-04-06 11:25:00,OG,Backtest,AdxDiCrossBracketOG,OG_AdxDiCrossBracketOG,OG,NQ,NQ JUN26,LONG,1,24307.50,24290.75,-339.36,-343.72,-68.7,LOSS,STOP_HIT,24255.50,1040.00,2026-05-07 09:21:18
2026-01-30,2026-01-30 10:55:00,2026-01-30 10:55:00,OG,Backtest,AdxDiCrossBracketOG,OG_AdxDiCrossBracketOG,OG,NQ,NQ JUN26,LONG,1,26118.00,26058.75,-1189.36,-1193.72,-238.7,LOSS,STOP_HIT,26060.00,1160.00,2026-05-07 09:21:18
2026-03-20,2026-03-20 11:30:00,2026-03-20 12:05:00,OG,Backtest,AdxDiCrossBracketOG,OG_AdxDiCrossBracketOG,OG,NQ,NQ JUN26,LONG,1,24275.00,24327.75,1050.64,1046.28,209.3,WIN,TARGET_HIT,24219.75,1105.00,2026-05-07 09:21:18
2026-02-11,2026-02-11 11:05:00,2026-02-11 11:10:00,OG,Backtest,AdxDiCrossBracketOG,OG_AdxDiCrossBracketOG,OG,NQ,NQ JUN26,LONG,1,25454.25,25417.50,-739.36,-743.72,-148.7,LOSS,STOP_HIT,25393.00,1225.00,2026-05-07 09:21:18
2026-03-24,2026-03-24 11:00:00,2026-03-24 11:00:00,OG,Backtest,AdxDiCrossBracketOG,OG_AdxDiCrossBracketOG,OG,NQ,NQ JUN26,LONG,1,24282.25,24217.00,-1309.36,-1313.72,-262.7,LOSS,STOP_HIT,24218.25,1280.00,2026-05-07 09:21:18
2026-04-07,2026-04-07 11:40:00,2026-04-07 12:00:00,OG,Backtest,AdxDiCrossBracketOG,OG_AdxDiCrossBracketOG,OG,NQ,NQ JUN26,LONG,1,24072.25,24117.50,900.64,896.28,179.3,WIN,TARGET_HIT,24025.00,945.00,2026-05-07 09:21:18
2026-02-11,2026-02-11 11:20:00,2026-02-11 11:25:00,OG,Backtest,AdxDiCrossBracketOG,OG_AdxDiCrossBracketOG,OG,NQ,NQ JUN26,LONG,1,25468.75,25457.00,-239.36,-243.72,-48.7,LOSS,STOP_HIT,25406.75,1240.00,2026-05-07 09:21:18
2026-01-07,2026-01-07 09:50:00,2026-01-07 09:50:00,OG,Backtest,AdxDiCrossBracketOG,OG_AdxDiCrossBracketOG,OG,NQ,NQ JUN26,LONG,1,26064.50,26079.75,300.64,296.28,59.3,WIN,TARGET_HIT,26047.25,345.00,2026-05-07 09:21:18
2026-04-10,2026-04-10 11:45:00,2026-04-10 12:00:00,OG,Backtest,AdxDiCrossBracketOG,OG_AdxDiCrossBracketOG,OG,NQ,NQ JUN26,SHORT,1,25300.75,25269.75,615.64,611.28,122.3,WIN,TARGET_HIT,25334.25,670.00,2026-05-07 09:21:18
2026-04-07,2026-04-07 11:40:00,2026-04-07 12:00:00,OG,Backtest,AdxDiCrossBracketOG,OG_AdxDiCrossBracketOG,OG,NQ,NQ JUN26,LONG,1,24072.25,24117.50,900.64,896.28,179.3,WIN,TARGET_HIT,24025.00,945.00,2026-05-07 09:21:18
2026-03-12,2026-03-12 11:50:00,2026-03-12 11:50:00,OG,Backtest,AdxDiCrossBracketOG,OG_AdxDiCrossBracketOG,OG,NQ,NQ JUN26,LONG,1,24898.75,24843.25,-1114.36,-1118.72,-223.7,LOSS,STOP_HIT,24844.50,1085.00,2026-05-07 09:21:18
2026-04-06,2026-04-06 10:55:00,2026-04-06 11:00:00,OG,Backtest,AdxDiCrossBracketOG,OG_AdxDiCrossBracketOG,OG,NQ,NQ JUN26,SHORT,1,24269.25,24322.25,-1064.36,-1068.72,-213.7,LOSS,STOP_HIT,24321.00,1035.00,2026-05-07 09:21:18
2026-03-13,2026-03-13 10:50:00,2026-03-13 10:50:00,OG,Backtest,AdxDiCrossBracketOG,OG_AdxDiCrossBracketOG,OG,NQ,NQ JUN26,SHORT,1,24804.25,24755.00,980.64,976.28,195.3,WIN,TARGET_HIT,24853.50,985.00,2026-05-07 09:21:18
2026-03-09,2026-03-09 10:45:00,2026-03-09 10:50:00,OG,Backtest,AdxDiCrossBracketOG,OG_AdxDiCrossBracketOG,OG,NQ,NQ JUN26,LONG,1,24692.75,24762.25,1385.64,1381.28,276.3,WIN,TARGET_HIT,24622.25,1410.00,2026-05-07 09:21:18
2026-01-07,2026-01-07 09:50:00,2026-01-07 09:50:00,OG,Backtest,AdxDiCrossBracketOG,OG_AdxDiCrossBracketOG,OG,NQ,NQ JUN26,LONG,1,26064.50,26079.75,300.64,296.28,59.3,WIN,TARGET_HIT,26047.25,345.00,2026-05-07 09:21:18
2026-01-09,2026-01-09 09:45:00,2026-01-09 09:50:00,OG,Backtest,AdxDiCrossBracketOG,OG_AdxDiCrossBracketOG,OG,NQ,NQ JUN26,LONG,1,25965.75,25936.75,-584.36,-588.72,-117.7,LOSS,STOP_HIT,25938.00,555.00,2026-05-07 09:21:18
2026-03-17,2026-03-17 11:15:00,2026-03-17 11:20:00,OG,Backtest,AdxDiCrossBracketOG,OG_AdxDiCrossBracketOG,OG,NQ,NQ JUN26,SHORT,1,25019.75,25057.00,-749.36,-753.72,-150.7,LOSS,STOP_HIT,25056.25,730.00,2026-05-07 09:21:18
2026-01-06,2026-01-06 11:00:00,2026-01-06 11:05:00,OG,Backtest,AdxDiCrossBracketOG,OG_AdxDiCrossBracketOG,OG,NQ,NQ JUN26,SHORT,1,25908.50,25880.75,550.64,546.28,109.3,WIN,TARGET_HIT,25938.25,595.00,2026-05-07 09:21:18
2026-01-07,2026-01-07 09:50:00,2026-01-07 09:50:00,OG,Backtest,AdxDiCrossBracketOG,OG_AdxDiCrossBracketOG,OG,NQ,NQ JUN26,LONG,1,26064.50,26079.75,300.64,296.28,59.3,WIN,TARGET_HIT,26047.25,345.00,2026-05-07 09:21:18
2026-01-07,2026-01-07 09:50:00,2026-01-07 09:50:00,OG,Backtest,AdxDiCrossBracketOG,OG_AdxDiCrossBracketOG,OG,NQ,NQ JUN26,LONG,1,26064.50,26079.75,300.64,296.28,59.3,WIN,TARGET_HIT,26047.25,345.00,2026-05-07 09:21:18
2026-01-09,2026-01-09 10:30:00,2026-01-09 10:30:00,OG,Backtest,AdxDiCrossBracketOG,OG_AdxDiCrossBracketOG,OG,NQ,NQ JUN26,LONG,1,26010.00,26057.25,940.64,936.28,187.3,WIN,TARGET_HIT,25959.75,1005.00,2026-05-07 09:21:18
2026-04-07,2026-04-07 11:40:00,2026-04-07 12:00:00,OG,Backtest,AdxDiCrossBracketOG,OG_AdxDiCrossBracketOG,OG,NQ,NQ JUN26,LONG,1,24072.25,24117.50,900.64,896.28,179.3,WIN,TARGET_HIT,24025.00,945.00,2026-05-07 09:21:18
2026-03-20,2026-03-20 11:30:00,2026-03-20 12:05:00,OG,Backtest,AdxDiCrossBracketOG,OG_AdxDiCrossBracketOG,OG,NQ,NQ JUN26,LONG,1,24275.00,24327.75,1050.64,1046.28,209.3,WIN,TARGET_HIT,24219.75,1105.00,2026-05-07 09:21:18
2026-04-06,2026-04-06 11:35:00,2026-04-06 11:50:00,OG,Backtest,AdxDiCrossBracketOG,OG_AdxDiCrossBracketOG,OG,NQ,NQ JUN26,SHORT,1,24280.00,24294.25,-289.36,-293.72,-58.7,LOSS,STOP_HIT,24325.50,910.00,2026-05-07 09:21:18
2026-02-24,2026-02-24 10:10:00,2026-02-24 10:10:00,OG,Backtest,AdxDiCrossBracketOG,OG_AdxDiCrossBracketOG,OG,NQ,NQ JUN26,SHORT,1,25048.00,25093.50,-914.36,-918.72,-183.7,LOSS,STOP_HIT,25092.25,885.00,2026-05-07 09:21:18
2026-04-07,2026-04-07 11:40:00,2026-04-07 12:00:00,OG,Backtest,AdxDiCrossBracketOG,OG_AdxDiCrossBracketOG,OG,NQ,NQ JUN26,LONG,1,24072.25,24117.50,900.64,896.28,179.3,WIN,TARGET_HIT,24025.00,945.00,2026-05-07 09:21:18
2026-02-11,2026-02-11 10:20:00,2026-02-11 10:20:00,OG,Backtest,AdxDiCrossBracketOG,OG_AdxDiCrossBracketOG,OG,NQ,NQ JUN26,SHORT,1,25395.25,25345.50,990.64,986.28,197.3,WIN,TARGET_HIT,25448.50,1065.00,2026-05-07 09:21:18
2026-01-09,2026-01-09 09:55:00,2026-01-09 09:55:00,OG,Backtest,AdxDiCrossBracketOG,OG_AdxDiCrossBracketOG,OG,NQ,NQ JUN26,SHORT,1,25912.50,25949.00,-734.36,-738.72,-147.7,LOSS,STOP_HIT,25947.75,705.00,2026-05-07 09:21:18
2026-04-10,2026-04-10 11:45:00,2026-04-10 12:00:00,OG,Backtest,AdxDiCrossBracketOG,OG_AdxDiCrossBracketOG,OG,NQ,NQ JUN26,SHORT,1,25300.75,25269.75,615.64,611.28,122.3,WIN,TARGET_HIT,25334.25,670.00,2026-05-07 09:21:18
2026-02-17,2026-02-17 11:10:00,2026-02-17 11:10:00,OG,Backtest,AdxDiCrossBracketOG,OG_AdxDiCrossBracketOG,OG,NQ,NQ JUN26,LONG,1,24862.00,24927.25,1300.64,1296.28,259.3,WIN,TARGET_HIT,24793.75,1365.00,2026-05-07 09:21:18
2026-03-13,2026-03-13 10:50:00,2026-03-13 10:50:00,OG,Backtest,AdxDiCrossBracketOG,OG_AdxDiCrossBracketOG,OG,NQ,NQ JUN26,SHORT,1,24804.25,24755.00,980.64,976.28,195.3,WIN,TARGET_HIT,24853.50,985.00,2026-05-07 09:21:18
2026-02-11,2026-02-11 11:20:00,2026-02-11 11:25:00,OG,Backtest,AdxDiCrossBracketOG,OG_AdxDiCrossBracketOG,OG,NQ,NQ JUN26,LONG,1,25468.75,25457.00,-239.36,-243.72,-48.7,LOSS,STOP_HIT,25406.75,1240.00,2026-05-07 09:21:18
2026-01-09,2026-01-09 10:30:00,2026-01-09 10:30:00,OG,Backtest,AdxDiCrossBracketOG,OG_AdxDiCrossBracketOG,OG,NQ,NQ JUN26,LONG,1,26010.00,26057.25,940.64,936.28,187.3,WIN,TARGET_HIT,25959.75,1005.00,2026-05-07 09:21:18
2026-04-06,2026-04-06 11:05:00,2026-04-06 11:25:00,OG,Backtest,AdxDiCrossBracketOG,OG_AdxDiCrossBracketOG,OG,NQ,NQ JUN26,LONG,1,24307.50,24290.75,-339.36,-343.72,-68.7,LOSS,STOP_HIT,24255.50,1040.00,2026-05-07 09:21:18
2026-04-06,2026-04-06 10:55:00,2026-04-06 11:00:00,OG,Backtest,AdxDiCrossBracketOG,OG_AdxDiCrossBracketOG,OG,NQ,NQ JUN26,SHORT,1,24269.25,24322.25,-1064.36,-1068.72,-213.7,LOSS,STOP_HIT,24321.00,1035.00,2026-05-07 09:21:18
2026-03-20,2026-03-20 11:30:00,2026-03-20 12:05:00,OG,Backtest,AdxDiCrossBracketOG,OG_AdxDiCrossBracketOG,OG,NQ,NQ JUN26,LONG,1,24275.00,24327.75,1050.64,1046.28,209.3,WIN,TARGET_HIT,24219.75,1105.00,2026-05-07 09:21:18
2026-03-20,2026-03-20 11:30:00,2026-03-20 12:05:00,OG,Backtest,AdxDiCrossBracketOG,OG_AdxDiCrossBracketOG,OG,NQ,NQ JUN26,LONG,1,24275.00,24327.75,1050.64,1046.28,209.3,WIN,TARGET_HIT,24219.75,1105.00,2026-05-07 09:21:18
2026-01-13,2026-01-13 10:10:00,2026-01-13 10:15:00,OG,Backtest,AdxDiCrossBracketOG,OG_AdxDiCrossBracketOG,OG,NQ,NQ JUN26,SHORT,1,26137.25,26108.00,580.64,576.28,115.3,WIN,TARGET_HIT,26168.00,615.00,2026-05-07 09:21:18
2026-01-06,2026-01-06 11:00:00,2026-01-06 11:05:00,OG,Backtest,AdxDiCrossBracketOG,OG_AdxDiCrossBracketOG,OG,NQ,NQ JUN26,SHORT,1,25908.50,25880.75,550.64,546.28,109.3,WIN,TARGET_HIT,25938.25,595.00,2026-05-07 09:21:18
2026-02-24,2026-02-24 10:10:00,2026-02-24 10:10:00,OG,Backtest,AdxDiCrossBracketOG,OG_AdxDiCrossBracketOG,OG,NQ,NQ JUN26,SHORT,1,25048.00,25093.50,-914.36,-918.72,-183.7,LOSS,STOP_HIT,25092.25,885.00,2026-05-07 09:21:18
2026-04-10,2026-04-10 11:45:00,2026-04-10 12:00:00,OG,Backtest,AdxDiCrossBracketOG,OG_AdxDiCrossBracketOG,OG,NQ,NQ JUN26,SHORT,1,25300.75,25269.75,615.64,611.28,122.3,WIN,TARGET_HIT,25334.25,670.00,2026-05-07 09:21:18
2026-01-21,2026-01-21 11:45:00,2026-01-21 11:45:00,OG,Backtest,AdxDiCrossBracketOG,OG_AdxDiCrossBracketOG,OG,NQ,NQ JUN26,SHORT,1,25543.00,25505.75,740.64,736.28,147.3,WIN,TARGET_HIT,25582.25,785.00,2026-05-07 09:21:18
2026-01-21,2026-01-21 11:45:00,2026-01-21 11:45:00,OG,Backtest,AdxDiCrossBracketOG,OG_AdxDiCrossBracketOG,OG,NQ,NQ JUN26,SHORT,1,25543.00,25505.75,740.64,736.28,147.3,WIN,TARGET_HIT,25582.25,785.00,2026-05-07 09:21:18
2026-02-11,2026-02-11 11:20:00,2026-02-11 11:25:00,OG,Backtest,AdxDiCrossBracketOG,OG_AdxDiCrossBracketOG,OG,NQ,NQ JUN26,LONG,1,25468.75,25457.00,-239.36,-243.72,-48.7,LOSS,STOP_HIT,25406.75,1240.00,2026-05-07 09:21:18
2026-03-24,2026-03-24 11:00:00,2026-03-24 11:00:00,OG,Backtest,AdxDiCrossBracketOG,OG_AdxDiCrossBracketOG,OG,NQ,NQ JUN26,LONG,1,24282.25,24217.00,-1309.36,-1313.72,-262.7,LOSS,STOP_HIT,24218.25,1280.00,2026-05-07 09:21:18
2026-02-13,2026-02-13 10:35:00,2026-02-13 10:35:00,OG,Backtest,AdxDiCrossBracketOG,OG_AdxDiCrossBracketOG,OG,NQ,NQ JUN26,LONG,1,25058.75,25127.00,1360.64,1356.28,271.3,WIN,TARGET_HIT,24987.50,1425.00,2026-05-07 09:21:18
2026-04-06,2026-04-06 10:55:00,2026-04-06 11:00:00,OG,Backtest,AdxDiCrossBracketOG,OG_AdxDiCrossBracketOG,OG,NQ,NQ JUN26,SHORT,1,24269.25,24322.25,-1064.36,-1068.72,-213.7,LOSS,STOP_HIT,24321.00,1035.00,2026-05-07 09:21:18
2026-01-09,2026-01-09 10:10:00,2026-01-09 10:10:00,OG,Backtest,AdxDiCrossBracketOG,OG_AdxDiCrossBracketOG,OG,NQ,NQ JUN26,LONG,1,25922.50,25881.00,-834.36,-838.72,-167.7,LOSS,STOP_HIT,25882.25,805.00,2026-05-07 09:21:18
2026-01-07,2026-01-07 09:50:00,2026-01-07 09:50:00,OG,Backtest,AdxDiCrossBracketOG,OG_AdxDiCrossBracketOG,OG,NQ,NQ JUN26,LONG,1,26064.50,26079.75,300.64,296.28,59.3,WIN,TARGET_HIT,26047.25,345.00,2026-05-07 09:21:18
2026-02-17,2026-02-17 11:10:00,2026-02-17 11:10:00,OG,Backtest,AdxDiCrossBracketOG,OG_AdxDiCrossBracketOG,OG,NQ,NQ JUN26,LONG,1,24862.00,24927.25,1300.64,1296.28,259.3,WIN,TARGET_HIT,24793.75,1365.00,2026-05-07 09:21:18
2026-04-06,2026-04-06 11:35:00,2026-04-06 11:50:00,OG,Backtest,AdxDiCrossBracketOG,OG_AdxDiCrossBracketOG,OG,NQ,NQ JUN26,SHORT,1,24280.00,24294.25,-289.36,-293.72,-58.7,LOSS,STOP_HIT,24325.50,910.00,2026-05-07 09:21:18
2026-02-03,2026-02-03 09:50:00,2026-02-03 09:50:00,OG,Backtest,AdxDiCrossBracketOG,OG_AdxDiCrossBracketOG,OG,NQ,NQ JUN26,SHORT,1,25960.00,25999.25,-789.36,-793.72,-158.7,LOSS,STOP_HIT,25998.00,760.00,2026-05-07 09:21:18
2026-04-07,2026-04-07 11:40:00,2026-04-07 12:00:00,OG,Backtest,AdxDiCrossBracketOG,OG_AdxDiCrossBracketOG,OG,NQ,NQ JUN26,LONG,1,24072.25,24117.50,900.64,896.28,179.3,WIN,TARGET_HIT,24025.00,945.00,2026-05-07 09:21:18
2026-03-13,2026-03-13 10:50:00,2026-03-13 10:50:00,OG,Backtest,AdxDiCrossBracketOG,OG_AdxDiCrossBracketOG,OG,NQ,NQ JUN26,SHORT,1,24804.25,24755.00,980.64,976.28,195.3,WIN,TARGET_HIT,24853.50,985.00,2026-05-07 09:21:18
2026-02-10,2026-02-10 09:45:00,2026-02-10 09:45:00,OG,Backtest,AdxDiCrossBracketOG,OG_AdxDiCrossBracketOG,OG,NQ,NQ JUN26,SHORT,1,25534.50,25512.25,440.64,436.28,87.3,WIN,TARGET_HIT,25559.75,505.00,2026-05-07 09:21:18
2026-02-11,2026-02-11 11:20:00,2026-02-11 11:25:00,OG,Backtest,AdxDiCrossBracketOG,OG_AdxDiCrossBracketOG,OG,NQ,NQ JUN26,LONG,1,25468.75,25457.00,-239.36,-243.72,-48.7,LOSS,STOP_HIT,25406.75,1240.00,2026-05-07 09:21:18
2026-01-09,2026-01-09 09:55:00,2026-01-09 09:55:00,OG,Backtest,AdxDiCrossBracketOG,OG_AdxDiCrossBracketOG,OG,NQ,NQ JUN26,SHORT,1,25912.50,25949.00,-734.36,-738.72,-147.7,LOSS,STOP_HIT,25947.75,705.00,2026-05-07 09:21:18
2026-01-09,2026-01-09 09:45:00,2026-01-09 09:50:00,OG,Backtest,AdxDiCrossBracketOG,OG_AdxDiCrossBracketOG,OG,NQ,NQ JUN26,LONG,1,25965.75,25936.75,-584.36,-588.72,-117.7,LOSS,STOP_HIT,25938.00,555.00,2026-05-07 09:21:18
2026-03-17,2026-03-17 11:15:00,2026-03-17 11:20:00,OG,Backtest,AdxDiCrossBracketOG,OG_AdxDiCrossBracketOG,OG,NQ,NQ JUN26,SHORT,1,25019.75,25057.00,-749.36,-753.72,-150.7,LOSS,STOP_HIT,25056.25,730.00,2026-05-07 09:21:18
2026-01-20,2026-01-20 11:10:00,2026-01-20 11:15:00,OG,Backtest,AdxDiCrossBracketOG,OG_AdxDiCrossBracketOG,OG,NQ,NQ JUN26,LONG,1,25588.25,25600.25,235.64,231.28,46.3,WIN,STOP_HIT,25540.75,950.00,2026-05-07 09:21:18
2026-02-24,2026-02-24 10:15:00,2026-02-24 10:15:00,OG,Backtest,AdxDiCrossBracketOG,OG_AdxDiCrossBracketOG,OG,NQ,NQ JUN26,LONG,1,25110.00,25063.00,-944.36,-948.72,-189.7,LOSS,STOP_HIT,25064.25,915.00,2026-05-07 09:21:18
2026-02-17,2026-02-17 11:10:00,2026-02-17 11:10:00,OG,Backtest,AdxDiCrossBracketOG,OG_AdxDiCrossBracketOG,OG,NQ,NQ JUN26,LONG,1,24862.00,24927.25,1300.64,1296.28,259.3,WIN,TARGET_HIT,24793.75,1365.00,2026-05-07 09:21:18
2026-03-03,2026-03-03 11:25:00,2026-03-03 11:40:00,OG,Backtest,AdxDiCrossBracketOG,OG_AdxDiCrossBracketOG,OG,NQ,NQ JUN26,LONG,1,24795.25,24816.50,420.64,416.28,83.3,WIN,STOP_HIT,24724.00,1425.00,2026-05-07 09:21:18
2026-01-12,2026-01-12 11:25:00,2026-01-12 11:35:00,OG,Backtest,AdxDiCrossBracketOG,OG_AdxDiCrossBracketOG,OG,NQ,NQ JUN26,LONG,1,26159.50,26149.25,-209.36,-213.72,-42.7,LOSS,STOP_HIT,26131.75,555.00,2026-05-07 09:21:18
2026-01-09,2026-01-09 09:55:00,2026-01-09 09:55:00,OG,Backtest,AdxDiCrossBracketOG,OG_AdxDiCrossBracketOG,OG,NQ,NQ JUN26,SHORT,1,25912.50,25949.00,-734.36,-738.72,-147.7,LOSS,STOP_HIT,25947.75,705.00,2026-05-07 09:21:18
2026-01-28,2026-01-28 10:55:00,2026-01-28 11:15:00,OG,Backtest,AdxDiCrossBracketOG,OG_AdxDiCrossBracketOG,OG,NQ,NQ JUN26,SHORT,1,26394.50,26407.00,-254.36,-258.72,-51.7,LOSS,STOP_HIT,26429.00,690.00,2026-05-07 09:21:18
2026-02-24,2026-02-24 09:50:00,2026-02-24 09:50:00,OG,Backtest,AdxDiCrossBracketOG,OG_AdxDiCrossBracketOG,OG,NQ,NQ JUN26,LONG,1,25121.25,25157.50,720.64,716.28,143.3,WIN,TARGET_HIT,25081.50,795.00,2026-05-07 09:21:18
2026-01-28,2026-01-28 11:20:00,2026-01-28 11:25:00,OG,Backtest,AdxDiCrossBracketOG,OG_AdxDiCrossBracketOG,OG,NQ,NQ JUN26,LONG,1,26393.75,26378.25,-314.36,-318.72,-63.7,LOSS,STOP_HIT,26363.25,610.00,2026-05-07 09:21:18
2026-01-16,2026-01-16 11:30:00,2026-01-16 11:35:00,OG,Backtest,AdxDiCrossBracketOG,OG_AdxDiCrossBracketOG,OG,NQ,NQ JUN26,LONG,1,25912.25,25924.50,240.64,236.28,47.3,WIN,STOP_HIT,25874.75,750.00,2026-05-07 09:21:18
2026-02-11,2026-02-11 11:05:00,2026-02-11 11:10:00,OG,Backtest,AdxDiCrossBracketOG,OG_AdxDiCrossBracketOG,OG,NQ,NQ JUN26,LONG,1,25454.25,25417.50,-739.36,-743.72,-148.7,LOSS,STOP_HIT,25393.00,1225.00,2026-05-07 09:21:18
2026-03-02,2026-03-02 11:15:00,2026-03-02 11:20:00,OG,Backtest,AdxDiCrossBracketOG,OG_AdxDiCrossBracketOG,OG,NQ,NQ JUN26,LONG,1,25187.75,25180.00,-159.36,-163.72,-32.7,LOSS,STOP_HIT,25129.50,1165.00,2026-05-07 09:21:18
2026-01-07,2026-01-07 09:50:00,2026-01-07 09:50:00,OG,Backtest,AdxDiCrossBracketOG,OG_AdxDiCrossBracketOG,OG,NQ,NQ JUN26,LONG,1,26064.50,26079.75,300.64,296.28,59.3,WIN,TARGET_HIT,26047.25,345.00,2026-05-07 09:21:18
2026-03-03,2026-03-03 11:25:00,2026-03-03 11:40:00,OG,Backtest,AdxDiCrossBracketOG,OG_AdxDiCrossBracketOG,OG,NQ,NQ JUN26,LONG,1,24795.25,24816.50,420.64,416.28,83.3,WIN,STOP_HIT,24724.00,1425.00,2026-05-07 09:21:18
2026-04-06,2026-04-06 11:05:00,2026-04-06 11:30:00,OG,Backtest,AdxDiCrossBracketOG,OG_AdxDiCrossBracketOG,OG,NQ,NQ JUN26,LONG,1,24307.50,24278.75,-579.36,-583.72,-116.7,LOSS,STOP_HIT,24255.50,1040.00,2026-05-07 09:21:18
2026-01-07,2026-01-07 10:10:00,2026-01-07 10:10:00,OG,Backtest,AdxDiCrossBracketOG,OG_AdxDiCrossBracketOG,OG,NQ,NQ JUN26,SHORT,1,26050.00,26073.50,-474.36,-478.72,-95.7,LOSS,STOP_HIT,26072.25,445.00,2026-05-07 09:21:18
2026-01-09,2026-01-09 09:45:00,2026-01-09 09:50:00,OG,Backtest,AdxDiCrossBracketOG,OG_AdxDiCrossBracketOG,OG,NQ,NQ JUN26,LONG,1,25965.75,25936.75,-584.36,-588.72,-117.7,LOSS,STOP_HIT,25938.00,555.00,2026-05-07 09:21:18
2026-01-09,2026-01-09 10:30:00,2026-01-09 10:30:00,OG,Backtest,AdxDiCrossBracketOG,OG_AdxDiCrossBracketOG,OG,NQ,NQ JUN26,LONG,1,26010.00,26057.25,940.64,936.28,187.3,WIN,TARGET_HIT,25959.75,1005.00,2026-05-07 09:21:18
2026-01-30,2026-01-30 11:00:00,2026-01-30 11:10:00,OG,Backtest,AdxDiCrossBracketOG,OG_AdxDiCrossBracketOG,OG,NQ,NQ JUN26,SHORT,1,26071.50,26048.25,460.64,456.28,91.3,WIN,STOP_HIT,26129.00,1150.00,2026-05-07 09:21:18
2026-04-02,2026-04-02 10:45:00,2026-04-02 10:45:00,OG,Backtest,AdxDiCrossBracketOG,OG_AdxDiCrossBracketOG,OG,NQ,NQ JUN26,LONG,1,24211.00,24133.25,-1559.36,-1563.72,-312.7,LOSS,STOP_HIT,24134.50,1530.00,2026-05-07 09:21:18
2026-01-20,2026-01-20 11:10:00,2026-01-20 11:15:00,OG,Backtest,AdxDiCrossBracketOG,OG_AdxDiCrossBracketOG,OG,NQ,NQ JUN26,LONG,1,25588.25,25600.25,235.64,231.28,46.3,WIN,STOP_HIT,25540.75,950.00,2026-05-07 09:21:18
2026-03-12,2026-03-12 11:50:00,2026-03-12 11:50:00,OG,Backtest,AdxDiCrossBracketOG,OG_AdxDiCrossBracketOG,OG,NQ,NQ JUN26,LONG,1,24898.75,24843.25,-1114.36,-1118.72,-223.7,LOSS,STOP_HIT,24844.50,1085.00,2026-05-07 09:21:18
2026-01-21,2026-01-21 11:45:00,2026-01-21 11:45:00,OG,Backtest,AdxDiCrossBracketOG,OG_AdxDiCrossBracketOG,OG,NQ,NQ JUN26,SHORT,1,25543.00,25505.75,740.64,736.28,147.3,WIN,TARGET_HIT,25582.25,785.00,2026-05-07 09:21:18
2026-01-09,2026-01-09 10:10:00,2026-01-09 10:10:00,OG,Backtest,AdxDiCrossBracketOG,OG_AdxDiCrossBracketOG,OG,NQ,NQ JUN26,LONG,1,25922.50,25881.00,-834.36,-838.72,-167.7,LOSS,STOP_HIT,25882.25,805.00,2026-05-07 09:21:18
2026-04-06,2026-04-06 11:05:00,2026-04-06 11:30:00,OG,Backtest,AdxDiCrossBracketOG,OG_AdxDiCrossBracketOG,OG,NQ,NQ JUN26,LONG,1,24307.50,24278.75,-579.36,-583.72,-116.7,LOSS,STOP_HIT,24255.50,1040.00,2026-05-07 09:21:18
2026-02-13,2026-02-13 10:35:00,2026-02-13 10:35:00,OG,Backtest,AdxDiCrossBracketOG,OG_AdxDiCrossBracketOG,OG,NQ,NQ JUN26,LONG,1,25058.75,25127.00,1360.64,1356.28,271.3,WIN,TARGET_HIT,24987.50,1425.00,2026-05-07 09:21:18
2026-01-28,2026-01-28 11:20:00,2026-01-28 11:25:00,OG,Backtest,AdxDiCrossBracketOG,OG_AdxDiCrossBracketOG,OG,NQ,NQ JUN26,LONG,1,26393.75,26378.25,-314.36,-318.72,-63.7,LOSS,STOP_HIT,26363.25,610.00,2026-05-07 09:21:18
2026-02-11,2026-02-11 10:20:00,2026-02-11 10:20:00,OG,Backtest,AdxDiCrossBracketOG,OG_AdxDiCrossBracketOG,OG,NQ,NQ JUN26,SHORT,1,25395.25,25345.50,990.64,986.28,197.3,WIN,TARGET_HIT,25448.50,1065.00,2026-05-07 09:21:18
2026-01-21,2026-01-21 11:45:00,2026-01-21 11:45:00,OG,Backtest,AdxDiCrossBracketOG,OG_AdxDiCrossBracketOG,OG,NQ,NQ JUN26,SHORT,1,25543.00,25505.75,740.64,736.28,147.3,WIN,TARGET_HIT,25582.25,785.00,2026-05-07 09:21:18
2026-03-25,2026-03-25 11:20:00,2026-03-25 11:20:00,OG,Backtest,AdxDiCrossBracketOG,OG_AdxDiCrossBracketOG,OG,NQ,NQ JUN26,SHORT,1,24385.25,24336.50,970.64,966.28,193.3,WIN,TARGET_HIT,24438.00,1055.00,2026-05-07 09:21:18
2026-01-20,2026-01-20 10:50:00,2026-01-20 10:55:00,OG,Backtest,AdxDiCrossBracketOG,OG_AdxDiCrossBracketOG,OG,NQ,NQ JUN26,LONG,1,25598.75,25558.75,-804.36,-808.72,-161.7,LOSS,STOP_HIT,25550.75,960.00,2026-05-07 09:21:18
2026-01-16,2026-01-16 11:30:00,2026-01-16 11:35:00,OG,Backtest,AdxDiCrossBracketOG,OG_AdxDiCrossBracketOG,OG,NQ,NQ JUN26,LONG,1,25912.25,25924.50,240.64,236.28,47.3,WIN,STOP_HIT,25874.75,750.00,2026-05-07 09:21:18
2026-03-27,2026-03-27 11:40:00,2026-03-27 11:45:00,OG,Backtest,AdxDiCrossBracketOG,OG_AdxDiCrossBracketOG,OG,NQ,NQ JUN26,LONG,1,23597.75,23540.25,-1154.36,-1158.72,-231.7,LOSS,STOP_HIT,23541.50,1125.00,2026-05-07 09:21:18
2026-02-13,2026-02-13 10:50:00,2026-02-13 11:05:00,OG,Backtest,AdxDiCrossBracketOG,OG_AdxDiCrossBracketOG,OG,NQ,NQ JUN26,SHORT,1,24982.25,25021.00,-779.36,-783.72,-156.7,LOSS,STOP_HIT,25055.00,1455.00,2026-05-07 09:21:18
2026-02-11,2026-02-11 11:20:00,2026-02-11 11:25:00,OG,Backtest,AdxDiCrossBracketOG,OG_AdxDiCrossBracketOG,OG,NQ,NQ JUN26,LONG,1,25468.75,25457.00,-239.36,-243.72,-48.7,LOSS,STOP_HIT,25406.75,1240.00,2026-05-07 09:21:18
2026-01-30,2026-01-30 11:00:00,2026-01-30 11:10:00,OG,Backtest,AdxDiCrossBracketOG,OG_AdxDiCrossBracketOG,OG,NQ,NQ JUN26,SHORT,1,26071.50,26048.25,460.64,456.28,91.3,WIN,STOP_HIT,26129.00,1150.00,2026-05-07 09:21:18
2026-01-23,2026-01-23 10:10:00,2026-01-23 10:15:00,OG,Backtest,AdxDiCrossBracketOG,OG_AdxDiCrossBracketOG,OG,NQ,NQ JUN26,LONG,1,25921.75,25885.00,-739.36,-743.72,-148.7,LOSS,STOP_HIT,25885.50,725.00,2026-05-07 09:21:18
2026-02-24,2026-02-24 09:50:00,2026-02-24 09:50:00,OG,Backtest,AdxDiCrossBracketOG,OG_AdxDiCrossBracketOG,OG,NQ,NQ JUN26,LONG,1,25121.25,25157.50,720.64,716.28,143.3,WIN,TARGET_HIT,25081.50,795.00,2026-05-07 09:21:18
2026-04-06,2026-04-06 11:35:00,2026-04-06 11:50:00,OG,Backtest,AdxDiCrossBracketOG,OG_AdxDiCrossBracketOG,OG,NQ,NQ JUN26,SHORT,1,24280.00,24294.25,-289.36,-293.72,-58.7,LOSS,STOP_HIT,24325.50,910.00,2026-05-07 09:21:18
2026-04-06,2026-04-06 11:05:00,2026-04-06 11:30:00,OG,Backtest,AdxDiCrossBracketOG,OG_AdxDiCrossBracketOG,OG,NQ,NQ JUN26,LONG,1,24307.50,24278.75,-579.36,-583.72,-116.7,LOSS,STOP_HIT,24255.50,1040.00,2026-05-07 09:21:18
2026-02-24,2026-02-24 10:10:00,2026-02-24 10:10:00,OG,Backtest,AdxDiCrossBracketOG,OG_AdxDiCrossBracketOG,OG,NQ,NQ JUN26,SHORT,1,25048.00,25093.50,-914.36,-918.72,-183.7,LOSS,STOP_HIT,25092.25,885.00,2026-05-07 09:21:18
2026-04-07,2026-04-07 11:40:00,2026-04-07 12:00:00,OG,Backtest,AdxDiCrossBracketOG,OG_AdxDiCrossBracketOG,OG,NQ,NQ JUN26,LONG,1,24072.25,24117.50,900.64,896.28,179.3,WIN,TARGET_HIT,24025.00,945.00,2026-05-07 09:21:18
2026-04-10,2026-04-10 11:45:00,2026-04-10 12:00:00,OG,Backtest,AdxDiCrossBracketOG,OG_AdxDiCrossBracketOG,OG,NQ,NQ JUN26,SHORT,1,25300.75,25269.75,615.64,611.28,122.3,WIN,TARGET_HIT,25334.25,670.00,2026-05-07 09:21:18
2026-04-07,2026-04-07 11:40:00,2026-04-07 12:00:00,OG,Backtest,AdxDiCrossBracketOG,OG_AdxDiCrossBracketOG,OG,NQ,NQ JUN26,LONG,1,24072.25,24117.50,900.64,896.28,179.3,WIN,TARGET_HIT,24025.00,945.00,2026-05-07 09:21:18
2026-02-13,2026-02-13 10:35:00,2026-02-13 10:35:00,OG,Backtest,AdxDiCrossBracketOG,OG_AdxDiCrossBracketOG,OG,NQ,NQ JUN26,LONG,1,25058.75,25127.00,1360.64,1356.28,271.3,WIN,TARGET_HIT,24987.50,1425.00,2026-05-07 09:21:18
2026-04-10,2026-04-10 11:45:00,2026-04-10 12:00:00,OG,Backtest,AdxDiCrossBracketOG,OG_AdxDiCrossBracketOG,OG,NQ,NQ JUN26,SHORT,1,25300.75,25269.75,615.64,611.28,122.3,WIN,TARGET_HIT,25334.25,670.00,2026-05-07 09:21:18
2026-01-06,2026-01-06 11:00:00,2026-01-06 11:05:00,OG,Backtest,AdxDiCrossBracketOG,OG_AdxDiCrossBracketOG,OG,NQ,NQ JUN26,SHORT,1,25908.50,25880.75,550.64,546.28,109.3,WIN,TARGET_HIT,25938.25,595.00,2026-05-07 09:21:18
2026-02-03,2026-02-03 09:50:00,2026-02-03 09:50:00,OG,Backtest,AdxDiCrossBracketOG,OG_AdxDiCrossBracketOG,OG,NQ,NQ JUN26,SHORT,1,25960.00,25999.25,-789.36,-793.72,-158.7,LOSS,STOP_HIT,25998.00,760.00,2026-05-07 09:21:18
2026-02-11,2026-02-11 11:05:00,2026-02-11 11:10:00,OG,Backtest,AdxDiCrossBracketOG,OG_AdxDiCrossBracketOG,OG,NQ,NQ JUN26,LONG,1,25454.25,25417.50,-739.36,-743.72,-148.7,LOSS,STOP_HIT,25393.00,1225.00,2026-05-07 09:21:18
2026-03-09,2026-03-09 10:45:00,2026-03-09 10:50:00,OG,Backtest,AdxDiCrossBracketOG,OG_AdxDiCrossBracketOG,OG,NQ,NQ JUN26,LONG,1,24692.75,24762.25,1385.64,1381.28,276.3,WIN,TARGET_HIT,24622.25,1410.00,2026-05-07 09:21:18
2026-02-13,2026-02-13 10:50:00,2026-02-13 11:05:00,OG,Backtest,AdxDiCrossBracketOG,OG_AdxDiCrossBracketOG,OG,NQ,NQ JUN26,SHORT,1,24982.25,25021.00,-779.36,-783.72,-156.7,LOSS,STOP_HIT,25055.00,1455.00,2026-05-07 09:21:18
2026-03-24,2026-03-24 11:00:00,2026-03-24 11:00:00,OG,Backtest,AdxDiCrossBracketOG,OG_AdxDiCrossBracketOG,OG,NQ,NQ JUN26,LONG,1,24282.25,24217.00,-1309.36,-1313.72,-262.7,LOSS,STOP_HIT,24218.25,1280.00,2026-05-07 09:21:18
2026-02-13,2026-02-13 10:35:00,2026-02-13 10:35:00,OG,Backtest,AdxDiCrossBracketOG,OG_AdxDiCrossBracketOG,OG,NQ,NQ JUN26,LONG,1,25058.75,25127.00,1360.64,1356.28,271.3,WIN,TARGET_HIT,24987.50,1425.00,2026-05-07 09:21:18
2026-01-07,2026-01-07 09:50:00,2026-01-07 09:50:00,OG,Backtest,AdxDiCrossBracketOG,OG_AdxDiCrossBracketOG,OG,NQ,NQ JUN26,LONG,1,26064.50,26079.75,300.64,296.28,59.3,WIN,TARGET_HIT,26047.25,345.00,2026-05-07 09:21:18
2026-02-11,2026-02-11 10:20:00,2026-02-11 10:20:00,OG,Backtest,AdxDiCrossBracketOG,OG_AdxDiCrossBracketOG,OG,NQ,NQ JUN26,SHORT,1,25395.25,25345.50,990.64,986.28,197.3,WIN,TARGET_HIT,25448.50,1065.00,2026-05-07 09:21:18
2026-03-17,2026-03-17 11:15:00,2026-03-17 11:20:00,OG,Backtest,AdxDiCrossBracketOG,OG_AdxDiCrossBracketOG,OG,NQ,NQ JUN26,SHORT,1,25019.75,25057.00,-749.36,-753.72,-150.7,LOSS,STOP_HIT,25056.25,730.00,2026-05-07 09:21:18
2026-03-27,2026-03-27 11:40:00,2026-03-27 11:45:00,OG,Backtest,AdxDiCrossBracketOG,OG_AdxDiCrossBracketOG,OG,NQ,NQ JUN26,LONG,1,23597.75,23540.25,-1154.36,-1158.72,-231.7,LOSS,STOP_HIT,23541.50,1125.00,2026-05-07 09:21:18
2026-02-13,2026-02-13 10:35:00,2026-02-13 10:35:00,OG,Backtest,AdxDiCrossBracketOG,OG_AdxDiCrossBracketOG,OG,NQ,NQ JUN26,LONG,1,25058.75,25127.00,1360.64,1356.28,271.3,WIN,TARGET_HIT,24987.50,1425.00,2026-05-07 09:21:18
2026-02-17,2026-02-17 11:10:00,2026-02-17 11:10:00,OG,Backtest,AdxDiCrossBracketOG,OG_AdxDiCrossBracketOG,OG,NQ,NQ JUN26,LONG,1,24862.00,24927.25,1300.64,1296.28,259.3,WIN,TARGET_HIT,24793.75,1365.00,2026-05-07 09:21:18
2026-04-02,2026-04-02 10:45:00,2026-04-02 10:45:00,OG,Backtest,AdxDiCrossBracketOG,OG_AdxDiCrossBracketOG,OG,NQ,NQ JUN26,LONG,1,24211.00,24133.25,-1559.36,-1563.72,-312.7,LOSS,STOP_HIT,24134.50,1530.00,2026-05-07 09:21:18
2026-02-24,2026-02-24 10:10:00,2026-02-24 10:10:00,OG,Backtest,AdxDiCrossBracketOG,OG_AdxDiCrossBracketOG,OG,NQ,NQ JUN26,SHORT,1,25048.00,25093.50,-914.36,-918.72,-183.7,LOSS,STOP_HIT,25092.25,885.00,2026-05-07 09:21:18
2026-01-30,2026-01-30 11:00:00,2026-01-30 11:10:00,OG,Backtest,AdxDiCrossBracketOG,OG_AdxDiCrossBracketOG,OG,NQ,NQ JUN26,SHORT,1,26071.50,26048.25,460.64,456.28,91.3,WIN,STOP_HIT,26129.00,1150.00,2026-05-07 09:21:18
2026-02-13,2026-02-13 10:50:00,2026-02-13 11:05:00,OG,Backtest,AdxDiCrossBracketOG,OG_AdxDiCrossBracketOG,OG,NQ,NQ JUN26,SHORT,1,24982.25,25021.00,-779.36,-783.72,-156.7,LOSS,STOP_HIT,25055.00,1455.00,2026-05-07 09:21:18
2026-01-09,2026-01-09 10:15:00,2026-01-09 10:15:00,OG,Backtest,AdxDiCrossBracketOG,OG_AdxDiCrossBracketOG,OG,NQ,NQ JUN26,SHORT,1,25849.75,25897.00,-949.36,-953.72,-190.7,LOSS,STOP_HIT,25895.75,920.00,2026-05-07 09:21:18
2026-04-10,2026-04-10 11:45:00,2026-04-10 12:00:00,OG,Backtest,AdxDiCrossBracketOG,OG_AdxDiCrossBracketOG,OG,NQ,NQ JUN26,SHORT,1,25300.75,25269.75,615.64,611.28,122.3,WIN,TARGET_HIT,25334.25,670.00,2026-05-07 09:21:18
2026-03-03,2026-03-03 11:25:00,2026-03-03 11:40:00,OG,Backtest,AdxDiCrossBracketOG,OG_AdxDiCrossBracketOG,OG,NQ,NQ JUN26,LONG,1,24795.25,24816.50,420.64,416.28,83.3,WIN,STOP_HIT,24724.00,1425.00,2026-05-07 09:21:18
2026-01-09,2026-01-09 10:30:00,2026-01-09 10:30:00,OG,Backtest,AdxDiCrossBracketOG,OG_AdxDiCrossBracketOG,OG,NQ,NQ JUN26,LONG,1,26010.00,26057.25,940.64,936.28,187.3,WIN,TARGET_HIT,25959.75,1005.00,2026-05-07 09:21:18
2026-03-09,2026-03-09 10:45:00,2026-03-09 10:50:00,OG,Backtest,AdxDiCrossBracketOG,OG_AdxDiCrossBracketOG,OG,NQ,NQ JUN26,LONG,1,24692.75,24762.25,1385.64,1381.28,276.3,WIN,TARGET_HIT,24622.25,1410.00,2026-05-07 09:21:18
2026-02-24,2026-02-24 10:10:00,2026-02-24 10:10:00,OG,Backtest,AdxDiCrossBracketOG,OG_AdxDiCrossBracketOG,OG,NQ,NQ JUN26,SHORT,1,25048.00,25093.50,-914.36,-918.72,-183.7,LOSS,STOP_HIT,25092.25,885.00,2026-05-07 09:21:18
2026-02-11,2026-02-11 10:20:00,2026-02-11 10:20:00,OG,Backtest,AdxDiCrossBracketOG,OG_AdxDiCrossBracketOG,OG,NQ,NQ JUN26,SHORT,1,25395.25,25345.50,990.64,986.28,197.3,WIN,TARGET_HIT,25448.50,1065.00,2026-05-07 09:21:19
2026-04-06,2026-04-06 11:05:00,2026-04-06 11:25:00,OG,Backtest,AdxDiCrossBracketOG,OG_AdxDiCrossBracketOG,OG,NQ,NQ JUN26,LONG,1,24307.50,24290.75,-339.36,-343.72,-68.7,LOSS,STOP_HIT,24255.50,1040.00,2026-05-07 09:21:19
2026-03-06,2026-03-06 11:10:00,2026-03-06 11:15:00,OG,Backtest,AdxDiCrossBracketOG,OG_AdxDiCrossBracketOG,OG,NQ,NQ JUN26,LONG,1,25102.25,25058.25,-884.36,-888.72,-177.7,LOSS,STOP_HIT,25038.75,1270.00,2026-05-07 09:21:19
2026-03-12,2026-03-12 11:50:00,2026-03-12 11:50:00,OG,Backtest,AdxDiCrossBracketOG,OG_AdxDiCrossBracketOG,OG,NQ,NQ JUN26,LONG,1,24898.75,24843.25,-1114.36,-1118.72,-223.7,LOSS,STOP_HIT,24844.50,1085.00,2026-05-07 09:21:19
2026-01-16,2026-01-16 11:30:00,2026-01-16 11:35:00,OG,Backtest,AdxDiCrossBracketOG,OG_AdxDiCrossBracketOG,OG,NQ,NQ JUN26,LONG,1,25912.25,25924.50,240.64,236.28,47.3,WIN,STOP_HIT,25874.75,750.00,2026-05-07 09:21:19
2026-04-07,2026-04-07 11:40:00,2026-04-07 12:00:00,OG,Backtest,AdxDiCrossBracketOG,OG_AdxDiCrossBracketOG,OG,NQ,NQ JUN26,LONG,1,24072.25,24117.50,900.64,896.28,179.3,WIN,TARGET_HIT,24025.00,945.00,2026-05-07 09:21:19
2026-03-20,2026-03-20 11:30:00,2026-03-20 12:05:00,OG,Backtest,AdxDiCrossBracketOG,OG_AdxDiCrossBracketOG,OG,NQ,NQ JUN26,LONG,1,24275.00,24327.75,1050.64,1046.28,209.3,WIN,TARGET_HIT,24219.75,1105.00,2026-05-07 09:21:19
2026-04-10,2026-04-10 11:45:00,2026-04-10 12:00:00,OG,Backtest,AdxDiCrossBracketOG,OG_AdxDiCrossBracketOG,OG,NQ,NQ JUN26,SHORT,1,25300.75,25269.75,615.64,611.28,122.3,WIN,TARGET_HIT,25334.25,670.00,2026-05-07 09:21:19
2026-01-28,2026-01-28 10:55:00,2026-01-28 11:20:00,OG,Backtest,AdxDiCrossBracketOG,OG_AdxDiCrossBracketOG,OG,NQ,NQ JUN26,SHORT,1,26394.50,26393.75,10.64,6.28,1.3,WIN,STOP_HIT,26429.00,690.00,2026-05-07 09:21:19
2026-02-17,2026-02-17 11:10:00,2026-02-17 11:10:00,OG,Backtest,AdxDiCrossBracketOG,OG_AdxDiCrossBracketOG,OG,NQ,NQ JUN26,LONG,1,24862.00,24927.25,1300.64,1296.28,259.3,WIN,TARGET_HIT,24793.75,1365.00,2026-05-07 09:21:19
2026-01-23,2026-01-23 10:10:00,2026-01-23 10:15:00,OG,Backtest,AdxDiCrossBracketOG,OG_AdxDiCrossBracketOG,OG,NQ,NQ JUN26,LONG,1,25921.75,25885.00,-739.36,-743.72,-148.7,LOSS,STOP_HIT,25885.50,725.00,2026-05-07 09:21:19
2026-04-07,2026-04-07 11:40:00,2026-04-07 12:00:00,OG,Backtest,AdxDiCrossBracketOG,OG_AdxDiCrossBracketOG,OG,NQ,NQ JUN26,LONG,1,24072.25,24117.50,900.64,896.28,179.3,WIN,TARGET_HIT,24025.00,945.00,2026-05-07 09:21:19
2026-04-02,2026-04-02 10:45:00,2026-04-02 10:45:00,OG,Backtest,AdxDiCrossBracketOG,OG_AdxDiCrossBracketOG,OG,NQ,NQ JUN26,LONG,1,24211.00,24133.25,-1559.36,-1563.72,-312.7,LOSS,STOP_HIT,24134.50,1530.00,2026-05-07 09:21:19
2026-01-09,2026-01-09 10:15:00,2026-01-09 10:15:00,OG,Backtest,AdxDiCrossBracketOG,OG_AdxDiCrossBracketOG,OG,NQ,NQ JUN26,SHORT,1,25849.75,25897.00,-949.36,-953.72,-190.7,LOSS,STOP_HIT,25895.75,920.00,2026-05-07 09:21:19
2026-02-05,2026-02-05 11:40:00,2026-02-05 11:50:00,OG,Backtest,AdxDiCrossBracketOG,OG_AdxDiCrossBracketOG,OG,NQ,NQ JUN26,LONG,1,25026.25,24991.50,-699.36,-703.72,-140.7,LOSS,STOP_HIT,24938.00,1765.00,2026-05-07 09:21:19
2026-04-06,2026-04-06 11:05:00,2026-04-06 11:30:00,OG,Backtest,AdxDiCrossBracketOG,OG_AdxDiCrossBracketOG,OG,NQ,NQ JUN26,LONG,1,24307.50,24278.75,-579.36,-583.72,-116.7,LOSS,STOP_HIT,24255.50,1040.00,2026-05-07 09:21:19
2026-01-13,2026-01-13 10:10:00,2026-01-13 10:15:00,OG,Backtest,AdxDiCrossBracketOG,OG_AdxDiCrossBracketOG,OG,NQ,NQ JUN26,SHORT,1,26137.25,26108.00,580.64,576.28,115.3,WIN,TARGET_HIT,26168.00,615.00,2026-05-07 09:21:19
2026-03-24,2026-03-24 11:00:00,2026-03-24 11:00:00,OG,Backtest,AdxDiCrossBracketOG,OG_AdxDiCrossBracketOG,OG,NQ,NQ JUN26,LONG,1,24282.25,24217.00,-1309.36,-1313.72,-262.7,LOSS,STOP_HIT,24218.25,1280.00,2026-05-07 09:21:19
2026-01-09,2026-01-09 10:15:00,2026-01-09 10:15:00,OG,Backtest,AdxDiCrossBracketOG,OG_AdxDiCrossBracketOG,OG,NQ,NQ JUN26,SHORT,1,25849.75,25897.00,-949.36,-953.72,-190.7,LOSS,STOP_HIT,25895.75,920.00,2026-05-07 09:21:19
2026-02-17,2026-02-17 11:10:00,2026-02-17 11:10:00,OG,Backtest,AdxDiCrossBracketOG,OG_AdxDiCrossBracketOG,OG,NQ,NQ JUN26,LONG,1,24862.00,24927.25,1300.64,1296.28,259.3,WIN,TARGET_HIT,24793.75,1365.00,2026-05-07 09:21:19
2026-01-09,2026-01-09 10:30:00,2026-01-09 10:30:00,OG,Backtest,AdxDiCrossBracketOG,OG_AdxDiCrossBracketOG,OG,NQ,NQ JUN26,LONG,1,26010.00,26057.25,940.64,936.28,187.3,WIN,TARGET_HIT,25959.75,1005.00,2026-05-07 09:21:19
2026-01-09,2026-01-09 09:55:00,2026-01-09 09:55:00,OG,Backtest,AdxDiCrossBracketOG,OG_AdxDiCrossBracketOG,OG,NQ,NQ JUN26,SHORT,1,25912.50,25949.00,-734.36,-738.72,-147.7,LOSS,STOP_HIT,25947.75,705.00,2026-05-07 09:21:19
2026-04-10,2026-04-10 11:45:00,2026-04-10 12:00:00,OG,Backtest,AdxDiCrossBracketOG,OG_AdxDiCrossBracketOG,OG,NQ,NQ JUN26,SHORT,1,25300.75,25269.75,615.64,611.28,122.3,WIN,TARGET_HIT,25334.25,670.00,2026-05-07 09:21:19
2026-02-13,2026-02-13 10:50:00,2026-02-13 11:05:00,OG,Backtest,AdxDiCrossBracketOG,OG_AdxDiCrossBracketOG,OG,NQ,NQ JUN26,SHORT,1,24982.25,25021.00,-779.36,-783.72,-156.7,LOSS,STOP_HIT,25055.00,1455.00,2026-05-07 09:21:19
2026-01-23,2026-01-23 10:10:00,2026-01-23 10:15:00,OG,Backtest,AdxDiCrossBracketOG,OG_AdxDiCrossBracketOG,OG,NQ,NQ JUN26,LONG,1,25921.75,25885.00,-739.36,-743.72,-148.7,LOSS,STOP_HIT,25885.50,725.00,2026-05-07 09:21:19
2026-01-09,2026-01-09 10:15:00,2026-01-09 10:15:00,OG,Backtest,AdxDiCrossBracketOG,OG_AdxDiCrossBracketOG,OG,NQ,NQ JUN26,SHORT,1,25849.75,25897.00,-949.36,-953.72,-190.7,LOSS,STOP_HIT,25895.75,920.00,2026-05-07 09:21:19
2026-01-09,2026-01-09 10:10:00,2026-01-09 10:10:00,OG,Backtest,AdxDiCrossBracketOG,OG_AdxDiCrossBracketOG,OG,NQ,NQ JUN26,LONG,1,25922.50,25881.00,-834.36,-838.72,-167.7,LOSS,STOP_HIT,25882.25,805.00,2026-05-07 09:21:19
2026-02-24,2026-02-24 09:50:00,2026-02-24 09:50:00,OG,Backtest,AdxDiCrossBracketOG,OG_AdxDiCrossBracketOG,OG,NQ,NQ JUN26,LONG,1,25121.25,25157.50,720.64,716.28,143.3,WIN,TARGET_HIT,25081.50,795.00,2026-05-07 09:21:19
2026-01-30,2026-01-30 11:00:00,2026-01-30 11:10:00,OG,Backtest,AdxDiCrossBracketOG,OG_AdxDiCrossBracketOG,OG,NQ,NQ JUN26,SHORT,1,26071.50,26048.25,460.64,456.28,91.3,WIN,STOP_HIT,26129.00,1150.00,2026-05-07 09:21:19
2026-01-09,2026-01-09 10:15:00,2026-01-09 10:15:00,OG,Backtest,AdxDiCrossBracketOG,OG_AdxDiCrossBracketOG,OG,NQ,NQ JUN26,SHORT,1,25849.75,25897.00,-949.36,-953.72,-190.7,LOSS,STOP_HIT,25895.75,920.00,2026-05-07 09:21:19
2026-01-09,2026-01-09 10:30:00,2026-01-09 10:30:00,OG,Backtest,AdxDiCrossBracketOG,OG_AdxDiCrossBracketOG,OG,NQ,NQ JUN26,LONG,1,26010.00,26057.25,940.64,936.28,187.3,WIN,TARGET_HIT,25959.75,1005.00,2026-05-07 09:21:19
2026-03-24,2026-03-24 11:00:00,2026-03-24 11:00:00,OG,Backtest,AdxDiCrossBracketOG,OG_AdxDiCrossBracketOG,OG,NQ,NQ JUN26,LONG,1,24282.25,24217.00,-1309.36,-1313.72,-262.7,LOSS,STOP_HIT,24218.25,1280.00,2026-05-07 09:21:19
2026-01-07,2026-01-07 09:50:00,2026-01-07 09:50:00,OG,Backtest,AdxDiCrossBracketOG,OG_AdxDiCrossBracketOG,OG,NQ,NQ JUN26,LONG,1,26064.50,26079.75,300.64,296.28,59.3,WIN,TARGET_HIT,26047.25,345.00,2026-05-07 09:21:19
2026-02-10,2026-02-10 09:45:00,2026-02-10 09:45:00,OG,Backtest,AdxDiCrossBracketOG,OG_AdxDiCrossBracketOG,OG,NQ,NQ JUN26,SHORT,1,25534.50,25512.25,440.64,436.28,87.3,WIN,TARGET_HIT,25559.75,505.00,2026-05-07 09:21:19
2026-01-16,2026-01-16 11:30:00,2026-01-16 11:35:00,OG,Backtest,AdxDiCrossBracketOG,OG_AdxDiCrossBracketOG,OG,NQ,NQ JUN26,LONG,1,25912.25,25924.50,240.64,236.28,47.3,WIN,STOP_HIT,25874.75,750.00,2026-05-07 09:21:19
2026-02-13,2026-02-13 10:50:00,2026-02-13 11:05:00,OG,Backtest,AdxDiCrossBracketOG,OG_AdxDiCrossBracketOG,OG,NQ,NQ JUN26,SHORT,1,24982.25,25021.00,-779.36,-783.72,-156.7,LOSS,STOP_HIT,25055.00,1455.00,2026-05-07 09:21:19
2026-01-16,2026-01-16 11:30:00,2026-01-16 11:35:00,OG,Backtest,AdxDiCrossBracketOG,OG_AdxDiCrossBracketOG,OG,NQ,NQ JUN26,LONG,1,25912.25,25924.50,240.64,236.28,47.3,WIN,STOP_HIT,25874.75,750.00,2026-05-07 09:21:19
2026-01-07,2026-01-07 10:10:00,2026-01-07 10:10:00,OG,Backtest,AdxDiCrossBracketOG,OG_AdxDiCrossBracketOG,OG,NQ,NQ JUN26,SHORT,1,26050.00,26073.50,-474.36,-478.72,-95.7,LOSS,STOP_HIT,26072.25,445.00,2026-05-07 09:21:19
2026-02-11,2026-02-11 11:20:00,2026-02-11 11:25:00,OG,Backtest,AdxDiCrossBracketOG,OG_AdxDiCrossBracketOG,OG,NQ,NQ JUN26,LONG,1,25468.75,25457.00,-239.36,-243.72,-48.7,LOSS,STOP_HIT,25406.75,1240.00,2026-05-07 09:21:19
2026-01-09,2026-01-09 10:10:00,2026-01-09 10:10:00,OG,Backtest,AdxDiCrossBracketOG,OG_AdxDiCrossBracketOG,OG,NQ,NQ JUN26,LONG,1,25922.50,25881.00,-834.36,-838.72,-167.7,LOSS,STOP_HIT,25882.25,805.00,2026-05-07 09:21:19
2026-01-21,2026-01-21 11:45:00,2026-01-21 11:45:00,OG,Backtest,AdxDiCrossBracketOG,OG_AdxDiCrossBracketOG,OG,NQ,NQ JUN26,SHORT,1,25543.00,25505.75,740.64,736.28,147.3,WIN,TARGET_HIT,25582.25,785.00,2026-05-07 09:21:19
2026-01-12,2026-01-12 11:25:00,2026-01-12 11:35:00,OG,Backtest,AdxDiCrossBracketOG,OG_AdxDiCrossBracketOG,OG,NQ,NQ JUN26,LONG,1,26159.50,26149.25,-209.36,-213.72,-42.7,LOSS,STOP_HIT,26131.75,555.00,2026-05-07 09:21:19
2026-02-24,2026-02-24 10:15:00,2026-02-24 10:15:00,OG,Backtest,AdxDiCrossBracketOG,OG_AdxDiCrossBracketOG,OG,NQ,NQ JUN26,LONG,1,25110.00,25063.00,-944.36,-948.72,-189.7,LOSS,STOP_HIT,25064.25,915.00,2026-05-07 09:21:19
2026-01-13,2026-01-13 10:10:00,2026-01-13 10:15:00,OG,Backtest,AdxDiCrossBracketOG,OG_AdxDiCrossBracketOG,OG,NQ,NQ JUN26,SHORT,1,26137.25,26108.00,580.64,576.28,115.3,WIN,TARGET_HIT,26168.00,615.00,2026-05-07 09:21:19
2026-01-09,2026-01-09 10:30:00,2026-01-09 10:30:00,OG,Backtest,AdxDiCrossBracketOG,OG_AdxDiCrossBracketOG,OG,NQ,NQ JUN26,LONG,1,26010.00,26057.25,940.64,936.28,187.3,WIN,TARGET_HIT,25959.75,1005.00,2026-05-07 09:21:19
2026-02-24,2026-02-24 09:50:00,2026-02-24 09:50:00,OG,Backtest,AdxDiCrossBracketOG,OG_AdxDiCrossBracketOG,OG,NQ,NQ JUN26,LONG,1,25121.25,25157.50,720.64,716.28,143.3,WIN,TARGET_HIT,25081.50,795.00,2026-05-07 09:21:19
2026-01-12,2026-01-12 11:25:00,2026-01-12 11:35:00,OG,Backtest,AdxDiCrossBracketOG,OG_AdxDiCrossBracketOG,OG,NQ,NQ JUN26,LONG,1,26159.50,26149.25,-209.36,-213.72,-42.7,LOSS,STOP_HIT,26131.75,555.00,2026-05-07 09:21:19
2026-02-24,2026-02-24 10:10:00,2026-02-24 10:10:00,OG,Backtest,AdxDiCrossBracketOG,OG_AdxDiCrossBracketOG,OG,NQ,NQ JUN26,SHORT,1,25048.00,25093.50,-914.36,-918.72,-183.7,LOSS,STOP_HIT,25092.25,885.00,2026-05-07 09:21:19
2026-03-25,2026-03-25 11:20:00,2026-03-25 11:20:00,OG,Backtest,AdxDiCrossBracketOG,OG_AdxDiCrossBracketOG,OG,NQ,NQ JUN26,SHORT,1,24385.25,24336.50,970.64,966.28,193.3,WIN,TARGET_HIT,24438.00,1055.00,2026-05-07 09:21:19
2026-01-13,2026-01-13 10:10:00,2026-01-13 10:15:00,OG,Backtest,AdxDiCrossBracketOG,OG_AdxDiCrossBracketOG,OG,NQ,NQ JUN26,SHORT,1,26137.25,26108.00,580.64,576.28,115.3,WIN,TARGET_HIT,26168.00,615.00,2026-05-07 09:21:19
2026-02-05,2026-02-05 11:40:00,2026-02-05 11:50:00,OG,Backtest,AdxDiCrossBracketOG,OG_AdxDiCrossBracketOG,OG,NQ,NQ JUN26,LONG,1,25026.25,24991.50,-699.36,-703.72,-140.7,LOSS,STOP_HIT,24938.00,1765.00,2026-05-07 09:21:19
2026-01-09,2026-01-09 09:55:00,2026-01-09 09:55:00,OG,Backtest,AdxDiCrossBracketOG,OG_AdxDiCrossBracketOG,OG,NQ,NQ JUN26,SHORT,1,25912.50,25949.00,-734.36,-738.72,-147.7,LOSS,STOP_HIT,25947.75,705.00,2026-05-07 09:21:19
2026-02-10,2026-02-10 09:45:00,2026-02-10 09:45:00,OG,Backtest,AdxDiCrossBracketOG,OG_AdxDiCrossBracketOG,OG,NQ,NQ JUN26,SHORT,1,25534.50,25512.25,440.64,436.28,87.3,WIN,TARGET_HIT,25559.75,505.00,2026-05-07 09:21:19
2026-01-21,2026-01-21 11:45:00,2026-01-21 11:45:00,OG,Backtest,AdxDiCrossBracketOG,OG_AdxDiCrossBracketOG,OG,NQ,NQ JUN26,SHORT,1,25543.00,25505.75,740.64,736.28,147.3,WIN,TARGET_HIT,25582.25,785.00,2026-05-07 09:21:19
2026-04-06,2026-04-06 11:05:00,2026-04-06 11:30:00,OG,Backtest,AdxDiCrossBracketOG,OG_AdxDiCrossBracketOG,OG,NQ,NQ JUN26,LONG,1,24307.50,24278.75,-579.36,-583.72,-116.7,LOSS,STOP_HIT,24255.50,1040.00,2026-05-07 09:21:19
2026-02-10,2026-02-10 09:45:00,2026-02-10 09:45:00,OG,Backtest,AdxDiCrossBracketOG,OG_AdxDiCrossBracketOG,OG,NQ,NQ JUN26,SHORT,1,25534.50,25512.25,440.64,436.28,87.3,WIN,TARGET_HIT,25559.75,505.00,2026-05-07 09:21:19
2026-01-21,2026-01-21 11:45:00,2026-01-21 11:45:00,OG,Backtest,AdxDiCrossBracketOG,OG_AdxDiCrossBracketOG,OG,NQ,NQ JUN26,SHORT,1,25543.00,25505.75,740.64,736.28,147.3,WIN,TARGET_HIT,25582.25,785.00,2026-05-07 09:21:19
2026-01-16,2026-01-16 11:30:00,2026-01-16 11:35:00,OG,Backtest,AdxDiCrossBracketOG,OG_AdxDiCrossBracketOG,OG,NQ,NQ JUN26,LONG,1,25912.25,25924.50,240.64,236.28,47.3,WIN,STOP_HIT,25874.75,750.00,2026-05-07 09:21:19
2026-04-06,2026-04-06 11:05:00,2026-04-06 11:30:00,OG,Backtest,AdxDiCrossBracketOG,OG_AdxDiCrossBracketOG,OG,NQ,NQ JUN26,LONG,1,24307.50,24278.75,-579.36,-583.72,-116.7,LOSS,STOP_HIT,24255.50,1040.00,2026-05-07 09:21:19
2026-03-19,2026-03-19 11:15:00,2026-03-19 11:25:00,OG,Backtest,AdxDiCrossBracketOG,OG_AdxDiCrossBracketOG,OG,NQ,NQ JUN26,LONG,1,24531.00,24485.50,-914.36,-918.72,-183.7,LOSS,STOP_HIT,24473.00,1160.00,2026-05-07 09:21:19
2026-02-13,2026-02-13 10:35:00,2026-02-13 10:35:00,OG,Backtest,AdxDiCrossBracketOG,OG_AdxDiCrossBracketOG,OG,NQ,NQ JUN26,LONG,1,25058.75,25127.00,1360.64,1356.28,271.3,WIN,TARGET_HIT,24987.50,1425.00,2026-05-07 09:21:19
2026-01-13,2026-01-13 10:10:00,2026-01-13 10:15:00,OG,Backtest,AdxDiCrossBracketOG,OG_AdxDiCrossBracketOG,OG,NQ,NQ JUN26,SHORT,1,26137.25,26108.00,580.64,576.28,115.3,WIN,TARGET_HIT,26168.00,615.00,2026-05-07 09:21:19
2026-01-30,2026-01-30 11:00:00,2026-01-30 11:10:00,OG,Backtest,AdxDiCrossBracketOG,OG_AdxDiCrossBracketOG,OG,NQ,NQ JUN26,SHORT,1,26071.50,26048.25,460.64,456.28,91.3,WIN,STOP_HIT,26129.00,1150.00,2026-05-07 09:21:19
2026-01-20,2026-01-20 11:10:00,2026-01-20 11:15:00,OG,Backtest,AdxDiCrossBracketOG,OG_AdxDiCrossBracketOG,OG,NQ,NQ JUN26,LONG,1,25588.25,25600.25,235.64,231.28,46.3,WIN,STOP_HIT,25540.75,950.00,2026-05-07 09:21:19
2026-03-20,2026-03-20 11:30:00,2026-03-20 12:05:00,OG,Backtest,AdxDiCrossBracketOG,OG_AdxDiCrossBracketOG,OG,NQ,NQ JUN26,LONG,1,24275.00,24327.75,1050.64,1046.28,209.3,WIN,TARGET_HIT,24219.75,1105.00,2026-05-07 09:21:19
2026-02-05,2026-02-05 11:40:00,2026-02-05 11:50:00,OG,Backtest,AdxDiCrossBracketOG,OG_AdxDiCrossBracketOG,OG,NQ,NQ JUN26,LONG,1,25026.25,24991.50,-699.36,-703.72,-140.7,LOSS,STOP_HIT,24938.00,1765.00,2026-05-07 09:21:19
2026-01-07,2026-01-07 09:50:00,2026-01-07 09:50:00,OG,Backtest,AdxDiCrossBracketOG,OG_AdxDiCrossBracketOG,OG,NQ,NQ JUN26,LONG,1,26064.50,26079.75,300.64,296.28,59.3,WIN,TARGET_HIT,26047.25,345.00,2026-05-07 09:21:19
2026-02-24,2026-02-24 09:50:00,2026-02-24 09:50:00,OG,Backtest,AdxDiCrossBracketOG,OG_AdxDiCrossBracketOG,OG,NQ,NQ JUN26,LONG,1,25121.25,25157.50,720.64,716.28,143.3,WIN,TARGET_HIT,25081.50,795.00,2026-05-07 09:21:19
2026-03-03,2026-03-03 11:25:00,2026-03-03 11:40:00,OG,Backtest,AdxDiCrossBracketOG,OG_AdxDiCrossBracketOG,OG,NQ,NQ JUN26,LONG,1,24795.25,24816.50,420.64,416.28,83.3,WIN,STOP_HIT,24724.00,1425.00,2026-05-07 09:21:19
2026-02-11,2026-02-11 11:05:00,2026-02-11 11:10:00,OG,Backtest,AdxDiCrossBracketOG,OG_AdxDiCrossBracketOG,OG,NQ,NQ JUN26,LONG,1,25454.25,25417.50,-739.36,-743.72,-148.7,LOSS,STOP_HIT,25393.00,1225.00,2026-05-07 09:21:19
2026-02-24,2026-02-24 09:50:00,2026-02-24 09:50:00,OG,Backtest,AdxDiCrossBracketOG,OG_AdxDiCrossBracketOG,OG,NQ,NQ JUN26,LONG,1,25121.25,25157.50,720.64,716.28,143.3,WIN,TARGET_HIT,25081.50,795.00,2026-05-07 09:21:19
2026-02-24,2026-02-24 10:10:00,2026-02-24 10:10:00,OG,Backtest,AdxDiCrossBracketOG,OG_AdxDiCrossBracketOG,OG,NQ,NQ JUN26,SHORT,1,25048.00,25093.50,-914.36,-918.72,-183.7,LOSS,STOP_HIT,25092.25,885.00,2026-05-07 09:21:19
2026-01-30,2026-01-30 10:55:00,2026-01-30 10:55:00,OG,Backtest,AdxDiCrossBracketOG,OG_AdxDiCrossBracketOG,OG,NQ,NQ JUN26,LONG,1,26118.00,26058.75,-1189.36,-1193.72,-238.7,LOSS,STOP_HIT,26060.00,1160.00,2026-05-07 09:21:19
2026-02-13,2026-02-13 10:35:00,2026-02-13 10:35:00,OG,Backtest,AdxDiCrossBracketOG,OG_AdxDiCrossBracketOG,OG,NQ,NQ JUN26,LONG,1,25058.75,25127.00,1360.64,1356.28,271.3,WIN,TARGET_HIT,24987.50,1425.00,2026-05-07 09:21:19
2026-02-11,2026-02-11 10:20:00,2026-02-11 10:20:00,OG,Backtest,AdxDiCrossBracketOG,OG_AdxDiCrossBracketOG,OG,NQ,NQ JUN26,SHORT,1,25395.25,25345.50,990.64,986.28,197.3,WIN,TARGET_HIT,25448.50,1065.00,2026-05-07 09:21:19
2026-02-13,2026-02-13 10:35:00,2026-02-13 10:35:00,OG,Backtest,AdxDiCrossBracketOG,OG_AdxDiCrossBracketOG,OG,NQ,NQ JUN26,LONG,1,25058.75,25127.00,1360.64,1356.28,271.3,WIN,TARGET_HIT,24987.50,1425.00,2026-05-07 09:21:19
2026-01-30,2026-01-30 11:00:00,2026-01-30 11:10:00,OG,Backtest,AdxDiCrossBracketOG,OG_AdxDiCrossBracketOG,OG,NQ,NQ JUN26,SHORT,1,26071.50,26048.25,460.64,456.28,91.3,WIN,STOP_HIT,26129.00,1150.00,2026-05-07 09:21:19
2026-04-07,2026-04-07 11:40:00,2026-04-07 12:00:00,OG,Backtest,AdxDiCrossBracketOG,OG_AdxDiCrossBracketOG,OG,NQ,NQ JUN26,LONG,1,24072.25,24117.50,900.64,896.28,179.3,WIN,TARGET_HIT,24025.00,945.00,2026-05-07 09:21:19
2026-03-06,2026-03-06 11:10:00,2026-03-06 11:15:00,OG,Backtest,AdxDiCrossBracketOG,OG_AdxDiCrossBracketOG,OG,NQ,NQ JUN26,LONG,1,25102.25,25058.25,-884.36,-888.72,-177.7,LOSS,STOP_HIT,25038.75,1270.00,2026-05-07 09:21:19
2026-04-07,2026-04-07 11:40:00,2026-04-07 12:00:00,OG,Backtest,AdxDiCrossBracketOG,OG_AdxDiCrossBracketOG,OG,NQ,NQ JUN26,LONG,1,24072.25,24117.50,900.64,896.28,179.3,WIN,TARGET_HIT,24025.00,945.00,2026-05-07 09:21:19
2026-02-05,2026-02-05 11:40:00,2026-02-05 11:50:00,OG,Backtest,AdxDiCrossBracketOG,OG_AdxDiCrossBracketOG,OG,NQ,NQ JUN26,LONG,1,25026.25,24991.50,-699.36,-703.72,-140.7,LOSS,STOP_HIT,24938.00,1765.00,2026-05-07 09:21:19
2026-02-24,2026-02-24 09:50:00,2026-02-24 09:50:00,OG,Backtest,AdxDiCrossBracketOG,OG_AdxDiCrossBracketOG,OG,NQ,NQ JUN26,LONG,1,25121.25,25157.50,720.64,716.28,143.3,WIN,TARGET_HIT,25081.50,795.00,2026-05-07 09:21:19
2026-01-07,2026-01-07 10:10:00,2026-01-07 10:10:00,OG,Backtest,AdxDiCrossBracketOG,OG_AdxDiCrossBracketOG,OG,NQ,NQ JUN26,SHORT,1,26050.00,26073.50,-474.36,-478.72,-95.7,LOSS,STOP_HIT,26072.25,445.00,2026-05-07 09:21:19
2026-03-12,2026-03-12 11:50:00,2026-03-12 11:50:00,OG,Backtest,AdxDiCrossBracketOG,OG_AdxDiCrossBracketOG,OG,NQ,NQ JUN26,LONG,1,24898.75,24843.25,-1114.36,-1118.72,-223.7,LOSS,STOP_HIT,24844.50,1085.00,2026-05-07 09:21:19
2026-02-11,2026-02-11 10:20:00,2026-02-11 10:20:00,OG,Backtest,AdxDiCrossBracketOG,OG_AdxDiCrossBracketOG,OG,NQ,NQ JUN26,SHORT,1,25395.25,25345.50,990.64,986.28,197.3,WIN,TARGET_HIT,25448.50,1065.00,2026-05-07 09:21:19
2026-02-24,2026-02-24 10:15:00,2026-02-24 10:15:00,OG,Backtest,AdxDiCrossBracketOG,OG_AdxDiCrossBracketOG,OG,NQ,NQ JUN26,LONG,1,25110.00,25063.00,-944.36,-948.72,-189.7,LOSS,STOP_HIT,25064.25,915.00,2026-05-07 09:21:19
2026-03-13,2026-03-13 10:50:00,2026-03-13 10:50:00,OG,Backtest,AdxDiCrossBracketOG,OG_AdxDiCrossBracketOG,OG,NQ,NQ JUN26,SHORT,1,24804.25,24755.00,980.64,976.28,195.3,WIN,TARGET_HIT,24853.50,985.00,2026-05-07 09:21:19
2026-04-02,2026-04-02 10:45:00,2026-04-02 10:45:00,OG,Backtest,AdxDiCrossBracketOG,OG_AdxDiCrossBracketOG,OG,NQ,NQ JUN26,LONG,1,24211.00,24133.25,-1559.36,-1563.72,-312.7,LOSS,STOP_HIT,24134.50,1530.00,2026-05-07 09:21:19
2026-03-25,2026-03-25 11:20:00,2026-03-25 11:20:00,OG,Backtest,AdxDiCrossBracketOG,OG_AdxDiCrossBracketOG,OG,NQ,NQ JUN26,SHORT,1,24385.25,24336.50,970.64,966.28,193.3,WIN,TARGET_HIT,24438.00,1055.00,2026-05-07 09:21:19
2026-01-07,2026-01-07 10:10:00,2026-01-07 10:10:00,OG,Backtest,AdxDiCrossBracketOG,OG_AdxDiCrossBracketOG,OG,NQ,NQ JUN26,SHORT,1,26050.00,26073.50,-474.36,-478.72,-95.7,LOSS,STOP_HIT,26072.25,445.00,2026-05-07 09:21:19
2026-02-13,2026-02-13 10:50:00,2026-02-13 11:05:00,OG,Backtest,AdxDiCrossBracketOG,OG_AdxDiCrossBracketOG,OG,NQ,NQ JUN26,SHORT,1,24982.25,25021.00,-779.36,-783.72,-156.7,LOSS,STOP_HIT,25055.00,1455.00,2026-05-07 09:21:19
2026-04-02,2026-04-02 10:45:00,2026-04-02 10:45:00,OG,Backtest,AdxDiCrossBracketOG,OG_AdxDiCrossBracketOG,OG,NQ,NQ JUN26,LONG,1,24211.00,24133.25,-1559.36,-1563.72,-312.7,LOSS,STOP_HIT,24134.50,1530.00,2026-05-07 09:21:19
2026-03-09,2026-03-09 10:45:00,2026-03-09 10:50:00,OG,Backtest,AdxDiCrossBracketOG,OG_AdxDiCrossBracketOG,OG,NQ,NQ JUN26,LONG,1,24692.75,24762.25,1385.64,1381.28,276.3,WIN,TARGET_HIT,24622.25,1410.00,2026-05-07 09:21:19
2026-01-12,2026-01-12 11:25:00,2026-01-12 11:35:00,OG,Backtest,AdxDiCrossBracketOG,OG_AdxDiCrossBracketOG,OG,NQ,NQ JUN26,LONG,1,26159.50,26149.25,-209.36,-213.72,-42.7,LOSS,STOP_HIT,26131.75,555.00,2026-05-07 09:21:19
2026-03-13,2026-03-13 10:50:00,2026-03-13 10:50:00,OG,Backtest,AdxDiCrossBracketOG,OG_AdxDiCrossBracketOG,OG,NQ,NQ JUN26,SHORT,1,24804.25,24755.00,980.64,976.28,195.3,WIN,TARGET_HIT,24853.50,985.00,2026-05-07 09:21:19
2026-01-09,2026-01-09 10:10:00,2026-01-09 10:10:00,OG,Backtest,AdxDiCrossBracketOG,OG_AdxDiCrossBracketOG,OG,NQ,NQ JUN26,LONG,1,25922.50,25881.00,-834.36,-838.72,-167.7,LOSS,STOP_HIT,25882.25,805.00,2026-05-07 09:21:19
2026-03-13,2026-03-13 10:50:00,2026-03-13 10:50:00,OG,Backtest,AdxDiCrossBracketOG,OG_AdxDiCrossBracketOG,OG,NQ,NQ JUN26,SHORT,1,24804.25,24755.00,980.64,976.28,195.3,WIN,TARGET_HIT,24853.50,985.00,2026-05-07 09:21:19
2026-01-16,2026-01-16 11:30:00,2026-01-16 11:35:00,OG,Backtest,AdxDiCrossBracketOG,OG_AdxDiCrossBracketOG,OG,NQ,NQ JUN26,LONG,1,25912.25,25924.50,240.64,236.28,47.3,WIN,STOP_HIT,25874.75,750.00,2026-05-07 09:21:19
2026-01-16,2026-01-16 11:30:00,2026-01-16 11:35:00,OG,Backtest,AdxDiCrossBracketOG,OG_AdxDiCrossBracketOG,OG,NQ,NQ JUN26,LONG,1,25912.25,25924.50,240.64,236.28,47.3,WIN,STOP_HIT,25874.75,750.00,2026-05-07 09:21:19
2026-03-27,2026-03-27 11:40:00,2026-03-27 11:45:00,OG,Backtest,AdxDiCrossBracketOG,OG_AdxDiCrossBracketOG,OG,NQ,NQ JUN26,LONG,1,23597.75,23540.25,-1154.36,-1158.72,-231.7,LOSS,STOP_HIT,23541.50,1125.00,2026-05-07 09:21:19
2026-01-20,2026-01-20 10:50:00,2026-01-20 10:55:00,OG,Backtest,AdxDiCrossBracketOG,OG_AdxDiCrossBracketOG,OG,NQ,NQ JUN26,LONG,1,25598.75,25558.75,-804.36,-808.72,-161.7,LOSS,STOP_HIT,25550.75,960.00,2026-05-07 09:21:19
2026-03-19,2026-03-19 11:15:00,2026-03-19 11:25:00,OG,Backtest,AdxDiCrossBracketOG,OG_AdxDiCrossBracketOG,OG,NQ,NQ JUN26,LONG,1,24531.00,24485.50,-914.36,-918.72,-183.7,LOSS,STOP_HIT,24473.00,1160.00,2026-05-07 09:21:19
2026-03-17,2026-03-17 11:15:00,2026-03-17 11:20:00,OG,Backtest,AdxDiCrossBracketOG,OG_AdxDiCrossBracketOG,OG,NQ,NQ JUN26,SHORT,1,25019.75,25057.00,-749.36,-753.72,-150.7,LOSS,STOP_HIT,25056.25,730.00,2026-05-07 09:21:19
2026-03-20,2026-03-20 11:30:00,2026-03-20 12:05:00,OG,Backtest,AdxDiCrossBracketOG,OG_AdxDiCrossBracketOG,OG,NQ,NQ JUN26,LONG,1,24275.00,24327.75,1050.64,1046.28,209.3,WIN,TARGET_HIT,24219.75,1105.00,2026-05-07 09:21:19
2026-03-03,2026-03-03 11:25:00,2026-03-03 11:40:00,OG,Backtest,AdxDiCrossBracketOG,OG_AdxDiCrossBracketOG,OG,NQ,NQ JUN26,LONG,1,24795.25,24816.50,420.64,416.28,83.3,WIN,STOP_HIT,24724.00,1425.00,2026-05-07 09:21:19
2026-04-07,2026-04-07 11:40:00,2026-04-07 12:00:00,OG,Backtest,AdxDiCrossBracketOG,OG_AdxDiCrossBracketOG,OG,NQ,NQ JUN26,LONG,1,24072.25,24117.50,900.64,896.28,179.3,WIN,TARGET_HIT,24025.00,945.00,2026-05-07 09:21:19
2026-01-23,2026-01-23 10:10:00,2026-01-23 10:15:00,OG,Backtest,AdxDiCrossBracketOG,OG_AdxDiCrossBracketOG,OG,NQ,NQ JUN26,LONG,1,25921.75,25885.00,-739.36,-743.72,-148.7,LOSS,STOP_HIT,25885.50,725.00,2026-05-07 09:21:19
2026-03-25,2026-03-25 11:20:00,2026-03-25 11:20:00,OG,Backtest,AdxDiCrossBracketOG,OG_AdxDiCrossBracketOG,OG,NQ,NQ JUN26,SHORT,1,24385.25,24336.50,970.64,966.28,193.3,WIN,TARGET_HIT,24438.00,1055.00,2026-05-07 09:21:19
2026-04-07,2026-04-07 11:40:00,2026-04-07 12:00:00,OG,Backtest,AdxDiCrossBracketOG,OG_AdxDiCrossBracketOG,OG,NQ,NQ JUN26,LONG,1,24072.25,24117.50,900.64,896.28,179.3,WIN,TARGET_HIT,24025.00,945.00,2026-05-07 09:21:19
2026-03-25,2026-03-25 11:20:00,2026-03-25 11:20:00,OG,Backtest,AdxDiCrossBracketOG,OG_AdxDiCrossBracketOG,OG,NQ,NQ JUN26,SHORT,1,24385.25,24336.50,970.64,966.28,193.3,WIN,TARGET_HIT,24438.00,1055.00,2026-05-07 09:21:19
2026-04-10,2026-04-10 11:45:00,2026-04-10 12:00:00,OG,Backtest,AdxDiCrossBracketOG,OG_AdxDiCrossBracketOG,OG,NQ,NQ JUN26,SHORT,1,25300.75,25269.75,615.64,611.28,122.3,WIN,TARGET_HIT,25334.25,670.00,2026-05-07 09:21:19
2026-03-25,2026-03-25 11:20:00,2026-03-25 11:20:00,OG,Backtest,AdxDiCrossBracketOG,OG_AdxDiCrossBracketOG,OG,NQ,NQ JUN26,SHORT,1,24385.25,24336.50,970.64,966.28,193.3,WIN,TARGET_HIT,24438.00,1055.00,2026-05-07 09:21:19
2026-01-07,2026-01-07 09:50:00,2026-01-07 09:50:00,OG,Backtest,AdxDiCrossBracketOG,OG_AdxDiCrossBracketOG,OG,NQ,NQ JUN26,LONG,1,26064.50,26079.75,300.64,296.28,59.3,WIN,TARGET_HIT,26047.25,345.00,2026-05-07 09:21:19
2026-01-09,2026-01-09 10:30:00,2026-01-09 10:30:00,OG,Backtest,AdxDiCrossBracketOG,OG_AdxDiCrossBracketOG,OG,NQ,NQ JUN26,LONG,1,26010.00,26057.25,940.64,936.28,187.3,WIN,TARGET_HIT,25959.75,1005.00,2026-05-07 09:21:19
2026-04-06,2026-04-06 10:55:00,2026-04-06 11:00:00,OG,Backtest,AdxDiCrossBracketOG,OG_AdxDiCrossBracketOG,OG,NQ,NQ JUN26,SHORT,1,24269.25,24322.25,-1064.36,-1068.72,-213.7,LOSS,STOP_HIT,24321.00,1035.00,2026-05-07 09:21:19
2026-02-24,2026-02-24 10:10:00,2026-02-24 10:10:00,OG,Backtest,AdxDiCrossBracketOG,OG_AdxDiCrossBracketOG,OG,NQ,NQ JUN26,SHORT,1,25048.00,25093.50,-914.36,-918.72,-183.7,LOSS,STOP_HIT,25092.25,885.00,2026-05-07 09:21:19
2026-04-07,2026-04-07 11:40:00,2026-04-07 12:00:00,OG,Backtest,AdxDiCrossBracketOG,OG_AdxDiCrossBracketOG,OG,NQ,NQ JUN26,LONG,1,24072.25,24117.50,900.64,896.28,179.3,WIN,TARGET_HIT,24025.00,945.00,2026-05-07 09:21:19
2026-01-07,2026-01-07 09:50:00,2026-01-07 09:50:00,OG,Backtest,AdxDiCrossBracketOG,OG_AdxDiCrossBracketOG,OG,NQ,NQ JUN26,LONG,1,26064.50,26079.75,300.64,296.28,59.3,WIN,TARGET_HIT,26047.25,345.00,2026-05-07 09:21:19
2026-04-10,2026-04-10 11:45:00,2026-04-10 12:00:00,OG,Backtest,AdxDiCrossBracketOG,OG_AdxDiCrossBracketOG,OG,NQ,NQ JUN26,SHORT,1,25300.75,25269.75,615.64,611.28,122.3,WIN,TARGET_HIT,25334.25,670.00,2026-05-07 09:21:19
2026-01-09,2026-01-09 10:15:00,2026-01-09 10:15:00,OG,Backtest,AdxDiCrossBracketOG,OG_AdxDiCrossBracketOG,OG,NQ,NQ JUN26,SHORT,1,25849.75,25897.00,-949.36,-953.72,-190.7,LOSS,STOP_HIT,25895.75,920.00,2026-05-07 09:21:19
2026-03-02,2026-03-02 11:15:00,2026-03-02 11:20:00,OG,Backtest,AdxDiCrossBracketOG,OG_AdxDiCrossBracketOG,OG,NQ,NQ JUN26,LONG,1,25187.75,25180.00,-159.36,-163.72,-32.7,LOSS,STOP_HIT,25129.50,1165.00,2026-05-07 09:21:19
2026-02-13,2026-02-13 10:35:00,2026-02-13 10:35:00,OG,Backtest,AdxDiCrossBracketOG,OG_AdxDiCrossBracketOG,OG,NQ,NQ JUN26,LONG,1,25058.75,25127.00,1360.64,1356.28,271.3,WIN,TARGET_HIT,24987.50,1425.00,2026-05-07 09:21:19
2026-02-05,2026-02-05 11:40:00,2026-02-05 11:50:00,OG,Backtest,AdxDiCrossBracketOG,OG_AdxDiCrossBracketOG,OG,NQ,NQ JUN26,LONG,1,25026.25,24991.50,-699.36,-703.72,-140.7,LOSS,STOP_HIT,24938.00,1765.00,2026-05-07 09:21:19
2026-01-09,2026-01-09 09:55:00,2026-01-09 09:55:00,OG,Backtest,AdxDiCrossBracketOG,OG_AdxDiCrossBracketOG,OG,NQ,NQ JUN26,SHORT,1,25912.50,25949.00,-734.36,-738.72,-147.7,LOSS,STOP_HIT,25947.75,705.00,2026-05-07 09:21:19
2026-01-06,2026-01-06 11:00:00,2026-01-06 11:05:00,OG,Backtest,AdxDiCrossBracketOG,OG_AdxDiCrossBracketOG,OG,NQ,NQ JUN26,SHORT,1,25908.50,25880.75,550.64,546.28,109.3,WIN,TARGET_HIT,25938.25,595.00,2026-05-07 09:21:19
2026-01-07,2026-01-07 10:10:00,2026-01-07 10:10:00,OG,Backtest,AdxDiCrossBracketOG,OG_AdxDiCrossBracketOG,OG,NQ,NQ JUN26,SHORT,1,26050.00,26073.50,-474.36,-478.72,-95.7,LOSS,STOP_HIT,26072.25,445.00,2026-05-07 09:21:19
2026-04-06,2026-04-06 11:35:00,2026-04-06 11:50:00,OG,Backtest,AdxDiCrossBracketOG,OG_AdxDiCrossBracketOG,OG,NQ,NQ JUN26,SHORT,1,24280.00,24294.25,-289.36,-293.72,-58.7,LOSS,STOP_HIT,24325.50,910.00,2026-05-07 09:21:19
2026-02-17,2026-02-17 11:10:00,2026-02-17 11:10:00,OG,Backtest,AdxDiCrossBracketOG,OG_AdxDiCrossBracketOG,OG,NQ,NQ JUN26,LONG,1,24862.00,24927.25,1300.64,1296.28,259.3,WIN,TARGET_HIT,24793.75,1365.00,2026-05-07 09:21:19
2026-01-09,2026-01-09 10:30:00,2026-01-09 10:30:00,OG,Backtest,AdxDiCrossBracketOG,OG_AdxDiCrossBracketOG,OG,NQ,NQ JUN26,LONG,1,26010.00,26057.25,940.64,936.28,187.3,WIN,TARGET_HIT,25959.75,1005.00,2026-05-07 09:21:19
2026-01-09,2026-01-09 09:55:00,2026-01-09 09:55:00,OG,Backtest,AdxDiCrossBracketOG,OG_AdxDiCrossBracketOG,OG,NQ,NQ JUN26,SHORT,1,25912.50,25949.00,-734.36,-738.72,-147.7,LOSS,STOP_HIT,25947.75,705.00,2026-05-07 09:21:19
2026-02-24,2026-02-24 10:15:00,2026-02-24 10:15:00,OG,Backtest,AdxDiCrossBracketOG,OG_AdxDiCrossBracketOG,OG,NQ,NQ JUN26,LONG,1,25110.00,25063.00,-944.36,-948.72,-189.7,LOSS,STOP_HIT,25064.25,915.00,2026-05-07 09:21:19
2026-02-03,2026-02-03 09:50:00,2026-02-03 09:50:00,OG,Backtest,AdxDiCrossBracketOG,OG_AdxDiCrossBracketOG,OG,NQ,NQ JUN26,SHORT,1,25960.00,25999.25,-789.36,-793.72,-158.7,LOSS,STOP_HIT,25998.00,760.00,2026-05-07 09:21:19
2026-02-24,2026-02-24 10:10:00,2026-02-24 10:10:00,OG,Backtest,AdxDiCrossBracketOG,OG_AdxDiCrossBracketOG,OG,NQ,NQ JUN26,SHORT,1,25048.00,25093.50,-914.36,-918.72,-183.7,LOSS,STOP_HIT,25092.25,885.00,2026-05-07 09:21:19
2026-03-19,2026-03-19 11:15:00,2026-03-19 11:25:00,OG,Backtest,AdxDiCrossBracketOG,OG_AdxDiCrossBracketOG,OG,NQ,NQ JUN26,LONG,1,24531.00,24485.50,-914.36,-918.72,-183.7,LOSS,STOP_HIT,24473.00,1160.00,2026-05-07 09:21:19
2026-02-03,2026-02-03 09:50:00,2026-02-03 09:50:00,OG,Backtest,AdxDiCrossBracketOG,OG_AdxDiCrossBracketOG,OG,NQ,NQ JUN26,SHORT,1,25960.00,25999.25,-789.36,-793.72,-158.7,LOSS,STOP_HIT,25998.00,760.00,2026-05-07 09:21:19
2026-02-24,2026-02-24 10:10:00,2026-02-24 10:10:00,OG,Backtest,AdxDiCrossBracketOG,OG_AdxDiCrossBracketOG,OG,NQ,NQ JUN26,SHORT,1,25048.00,25093.50,-914.36,-918.72,-183.7,LOSS,STOP_HIT,25092.25,885.00,2026-05-07 09:21:19
2026-03-06,2026-03-06 11:10:00,2026-03-06 11:15:00,OG,Backtest,AdxDiCrossBracketOG,OG_AdxDiCrossBracketOG,OG,NQ,NQ JUN26,LONG,1,25102.25,25058.25,-884.36,-888.72,-177.7,LOSS,STOP_HIT,25038.75,1270.00,2026-05-07 09:21:19
2026-01-30,2026-01-30 10:55:00,2026-01-30 10:55:00,OG,Backtest,AdxDiCrossBracketOG,OG_AdxDiCrossBracketOG,OG,NQ,NQ JUN26,LONG,1,26118.00,26058.75,-1189.36,-1193.72,-238.7,LOSS,STOP_HIT,26060.00,1160.00,2026-05-07 09:21:19
2026-01-07,2026-01-07 09:50:00,2026-01-07 09:50:00,OG,Backtest,AdxDiCrossBracketOG,OG_AdxDiCrossBracketOG,OG,NQ,NQ JUN26,LONG,1,26064.50,26079.75,300.64,296.28,59.3,WIN,TARGET_HIT,26047.25,345.00,2026-05-07 09:21:19
2026-01-13,2026-01-13 10:10:00,2026-01-13 10:15:00,OG,Backtest,AdxDiCrossBracketOG,OG_AdxDiCrossBracketOG,OG,NQ,NQ JUN26,SHORT,1,26137.25,26108.00,580.64,576.28,115.3,WIN,TARGET_HIT,26168.00,615.00,2026-05-07 09:21:19
2026-01-07,2026-01-07 09:50:00,2026-01-07 09:50:00,OG,Backtest,AdxDiCrossBracketOG,OG_AdxDiCrossBracketOG,OG,NQ,NQ JUN26,LONG,1,26064.50,26079.75,300.64,296.28,59.3,WIN,TARGET_HIT,26047.25,345.00,2026-05-07 09:21:19
2026-01-07,2026-01-07 10:10:00,2026-01-07 10:10:00,OG,Backtest,AdxDiCrossBracketOG,OG_AdxDiCrossBracketOG,OG,NQ,NQ JUN26,SHORT,1,26050.00,26073.50,-474.36,-478.72,-95.7,LOSS,STOP_HIT,26072.25,445.00,2026-05-07 09:21:19
2026-01-20,2026-01-20 11:10:00,2026-01-20 11:15:00,OG,Backtest,AdxDiCrossBracketOG,OG_AdxDiCrossBracketOG,OG,NQ,NQ JUN26,LONG,1,25588.25,25600.25,235.64,231.28,46.3,WIN,STOP_HIT,25540.75,950.00,2026-05-07 09:21:19
2026-01-28,2026-01-28 10:55:00,2026-01-28 11:20:00,OG,Backtest,AdxDiCrossBracketOG,OG_AdxDiCrossBracketOG,OG,NQ,NQ JUN26,SHORT,1,26394.50,26393.75,10.64,6.28,1.3,WIN,STOP_HIT,26429.00,690.00,2026-05-07 09:21:19
2026-01-20,2026-01-20 11:10:00,2026-01-20 11:15:00,OG,Backtest,AdxDiCrossBracketOG,OG_AdxDiCrossBracketOG,OG,NQ,NQ JUN26,LONG,1,25588.25,25600.25,235.64,231.28,46.3,WIN,STOP_HIT,25540.75,950.00,2026-05-07 09:21:19
2026-02-11,2026-02-11 11:05:00,2026-02-11 11:10:00,OG,Backtest,AdxDiCrossBracketOG,OG_AdxDiCrossBracketOG,OG,NQ,NQ JUN26,LONG,1,25454.25,25417.50,-739.36,-743.72,-148.7,LOSS,STOP_HIT,25393.00,1225.00,2026-05-07 09:21:19
2026-01-21,2026-01-21 11:45:00,2026-01-21 11:45:00,OG,Backtest,AdxDiCrossBracketOG,OG_AdxDiCrossBracketOG,OG,NQ,NQ JUN26,SHORT,1,25543.00,25505.75,740.64,736.28,147.3,WIN,TARGET_HIT,25582.25,785.00,2026-05-07 09:21:19
2026-01-09,2026-01-09 10:10:00,2026-01-09 10:10:00,OG,Backtest,AdxDiCrossBracketOG,OG_AdxDiCrossBracketOG,OG,NQ,NQ JUN26,LONG,1,25922.50,25881.00,-834.36,-838.72,-167.7,LOSS,STOP_HIT,25882.25,805.00,2026-05-07 09:21:19
2026-03-19,2026-03-19 11:15:00,2026-03-19 11:25:00,OG,Backtest,AdxDiCrossBracketOG,OG_AdxDiCrossBracketOG,OG,NQ,NQ JUN26,LONG,1,24531.00,24485.50,-914.36,-918.72,-183.7,LOSS,STOP_HIT,24473.00,1160.00,2026-05-07 09:21:19
2026-01-09,2026-01-09 10:30:00,2026-01-09 10:30:00,OG,Backtest,AdxDiCrossBracketOG,OG_AdxDiCrossBracketOG,OG,NQ,NQ JUN26,LONG,1,26010.00,26057.25,940.64,936.28,187.3,WIN,TARGET_HIT,25959.75,1005.00,2026-05-07 09:21:19
2026-01-09,2026-01-09 10:15:00,2026-01-09 10:15:00,OG,Backtest,AdxDiCrossBracketOG,OG_AdxDiCrossBracketOG,OG,NQ,NQ JUN26,SHORT,1,25849.75,25897.00,-949.36,-953.72,-190.7,LOSS,STOP_HIT,25895.75,920.00,2026-05-07 09:21:19
2026-03-20,2026-03-20 11:30:00,2026-03-20 12:05:00,OG,Backtest,AdxDiCrossBracketOG,OG_AdxDiCrossBracketOG,OG,NQ,NQ JUN26,LONG,1,24275.00,24327.75,1050.64,1046.28,209.3,WIN,TARGET_HIT,24219.75,1105.00,2026-05-07 09:21:19
2026-01-09,2026-01-09 10:15:00,2026-01-09 10:15:00,OG,Backtest,AdxDiCrossBracketOG,OG_AdxDiCrossBracketOG,OG,NQ,NQ JUN26,SHORT,1,25849.75,25897.00,-949.36,-953.72,-190.7,LOSS,STOP_HIT,25895.75,920.00,2026-05-07 09:21:19
2026-01-13,2026-01-13 10:10:00,2026-01-13 10:15:00,OG,Backtest,AdxDiCrossBracketOG,OG_AdxDiCrossBracketOG,OG,NQ,NQ JUN26,SHORT,1,26137.25,26108.00,580.64,576.28,115.3,WIN,TARGET_HIT,26168.00,615.00,2026-05-07 09:21:19
2026-01-30,2026-01-30 11:00:00,2026-01-30 11:10:00,OG,Backtest,AdxDiCrossBracketOG,OG_AdxDiCrossBracketOG,OG,NQ,NQ JUN26,SHORT,1,26071.50,26048.25,460.64,456.28,91.3,WIN,STOP_HIT,26129.00,1150.00,2026-05-07 09:21:19
2026-01-30,2026-01-30 11:00:00,2026-01-30 11:10:00,OG,Backtest,AdxDiCrossBracketOG,OG_AdxDiCrossBracketOG,OG,NQ,NQ JUN26,SHORT,1,26071.50,26048.25,460.64,456.28,91.3,WIN,STOP_HIT,26129.00,1150.00,2026-05-07 09:21:19
2026-01-13,2026-01-13 10:10:00,2026-01-13 10:15:00,OG,Backtest,AdxDiCrossBracketOG,OG_AdxDiCrossBracketOG,OG,NQ,NQ JUN26,SHORT,1,26137.25,26108.00,580.64,576.28,115.3,WIN,TARGET_HIT,26168.00,615.00,2026-05-07 09:21:19
2026-02-10,2026-02-10 09:45:00,2026-02-10 09:45:00,OG,Backtest,AdxDiCrossBracketOG,OG_AdxDiCrossBracketOG,OG,NQ,NQ JUN26,SHORT,1,25534.50,25512.25,440.64,436.28,87.3,WIN,TARGET_HIT,25559.75,505.00,2026-05-07 09:21:19
2026-02-11,2026-02-11 10:20:00,2026-02-11 10:20:00,OG,Backtest,AdxDiCrossBracketOG,OG_AdxDiCrossBracketOG,OG,NQ,NQ JUN26,SHORT,1,25395.25,25345.50,990.64,986.28,197.3,WIN,TARGET_HIT,25448.50,1065.00,2026-05-07 09:21:19
2026-01-09,2026-01-09 10:10:00,2026-01-09 10:10:00,OG,Backtest,AdxDiCrossBracketOG,OG_AdxDiCrossBracketOG,OG,NQ,NQ JUN26,LONG,1,25922.50,25881.00,-834.36,-838.72,-167.7,LOSS,STOP_HIT,25882.25,805.00,2026-05-07 09:21:19
2026-04-06,2026-04-06 11:05:00,2026-04-06 11:30:00,OG,Backtest,AdxDiCrossBracketOG,OG_AdxDiCrossBracketOG,OG,NQ,NQ JUN26,LONG,1,24307.50,24278.75,-579.36,-583.72,-116.7,LOSS,STOP_HIT,24255.50,1040.00,2026-05-07 09:21:19
2026-01-09,2026-01-09 10:15:00,2026-01-09 10:15:00,OG,Backtest,AdxDiCrossBracketOG,OG_AdxDiCrossBracketOG,OG,NQ,NQ JUN26,SHORT,1,25849.75,25897.00,-949.36,-953.72,-190.7,LOSS,STOP_HIT,25895.75,920.00,2026-05-07 09:21:19
2026-01-23,2026-01-23 10:10:00,2026-01-23 10:15:00,OG,Backtest,AdxDiCrossBracketOG,OG_AdxDiCrossBracketOG,OG,NQ,NQ JUN26,LONG,1,25921.75,25885.00,-739.36,-743.72,-148.7,LOSS,STOP_HIT,25885.50,725.00,2026-05-07 09:21:19
2026-03-06,2026-03-06 11:10:00,2026-03-06 11:15:00,OG,Backtest,AdxDiCrossBracketOG,OG_AdxDiCrossBracketOG,OG,NQ,NQ JUN26,LONG,1,25102.25,25058.25,-884.36,-888.72,-177.7,LOSS,STOP_HIT,25038.75,1270.00,2026-05-07 09:21:19
2026-03-03,2026-03-03 11:25:00,2026-03-03 11:40:00,OG,Backtest,AdxDiCrossBracketOG,OG_AdxDiCrossBracketOG,OG,NQ,NQ JUN26,LONG,1,24795.25,24816.50,420.64,416.28,83.3,WIN,STOP_HIT,24724.00,1425.00,2026-05-07 09:21:19
2026-01-30,2026-01-30 10:55:00,2026-01-30 10:55:00,OG,Backtest,AdxDiCrossBracketOG,OG_AdxDiCrossBracketOG,OG,NQ,NQ JUN26,LONG,1,26118.00,26058.75,-1189.36,-1193.72,-238.7,LOSS,STOP_HIT,26060.00,1160.00,2026-05-07 09:21:19
2026-02-24,2026-02-24 10:15:00,2026-02-24 10:15:00,OG,Backtest,AdxDiCrossBracketOG,OG_AdxDiCrossBracketOG,OG,NQ,NQ JUN26,LONG,1,25110.00,25063.00,-944.36,-948.72,-189.7,LOSS,STOP_HIT,25064.25,915.00,2026-05-07 09:21:19
2026-03-06,2026-03-06 11:10:00,2026-03-06 11:15:00,OG,Backtest,AdxDiCrossBracketOG,OG_AdxDiCrossBracketOG,OG,NQ,NQ JUN26,LONG,1,25102.25,25058.25,-884.36,-888.72,-177.7,LOSS,STOP_HIT,25038.75,1270.00,2026-05-07 09:21:19
2026-03-02,2026-03-02 11:15:00,2026-03-02 11:20:00,OG,Backtest,AdxDiCrossBracketOG,OG_AdxDiCrossBracketOG,OG,NQ,NQ JUN26,LONG,1,25187.75,25180.00,-159.36,-163.72,-32.7,LOSS,STOP_HIT,25129.50,1165.00,2026-05-07 09:21:20
2026-02-11,2026-02-11 11:05:00,2026-02-11 11:10:00,OG,Backtest,AdxDiCrossBracketOG,OG_AdxDiCrossBracketOG,OG,NQ,NQ JUN26,LONG,1,25454.25,25417.50,-739.36,-743.72,-148.7,LOSS,STOP_HIT,25393.00,1225.00,2026-05-07 09:21:20
2026-01-30,2026-01-30 11:00:00,2026-01-30 11:10:00,OG,Backtest,AdxDiCrossBracketOG,OG_AdxDiCrossBracketOG,OG,NQ,NQ JUN26,SHORT,1,26071.50,26048.25,460.64,456.28,91.3,WIN,STOP_HIT,26129.00,1150.00,2026-05-07 09:21:20
2026-01-16,2026-01-16 11:30:00,2026-01-16 11:35:00,OG,Backtest,AdxDiCrossBracketOG,OG_AdxDiCrossBracketOG,OG,NQ,NQ JUN26,LONG,1,25912.25,25924.50,240.64,236.28,47.3,WIN,STOP_HIT,25874.75,750.00,2026-05-07 09:21:20
2026-02-11,2026-02-11 11:20:00,2026-02-11 11:25:00,OG,Backtest,AdxDiCrossBracketOG,OG_AdxDiCrossBracketOG,OG,NQ,NQ JUN26,LONG,1,25468.75,25457.00,-239.36,-243.72,-48.7,LOSS,STOP_HIT,25406.75,1240.00,2026-05-07 09:21:20
2026-03-03,2026-03-03 11:25:00,2026-03-03 11:40:00,OG,Backtest,AdxDiCrossBracketOG,OG_AdxDiCrossBracketOG,OG,NQ,NQ JUN26,LONG,1,24795.25,24816.50,420.64,416.28,83.3,WIN,STOP_HIT,24724.00,1425.00,2026-05-07 09:21:20
2026-02-24,2026-02-24 10:15:00,2026-02-24 10:15:00,OG,Backtest,AdxDiCrossBracketOG,OG_AdxDiCrossBracketOG,OG,NQ,NQ JUN26,LONG,1,25110.00,25063.00,-944.36,-948.72,-189.7,LOSS,STOP_HIT,25064.25,915.00,2026-05-07 09:21:20
2026-02-10,2026-02-10 09:45:00,2026-02-10 09:45:00,OG,Backtest,AdxDiCrossBracketOG,OG_AdxDiCrossBracketOG,OG,NQ,NQ JUN26,SHORT,1,25534.50,25512.25,440.64,436.28,87.3,WIN,TARGET_HIT,25559.75,505.00,2026-05-07 09:21:20
2026-03-02,2026-03-02 11:15:00,2026-03-02 11:20:00,OG,Backtest,AdxDiCrossBracketOG,OG_AdxDiCrossBracketOG,OG,NQ,NQ JUN26,LONG,1,25187.75,25180.00,-159.36,-163.72,-32.7,LOSS,STOP_HIT,25129.50,1165.00,2026-05-07 09:21:20
2026-03-06,2026-03-06 11:10:00,2026-03-06 11:15:00,OG,Backtest,AdxDiCrossBracketOG,OG_AdxDiCrossBracketOG,OG,NQ,NQ JUN26,LONG,1,25102.25,25058.25,-884.36,-888.72,-177.7,LOSS,STOP_HIT,25038.75,1270.00,2026-05-07 09:21:20
2026-02-03,2026-02-03 09:50:00,2026-02-03 09:50:00,OG,Backtest,AdxDiCrossBracketOG,OG_AdxDiCrossBracketOG,OG,NQ,NQ JUN26,SHORT,1,25960.00,25999.25,-789.36,-793.72,-158.7,LOSS,STOP_HIT,25998.00,760.00,2026-05-07 09:21:20
2026-03-03,2026-03-03 11:25:00,2026-03-03 11:40:00,OG,Backtest,AdxDiCrossBracketOG,OG_AdxDiCrossBracketOG,OG,NQ,NQ JUN26,LONG,1,24795.25,24816.50,420.64,416.28,83.3,WIN,STOP_HIT,24724.00,1425.00,2026-05-07 09:21:20
2026-01-13,2026-01-13 10:10:00,2026-01-13 10:15:00,OG,Backtest,AdxDiCrossBracketOG,OG_AdxDiCrossBracketOG,OG,NQ,NQ JUN26,SHORT,1,26137.25,26108.00,580.64,576.28,115.3,WIN,TARGET_HIT,26168.00,615.00,2026-05-07 09:21:20
2026-03-13,2026-03-13 10:50:00,2026-03-13 10:50:00,OG,Backtest,AdxDiCrossBracketOG,OG_AdxDiCrossBracketOG,OG,NQ,NQ JUN26,SHORT,1,24804.25,24755.00,980.64,976.28,195.3,WIN,TARGET_HIT,24853.50,985.00,2026-05-07 09:21:20
2026-02-17,2026-02-17 11:10:00,2026-02-17 11:10:00,OG,Backtest,AdxDiCrossBracketOG,OG_AdxDiCrossBracketOG,OG,NQ,NQ JUN26,LONG,1,24862.00,24927.25,1300.64,1296.28,259.3,WIN,TARGET_HIT,24793.75,1365.00,2026-05-07 09:21:20
2026-01-30,2026-01-30 10:55:00,2026-01-30 10:55:00,OG,Backtest,AdxDiCrossBracketOG,OG_AdxDiCrossBracketOG,OG,NQ,NQ JUN26,LONG,1,26118.00,26058.75,-1189.36,-1193.72,-238.7,LOSS,STOP_HIT,26060.00,1160.00,2026-05-07 09:21:20
2026-01-09,2026-01-09 09:55:00,2026-01-09 09:55:00,OG,Backtest,AdxDiCrossBracketOG,OG_AdxDiCrossBracketOG,OG,NQ,NQ JUN26,SHORT,1,25912.50,25949.00,-734.36,-738.72,-147.7,LOSS,STOP_HIT,25947.75,705.00,2026-05-07 09:21:20
2026-03-19,2026-03-19 11:15:00,2026-03-19 11:25:00,OG,Backtest,AdxDiCrossBracketOG,OG_AdxDiCrossBracketOG,OG,NQ,NQ JUN26,LONG,1,24531.00,24485.50,-914.36,-918.72,-183.7,LOSS,STOP_HIT,24473.00,1160.00,2026-05-07 09:21:20
2026-02-17,2026-02-17 11:10:00,2026-02-17 11:10:00,OG,Backtest,AdxDiCrossBracketOG,OG_AdxDiCrossBracketOG,OG,NQ,NQ JUN26,LONG,1,24862.00,24927.25,1300.64,1296.28,259.3,WIN,TARGET_HIT,24793.75,1365.00,2026-05-07 09:21:20
2026-03-17,2026-03-17 11:15:00,2026-03-17 11:20:00,OG,Backtest,AdxDiCrossBracketOG,OG_AdxDiCrossBracketOG,OG,NQ,NQ JUN26,SHORT,1,25019.75,25057.00,-749.36,-753.72,-150.7,LOSS,STOP_HIT,25056.25,730.00,2026-05-07 09:21:20
2026-03-02,2026-03-02 11:15:00,2026-03-02 11:20:00,OG,Backtest,AdxDiCrossBracketOG,OG_AdxDiCrossBracketOG,OG,NQ,NQ JUN26,LONG,1,25187.75,25180.00,-159.36,-163.72,-32.7,LOSS,STOP_HIT,25129.50,1165.00,2026-05-07 09:21:20
2026-03-02,2026-03-02 11:15:00,2026-03-02 11:20:00,OG,Backtest,AdxDiCrossBracketOG,OG_AdxDiCrossBracketOG,OG,NQ,NQ JUN26,LONG,1,25187.75,25180.00,-159.36,-163.72,-32.7,LOSS,STOP_HIT,25129.50,1165.00,2026-05-07 09:21:20
2026-01-09,2026-01-09 10:15:00,2026-01-09 10:15:00,OG,Backtest,AdxDiCrossBracketOG,OG_AdxDiCrossBracketOG,OG,NQ,NQ JUN26,SHORT,1,25849.75,25897.00,-949.36,-953.72,-190.7,LOSS,STOP_HIT,25895.75,920.00,2026-05-07 09:21:20
2026-03-06,2026-03-06 11:10:00,2026-03-06 11:15:00,OG,Backtest,AdxDiCrossBracketOG,OG_AdxDiCrossBracketOG,OG,NQ,NQ JUN26,LONG,1,25102.25,25058.25,-884.36,-888.72,-177.7,LOSS,STOP_HIT,25038.75,1270.00,2026-05-07 09:21:20
2026-01-30,2026-01-30 11:00:00,2026-01-30 11:10:00,OG,Backtest,AdxDiCrossBracketOG,OG_AdxDiCrossBracketOG,OG,NQ,NQ JUN26,SHORT,1,26071.50,26048.25,460.64,456.28,91.3,WIN,STOP_HIT,26129.00,1150.00,2026-05-07 09:21:20
2026-02-24,2026-02-24 09:50:00,2026-02-24 09:50:00,OG,Backtest,AdxDiCrossBracketOG,OG_AdxDiCrossBracketOG,OG,NQ,NQ JUN26,LONG,1,25121.25,25157.50,720.64,716.28,143.3,WIN,TARGET_HIT,25081.50,795.00,2026-05-07 09:21:20
2026-03-06,2026-03-06 11:10:00,2026-03-06 11:15:00,OG,Backtest,AdxDiCrossBracketOG,OG_AdxDiCrossBracketOG,OG,NQ,NQ JUN26,LONG,1,25102.25,25058.25,-884.36,-888.72,-177.7,LOSS,STOP_HIT,25038.75,1270.00,2026-05-07 09:21:20
2026-03-20,2026-03-20 11:30:00,2026-03-20 12:05:00,OG,Backtest,AdxDiCrossBracketOG,OG_AdxDiCrossBracketOG,OG,NQ,NQ JUN26,LONG,1,24275.00,24327.75,1050.64,1046.28,209.3,WIN,TARGET_HIT,24219.75,1105.00,2026-05-07 09:21:20
2026-01-20,2026-01-20 11:10:00,2026-01-20 11:15:00,OG,Backtest,AdxDiCrossBracketOG,OG_AdxDiCrossBracketOG,OG,NQ,NQ JUN26,LONG,1,25588.25,25600.25,235.64,231.28,46.3,WIN,STOP_HIT,25540.75,950.00,2026-05-07 09:21:20
2026-03-24,2026-03-24 11:00:00,2026-03-24 11:00:00,OG,Backtest,AdxDiCrossBracketOG,OG_AdxDiCrossBracketOG,OG,NQ,NQ JUN26,LONG,1,24282.25,24217.00,-1309.36,-1313.72,-262.7,LOSS,STOP_HIT,24218.25,1280.00,2026-05-07 09:21:20
2026-04-10,2026-04-10 11:45:00,2026-04-10 12:00:00,OG,Backtest,AdxDiCrossBracketOG,OG_AdxDiCrossBracketOG,OG,NQ,NQ JUN26,SHORT,1,25300.75,25269.75,615.64,611.28,122.3,WIN,TARGET_HIT,25334.25,670.00,2026-05-07 09:21:20
2026-03-25,2026-03-25 11:20:00,2026-03-25 11:20:00,OG,Backtest,AdxDiCrossBracketOG,OG_AdxDiCrossBracketOG,OG,NQ,NQ JUN26,SHORT,1,24385.25,24336.50,970.64,966.28,193.3,WIN,TARGET_HIT,24438.00,1055.00,2026-05-07 09:21:20
2026-04-06,2026-04-06 11:35:00,2026-04-06 11:50:00,OG,Backtest,AdxDiCrossBracketOG,OG_AdxDiCrossBracketOG,OG,NQ,NQ JUN26,SHORT,1,24280.00,24294.25,-289.36,-293.72,-58.7,LOSS,STOP_HIT,24325.50,910.00,2026-05-07 09:21:20
2026-01-12,2026-01-12 11:25:00,2026-01-12 11:35:00,OG,Backtest,AdxDiCrossBracketOG,OG_AdxDiCrossBracketOG,OG,NQ,NQ JUN26,LONG,1,26159.50,26149.25,-209.36,-213.72,-42.7,LOSS,STOP_HIT,26131.75,555.00,2026-05-07 09:21:20
2026-03-13,2026-03-13 10:50:00,2026-03-13 10:50:00,OG,Backtest,AdxDiCrossBracketOG,OG_AdxDiCrossBracketOG,OG,NQ,NQ JUN26,SHORT,1,24804.25,24755.00,980.64,976.28,195.3,WIN,TARGET_HIT,24853.50,985.00,2026-05-07 09:21:20
2026-03-06,2026-03-06 11:10:00,2026-03-06 11:15:00,OG,Backtest,AdxDiCrossBracketOG,OG_AdxDiCrossBracketOG,OG,NQ,NQ JUN26,LONG,1,25102.25,25058.25,-884.36,-888.72,-177.7,LOSS,STOP_HIT,25038.75,1270.00,2026-05-07 09:21:20
2026-03-02,2026-03-02 11:15:00,2026-03-02 11:20:00,OG,Backtest,AdxDiCrossBracketOG,OG_AdxDiCrossBracketOG,OG,NQ,NQ JUN26,LONG,1,25187.75,25180.00,-159.36,-163.72,-32.7,LOSS,STOP_HIT,25129.50,1165.00,2026-05-07 09:21:20
2026-04-06,2026-04-06 10:55:00,2026-04-06 11:00:00,OG,Backtest,AdxDiCrossBracketOG,OG_AdxDiCrossBracketOG,OG,NQ,NQ JUN26,SHORT,1,24269.25,24322.25,-1064.36,-1068.72,-213.7,LOSS,STOP_HIT,24321.00,1035.00,2026-05-07 09:21:20
2026-01-28,2026-01-28 10:55:00,2026-01-28 11:20:00,OG,Backtest,AdxDiCrossBracketOG,OG_AdxDiCrossBracketOG,OG,NQ,NQ JUN26,SHORT,1,26394.50,26393.75,10.64,6.28,1.3,WIN,STOP_HIT,26429.00,690.00,2026-05-07 09:21:20
2026-03-27,2026-03-27 11:40:00,2026-03-27 11:45:00,OG,Backtest,AdxDiCrossBracketOG,OG_AdxDiCrossBracketOG,OG,NQ,NQ JUN26,LONG,1,23597.75,23540.25,-1154.36,-1158.72,-231.7,LOSS,STOP_HIT,23541.50,1125.00,2026-05-07 09:21:20
2026-02-13,2026-02-13 10:35:00,2026-02-13 10:35:00,OG,Backtest,AdxDiCrossBracketOG,OG_AdxDiCrossBracketOG,OG,NQ,NQ JUN26,LONG,1,25058.75,25127.00,1360.64,1356.28,271.3,WIN,TARGET_HIT,24987.50,1425.00,2026-05-07 09:21:20
2026-04-07,2026-04-07 11:40:00,2026-04-07 12:00:00,OG,Backtest,AdxDiCrossBracketOG,OG_AdxDiCrossBracketOG,OG,NQ,NQ JUN26,LONG,1,24072.25,24117.50,900.64,896.28,179.3,WIN,TARGET_HIT,24025.00,945.00,2026-05-07 09:21:20
2026-04-02,2026-04-02 10:45:00,2026-04-02 10:45:00,OG,Backtest,AdxDiCrossBracketOG,OG_AdxDiCrossBracketOG,OG,NQ,NQ JUN26,LONG,1,24211.00,24133.25,-1559.36,-1563.72,-312.7,LOSS,STOP_HIT,24134.50,1530.00,2026-05-07 09:21:20
2026-01-28,2026-01-28 10:55:00,2026-01-28 11:20:00,OG,Backtest,AdxDiCrossBracketOG,OG_AdxDiCrossBracketOG,OG,NQ,NQ JUN26,SHORT,1,26394.50,26393.75,10.64,6.28,1.3,WIN,STOP_HIT,26429.00,690.00,2026-05-07 09:21:20
2026-02-05,2026-02-05 11:40:00,2026-02-05 11:50:00,OG,Backtest,AdxDiCrossBracketOG,OG_AdxDiCrossBracketOG,OG,NQ,NQ JUN26,LONG,1,25026.25,24991.50,-699.36,-703.72,-140.7,LOSS,STOP_HIT,24938.00,1765.00,2026-05-07 09:21:20
2026-04-06,2026-04-06 11:05:00,2026-04-06 11:30:00,OG,Backtest,AdxDiCrossBracketOG,OG_AdxDiCrossBracketOG,OG,NQ,NQ JUN26,LONG,1,24307.50,24278.75,-579.36,-583.72,-116.7,LOSS,STOP_HIT,24255.50,1040.00,2026-05-07 09:21:20
2026-02-10,2026-02-10 09:45:00,2026-02-10 09:45:00,OG,Backtest,AdxDiCrossBracketOG,OG_AdxDiCrossBracketOG,OG,NQ,NQ JUN26,SHORT,1,25534.50,25512.25,440.64,436.28,87.3,WIN,TARGET_HIT,25559.75,505.00,2026-05-07 09:21:20
2026-02-11,2026-02-11 11:05:00,2026-02-11 11:10:00,OG,Backtest,AdxDiCrossBracketOG,OG_AdxDiCrossBracketOG,OG,NQ,NQ JUN26,LONG,1,25454.25,25417.50,-739.36,-743.72,-148.7,LOSS,STOP_HIT,25393.00,1225.00,2026-05-07 09:21:20
2026-03-24,2026-03-24 11:00:00,2026-03-24 11:00:00,OG,Backtest,AdxDiCrossBracketOG,OG_AdxDiCrossBracketOG,OG,NQ,NQ JUN26,LONG,1,24282.25,24217.00,-1309.36,-1313.72,-262.7,LOSS,STOP_HIT,24218.25,1280.00,2026-05-07 09:21:20
2026-01-06,2026-01-06 11:00:00,2026-01-06 11:05:00,OG,Backtest,AdxDiCrossBracketOG,OG_AdxDiCrossBracketOG,OG,NQ,NQ JUN26,SHORT,1,25908.50,25880.75,550.64,546.28,109.3,WIN,TARGET_HIT,25938.25,595.00,2026-05-07 09:21:20
2026-01-07,2026-01-07 09:50:00,2026-01-07 09:50:00,OG,Backtest,AdxDiCrossBracketOG,OG_AdxDiCrossBracketOG,OG,NQ,NQ JUN26,LONG,1,26064.50,26079.75,300.64,296.28,59.3,WIN,TARGET_HIT,26047.25,345.00,2026-05-07 09:21:20
2026-01-07,2026-01-07 09:50:00,2026-01-07 09:50:00,OG,Backtest,AdxDiCrossBracketOG,OG_AdxDiCrossBracketOG,OG,NQ,NQ JUN26,LONG,1,26064.50,26079.75,300.64,296.28,59.3,WIN,TARGET_HIT,26047.25,345.00,2026-05-07 09:21:20
2026-01-20,2026-01-20 10:50:00,2026-01-20 10:55:00,OG,Backtest,AdxDiCrossBracketOG,OG_AdxDiCrossBracketOG,OG,NQ,NQ JUN26,LONG,1,25598.75,25558.75,-804.36,-808.72,-161.7,LOSS,STOP_HIT,25550.75,960.00,2026-05-07 09:21:20
2026-02-10,2026-02-10 09:45:00,2026-02-10 09:45:00,OG,Backtest,AdxDiCrossBracketOG,OG_AdxDiCrossBracketOG,OG,NQ,NQ JUN26,SHORT,1,25534.50,25512.25,440.64,436.28,87.3,WIN,TARGET_HIT,25559.75,505.00,2026-05-07 09:21:20
2026-04-06,2026-04-06 11:35:00,2026-04-06 11:50:00,OG,Backtest,AdxDiCrossBracketOG,OG_AdxDiCrossBracketOG,OG,NQ,NQ JUN26,SHORT,1,24280.00,24294.25,-289.36,-293.72,-58.7,LOSS,STOP_HIT,24325.50,910.00,2026-05-07 09:21:20
2026-02-17,2026-02-17 11:10:00,2026-02-17 11:10:00,OG,Backtest,AdxDiCrossBracketOG,OG_AdxDiCrossBracketOG,OG,NQ,NQ JUN26,LONG,1,24862.00,24927.25,1300.64,1296.28,259.3,WIN,TARGET_HIT,24793.75,1365.00,2026-05-07 09:21:20
2026-04-06,2026-04-06 11:05:00,2026-04-06 11:30:00,OG,Backtest,AdxDiCrossBracketOG,OG_AdxDiCrossBracketOG,OG,NQ,NQ JUN26,LONG,1,24307.50,24278.75,-579.36,-583.72,-116.7,LOSS,STOP_HIT,24255.50,1040.00,2026-05-07 09:21:20
2026-01-09,2026-01-09 09:55:00,2026-01-09 09:55:00,OG,Backtest,AdxDiCrossBracketOG,OG_AdxDiCrossBracketOG,OG,NQ,NQ JUN26,SHORT,1,25912.50,25949.00,-734.36,-738.72,-147.7,LOSS,STOP_HIT,25947.75,705.00,2026-05-07 09:21:20
2026-01-09,2026-01-09 10:15:00,2026-01-09 10:15:00,OG,Backtest,AdxDiCrossBracketOG,OG_AdxDiCrossBracketOG,OG,NQ,NQ JUN26,SHORT,1,25849.75,25897.00,-949.36,-953.72,-190.7,LOSS,STOP_HIT,25895.75,920.00,2026-05-07 09:21:20
2026-01-09,2026-01-09 10:15:00,2026-01-09 10:15:00,OG,Backtest,AdxDiCrossBracketOG,OG_AdxDiCrossBracketOG,OG,NQ,NQ JUN26,SHORT,1,25849.75,25897.00,-949.36,-953.72,-190.7,LOSS,STOP_HIT,25895.75,920.00,2026-05-07 09:21:20
2026-01-28,2026-01-28 10:55:00,2026-01-28 11:20:00,OG,Backtest,AdxDiCrossBracketOG,OG_AdxDiCrossBracketOG,OG,NQ,NQ JUN26,SHORT,1,26394.50,26393.75,10.64,6.28,1.3,WIN,STOP_HIT,26429.00,690.00,2026-05-07 09:21:20
2026-01-30,2026-01-30 10:55:00,2026-01-30 10:55:00,OG,Backtest,AdxDiCrossBracketOG,OG_AdxDiCrossBracketOG,OG,NQ,NQ JUN26,LONG,1,26118.00,26058.75,-1189.36,-1193.72,-238.7,LOSS,STOP_HIT,26060.00,1160.00,2026-05-07 09:21:20
2026-03-13,2026-03-13 10:50:00,2026-03-13 10:50:00,OG,Backtest,AdxDiCrossBracketOG,OG_AdxDiCrossBracketOG,OG,NQ,NQ JUN26,SHORT,1,24804.25,24755.00,980.64,976.28,195.3,WIN,TARGET_HIT,24853.50,985.00,2026-05-07 09:21:20
2026-01-30,2026-01-30 10:55:00,2026-01-30 10:55:00,OG,Backtest,AdxDiCrossBracketOG,OG_AdxDiCrossBracketOG,OG,NQ,NQ JUN26,LONG,1,26118.00,26058.75,-1189.36,-1193.72,-238.7,LOSS,STOP_HIT,26060.00,1160.00,2026-05-07 09:21:20
2026-03-27,2026-03-27 11:40:00,2026-03-27 11:45:00,OG,Backtest,AdxDiCrossBracketOG,OG_AdxDiCrossBracketOG,OG,NQ,NQ JUN26,LONG,1,23597.75,23540.25,-1154.36,-1158.72,-231.7,LOSS,STOP_HIT,23541.50,1125.00,2026-05-07 09:21:20
2026-01-12,2026-01-12 11:25:00,2026-01-12 11:35:00,OG,Backtest,AdxDiCrossBracketOG,OG_AdxDiCrossBracketOG,OG,NQ,NQ JUN26,LONG,1,26159.50,26149.25,-209.36,-213.72,-42.7,LOSS,STOP_HIT,26131.75,555.00,2026-05-07 09:21:20
2026-01-16,2026-01-16 11:30:00,2026-01-16 11:35:00,OG,Backtest,AdxDiCrossBracketOG,OG_AdxDiCrossBracketOG,OG,NQ,NQ JUN26,LONG,1,25912.25,25924.50,240.64,236.28,47.3,WIN,STOP_HIT,25874.75,750.00,2026-05-07 09:21:20
2026-03-12,2026-03-12 11:50:00,2026-03-12 11:50:00,OG,Backtest,AdxDiCrossBracketOG,OG_AdxDiCrossBracketOG,OG,NQ,NQ JUN26,LONG,1,24898.75,24843.25,-1114.36,-1118.72,-223.7,LOSS,STOP_HIT,24844.50,1085.00,2026-05-07 09:21:20
2026-02-24,2026-02-24 10:10:00,2026-02-24 10:10:00,OG,Backtest,AdxDiCrossBracketOG,OG_AdxDiCrossBracketOG,OG,NQ,NQ JUN26,SHORT,1,25048.00,25093.50,-914.36,-918.72,-183.7,LOSS,STOP_HIT,25092.25,885.00,2026-05-07 09:21:20
2026-03-12,2026-03-12 11:50:00,2026-03-12 11:50:00,OG,Backtest,AdxDiCrossBracketOG,OG_AdxDiCrossBracketOG,OG,NQ,NQ JUN26,LONG,1,24898.75,24843.25,-1114.36,-1118.72,-223.7,LOSS,STOP_HIT,24844.50,1085.00,2026-05-07 09:21:20
2026-01-16,2026-01-16 11:30:00,2026-01-16 11:35:00,OG,Backtest,AdxDiCrossBracketOG,OG_AdxDiCrossBracketOG,OG,NQ,NQ JUN26,LONG,1,25912.25,25924.50,240.64,236.28,47.3,WIN,STOP_HIT,25874.75,750.00,2026-05-07 09:21:20
2026-01-07,2026-01-07 09:50:00,2026-01-07 09:50:00,OG,Backtest,AdxDiCrossBracketOG,OG_AdxDiCrossBracketOG,OG,NQ,NQ JUN26,LONG,1,26064.50,26079.75,300.64,296.28,59.3,WIN,TARGET_HIT,26047.25,345.00,2026-05-07 09:21:20
2026-03-09,2026-03-09 10:45:00,2026-03-09 10:50:00,OG,Backtest,AdxDiCrossBracketOG,OG_AdxDiCrossBracketOG,OG,NQ,NQ JUN26,LONG,1,24692.75,24762.25,1385.64,1381.28,276.3,WIN,TARGET_HIT,24622.25,1410.00,2026-05-07 09:21:20
2026-02-11,2026-02-11 10:20:00,2026-02-11 10:20:00,OG,Backtest,AdxDiCrossBracketOG,OG_AdxDiCrossBracketOG,OG,NQ,NQ JUN26,SHORT,1,25395.25,25345.50,990.64,986.28,197.3,WIN,TARGET_HIT,25448.50,1065.00,2026-05-07 09:21:20
2026-01-23,2026-01-23 10:10:00,2026-01-23 10:15:00,OG,Backtest,AdxDiCrossBracketOG,OG_AdxDiCrossBracketOG,OG,NQ,NQ JUN26,LONG,1,25921.75,25885.00,-739.36,-743.72,-148.7,LOSS,STOP_HIT,25885.50,725.00,2026-05-07 09:21:20
2026-01-13,2026-01-13 10:10:00,2026-01-13 10:15:00,OG,Backtest,AdxDiCrossBracketOG,OG_AdxDiCrossBracketOG,OG,NQ,NQ JUN26,SHORT,1,26137.25,26108.00,580.64,576.28,115.3,WIN,TARGET_HIT,26168.00,615.00,2026-05-07 09:21:20
2026-03-20,2026-03-20 11:30:00,2026-03-20 12:05:00,OG,Backtest,AdxDiCrossBracketOG,OG_AdxDiCrossBracketOG,OG,NQ,NQ JUN26,LONG,1,24275.00,24327.75,1050.64,1046.28,209.3,WIN,TARGET_HIT,24219.75,1105.00,2026-05-07 09:21:20
2026-03-13,2026-03-13 10:50:00,2026-03-13 10:50:00,OG,Backtest,AdxDiCrossBracketOG,OG_AdxDiCrossBracketOG,OG,NQ,NQ JUN26,SHORT,1,24804.25,24755.00,980.64,976.28,195.3,WIN,TARGET_HIT,24853.50,985.00,2026-05-07 09:21:20
2026-01-07,2026-01-07 09:50:00,2026-01-07 09:50:00,OG,Backtest,AdxDiCrossBracketOG,OG_AdxDiCrossBracketOG,OG,NQ,NQ JUN26,LONG,1,26064.50,26079.75,300.64,296.28,59.3,WIN,TARGET_HIT,26047.25,345.00,2026-05-07 09:21:20
2026-03-17,2026-03-17 11:15:00,2026-03-17 11:20:00,OG,Backtest,AdxDiCrossBracketOG,OG_AdxDiCrossBracketOG,OG,NQ,NQ JUN26,SHORT,1,25019.75,25057.00,-749.36,-753.72,-150.7,LOSS,STOP_HIT,25056.25,730.00,2026-05-07 09:21:20
2026-01-30,2026-01-30 11:00:00,2026-01-30 11:10:00,OG,Backtest,AdxDiCrossBracketOG,OG_AdxDiCrossBracketOG,OG,NQ,NQ JUN26,SHORT,1,26071.50,26048.25,460.64,456.28,91.3,WIN,STOP_HIT,26129.00,1150.00,2026-05-07 09:21:20
2026-01-06,2026-01-06 11:00:00,2026-01-06 11:05:00,OG,Backtest,AdxDiCrossBracketOG,OG_AdxDiCrossBracketOG,OG,NQ,NQ JUN26,SHORT,1,25908.50,25880.75,550.64,546.28,109.3,WIN,TARGET_HIT,25938.25,595.00,2026-05-07 09:21:20
2026-03-25,2026-03-25 11:20:00,2026-03-25 11:20:00,OG,Backtest,AdxDiCrossBracketOG,OG_AdxDiCrossBracketOG,OG,NQ,NQ JUN26,SHORT,1,24385.25,24336.50,970.64,966.28,193.3,WIN,TARGET_HIT,24438.00,1055.00,2026-05-07 09:21:20
2026-02-10,2026-02-10 09:45:00,2026-02-10 09:45:00,OG,Backtest,AdxDiCrossBracketOG,OG_AdxDiCrossBracketOG,OG,NQ,NQ JUN26,SHORT,1,25534.50,25512.25,440.64,436.28,87.3,WIN,TARGET_HIT,25559.75,505.00,2026-05-07 09:21:20
2026-03-17,2026-03-17 11:15:00,2026-03-17 11:20:00,OG,Backtest,AdxDiCrossBracketOG,OG_AdxDiCrossBracketOG,OG,NQ,NQ JUN26,SHORT,1,25019.75,25057.00,-749.36,-753.72,-150.7,LOSS,STOP_HIT,25056.25,730.00,2026-05-07 09:21:20
2026-02-05,2026-02-05 11:40:00,2026-02-05 11:50:00,OG,Backtest,AdxDiCrossBracketOG,OG_AdxDiCrossBracketOG,OG,NQ,NQ JUN26,LONG,1,25026.25,24991.50,-699.36,-703.72,-140.7,LOSS,STOP_HIT,24938.00,1765.00,2026-05-07 09:21:20
2026-04-06,2026-04-06 11:05:00,2026-04-06 11:30:00,OG,Backtest,AdxDiCrossBracketOG,OG_AdxDiCrossBracketOG,OG,NQ,NQ JUN26,LONG,1,24307.50,24278.75,-579.36,-583.72,-116.7,LOSS,STOP_HIT,24255.50,1040.00,2026-05-07 09:21:20
2026-01-06,2026-01-06 11:00:00,2026-01-06 11:05:00,OG,Backtest,AdxDiCrossBracketOG,OG_AdxDiCrossBracketOG,OG,NQ,NQ JUN26,SHORT,1,25908.50,25880.75,550.64,546.28,109.3,WIN,TARGET_HIT,25938.25,595.00,2026-05-07 09:21:20
2026-02-11,2026-02-11 10:20:00,2026-02-11 10:20:00,OG,Backtest,AdxDiCrossBracketOG,OG_AdxDiCrossBracketOG,OG,NQ,NQ JUN26,SHORT,1,25395.25,25345.50,990.64,986.28,197.3,WIN,TARGET_HIT,25448.50,1065.00,2026-05-07 09:21:20
2026-01-09,2026-01-09 09:45:00,2026-01-09 09:50:00,OG,Backtest,AdxDiCrossBracketOG,OG_AdxDiCrossBracketOG,OG,NQ,NQ JUN26,LONG,1,25965.75,25936.75,-584.36,-588.72,-117.7,LOSS,STOP_HIT,25938.00,555.00,2026-05-07 09:21:20
2026-03-25,2026-03-25 11:20:00,2026-03-25 11:20:00,OG,Backtest,AdxDiCrossBracketOG,OG_AdxDiCrossBracketOG,OG,NQ,NQ JUN26,SHORT,1,24385.25,24336.50,970.64,966.28,193.3,WIN,TARGET_HIT,24438.00,1055.00,2026-05-07 09:21:20
2026-02-11,2026-02-11 10:20:00,2026-02-11 10:20:00,OG,Backtest,AdxDiCrossBracketOG,OG_AdxDiCrossBracketOG,OG,NQ,NQ JUN26,SHORT,1,25395.25,25345.50,990.64,986.28,197.3,WIN,TARGET_HIT,25448.50,1065.00,2026-05-07 09:21:20
2026-01-09,2026-01-09 10:10:00,2026-01-09 10:10:00,OG,Backtest,AdxDiCrossBracketOG,OG_AdxDiCrossBracketOG,OG,NQ,NQ JUN26,LONG,1,25922.50,25881.00,-834.36,-838.72,-167.7,LOSS,STOP_HIT,25882.25,805.00,2026-05-07 09:21:20
2026-01-09,2026-01-09 09:55:00,2026-01-09 09:55:00,OG,Backtest,AdxDiCrossBracketOG,OG_AdxDiCrossBracketOG,OG,NQ,NQ JUN26,SHORT,1,25912.50,25949.00,-734.36,-738.72,-147.7,LOSS,STOP_HIT,25947.75,705.00,2026-05-07 09:21:20
2026-01-09,2026-01-09 09:55:00,2026-01-09 09:55:00,OG,Backtest,AdxDiCrossBracketOG,OG_AdxDiCrossBracketOG,OG,NQ,NQ JUN26,SHORT,1,25912.50,25949.00,-734.36,-738.72,-147.7,LOSS,STOP_HIT,25947.75,705.00,2026-05-07 09:21:20
2026-01-09,2026-01-09 10:15:00,2026-01-09 10:15:00,OG,Backtest,AdxDiCrossBracketOG,OG_AdxDiCrossBracketOG,OG,NQ,NQ JUN26,SHORT,1,25849.75,25897.00,-949.36,-953.72,-190.7,LOSS,STOP_HIT,25895.75,920.00,2026-05-07 09:21:20
2026-02-24,2026-02-24 10:10:00,2026-02-24 10:10:00,OG,Backtest,AdxDiCrossBracketOG,OG_AdxDiCrossBracketOG,OG,NQ,NQ JUN26,SHORT,1,25048.00,25093.50,-914.36,-918.72,-183.7,LOSS,STOP_HIT,25092.25,885.00,2026-05-07 09:21:20
2026-04-10,2026-04-10 11:45:00,2026-04-10 12:00:00,OG,Backtest,AdxDiCrossBracketOG,OG_AdxDiCrossBracketOG,OG,NQ,NQ JUN26,SHORT,1,25300.75,25269.75,615.64,611.28,122.3,WIN,TARGET_HIT,25334.25,670.00,2026-05-07 09:21:20
2026-01-09,2026-01-09 10:15:00,2026-01-09 10:15:00,OG,Backtest,AdxDiCrossBracketOG,OG_AdxDiCrossBracketOG,OG,NQ,NQ JUN26,SHORT,1,25849.75,25897.00,-949.36,-953.72,-190.7,LOSS,STOP_HIT,25895.75,920.00,2026-05-07 09:21:20
2026-01-09,2026-01-09 10:30:00,2026-01-09 10:30:00,OG,Backtest,AdxDiCrossBracketOG,OG_AdxDiCrossBracketOG,OG,NQ,NQ JUN26,LONG,1,26010.00,26057.25,940.64,936.28,187.3,WIN,TARGET_HIT,25959.75,1005.00,2026-05-07 09:21:20
2026-01-09,2026-01-09 10:10:00,2026-01-09 10:10:00,OG,Backtest,AdxDiCrossBracketOG,OG_AdxDiCrossBracketOG,OG,NQ,NQ JUN26,LONG,1,25922.50,25881.00,-834.36,-838.72,-167.7,LOSS,STOP_HIT,25882.25,805.00,2026-05-07 09:21:20
2026-01-09,2026-01-09 10:30:00,2026-01-09 10:30:00,OG,Backtest,AdxDiCrossBracketOG,OG_AdxDiCrossBracketOG,OG,NQ,NQ JUN26,LONG,1,26010.00,26057.25,940.64,936.28,187.3,WIN,TARGET_HIT,25959.75,1005.00,2026-05-07 09:21:20
2026-01-30,2026-01-30 11:00:00,2026-01-30 11:10:00,OG,Backtest,AdxDiCrossBracketOG,OG_AdxDiCrossBracketOG,OG,NQ,NQ JUN26,SHORT,1,26071.50,26048.25,460.64,456.28,91.3,WIN,STOP_HIT,26129.00,1150.00,2026-05-07 09:21:20
2026-01-06,2026-01-06 11:00:00,2026-01-06 11:05:00,OG,Backtest,AdxDiCrossBracketOG,OG_AdxDiCrossBracketOG,OG,NQ,NQ JUN26,SHORT,1,25908.50,25880.75,550.64,546.28,109.3,WIN,TARGET_HIT,25938.25,595.00,2026-05-07 09:21:20
2026-03-24,2026-03-24 11:00:00,2026-03-24 11:00:00,OG,Backtest,AdxDiCrossBracketOG,OG_AdxDiCrossBracketOG,OG,NQ,NQ JUN26,LONG,1,24282.25,24217.00,-1309.36,-1313.72,-262.7,LOSS,STOP_HIT,24218.25,1280.00,2026-05-07 09:21:20
2026-01-28,2026-01-28 10:55:00,2026-01-28 11:20:00,OG,Backtest,AdxDiCrossBracketOG,OG_AdxDiCrossBracketOG,OG,NQ,NQ JUN26,SHORT,1,26394.50,26393.75,10.64,6.28,1.3,WIN,STOP_HIT,26429.00,690.00,2026-05-07 09:21:20
2026-02-11,2026-02-11 10:20:00,2026-02-11 10:20:00,OG,Backtest,AdxDiCrossBracketOG,OG_AdxDiCrossBracketOG,OG,NQ,NQ JUN26,SHORT,1,25395.25,25345.50,990.64,986.28,197.3,WIN,TARGET_HIT,25448.50,1065.00,2026-05-07 09:21:20
2026-01-21,2026-01-21 11:45:00,2026-01-21 11:45:00,OG,Backtest,AdxDiCrossBracketOG,OG_AdxDiCrossBracketOG,OG,NQ,NQ JUN26,SHORT,1,25543.00,25505.75,740.64,736.28,147.3,WIN,TARGET_HIT,25582.25,785.00,2026-05-07 09:21:20
2026-03-03,2026-03-03 11:25:00,2026-03-03 11:40:00,OG,Backtest,AdxDiCrossBracketOG,OG_AdxDiCrossBracketOG,OG,NQ,NQ JUN26,LONG,1,24795.25,24816.50,420.64,416.28,83.3,WIN,STOP_HIT,24724.00,1425.00,2026-05-07 09:21:20
2026-01-23,2026-01-23 10:10:00,2026-01-23 10:15:00,OG,Backtest,AdxDiCrossBracketOG,OG_AdxDiCrossBracketOG,OG,NQ,NQ JUN26,LONG,1,25921.75,25885.00,-739.36,-743.72,-148.7,LOSS,STOP_HIT,25885.50,725.00,2026-05-07 09:21:20
2026-01-09,2026-01-09 09:55:00,2026-01-09 09:55:00,OG,Backtest,AdxDiCrossBracketOG,OG_AdxDiCrossBracketOG,OG,NQ,NQ JUN26,SHORT,1,25912.50,25949.00,-734.36,-738.72,-147.7,LOSS,STOP_HIT,25947.75,705.00,2026-05-07 09:21:20
2026-01-30,2026-01-30 11:00:00,2026-01-30 11:10:00,OG,Backtest,AdxDiCrossBracketOG,OG_AdxDiCrossBracketOG,OG,NQ,NQ JUN26,SHORT,1,26071.50,26048.25,460.64,456.28,91.3,WIN,STOP_HIT,26129.00,1150.00,2026-05-07 09:21:20
2026-02-13,2026-02-13 10:35:00,2026-02-13 10:35:00,OG,Backtest,AdxDiCrossBracketOG,OG_AdxDiCrossBracketOG,OG,NQ,NQ JUN26,LONG,1,25058.75,25127.00,1360.64,1356.28,271.3,WIN,TARGET_HIT,24987.50,1425.00,2026-05-07 09:21:20
2026-02-11,2026-02-11 10:20:00,2026-02-11 10:20:00,OG,Backtest,AdxDiCrossBracketOG,OG_AdxDiCrossBracketOG,OG,NQ,NQ JUN26,SHORT,1,25395.25,25345.50,990.64,986.28,197.3,WIN,TARGET_HIT,25448.50,1065.00,2026-05-07 09:21:20
2026-02-11,2026-02-11 11:05:00,2026-02-11 11:10:00,OG,Backtest,AdxDiCrossBracketOG,OG_AdxDiCrossBracketOG,OG,NQ,NQ JUN26,LONG,1,25454.25,25417.50,-739.36,-743.72,-148.7,LOSS,STOP_HIT,25393.00,1225.00,2026-05-07 09:21:20
2026-01-21,2026-01-21 11:45:00,2026-01-21 11:45:00,OG,Backtest,AdxDiCrossBracketOG,OG_AdxDiCrossBracketOG,OG,NQ,NQ JUN26,SHORT,1,25543.00,25505.75,740.64,736.28,147.3,WIN,TARGET_HIT,25582.25,785.00,2026-05-07 09:21:20
2026-03-13,2026-03-13 10:50:00,2026-03-13 10:50:00,OG,Backtest,AdxDiCrossBracketOG,OG_AdxDiCrossBracketOG,OG,NQ,NQ JUN26,SHORT,1,24804.25,24755.00,980.64,976.28,195.3,WIN,TARGET_HIT,24853.50,985.00,2026-05-07 09:21:20
2026-02-11,2026-02-11 11:20:00,2026-02-11 11:25:00,OG,Backtest,AdxDiCrossBracketOG,OG_AdxDiCrossBracketOG,OG,NQ,NQ JUN26,LONG,1,25468.75,25457.00,-239.36,-243.72,-48.7,LOSS,STOP_HIT,25406.75,1240.00,2026-05-07 09:21:20
2026-01-30,2026-01-30 11:00:00,2026-01-30 11:10:00,OG,Backtest,AdxDiCrossBracketOG,OG_AdxDiCrossBracketOG,OG,NQ,NQ JUN26,SHORT,1,26071.50,26048.25,460.64,456.28,91.3,WIN,STOP_HIT,26129.00,1150.00,2026-05-07 09:21:20
2026-04-06,2026-04-06 11:05:00,2026-04-06 11:30:00,OG,Backtest,AdxDiCrossBracketOG,OG_AdxDiCrossBracketOG,OG,NQ,NQ JUN26,LONG,1,24307.50,24278.75,-579.36,-583.72,-116.7,LOSS,STOP_HIT,24255.50,1040.00,2026-05-07 09:21:20
2026-02-13,2026-02-13 10:50:00,2026-02-13 11:05:00,OG,Backtest,AdxDiCrossBracketOG,OG_AdxDiCrossBracketOG,OG,NQ,NQ JUN26,SHORT,1,24982.25,25021.00,-779.36,-783.72,-156.7,LOSS,STOP_HIT,25055.00,1455.00,2026-05-07 09:21:20
2026-03-24,2026-03-24 11:00:00,2026-03-24 11:00:00,OG,Backtest,AdxDiCrossBracketOG,OG_AdxDiCrossBracketOG,OG,NQ,NQ JUN26,LONG,1,24282.25,24217.00,-1309.36,-1313.72,-262.7,LOSS,STOP_HIT,24218.25,1280.00,2026-05-07 09:21:20
2026-02-10,2026-02-10 09:45:00,2026-02-10 09:45:00,OG,Backtest,AdxDiCrossBracketOG,OG_AdxDiCrossBracketOG,OG,NQ,NQ JUN26,SHORT,1,25534.50,25512.25,440.64,436.28,87.3,WIN,TARGET_HIT,25559.75,505.00,2026-05-07 09:21:20
2026-02-11,2026-02-11 11:20:00,2026-02-11 11:25:00,OG,Backtest,AdxDiCrossBracketOG,OG_AdxDiCrossBracketOG,OG,NQ,NQ JUN26,LONG,1,25468.75,25457.00,-239.36,-243.72,-48.7,LOSS,STOP_HIT,25406.75,1240.00,2026-05-07 09:21:20
2026-03-27,2026-03-27 11:40:00,2026-03-27 11:45:00,OG,Backtest,AdxDiCrossBracketOG,OG_AdxDiCrossBracketOG,OG,NQ,NQ JUN26,LONG,1,23597.75,23540.25,-1154.36,-1158.72,-231.7,LOSS,STOP_HIT,23541.50,1125.00,2026-05-07 09:21:20
2026-03-20,2026-03-20 11:30:00,2026-03-20 12:05:00,OG,Backtest,AdxDiCrossBracketOG,OG_AdxDiCrossBracketOG,OG,NQ,NQ JUN26,LONG,1,24275.00,24327.75,1050.64,1046.28,209.3,WIN,TARGET_HIT,24219.75,1105.00,2026-05-07 09:21:20
2026-02-11,2026-02-11 10:20:00,2026-02-11 10:20:00,OG,Backtest,AdxDiCrossBracketOG,OG_AdxDiCrossBracketOG,OG,NQ,NQ JUN26,SHORT,1,25395.25,25345.50,990.64,986.28,197.3,WIN,TARGET_HIT,25448.50,1065.00,2026-05-07 09:21:20
2026-02-11,2026-02-11 11:05:00,2026-02-11 11:10:00,OG,Backtest,AdxDiCrossBracketOG,OG_AdxDiCrossBracketOG,OG,NQ,NQ JUN26,LONG,1,25454.25,25417.50,-739.36,-743.72,-148.7,LOSS,STOP_HIT,25393.00,1225.00,2026-05-07 09:21:20
2026-01-20,2026-01-20 10:50:00,2026-01-20 10:55:00,OG,Backtest,AdxDiCrossBracketOG,OG_AdxDiCrossBracketOG,OG,NQ,NQ JUN26,LONG,1,25598.75,25558.75,-804.36,-808.72,-161.7,LOSS,STOP_HIT,25550.75,960.00,2026-05-07 09:21:20
2026-03-03,2026-03-03 11:25:00,2026-03-03 11:40:00,OG,Backtest,AdxDiCrossBracketOG,OG_AdxDiCrossBracketOG,OG,NQ,NQ JUN26,LONG,1,24795.25,24816.50,420.64,416.28,83.3,WIN,STOP_HIT,24724.00,1425.00,2026-05-07 09:21:20
2026-02-17,2026-02-17 11:10:00,2026-02-17 11:10:00,OG,Backtest,AdxDiCrossBracketOG,OG_AdxDiCrossBracketOG,OG,NQ,NQ JUN26,LONG,1,24862.00,24927.25,1300.64,1296.28,259.3,WIN,TARGET_HIT,24793.75,1365.00,2026-05-07 09:21:20
2026-03-02,2026-03-02 11:15:00,2026-03-02 11:20:00,OG,Backtest,AdxDiCrossBracketOG,OG_AdxDiCrossBracketOG,OG,NQ,NQ JUN26,LONG,1,25187.75,25180.00,-159.36,-163.72,-32.7,LOSS,STOP_HIT,25129.50,1165.00,2026-05-07 09:21:20
2026-02-03,2026-02-03 09:50:00,2026-02-03 09:50:00,OG,Backtest,AdxDiCrossBracketOG,OG_AdxDiCrossBracketOG,OG,NQ,NQ JUN26,SHORT,1,25960.00,25999.25,-789.36,-793.72,-158.7,LOSS,STOP_HIT,25998.00,760.00,2026-05-07 09:21:20
2026-03-06,2026-03-06 11:10:00,2026-03-06 11:15:00,OG,Backtest,AdxDiCrossBracketOG,OG_AdxDiCrossBracketOG,OG,NQ,NQ JUN26,LONG,1,25102.25,25058.25,-884.36,-888.72,-177.7,LOSS,STOP_HIT,25038.75,1270.00,2026-05-07 09:21:20
2026-02-13,2026-02-13 10:50:00,2026-02-13 11:05:00,OG,Backtest,AdxDiCrossBracketOG,OG_AdxDiCrossBracketOG,OG,NQ,NQ JUN26,SHORT,1,24982.25,25021.00,-779.36,-783.72,-156.7,LOSS,STOP_HIT,25055.00,1455.00,2026-05-07 09:21:20
2026-01-23,2026-01-23 10:10:00,2026-01-23 10:15:00,OG,Backtest,AdxDiCrossBracketOG,OG_AdxDiCrossBracketOG,OG,NQ,NQ JUN26,LONG,1,25921.75,25885.00,-739.36,-743.72,-148.7,LOSS,STOP_HIT,25885.50,725.00,2026-05-07 09:21:20
2026-03-19,2026-03-19 11:15:00,2026-03-19 11:25:00,OG,Backtest,AdxDiCrossBracketOG,OG_AdxDiCrossBracketOG,OG,NQ,NQ JUN26,LONG,1,24531.00,24485.50,-914.36,-918.72,-183.7,LOSS,STOP_HIT,24473.00,1160.00,2026-05-07 09:21:20
2026-03-09,2026-03-09 10:45:00,2026-03-09 10:50:00,OG,Backtest,AdxDiCrossBracketOG,OG_AdxDiCrossBracketOG,OG,NQ,NQ JUN26,LONG,1,24692.75,24762.25,1385.64,1381.28,276.3,WIN,TARGET_HIT,24622.25,1410.00,2026-05-07 09:21:20
2026-03-09,2026-03-09 10:45:00,2026-03-09 10:50:00,OG,Backtest,AdxDiCrossBracketOG,OG_AdxDiCrossBracketOG,OG,NQ,NQ JUN26,LONG,1,24692.75,24762.25,1385.64,1381.28,276.3,WIN,TARGET_HIT,24622.25,1410.00,2026-05-07 09:21:20
2026-03-06,2026-03-06 11:10:00,2026-03-06 11:15:00,OG,Backtest,AdxDiCrossBracketOG,OG_AdxDiCrossBracketOG,OG,NQ,NQ JUN26,LONG,1,25102.25,25058.25,-884.36,-888.72,-177.7,LOSS,STOP_HIT,25038.75,1270.00,2026-05-07 09:21:20
2026-03-13,2026-03-13 10:50:00,2026-03-13 10:50:00,OG,Backtest,AdxDiCrossBracketOG,OG_AdxDiCrossBracketOG,OG,NQ,NQ JUN26,SHORT,1,24804.25,24755.00,980.64,976.28,195.3,WIN,TARGET_HIT,24853.50,985.00,2026-05-07 09:21:20
2026-01-30,2026-01-30 11:00:00,2026-01-30 11:10:00,OG,Backtest,AdxDiCrossBracketOG,OG_AdxDiCrossBracketOG,OG,NQ,NQ JUN26,SHORT,1,26071.50,26048.25,460.64,456.28,91.3,WIN,STOP_HIT,26129.00,1150.00,2026-05-07 09:21:20
2026-01-09,2026-01-09 10:10:00,2026-01-09 10:10:00,OG,Backtest,AdxDiCrossBracketOG,OG_AdxDiCrossBracketOG,OG,NQ,NQ JUN26,LONG,1,25922.50,25881.00,-834.36,-838.72,-167.7,LOSS,STOP_HIT,25882.25,805.00,2026-05-07 09:21:20
2026-03-19,2026-03-19 11:15:00,2026-03-19 11:25:00,OG,Backtest,AdxDiCrossBracketOG,OG_AdxDiCrossBracketOG,OG,NQ,NQ JUN26,LONG,1,24531.00,24485.50,-914.36,-918.72,-183.7,LOSS,STOP_HIT,24473.00,1160.00,2026-05-07 09:21:20
2026-02-13,2026-02-13 10:50:00,2026-02-13 11:05:00,OG,Backtest,AdxDiCrossBracketOG,OG_AdxDiCrossBracketOG,OG,NQ,NQ JUN26,SHORT,1,24982.25,25021.00,-779.36,-783.72,-156.7,LOSS,STOP_HIT,25055.00,1455.00,2026-05-07 09:21:20
2026-01-13,2026-01-13 10:10:00,2026-01-13 10:15:00,OG,Backtest,AdxDiCrossBracketOG,OG_AdxDiCrossBracketOG,OG,NQ,NQ JUN26,SHORT,1,26137.25,26108.00,580.64,576.28,115.3,WIN,TARGET_HIT,26168.00,615.00,2026-05-07 09:21:20
2026-03-03,2026-03-03 11:25:00,2026-03-03 11:40:00,OG,Backtest,AdxDiCrossBracketOG,OG_AdxDiCrossBracketOG,OG,NQ,NQ JUN26,LONG,1,24795.25,24816.50,420.64,416.28,83.3,WIN,STOP_HIT,24724.00,1425.00,2026-05-07 09:21:20
2026-04-02,2026-04-02 10:45:00,2026-04-02 10:45:00,OG,Backtest,AdxDiCrossBracketOG,OG_AdxDiCrossBracketOG,OG,NQ,NQ JUN26,LONG,1,24211.00,24133.25,-1559.36,-1563.72,-312.7,LOSS,STOP_HIT,24134.50,1530.00,2026-05-07 09:21:20
2026-02-17,2026-02-17 11:10:00,2026-02-17 11:10:00,OG,Backtest,AdxDiCrossBracketOG,OG_AdxDiCrossBracketOG,OG,NQ,NQ JUN26,LONG,1,24862.00,24927.25,1300.64,1296.28,259.3,WIN,TARGET_HIT,24793.75,1365.00,2026-05-07 09:21:20
2026-02-11,2026-02-11 10:20:00,2026-02-11 10:20:00,OG,Backtest,AdxDiCrossBracketOG,OG_AdxDiCrossBracketOG,OG,NQ,NQ JUN26,SHORT,1,25395.25,25345.50,990.64,986.28,197.3,WIN,TARGET_HIT,25448.50,1065.00,2026-05-07 09:21:20
2026-03-17,2026-03-17 11:15:00,2026-03-17 11:20:00,OG,Backtest,AdxDiCrossBracketOG,OG_AdxDiCrossBracketOG,OG,NQ,NQ JUN26,SHORT,1,25019.75,25057.00,-749.36,-753.72,-150.7,LOSS,STOP_HIT,25056.25,730.00,2026-05-07 09:21:20
2026-01-16,2026-01-16 11:30:00,2026-01-16 11:35:00,OG,Backtest,AdxDiCrossBracketOG,OG_AdxDiCrossBracketOG,OG,NQ,NQ JUN26,LONG,1,25912.25,25924.50,240.64,236.28,47.3,WIN,STOP_HIT,25874.75,750.00,2026-05-07 09:21:20
2026-04-02,2026-04-02 10:45:00,2026-04-02 10:45:00,OG,Backtest,AdxDiCrossBracketOG,OG_AdxDiCrossBracketOG,OG,NQ,NQ JUN26,LONG,1,24211.00,24133.25,-1559.36,-1563.72,-312.7,LOSS,STOP_HIT,24134.50,1530.00,2026-05-07 09:21:20
2026-01-07,2026-01-07 09:50:00,2026-01-07 09:50:00,OG,Backtest,AdxDiCrossBracketOG,OG_AdxDiCrossBracketOG,OG,NQ,NQ JUN26,LONG,1,26064.50,26079.75,300.64,296.28,59.3,WIN,TARGET_HIT,26047.25,345.00,2026-05-07 09:21:20
2026-03-19,2026-03-19 11:15:00,2026-03-19 11:25:00,OG,Backtest,AdxDiCrossBracketOG,OG_AdxDiCrossBracketOG,OG,NQ,NQ JUN26,LONG,1,24531.00,24485.50,-914.36,-918.72,-183.7,LOSS,STOP_HIT,24473.00,1160.00,2026-05-07 09:21:20
2026-04-06,2026-04-06 10:55:00,2026-04-06 11:00:00,OG,Backtest,AdxDiCrossBracketOG,OG_AdxDiCrossBracketOG,OG,NQ,NQ JUN26,SHORT,1,24269.25,24322.25,-1064.36,-1068.72,-213.7,LOSS,STOP_HIT,24321.00,1035.00,2026-05-07 09:21:20
2026-03-02,2026-03-02 11:15:00,2026-03-02 11:20:00,OG,Backtest,AdxDiCrossBracketOG,OG_AdxDiCrossBracketOG,OG,NQ,NQ JUN26,LONG,1,25187.75,25180.00,-159.36,-163.72,-32.7,LOSS,STOP_HIT,25129.50,1165.00,2026-05-07 09:21:20
2026-03-20,2026-03-20 11:30:00,2026-03-20 12:05:00,OG,Backtest,AdxDiCrossBracketOG,OG_AdxDiCrossBracketOG,OG,NQ,NQ JUN26,LONG,1,24275.00,24327.75,1050.64,1046.28,209.3,WIN,TARGET_HIT,24219.75,1105.00,2026-05-07 09:21:20
2026-04-06,2026-04-06 11:05:00,2026-04-06 11:30:00,OG,Backtest,AdxDiCrossBracketOG,OG_AdxDiCrossBracketOG,OG,NQ,NQ JUN26,LONG,1,24307.50,24278.75,-579.36,-583.72,-116.7,LOSS,STOP_HIT,24255.50,1040.00,2026-05-07 09:21:20
2026-03-25,2026-03-25 11:20:00,2026-03-25 11:20:00,OG,Backtest,AdxDiCrossBracketOG,OG_AdxDiCrossBracketOG,OG,NQ,NQ JUN26,SHORT,1,24385.25,24336.50,970.64,966.28,193.3,WIN,TARGET_HIT,24438.00,1055.00,2026-05-07 09:21:20
2026-04-06,2026-04-06 11:35:00,2026-04-06 11:50:00,OG,Backtest,AdxDiCrossBracketOG,OG_AdxDiCrossBracketOG,OG,NQ,NQ JUN26,SHORT,1,24280.00,24294.25,-289.36,-293.72,-58.7,LOSS,STOP_HIT,24325.50,910.00,2026-05-07 09:21:20
2026-02-24,2026-02-24 09:50:00,2026-02-24 09:50:00,OG,Backtest,AdxDiCrossBracketOG,OG_AdxDiCrossBracketOG,OG,NQ,NQ JUN26,LONG,1,25121.25,25157.50,720.64,716.28,143.3,WIN,TARGET_HIT,25081.50,795.00,2026-05-07 09:21:20
2026-03-09,2026-03-09 10:45:00,2026-03-09 10:50:00,OG,Backtest,AdxDiCrossBracketOG,OG_AdxDiCrossBracketOG,OG,NQ,NQ JUN26,LONG,1,24692.75,24762.25,1385.64,1381.28,276.3,WIN,TARGET_HIT,24622.25,1410.00,2026-05-07 09:21:20
2026-01-30,2026-01-30 10:55:00,2026-01-30 10:55:00,OG,Backtest,AdxDiCrossBracketOG,OG_AdxDiCrossBracketOG,OG,NQ,NQ JUN26,LONG,1,26118.00,26058.75,-1189.36,-1193.72,-238.7,LOSS,STOP_HIT,26060.00,1160.00,2026-05-07 09:21:20
2026-03-17,2026-03-17 11:15:00,2026-03-17 11:20:00,OG,Backtest,AdxDiCrossBracketOG,OG_AdxDiCrossBracketOG,OG,NQ,NQ JUN26,SHORT,1,25019.75,25057.00,-749.36,-753.72,-150.7,LOSS,STOP_HIT,25056.25,730.00,2026-05-07 09:21:20
2026-04-02,2026-04-02 10:45:00,2026-04-02 10:45:00,OG,Backtest,AdxDiCrossBracketOG,OG_AdxDiCrossBracketOG,OG,NQ,NQ JUN26,LONG,1,24211.00,24133.25,-1559.36,-1563.72,-312.7,LOSS,STOP_HIT,24134.50,1530.00,2026-05-07 09:21:20
2026-03-03,2026-03-03 11:25:00,2026-03-03 11:40:00,OG,Backtest,AdxDiCrossBracketOG,OG_AdxDiCrossBracketOG,OG,NQ,NQ JUN26,LONG,1,24795.25,24816.50,420.64,416.28,83.3,WIN,STOP_HIT,24724.00,1425.00,2026-05-07 09:21:20
2026-03-17,2026-03-17 11:15:00,2026-03-17 11:20:00,OG,Backtest,AdxDiCrossBracketOG,OG_AdxDiCrossBracketOG,OG,NQ,NQ JUN26,SHORT,1,25019.75,25057.00,-749.36,-753.72,-150.7,LOSS,STOP_HIT,25056.25,730.00,2026-05-07 09:21:20
2026-04-06,2026-04-06 11:35:00,2026-04-06 11:50:00,OG,Backtest,AdxDiCrossBracketOG,OG_AdxDiCrossBracketOG,OG,NQ,NQ JUN26,SHORT,1,24280.00,24294.25,-289.36,-293.72,-58.7,LOSS,STOP_HIT,24325.50,910.00,2026-05-07 09:21:20
2026-01-06,2026-01-06 11:00:00,2026-01-06 11:05:00,OG,Backtest,AdxDiCrossBracketOG,OG_AdxDiCrossBracketOG,OG,NQ,NQ JUN26,SHORT,1,25908.50,25880.75,550.64,546.28,109.3,WIN,TARGET_HIT,25938.25,595.00,2026-05-07 09:21:20
2026-01-07,2026-01-07 09:50:00,2026-01-07 09:50:00,OG,Backtest,AdxDiCrossBracketOG,OG_AdxDiCrossBracketOG,OG,NQ,NQ JUN26,LONG,1,26064.50,26079.75,300.64,296.28,59.3,WIN,TARGET_HIT,26047.25,345.00,2026-05-07 09:21:20
2026-03-27,2026-03-27 11:40:00,2026-03-27 11:45:00,OG,Backtest,AdxDiCrossBracketOG,OG_AdxDiCrossBracketOG,OG,NQ,NQ JUN26,LONG,1,23597.75,23540.25,-1154.36,-1158.72,-231.7,LOSS,STOP_HIT,23541.50,1125.00,2026-05-07 09:21:20
2026-01-07,2026-01-07 10:10:00,2026-01-07 10:10:00,OG,Backtest,AdxDiCrossBracketOG,OG_AdxDiCrossBracketOG,OG,NQ,NQ JUN26,SHORT,1,26050.00,26073.50,-474.36,-478.72,-95.7,LOSS,STOP_HIT,26072.25,445.00,2026-05-07 09:21:20
2026-03-25,2026-03-25 11:20:00,2026-03-25 11:20:00,OG,Backtest,AdxDiCrossBracketOG,OG_AdxDiCrossBracketOG,OG,NQ,NQ JUN26,SHORT,1,24385.25,24336.50,970.64,966.28,193.3,WIN,TARGET_HIT,24438.00,1055.00,2026-05-07 09:21:21
2026-03-17,2026-03-17 11:15:00,2026-03-17 11:20:00,OG,Backtest,AdxDiCrossBracketOG,OG_AdxDiCrossBracketOG,OG,NQ,NQ JUN26,SHORT,1,25019.75,25057.00,-749.36,-753.72,-150.7,LOSS,STOP_HIT,25056.25,730.00,2026-05-07 09:21:21
2026-03-19,2026-03-19 11:15:00,2026-03-19 11:25:00,OG,Backtest,AdxDiCrossBracketOG,OG_AdxDiCrossBracketOG,OG,NQ,NQ JUN26,LONG,1,24531.00,24485.50,-914.36,-918.72,-183.7,LOSS,STOP_HIT,24473.00,1160.00,2026-05-07 09:21:21
2026-01-28,2026-01-28 10:55:00,2026-01-28 11:20:00,OG,Backtest,AdxDiCrossBracketOG,OG_AdxDiCrossBracketOG,OG,NQ,NQ JUN26,SHORT,1,26394.50,26393.75,10.64,6.28,1.3,WIN,STOP_HIT,26429.00,690.00,2026-05-07 09:21:21
2026-01-09,2026-01-09 10:10:00,2026-01-09 10:10:00,OG,Backtest,AdxDiCrossBracketOG,OG_AdxDiCrossBracketOG,OG,NQ,NQ JUN26,LONG,1,25922.50,25881.00,-834.36,-838.72,-167.7,LOSS,STOP_HIT,25882.25,805.00,2026-05-07 09:21:21
2026-03-20,2026-03-20 11:30:00,2026-03-20 12:05:00,OG,Backtest,AdxDiCrossBracketOG,OG_AdxDiCrossBracketOG,OG,NQ,NQ JUN26,LONG,1,24275.00,24327.75,1050.64,1046.28,209.3,WIN,TARGET_HIT,24219.75,1105.00,2026-05-07 09:21:21
2026-03-02,2026-03-02 11:15:00,2026-03-02 11:20:00,OG,Backtest,AdxDiCrossBracketOG,OG_AdxDiCrossBracketOG,OG,NQ,NQ JUN26,LONG,1,25187.75,25180.00,-159.36,-163.72,-32.7,LOSS,STOP_HIT,25129.50,1165.00,2026-05-07 09:21:21
2026-03-25,2026-03-25 11:20:00,2026-03-25 11:20:00,OG,Backtest,AdxDiCrossBracketOG,OG_AdxDiCrossBracketOG,OG,NQ,NQ JUN26,SHORT,1,24385.25,24336.50,970.64,966.28,193.3,WIN,TARGET_HIT,24438.00,1055.00,2026-05-07 09:21:21
2026-03-25,2026-03-25 11:20:00,2026-03-25 11:20:00,OG,Backtest,AdxDiCrossBracketOG,OG_AdxDiCrossBracketOG,OG,NQ,NQ JUN26,SHORT,1,24385.25,24336.50,970.64,966.28,193.3,WIN,TARGET_HIT,24438.00,1055.00,2026-05-07 09:21:21
2026-04-10,2026-04-10 11:45:00,2026-04-10 12:00:00,OG,Backtest,AdxDiCrossBracketOG,OG_AdxDiCrossBracketOG,OG,NQ,NQ JUN26,SHORT,1,25300.75,25269.75,615.64,611.28,122.3,WIN,TARGET_HIT,25334.25,670.00,2026-05-07 09:21:21
2026-01-06,2026-01-06 11:00:00,2026-01-06 11:05:00,OG,Backtest,AdxDiCrossBracketOG,OG_AdxDiCrossBracketOG,OG,NQ,NQ JUN26,SHORT,1,25908.50,25880.75,550.64,546.28,109.3,WIN,TARGET_HIT,25938.25,595.00,2026-05-07 09:21:21
2026-01-13,2026-01-13 10:10:00,2026-01-13 10:15:00,OG,Backtest,AdxDiCrossBracketOG,OG_AdxDiCrossBracketOG,OG,NQ,NQ JUN26,SHORT,1,26137.25,26108.00,580.64,576.28,115.3,WIN,TARGET_HIT,26168.00,615.00,2026-05-07 09:21:21
2026-02-10,2026-02-10 09:45:00,2026-02-10 09:45:00,OG,Backtest,AdxDiCrossBracketOG,OG_AdxDiCrossBracketOG,OG,NQ,NQ JUN26,SHORT,1,25534.50,25512.25,440.64,436.28,87.3,WIN,TARGET_HIT,25559.75,505.00,2026-05-07 09:21:21
2026-04-07,2026-04-07 11:40:00,2026-04-07 12:00:00,OG,Backtest,AdxDiCrossBracketOG,OG_AdxDiCrossBracketOG,OG,NQ,NQ JUN26,LONG,1,24072.25,24117.50,900.64,896.28,179.3,WIN,TARGET_HIT,24025.00,945.00,2026-05-07 09:21:21
2026-01-06,2026-01-06 11:00:00,2026-01-06 11:05:00,OG,Backtest,AdxDiCrossBracketOG,OG_AdxDiCrossBracketOG,OG,NQ,NQ JUN26,SHORT,1,25908.50,25880.75,550.64,546.28,109.3,WIN,TARGET_HIT,25938.25,595.00,2026-05-07 09:21:21
2026-01-20,2026-01-20 11:10:00,2026-01-20 11:15:00,OG,Backtest,AdxDiCrossBracketOG,OG_AdxDiCrossBracketOG,OG,NQ,NQ JUN26,LONG,1,25588.25,25600.25,235.64,231.28,46.3,WIN,STOP_HIT,25540.75,950.00,2026-05-07 09:21:21
2026-01-21,2026-01-21 11:45:00,2026-01-21 11:45:00,OG,Backtest,AdxDiCrossBracketOG,OG_AdxDiCrossBracketOG,OG,NQ,NQ JUN26,SHORT,1,25543.00,25505.75,740.64,736.28,147.3,WIN,TARGET_HIT,25582.25,785.00,2026-05-07 09:21:21
2026-02-11,2026-02-11 11:20:00,2026-02-11 11:25:00,OG,Backtest,AdxDiCrossBracketOG,OG_AdxDiCrossBracketOG,OG,NQ,NQ JUN26,LONG,1,25468.75,25457.00,-239.36,-243.72,-48.7,LOSS,STOP_HIT,25406.75,1240.00,2026-05-07 09:21:21
2026-01-07,2026-01-07 09:50:00,2026-01-07 09:50:00,OG,Backtest,AdxDiCrossBracketOG,OG_AdxDiCrossBracketOG,OG,NQ,NQ JUN26,LONG,1,26064.50,26079.75,300.64,296.28,59.3,WIN,TARGET_HIT,26047.25,345.00,2026-05-07 09:21:21
2026-01-09,2026-01-09 09:45:00,2026-01-09 09:50:00,OG,Backtest,AdxDiCrossBracketOG,OG_AdxDiCrossBracketOG,OG,NQ,NQ JUN26,LONG,1,25965.75,25936.75,-584.36,-588.72,-117.7,LOSS,STOP_HIT,25938.00,555.00,2026-05-07 09:21:21
2026-02-13,2026-02-13 10:35:00,2026-02-13 10:35:00,OG,Backtest,AdxDiCrossBracketOG,OG_AdxDiCrossBracketOG,OG,NQ,NQ JUN26,LONG,1,25058.75,25127.00,1360.64,1356.28,271.3,WIN,TARGET_HIT,24987.50,1425.00,2026-05-07 09:21:21
2026-03-13,2026-03-13 10:50:00,2026-03-13 10:50:00,OG,Backtest,AdxDiCrossBracketOG,OG_AdxDiCrossBracketOG,OG,NQ,NQ JUN26,SHORT,1,24804.25,24755.00,980.64,976.28,195.3,WIN,TARGET_HIT,24853.50,985.00,2026-05-07 09:21:21
2026-01-09,2026-01-09 09:45:00,2026-01-09 09:50:00,OG,Backtest,AdxDiCrossBracketOG,OG_AdxDiCrossBracketOG,OG,NQ,NQ JUN26,LONG,1,25965.75,25936.75,-584.36,-588.72,-117.7,LOSS,STOP_HIT,25938.00,555.00,2026-05-07 09:21:21
2026-01-13,2026-01-13 10:10:00,2026-01-13 10:15:00,OG,Backtest,AdxDiCrossBracketOG,OG_AdxDiCrossBracketOG,OG,NQ,NQ JUN26,SHORT,1,26137.25,26108.00,580.64,576.28,115.3,WIN,TARGET_HIT,26168.00,615.00,2026-05-07 09:21:21
2026-01-07,2026-01-07 09:50:00,2026-01-07 09:50:00,OG,Backtest,AdxDiCrossBracketOG,OG_AdxDiCrossBracketOG,OG,NQ,NQ JUN26,LONG,1,26064.50,26079.75,300.64,296.28,59.3,WIN,TARGET_HIT,26047.25,345.00,2026-05-07 09:21:21
2026-03-19,2026-03-19 11:15:00,2026-03-19 11:25:00,OG,Backtest,AdxDiCrossBracketOG,OG_AdxDiCrossBracketOG,OG,NQ,NQ JUN26,LONG,1,24531.00,24485.50,-914.36,-918.72,-183.7,LOSS,STOP_HIT,24473.00,1160.00,2026-05-07 09:21:21
2026-01-07,2026-01-07 10:10:00,2026-01-07 10:10:00,OG,Backtest,AdxDiCrossBracketOG,OG_AdxDiCrossBracketOG,OG,NQ,NQ JUN26,SHORT,1,26050.00,26073.50,-474.36,-478.72,-95.7,LOSS,STOP_HIT,26072.25,445.00,2026-05-07 09:21:21
2026-03-25,2026-03-25 11:20:00,2026-03-25 11:20:00,OG,Backtest,AdxDiCrossBracketOG,OG_AdxDiCrossBracketOG,OG,NQ,NQ JUN26,SHORT,1,24385.25,24336.50,970.64,966.28,193.3,WIN,TARGET_HIT,24438.00,1055.00,2026-05-07 09:21:21
2026-01-09,2026-01-09 09:45:00,2026-01-09 09:50:00,OG,Backtest,AdxDiCrossBracketOG,OG_AdxDiCrossBracketOG,OG,NQ,NQ JUN26,LONG,1,25965.75,25936.75,-584.36,-588.72,-117.7,LOSS,STOP_HIT,25938.00,555.00,2026-05-07 09:21:21
2026-01-13,2026-01-13 10:10:00,2026-01-13 10:15:00,OG,Backtest,AdxDiCrossBracketOG,OG_AdxDiCrossBracketOG,OG,NQ,NQ JUN26,SHORT,1,26137.25,26108.00,580.64,576.28,115.3,WIN,TARGET_HIT,26168.00,615.00,2026-05-07 09:21:21
2026-01-09,2026-01-09 10:10:00,2026-01-09 10:10:00,OG,Backtest,AdxDiCrossBracketOG,OG_AdxDiCrossBracketOG,OG,NQ,NQ JUN26,LONG,1,25922.50,25881.00,-834.36,-838.72,-167.7,LOSS,STOP_HIT,25882.25,805.00,2026-05-07 09:21:21
2026-01-09,2026-01-09 09:55:00,2026-01-09 09:55:00,OG,Backtest,AdxDiCrossBracketOG,OG_AdxDiCrossBracketOG,OG,NQ,NQ JUN26,SHORT,1,25912.50,25949.00,-734.36,-738.72,-147.7,LOSS,STOP_HIT,25947.75,705.00,2026-05-07 09:21:21
2026-03-06,2026-03-06 11:10:00,2026-03-06 11:15:00,OG,Backtest,AdxDiCrossBracketOG,OG_AdxDiCrossBracketOG,OG,NQ,NQ JUN26,LONG,1,25102.25,25058.25,-884.36,-888.72,-177.7,LOSS,STOP_HIT,25038.75,1270.00,2026-05-07 09:21:21
2026-02-17,2026-02-17 11:10:00,2026-02-17 11:10:00,OG,Backtest,AdxDiCrossBracketOG,OG_AdxDiCrossBracketOG,OG,NQ,NQ JUN26,LONG,1,24862.00,24927.25,1300.64,1296.28,259.3,WIN,TARGET_HIT,24793.75,1365.00,2026-05-07 09:21:21
2026-01-20,2026-01-20 11:10:00,2026-01-20 11:15:00,OG,Backtest,AdxDiCrossBracketOG,OG_AdxDiCrossBracketOG,OG,NQ,NQ JUN26,LONG,1,25588.25,25600.25,235.64,231.28,46.3,WIN,STOP_HIT,25540.75,950.00,2026-05-07 09:21:21
2026-01-20,2026-01-20 11:10:00,2026-01-20 11:15:00,OG,Backtest,AdxDiCrossBracketOG,OG_AdxDiCrossBracketOG,OG,NQ,NQ JUN26,LONG,1,25588.25,25600.25,235.64,231.28,46.3,WIN,STOP_HIT,25540.75,950.00,2026-05-07 09:21:21
2026-04-06,2026-04-06 11:05:00,2026-04-06 11:30:00,OG,Backtest,AdxDiCrossBracketOG,OG_AdxDiCrossBracketOG,OG,NQ,NQ JUN26,LONG,1,24307.50,24278.75,-579.36,-583.72,-116.7,LOSS,STOP_HIT,24255.50,1040.00,2026-05-07 09:21:21
2026-01-07,2026-01-07 10:10:00,2026-01-07 10:10:00,OG,Backtest,AdxDiCrossBracketOG,OG_AdxDiCrossBracketOG,OG,NQ,NQ JUN26,SHORT,1,26050.00,26073.50,-474.36,-478.72,-95.7,LOSS,STOP_HIT,26072.25,445.00,2026-05-07 09:21:21
2026-02-05,2026-02-05 11:40:00,2026-02-05 11:50:00,OG,Backtest,AdxDiCrossBracketOG,OG_AdxDiCrossBracketOG,OG,NQ,NQ JUN26,LONG,1,25026.25,24991.50,-699.36,-703.72,-140.7,LOSS,STOP_HIT,24938.00,1765.00,2026-05-07 09:21:21
2026-01-30,2026-01-30 11:00:00,2026-01-30 11:10:00,OG,Backtest,AdxDiCrossBracketOG,OG_AdxDiCrossBracketOG,OG,NQ,NQ JUN26,SHORT,1,26071.50,26048.25,460.64,456.28,91.3,WIN,STOP_HIT,26129.00,1150.00,2026-05-07 09:21:21
2026-01-20,2026-01-20 10:50:00,2026-01-20 10:55:00,OG,Backtest,AdxDiCrossBracketOG,OG_AdxDiCrossBracketOG,OG,NQ,NQ JUN26,LONG,1,25598.75,25558.75,-804.36,-808.72,-161.7,LOSS,STOP_HIT,25550.75,960.00,2026-05-07 09:21:21
2026-01-23,2026-01-23 10:10:00,2026-01-23 10:15:00,OG,Backtest,AdxDiCrossBracketOG,OG_AdxDiCrossBracketOG,OG,NQ,NQ JUN26,LONG,1,25921.75,25885.00,-739.36,-743.72,-148.7,LOSS,STOP_HIT,25885.50,725.00,2026-05-07 09:21:21
2026-01-23,2026-01-23 10:10:00,2026-01-23 10:15:00,OG,Backtest,AdxDiCrossBracketOG,OG_AdxDiCrossBracketOG,OG,NQ,NQ JUN26,LONG,1,25921.75,25885.00,-739.36,-743.72,-148.7,LOSS,STOP_HIT,25885.50,725.00,2026-05-07 09:21:21
2026-01-30,2026-01-30 11:00:00,2026-01-30 11:10:00,OG,Backtest,AdxDiCrossBracketOG,OG_AdxDiCrossBracketOG,OG,NQ,NQ JUN26,SHORT,1,26071.50,26048.25,460.64,456.28,91.3,WIN,STOP_HIT,26129.00,1150.00,2026-05-07 09:21:21
2026-01-16,2026-01-16 11:30:00,2026-01-16 11:35:00,OG,Backtest,AdxDiCrossBracketOG,OG_AdxDiCrossBracketOG,OG,NQ,NQ JUN26,LONG,1,25912.25,25924.50,240.64,236.28,47.3,WIN,STOP_HIT,25874.75,750.00,2026-05-07 09:21:21
2026-02-11,2026-02-11 11:20:00,2026-02-11 11:25:00,OG,Backtest,AdxDiCrossBracketOG,OG_AdxDiCrossBracketOG,OG,NQ,NQ JUN26,LONG,1,25468.75,25457.00,-239.36,-243.72,-48.7,LOSS,STOP_HIT,25406.75,1240.00,2026-05-07 09:21:21
2026-02-03,2026-02-03 09:50:00,2026-02-03 09:50:00,OG,Backtest,AdxDiCrossBracketOG,OG_AdxDiCrossBracketOG,OG,NQ,NQ JUN26,SHORT,1,25960.00,25999.25,-789.36,-793.72,-158.7,LOSS,STOP_HIT,25998.00,760.00,2026-05-07 09:21:21
2026-01-21,2026-01-21 11:45:00,2026-01-21 11:45:00,OG,Backtest,AdxDiCrossBracketOG,OG_AdxDiCrossBracketOG,OG,NQ,NQ JUN26,SHORT,1,25543.00,25505.75,740.64,736.28,147.3,WIN,TARGET_HIT,25582.25,785.00,2026-05-07 09:21:21
2026-01-23,2026-01-23 10:10:00,2026-01-23 10:15:00,OG,Backtest,AdxDiCrossBracketOG,OG_AdxDiCrossBracketOG,OG,NQ,NQ JUN26,LONG,1,25921.75,25885.00,-739.36,-743.72,-148.7,LOSS,STOP_HIT,25885.50,725.00,2026-05-07 09:21:21
2026-01-23,2026-01-23 10:10:00,2026-01-23 10:15:00,OG,Backtest,AdxDiCrossBracketOG,OG_AdxDiCrossBracketOG,OG,NQ,NQ JUN26,LONG,1,25921.75,25885.00,-739.36,-743.72,-148.7,LOSS,STOP_HIT,25885.50,725.00,2026-05-07 09:21:21
2026-03-06,2026-03-06 11:10:00,2026-03-06 11:15:00,OG,Backtest,AdxDiCrossBracketOG,OG_AdxDiCrossBracketOG,OG,NQ,NQ JUN26,LONG,1,25102.25,25058.25,-884.36,-888.72,-177.7,LOSS,STOP_HIT,25038.75,1270.00,2026-05-07 09:21:21
2026-02-10,2026-02-10 09:45:00,2026-02-10 09:45:00,OG,Backtest,AdxDiCrossBracketOG,OG_AdxDiCrossBracketOG,OG,NQ,NQ JUN26,SHORT,1,25534.50,25512.25,440.64,436.28,87.3,WIN,TARGET_HIT,25559.75,505.00,2026-05-07 09:21:21
2026-02-17,2026-02-17 11:10:00,2026-02-17 11:10:00,OG,Backtest,AdxDiCrossBracketOG,OG_AdxDiCrossBracketOG,OG,NQ,NQ JUN26,LONG,1,24862.00,24927.25,1300.64,1296.28,259.3,WIN,TARGET_HIT,24793.75,1365.00,2026-05-07 09:21:21
2026-02-13,2026-02-13 10:35:00,2026-02-13 10:35:00,OG,Backtest,AdxDiCrossBracketOG,OG_AdxDiCrossBracketOG,OG,NQ,NQ JUN26,LONG,1,25058.75,25127.00,1360.64,1356.28,271.3,WIN,TARGET_HIT,24987.50,1425.00,2026-05-07 09:21:21
2026-01-09,2026-01-09 10:10:00,2026-01-09 10:10:00,OG,Backtest,AdxDiCrossBracketOG,OG_AdxDiCrossBracketOG,OG,NQ,NQ JUN26,LONG,1,25922.50,25881.00,-834.36,-838.72,-167.7,LOSS,STOP_HIT,25882.25,805.00,2026-05-07 09:21:21
2026-01-30,2026-01-30 10:55:00,2026-01-30 10:55:00,OG,Backtest,AdxDiCrossBracketOG,OG_AdxDiCrossBracketOG,OG,NQ,NQ JUN26,LONG,1,26118.00,26058.75,-1189.36,-1193.72,-238.7,LOSS,STOP_HIT,26060.00,1160.00,2026-05-07 09:21:21
2026-02-03,2026-02-03 09:50:00,2026-02-03 09:50:00,OG,Backtest,AdxDiCrossBracketOG,OG_AdxDiCrossBracketOG,OG,NQ,NQ JUN26,SHORT,1,25960.00,25999.25,-789.36,-793.72,-158.7,LOSS,STOP_HIT,25998.00,760.00,2026-05-07 09:21:21
2026-03-03,2026-03-03 11:25:00,2026-03-03 11:40:00,OG,Backtest,AdxDiCrossBracketOG,OG_AdxDiCrossBracketOG,OG,NQ,NQ JUN26,LONG,1,24795.25,24816.50,420.64,416.28,83.3,WIN,STOP_HIT,24724.00,1425.00,2026-05-07 09:21:21
2026-02-10,2026-02-10 09:45:00,2026-02-10 09:45:00,OG,Backtest,AdxDiCrossBracketOG,OG_AdxDiCrossBracketOG,OG,NQ,NQ JUN26,SHORT,1,25534.50,25512.25,440.64,436.28,87.3,WIN,TARGET_HIT,25559.75,505.00,2026-05-07 09:21:21
2026-02-11,2026-02-11 11:20:00,2026-02-11 11:25:00,OG,Backtest,AdxDiCrossBracketOG,OG_AdxDiCrossBracketOG,OG,NQ,NQ JUN26,LONG,1,25468.75,25457.00,-239.36,-243.72,-48.7,LOSS,STOP_HIT,25406.75,1240.00,2026-05-07 09:21:21
2026-01-13,2026-01-13 10:10:00,2026-01-13 10:15:00,OG,Backtest,AdxDiCrossBracketOG,OG_AdxDiCrossBracketOG,OG,NQ,NQ JUN26,SHORT,1,26137.25,26108.00,580.64,576.28,115.3,WIN,TARGET_HIT,26168.00,615.00,2026-05-07 09:21:21
2026-01-07,2026-01-07 10:10:00,2026-01-07 10:10:00,OG,Backtest,AdxDiCrossBracketOG,OG_AdxDiCrossBracketOG,OG,NQ,NQ JUN26,SHORT,1,26050.00,26073.50,-474.36,-478.72,-95.7,LOSS,STOP_HIT,26072.25,445.00,2026-05-07 09:21:21
2026-02-11,2026-02-11 11:05:00,2026-02-11 11:10:00,OG,Backtest,AdxDiCrossBracketOG,OG_AdxDiCrossBracketOG,OG,NQ,NQ JUN26,LONG,1,25454.25,25417.50,-739.36,-743.72,-148.7,LOSS,STOP_HIT,25393.00,1225.00,2026-05-07 09:21:21
2026-01-13,2026-01-13 10:10:00,2026-01-13 10:15:00,OG,Backtest,AdxDiCrossBracketOG,OG_AdxDiCrossBracketOG,OG,NQ,NQ JUN26,SHORT,1,26137.25,26108.00,580.64,576.28,115.3,WIN,TARGET_HIT,26168.00,615.00,2026-05-07 09:21:21
2026-01-16,2026-01-16 11:30:00,2026-01-16 11:35:00,OG,Backtest,AdxDiCrossBracketOG,OG_AdxDiCrossBracketOG,OG,NQ,NQ JUN26,LONG,1,25912.25,25924.50,240.64,236.28,47.3,WIN,STOP_HIT,25874.75,750.00,2026-05-07 09:21:21
2026-02-24,2026-02-24 10:15:00,2026-02-24 10:15:00,OG,Backtest,AdxDiCrossBracketOG,OG_AdxDiCrossBracketOG,OG,NQ,NQ JUN26,LONG,1,25110.00,25063.00,-944.36,-948.72,-189.7,LOSS,STOP_HIT,25064.25,915.00,2026-05-07 09:21:21
2026-01-09,2026-01-09 09:55:00,2026-01-09 09:55:00,OG,Backtest,AdxDiCrossBracketOG,OG_AdxDiCrossBracketOG,OG,NQ,NQ JUN26,SHORT,1,25912.50,25949.00,-734.36,-738.72,-147.7,LOSS,STOP_HIT,25947.75,705.00,2026-05-07 09:21:21
2026-01-07,2026-01-07 10:10:00,2026-01-07 10:10:00,OG,Backtest,AdxDiCrossBracketOG,OG_AdxDiCrossBracketOG,OG,NQ,NQ JUN26,SHORT,1,26050.00,26073.50,-474.36,-478.72,-95.7,LOSS,STOP_HIT,26072.25,445.00,2026-05-07 09:21:21
2026-02-11,2026-02-11 10:20:00,2026-02-11 10:20:00,OG,Backtest,AdxDiCrossBracketOG,OG_AdxDiCrossBracketOG,OG,NQ,NQ JUN26,SHORT,1,25395.25,25345.50,990.64,986.28,197.3,WIN,TARGET_HIT,25448.50,1065.00,2026-05-07 09:21:21
2026-02-10,2026-02-10 09:45:00,2026-02-10 09:45:00,OG,Backtest,AdxDiCrossBracketOG,OG_AdxDiCrossBracketOG,OG,NQ,NQ JUN26,SHORT,1,25534.50,25512.25,440.64,436.28,87.3,WIN,TARGET_HIT,25559.75,505.00,2026-05-07 09:21:21
2026-03-12,2026-03-12 11:50:00,2026-03-12 11:50:00,OG,Backtest,AdxDiCrossBracketOG,OG_AdxDiCrossBracketOG,OG,NQ,NQ JUN26,LONG,1,24898.75,24843.25,-1114.36,-1118.72,-223.7,LOSS,STOP_HIT,24844.50,1085.00,2026-05-07 09:21:21
2026-02-11,2026-02-11 11:05:00,2026-02-11 11:10:00,OG,Backtest,AdxDiCrossBracketOG,OG_AdxDiCrossBracketOG,OG,NQ,NQ JUN26,LONG,1,25454.25,25417.50,-739.36,-743.72,-148.7,LOSS,STOP_HIT,25393.00,1225.00,2026-05-07 09:21:21
2026-02-13,2026-02-13 10:35:00,2026-02-13 10:35:00,OG,Backtest,AdxDiCrossBracketOG,OG_AdxDiCrossBracketOG,OG,NQ,NQ JUN26,LONG,1,25058.75,25127.00,1360.64,1356.28,271.3,WIN,TARGET_HIT,24987.50,1425.00,2026-05-07 09:21:21
2026-03-13,2026-03-13 10:50:00,2026-03-13 10:50:00,OG,Backtest,AdxDiCrossBracketOG,OG_AdxDiCrossBracketOG,OG,NQ,NQ JUN26,SHORT,1,24804.25,24755.00,980.64,976.28,195.3,WIN,TARGET_HIT,24853.50,985.00,2026-05-07 09:21:21
2026-02-10,2026-02-10 09:45:00,2026-02-10 09:45:00,OG,Backtest,AdxDiCrossBracketOG,OG_AdxDiCrossBracketOG,OG,NQ,NQ JUN26,SHORT,1,25534.50,25512.25,440.64,436.28,87.3,WIN,TARGET_HIT,25559.75,505.00,2026-05-07 09:21:21
2026-04-06,2026-04-06 11:05:00,2026-04-06 11:30:00,OG,Backtest,AdxDiCrossBracketOG,OG_AdxDiCrossBracketOG,OG,NQ,NQ JUN26,LONG,1,24307.50,24278.75,-579.36,-583.72,-116.7,LOSS,STOP_HIT,24255.50,1040.00,2026-05-07 09:21:21
2026-01-28,2026-01-28 10:55:00,2026-01-28 11:20:00,OG,Backtest,AdxDiCrossBracketOG,OG_AdxDiCrossBracketOG,OG,NQ,NQ JUN26,SHORT,1,26394.50,26393.75,10.64,6.28,1.3,WIN,STOP_HIT,26429.00,690.00,2026-05-07 09:21:21
2026-03-13,2026-03-13 10:50:00,2026-03-13 10:50:00,OG,Backtest,AdxDiCrossBracketOG,OG_AdxDiCrossBracketOG,OG,NQ,NQ JUN26,SHORT,1,24804.25,24755.00,980.64,976.28,195.3,WIN,TARGET_HIT,24853.50,985.00,2026-05-07 09:21:21
2026-02-13,2026-02-13 10:50:00,2026-02-13 11:05:00,OG,Backtest,AdxDiCrossBracketOG,OG_AdxDiCrossBracketOG,OG,NQ,NQ JUN26,SHORT,1,24982.25,25021.00,-779.36,-783.72,-156.7,LOSS,STOP_HIT,25055.00,1455.00,2026-05-07 09:21:21
2026-03-02,2026-03-02 11:15:00,2026-03-02 11:20:00,OG,Backtest,AdxDiCrossBracketOG,OG_AdxDiCrossBracketOG,OG,NQ,NQ JUN26,LONG,1,25187.75,25180.00,-159.36,-163.72,-32.7,LOSS,STOP_HIT,25129.50,1165.00,2026-05-07 09:21:21
2026-01-07,2026-01-07 09:50:00,2026-01-07 09:50:00,OG,Backtest,AdxDiCrossBracketOG,OG_AdxDiCrossBracketOG,OG,NQ,NQ JUN26,LONG,1,26064.50,26079.75,300.64,296.28,59.3,WIN,TARGET_HIT,26047.25,345.00,2026-05-07 09:21:21
2026-02-24,2026-02-24 10:15:00,2026-02-24 10:15:00,OG,Backtest,AdxDiCrossBracketOG,OG_AdxDiCrossBracketOG,OG,NQ,NQ JUN26,LONG,1,25110.00,25063.00,-944.36,-948.72,-189.7,LOSS,STOP_HIT,25064.25,915.00,2026-05-07 09:21:21
2026-04-02,2026-04-02 10:45:00,2026-04-02 10:45:00,OG,Backtest,AdxDiCrossBracketOG,OG_AdxDiCrossBracketOG,OG,NQ,NQ JUN26,LONG,1,24211.00,24133.25,-1559.36,-1563.72,-312.7,LOSS,STOP_HIT,24134.50,1530.00,2026-05-07 09:21:21
2026-03-02,2026-03-02 11:15:00,2026-03-02 11:20:00,OG,Backtest,AdxDiCrossBracketOG,OG_AdxDiCrossBracketOG,OG,NQ,NQ JUN26,LONG,1,25187.75,25180.00,-159.36,-163.72,-32.7,LOSS,STOP_HIT,25129.50,1165.00,2026-05-07 09:21:21
2026-03-24,2026-03-24 11:00:00,2026-03-24 11:00:00,OG,Backtest,AdxDiCrossBracketOG,OG_AdxDiCrossBracketOG,OG,NQ,NQ JUN26,LONG,1,24282.25,24217.00,-1309.36,-1313.72,-262.7,LOSS,STOP_HIT,24218.25,1280.00,2026-05-07 09:21:21
2026-03-02,2026-03-02 11:15:00,2026-03-02 11:20:00,OG,Backtest,AdxDiCrossBracketOG,OG_AdxDiCrossBracketOG,OG,NQ,NQ JUN26,LONG,1,25187.75,25180.00,-159.36,-163.72,-32.7,LOSS,STOP_HIT,25129.50,1165.00,2026-05-07 09:21:21
2026-03-09,2026-03-09 10:45:00,2026-03-09 10:50:00,OG,Backtest,AdxDiCrossBracketOG,OG_AdxDiCrossBracketOG,OG,NQ,NQ JUN26,LONG,1,24692.75,24762.25,1385.64,1381.28,276.3,WIN,TARGET_HIT,24622.25,1410.00,2026-05-07 09:21:21
2026-03-25,2026-03-25 11:20:00,2026-03-25 11:20:00,OG,Backtest,AdxDiCrossBracketOG,OG_AdxDiCrossBracketOG,OG,NQ,NQ JUN26,SHORT,1,24385.25,24336.50,970.64,966.28,193.3,WIN,TARGET_HIT,24438.00,1055.00,2026-05-07 09:21:21
2026-03-12,2026-03-12 11:50:00,2026-03-12 11:50:00,OG,Backtest,AdxDiCrossBracketOG,OG_AdxDiCrossBracketOG,OG,NQ,NQ JUN26,LONG,1,24898.75,24843.25,-1114.36,-1118.72,-223.7,LOSS,STOP_HIT,24844.50,1085.00,2026-05-07 09:21:21
2026-03-20,2026-03-20 11:30:00,2026-03-20 12:05:00,OG,Backtest,AdxDiCrossBracketOG,OG_AdxDiCrossBracketOG,OG,NQ,NQ JUN26,LONG,1,24275.00,24327.75,1050.64,1046.28,209.3,WIN,TARGET_HIT,24219.75,1105.00,2026-05-07 09:21:21
2026-02-11,2026-02-11 11:20:00,2026-02-11 11:25:00,OG,Backtest,AdxDiCrossBracketOG,OG_AdxDiCrossBracketOG,OG,NQ,NQ JUN26,LONG,1,25468.75,25457.00,-239.36,-243.72,-48.7,LOSS,STOP_HIT,25406.75,1240.00,2026-05-07 09:21:21
2026-04-07,2026-04-07 11:40:00,2026-04-07 12:00:00,OG,Backtest,AdxDiCrossBracketOG,OG_AdxDiCrossBracketOG,OG,NQ,NQ JUN26,LONG,1,24072.25,24117.50,900.64,896.28,179.3,WIN,TARGET_HIT,24025.00,945.00,2026-05-07 09:21:21
2026-02-24,2026-02-24 09:50:00,2026-02-24 09:50:00,OG,Backtest,AdxDiCrossBracketOG,OG_AdxDiCrossBracketOG,OG,NQ,NQ JUN26,LONG,1,25121.25,25157.50,720.64,716.28,143.3,WIN,TARGET_HIT,25081.50,795.00,2026-05-07 09:21:21
2026-03-20,2026-03-20 11:30:00,2026-03-20 12:05:00,OG,Backtest,AdxDiCrossBracketOG,OG_AdxDiCrossBracketOG,OG,NQ,NQ JUN26,LONG,1,24275.00,24327.75,1050.64,1046.28,209.3,WIN,TARGET_HIT,24219.75,1105.00,2026-05-07 09:21:21
2026-03-27,2026-03-27 11:40:00,2026-03-27 11:45:00,OG,Backtest,AdxDiCrossBracketOG,OG_AdxDiCrossBracketOG,OG,NQ,NQ JUN26,LONG,1,23597.75,23540.25,-1154.36,-1158.72,-231.7,LOSS,STOP_HIT,23541.50,1125.00,2026-05-07 09:21:21
2026-02-24,2026-02-24 09:50:00,2026-02-24 09:50:00,OG,Backtest,AdxDiCrossBracketOG,OG_AdxDiCrossBracketOG,OG,NQ,NQ JUN26,LONG,1,25121.25,25157.50,720.64,716.28,143.3,WIN,TARGET_HIT,25081.50,795.00,2026-05-07 09:21:21
2026-03-17,2026-03-17 11:15:00,2026-03-17 11:20:00,OG,Backtest,AdxDiCrossBracketOG,OG_AdxDiCrossBracketOG,OG,NQ,NQ JUN26,SHORT,1,25019.75,25057.00,-749.36,-753.72,-150.7,LOSS,STOP_HIT,25056.25,730.00,2026-05-07 09:21:21
2026-04-06,2026-04-06 11:05:00,2026-04-06 11:30:00,OG,Backtest,AdxDiCrossBracketOG,OG_AdxDiCrossBracketOG,OG,NQ,NQ JUN26,LONG,1,24307.50,24278.75,-579.36,-583.72,-116.7,LOSS,STOP_HIT,24255.50,1040.00,2026-05-07 09:21:21
2026-04-07,2026-04-07 11:40:00,2026-04-07 12:00:00,OG,Backtest,AdxDiCrossBracketOG,OG_AdxDiCrossBracketOG,OG,NQ,NQ JUN26,LONG,1,24072.25,24117.50,900.64,896.28,179.3,WIN,TARGET_HIT,24025.00,945.00,2026-05-07 09:21:21
2026-03-24,2026-03-24 11:00:00,2026-03-24 11:00:00,OG,Backtest,AdxDiCrossBracketOG,OG_AdxDiCrossBracketOG,OG,NQ,NQ JUN26,LONG,1,24282.25,24217.00,-1309.36,-1313.72,-262.7,LOSS,STOP_HIT,24218.25,1280.00,2026-05-07 09:21:21
2026-02-05,2026-02-05 11:40:00,2026-02-05 11:50:00,OG,Backtest,AdxDiCrossBracketOG,OG_AdxDiCrossBracketOG,OG,NQ,NQ JUN26,LONG,1,25026.25,24991.50,-699.36,-703.72,-140.7,LOSS,STOP_HIT,24938.00,1765.00,2026-05-07 09:21:21
2026-04-10,2026-04-10 11:45:00,2026-04-10 12:00:00,OG,Backtest,AdxDiCrossBracketOG,OG_AdxDiCrossBracketOG,OG,NQ,NQ JUN26,SHORT,1,25300.75,25269.75,615.64,611.28,122.3,WIN,TARGET_HIT,25334.25,670.00,2026-05-07 09:21:21
2026-02-10,2026-02-10 09:45:00,2026-02-10 09:45:00,OG,Backtest,AdxDiCrossBracketOG,OG_AdxDiCrossBracketOG,OG,NQ,NQ JUN26,SHORT,1,25534.50,25512.25,440.64,436.28,87.3,WIN,TARGET_HIT,25559.75,505.00,2026-05-07 09:21:21
2026-04-10,2026-04-10 11:45:00,2026-04-10 12:00:00,OG,Backtest,AdxDiCrossBracketOG,OG_AdxDiCrossBracketOG,OG,NQ,NQ JUN26,SHORT,1,25300.75,25269.75,615.64,611.28,122.3,WIN,TARGET_HIT,25334.25,670.00,2026-05-07 09:21:21
2026-03-27,2026-03-27 11:40:00,2026-03-27 11:45:00,OG,Backtest,AdxDiCrossBracketOG,OG_AdxDiCrossBracketOG,OG,NQ,NQ JUN26,LONG,1,23597.75,23540.25,-1154.36,-1158.72,-231.7,LOSS,STOP_HIT,23541.50,1125.00,2026-05-07 09:21:21
2026-04-02,2026-04-02 10:45:00,2026-04-02 10:45:00,OG,Backtest,AdxDiCrossBracketOG,OG_AdxDiCrossBracketOG,OG,NQ,NQ JUN26,LONG,1,24211.00,24133.25,-1559.36,-1563.72,-312.7,LOSS,STOP_HIT,24134.50,1530.00,2026-05-07 09:21:21
2026-03-09,2026-03-09 10:45:00,2026-03-09 10:50:00,OG,Backtest,AdxDiCrossBracketOG,OG_AdxDiCrossBracketOG,OG,NQ,NQ JUN26,LONG,1,24692.75,24762.25,1385.64,1381.28,276.3,WIN,TARGET_HIT,24622.25,1410.00,2026-05-07 09:21:21
2026-01-13,2026-01-13 10:10:00,2026-01-13 10:15:00,OG,Backtest,AdxDiCrossBracketOG,OG_AdxDiCrossBracketOG,OG,NQ,NQ JUN26,SHORT,1,26137.25,26108.00,580.64,576.28,115.3,WIN,TARGET_HIT,26168.00,615.00,2026-05-07 09:21:21
2026-01-16,2026-01-16 11:30:00,2026-01-16 11:35:00,OG,Backtest,AdxDiCrossBracketOG,OG_AdxDiCrossBracketOG,OG,NQ,NQ JUN26,LONG,1,25912.25,25924.50,240.64,236.28,47.3,WIN,STOP_HIT,25874.75,750.00,2026-05-07 09:21:21
2026-02-24,2026-02-24 10:15:00,2026-02-24 10:15:00,OG,Backtest,AdxDiCrossBracketOG,OG_AdxDiCrossBracketOG,OG,NQ,NQ JUN26,LONG,1,25110.00,25063.00,-944.36,-948.72,-189.7,LOSS,STOP_HIT,25064.25,915.00,2026-05-07 09:21:21
2026-04-06,2026-04-06 11:05:00,2026-04-06 11:30:00,OG,Backtest,AdxDiCrossBracketOG,OG_AdxDiCrossBracketOG,OG,NQ,NQ JUN26,LONG,1,24307.50,24278.75,-579.36,-583.72,-116.7,LOSS,STOP_HIT,24255.50,1040.00,2026-05-07 09:21:21
2026-03-09,2026-03-09 10:45:00,2026-03-09 10:50:00,OG,Backtest,AdxDiCrossBracketOG,OG_AdxDiCrossBracketOG,OG,NQ,NQ JUN26,LONG,1,24692.75,24762.25,1385.64,1381.28,276.3,WIN,TARGET_HIT,24622.25,1410.00,2026-05-07 09:21:21
2026-04-06,2026-04-06 11:35:00,2026-04-06 11:50:00,OG,Backtest,AdxDiCrossBracketOG,OG_AdxDiCrossBracketOG,OG,NQ,NQ JUN26,SHORT,1,24280.00,24294.25,-289.36,-293.72,-58.7,LOSS,STOP_HIT,24325.50,910.00,2026-05-07 09:21:21
2026-04-07,2026-04-07 11:40:00,2026-04-07 12:00:00,OG,Backtest,AdxDiCrossBracketOG,OG_AdxDiCrossBracketOG,OG,NQ,NQ JUN26,LONG,1,24072.25,24117.50,900.64,896.28,179.3,WIN,TARGET_HIT,24025.00,945.00,2026-05-07 09:21:21
2026-04-06,2026-04-06 11:35:00,2026-04-06 11:50:00,OG,Backtest,AdxDiCrossBracketOG,OG_AdxDiCrossBracketOG,OG,NQ,NQ JUN26,SHORT,1,24280.00,24294.25,-289.36,-293.72,-58.7,LOSS,STOP_HIT,24325.50,910.00,2026-05-07 09:21:21
2026-03-19,2026-03-19 11:15:00,2026-03-19 11:25:00,OG,Backtest,AdxDiCrossBracketOG,OG_AdxDiCrossBracketOG,OG,NQ,NQ JUN26,LONG,1,24531.00,24485.50,-914.36,-918.72,-183.7,LOSS,STOP_HIT,24473.00,1160.00,2026-05-07 09:21:21
2026-01-16,2026-01-16 11:30:00,2026-01-16 11:35:00,OG,Backtest,AdxDiCrossBracketOG,OG_AdxDiCrossBracketOG,OG,NQ,NQ JUN26,LONG,1,25912.25,25924.50,240.64,236.28,47.3,WIN,STOP_HIT,25874.75,750.00,2026-05-07 09:21:21
2026-04-02,2026-04-02 10:45:00,2026-04-02 10:45:00,OG,Backtest,AdxDiCrossBracketOG,OG_AdxDiCrossBracketOG,OG,NQ,NQ JUN26,LONG,1,24211.00,24133.25,-1559.36,-1563.72,-312.7,LOSS,STOP_HIT,24134.50,1530.00,2026-05-07 09:21:21
2026-01-20,2026-01-20 10:50:00,2026-01-20 10:55:00,OG,Backtest,AdxDiCrossBracketOG,OG_AdxDiCrossBracketOG,OG,NQ,NQ JUN26,LONG,1,25598.75,25558.75,-804.36,-808.72,-161.7,LOSS,STOP_HIT,25550.75,960.00,2026-05-07 09:21:21
2026-03-12,2026-03-12 11:50:00,2026-03-12 11:50:00,OG,Backtest,AdxDiCrossBracketOG,OG_AdxDiCrossBracketOG,OG,NQ,NQ JUN26,LONG,1,24898.75,24843.25,-1114.36,-1118.72,-223.7,LOSS,STOP_HIT,24844.50,1085.00,2026-05-07 09:21:21
2026-01-30,2026-01-30 10:55:00,2026-01-30 10:55:00,OG,Backtest,AdxDiCrossBracketOG,OG_AdxDiCrossBracketOG,OG,NQ,NQ JUN26,LONG,1,26118.00,26058.75,-1189.36,-1193.72,-238.7,LOSS,STOP_HIT,26060.00,1160.00,2026-05-07 09:21:21
2026-03-27,2026-03-27 11:40:00,2026-03-27 11:45:00,OG,Backtest,AdxDiCrossBracketOG,OG_AdxDiCrossBracketOG,OG,NQ,NQ JUN26,LONG,1,23597.75,23540.25,-1154.36,-1158.72,-231.7,LOSS,STOP_HIT,23541.50,1125.00,2026-05-07 09:21:21
2026-03-27,2026-03-27 11:40:00,2026-03-27 11:45:00,OG,Backtest,AdxDiCrossBracketOG,OG_AdxDiCrossBracketOG,OG,NQ,NQ JUN26,LONG,1,23597.75,23540.25,-1154.36,-1158.72,-231.7,LOSS,STOP_HIT,23541.50,1125.00,2026-05-07 09:21:21
2026-03-27,2026-03-27 11:40:00,2026-03-27 11:45:00,OG,Backtest,AdxDiCrossBracketOG,OG_AdxDiCrossBracketOG,OG,NQ,NQ JUN26,LONG,1,23597.75,23540.25,-1154.36,-1158.72,-231.7,LOSS,STOP_HIT,23541.50,1125.00,2026-05-07 09:21:21
2026-01-09,2026-01-09 09:55:00,2026-01-09 09:55:00,OG,Backtest,AdxDiCrossBracketOG,OG_AdxDiCrossBracketOG,OG,NQ,NQ JUN26,SHORT,1,25912.50,25949.00,-734.36,-738.72,-147.7,LOSS,STOP_HIT,25947.75,705.00,2026-05-07 09:21:21
2026-01-09,2026-01-09 10:15:00,2026-01-09 10:15:00,OG,Backtest,AdxDiCrossBracketOG,OG_AdxDiCrossBracketOG,OG,NQ,NQ JUN26,SHORT,1,25849.75,25897.00,-949.36,-953.72,-190.7,LOSS,STOP_HIT,25895.75,920.00,2026-05-07 09:21:21
2026-04-06,2026-04-06 11:05:00,2026-04-06 11:30:00,OG,Backtest,AdxDiCrossBracketOG,OG_AdxDiCrossBracketOG,OG,NQ,NQ JUN26,LONG,1,24307.50,24278.75,-579.36,-583.72,-116.7,LOSS,STOP_HIT,24255.50,1040.00,2026-05-07 09:21:21
2026-04-10,2026-04-10 11:45:00,2026-04-10 12:00:00,OG,Backtest,AdxDiCrossBracketOG,OG_AdxDiCrossBracketOG,OG,NQ,NQ JUN26,SHORT,1,25300.75,25269.75,615.64,611.28,122.3,WIN,TARGET_HIT,25334.25,670.00,2026-05-07 09:21:21
2026-04-06,2026-04-06 11:35:00,2026-04-06 11:50:00,OG,Backtest,AdxDiCrossBracketOG,OG_AdxDiCrossBracketOG,OG,NQ,NQ JUN26,SHORT,1,24280.00,24294.25,-289.36,-293.72,-58.7,LOSS,STOP_HIT,24325.50,910.00,2026-05-07 09:21:21
2026-03-17,2026-03-17 11:15:00,2026-03-17 11:20:00,OG,Backtest,AdxDiCrossBracketOG,OG_AdxDiCrossBracketOG,OG,NQ,NQ JUN26,SHORT,1,25019.75,25057.00,-749.36,-753.72,-150.7,LOSS,STOP_HIT,25056.25,730.00,2026-05-07 09:21:21
2026-01-16,2026-01-16 11:30:00,2026-01-16 11:35:00,OG,Backtest,AdxDiCrossBracketOG,OG_AdxDiCrossBracketOG,OG,NQ,NQ JUN26,LONG,1,25912.25,25924.50,240.64,236.28,47.3,WIN,STOP_HIT,25874.75,750.00,2026-05-07 09:21:21
2026-04-07,2026-04-07 11:40:00,2026-04-07 12:00:00,OG,Backtest,AdxDiCrossBracketOG,OG_AdxDiCrossBracketOG,OG,NQ,NQ JUN26,LONG,1,24072.25,24117.50,900.64,896.28,179.3,WIN,TARGET_HIT,24025.00,945.00,2026-05-07 09:21:21
2026-02-13,2026-02-13 10:50:00,2026-02-13 11:05:00,OG,Backtest,AdxDiCrossBracketOG,OG_AdxDiCrossBracketOG,OG,NQ,NQ JUN26,SHORT,1,24982.25,25021.00,-779.36,-783.72,-156.7,LOSS,STOP_HIT,25055.00,1455.00,2026-05-07 09:21:21
2026-02-13,2026-02-13 10:35:00,2026-02-13 10:35:00,OG,Backtest,AdxDiCrossBracketOG,OG_AdxDiCrossBracketOG,OG,NQ,NQ JUN26,LONG,1,25058.75,25127.00,1360.64,1356.28,271.3,WIN,TARGET_HIT,24987.50,1425.00,2026-05-07 09:21:21
2026-01-09,2026-01-09 09:55:00,2026-01-09 09:55:00,OG,Backtest,AdxDiCrossBracketOG,OG_AdxDiCrossBracketOG,OG,NQ,NQ JUN26,SHORT,1,25912.50,25949.00,-734.36,-738.72,-147.7,LOSS,STOP_HIT,25947.75,705.00,2026-05-07 09:21:21
2026-02-13,2026-02-13 10:50:00,2026-02-13 11:05:00,OG,Backtest,AdxDiCrossBracketOG,OG_AdxDiCrossBracketOG,OG,NQ,NQ JUN26,SHORT,1,24982.25,25021.00,-779.36,-783.72,-156.7,LOSS,STOP_HIT,25055.00,1455.00,2026-05-07 09:21:21
2026-03-27,2026-03-27 11:40:00,2026-03-27 11:45:00,OG,Backtest,AdxDiCrossBracketOG,OG_AdxDiCrossBracketOG,OG,NQ,NQ JUN26,LONG,1,23597.75,23540.25,-1154.36,-1158.72,-231.7,LOSS,STOP_HIT,23541.50,1125.00,2026-05-07 09:21:21
2026-01-12,2026-01-12 11:25:00,2026-01-12 11:35:00,OG,Backtest,AdxDiCrossBracketOG,OG_AdxDiCrossBracketOG,OG,NQ,NQ JUN26,LONG,1,26159.50,26149.25,-209.36,-213.72,-42.7,LOSS,STOP_HIT,26131.75,555.00,2026-05-07 09:21:21
2026-02-13,2026-02-13 10:50:00,2026-02-13 11:05:00,OG,Backtest,AdxDiCrossBracketOG,OG_AdxDiCrossBracketOG,OG,NQ,NQ JUN26,SHORT,1,24982.25,25021.00,-779.36,-783.72,-156.7,LOSS,STOP_HIT,25055.00,1455.00,2026-05-07 09:21:21
2026-01-13,2026-01-13 10:10:00,2026-01-13 10:15:00,OG,Backtest,AdxDiCrossBracketOG,OG_AdxDiCrossBracketOG,OG,NQ,NQ JUN26,SHORT,1,26137.25,26108.00,580.64,576.28,115.3,WIN,TARGET_HIT,26168.00,615.00,2026-05-07 09:21:21
2026-01-23,2026-01-23 10:10:00,2026-01-23 10:15:00,OG,Backtest,AdxDiCrossBracketOG,OG_AdxDiCrossBracketOG,OG,NQ,NQ JUN26,LONG,1,25921.75,25885.00,-739.36,-743.72,-148.7,LOSS,STOP_HIT,25885.50,725.00,2026-05-07 09:21:21
2026-01-07,2026-01-07 09:50:00,2026-01-07 09:50:00,OG,Backtest,AdxDiCrossBracketOG,OG_AdxDiCrossBracketOG,OG,NQ,NQ JUN26,LONG,1,26064.50,26079.75,300.64,296.28,59.3,WIN,TARGET_HIT,26047.25,345.00,2026-05-07 09:21:21
2026-03-27,2026-03-27 11:40:00,2026-03-27 11:45:00,OG,Backtest,AdxDiCrossBracketOG,OG_AdxDiCrossBracketOG,OG,NQ,NQ JUN26,LONG,1,23597.75,23540.25,-1154.36,-1158.72,-231.7,LOSS,STOP_HIT,23541.50,1125.00,2026-05-07 09:21:21
2026-01-07,2026-01-07 10:10:00,2026-01-07 10:10:00,OG,Backtest,AdxDiCrossBracketOG,OG_AdxDiCrossBracketOG,OG,NQ,NQ JUN26,SHORT,1,26050.00,26073.50,-474.36,-478.72,-95.7,LOSS,STOP_HIT,26072.25,445.00,2026-05-07 09:21:21
2026-01-21,2026-01-21 11:45:00,2026-01-21 11:45:00,OG,Backtest,AdxDiCrossBracketOG,OG_AdxDiCrossBracketOG,OG,NQ,NQ JUN26,SHORT,1,25543.00,25505.75,740.64,736.28,147.3,WIN,TARGET_HIT,25582.25,785.00,2026-05-07 09:21:21
2026-02-11,2026-02-11 11:05:00,2026-02-11 11:10:00,OG,Backtest,AdxDiCrossBracketOG,OG_AdxDiCrossBracketOG,OG,NQ,NQ JUN26,LONG,1,25454.25,25417.50,-739.36,-743.72,-148.7,LOSS,STOP_HIT,25393.00,1225.00,2026-05-07 09:21:21
2026-01-23,2026-01-23 10:10:00,2026-01-23 10:15:00,OG,Backtest,AdxDiCrossBracketOG,OG_AdxDiCrossBracketOG,OG,NQ,NQ JUN26,LONG,1,25921.75,25885.00,-739.36,-743.72,-148.7,LOSS,STOP_HIT,25885.50,725.00,2026-05-07 09:21:21
2026-01-06,2026-01-06 11:00:00,2026-01-06 11:05:00,OG,Backtest,AdxDiCrossBracketOG,OG_AdxDiCrossBracketOG,OG,NQ,NQ JUN26,SHORT,1,25908.50,25880.75,550.64,546.28,109.3,WIN,TARGET_HIT,25938.25,595.00,2026-05-07 09:21:21
2026-01-09,2026-01-09 09:45:00,2026-01-09 09:50:00,OG,Backtest,AdxDiCrossBracketOG,OG_AdxDiCrossBracketOG,OG,NQ,NQ JUN26,LONG,1,25965.75,25936.75,-584.36,-588.72,-117.7,LOSS,STOP_HIT,25938.00,555.00,2026-05-07 09:21:21
2026-01-12,2026-01-12 11:25:00,2026-01-12 11:35:00,OG,Backtest,AdxDiCrossBracketOG,OG_AdxDiCrossBracketOG,OG,NQ,NQ JUN26,LONG,1,26159.50,26149.25,-209.36,-213.72,-42.7,LOSS,STOP_HIT,26131.75,555.00,2026-05-07 09:21:21
2026-01-09,2026-01-09 09:55:00,2026-01-09 09:55:00,OG,Backtest,AdxDiCrossBracketOG,OG_AdxDiCrossBracketOG,OG,NQ,NQ JUN26,SHORT,1,25912.50,25949.00,-734.36,-738.72,-147.7,LOSS,STOP_HIT,25947.75,705.00,2026-05-07 09:21:21
2026-01-12,2026-01-12 11:25:00,2026-01-12 11:35:00,OG,Backtest,AdxDiCrossBracketOG,OG_AdxDiCrossBracketOG,OG,NQ,NQ JUN26,LONG,1,26159.50,26149.25,-209.36,-213.72,-42.7,LOSS,STOP_HIT,26131.75,555.00,2026-05-07 09:21:21
2026-01-09,2026-01-09 10:10:00,2026-01-09 10:10:00,OG,Backtest,AdxDiCrossBracketOG,OG_AdxDiCrossBracketOG,OG,NQ,NQ JUN26,LONG,1,25922.50,25881.00,-834.36,-838.72,-167.7,LOSS,STOP_HIT,25882.25,805.00,2026-05-07 09:21:21
2026-03-24,2026-03-24 11:00:00,2026-03-24 11:00:00,OG,Backtest,AdxDiCrossBracketOG,OG_AdxDiCrossBracketOG,OG,NQ,NQ JUN26,LONG,1,24282.25,24217.00,-1309.36,-1313.72,-262.7,LOSS,STOP_HIT,24218.25,1280.00,2026-05-07 09:21:21
2026-02-05,2026-02-05 11:40:00,2026-02-05 11:50:00,OG,Backtest,AdxDiCrossBracketOG,OG_AdxDiCrossBracketOG,OG,NQ,NQ JUN26,LONG,1,25026.25,24991.50,-699.36,-703.72,-140.7,LOSS,STOP_HIT,24938.00,1765.00,2026-05-07 09:21:21
2026-01-09,2026-01-09 09:45:00,2026-01-09 09:50:00,OG,Backtest,AdxDiCrossBracketOG,OG_AdxDiCrossBracketOG,OG,NQ,NQ JUN26,LONG,1,25965.75,25936.75,-584.36,-588.72,-117.7,LOSS,STOP_HIT,25938.00,555.00,2026-05-07 09:21:21
2026-01-07,2026-01-07 09:50:00,2026-01-07 09:50:00,OG,Backtest,AdxDiCrossBracketOG,OG_AdxDiCrossBracketOG,OG,NQ,NQ JUN26,LONG,1,26064.50,26079.75,300.64,296.28,59.3,WIN,TARGET_HIT,26047.25,345.00,2026-05-07 09:21:21
2026-01-06,2026-01-06 11:00:00,2026-01-06 11:05:00,OG,Backtest,AdxDiCrossBracketOG,OG_AdxDiCrossBracketOG,OG,NQ,NQ JUN26,SHORT,1,25908.50,25880.75,550.64,546.28,109.3,WIN,TARGET_HIT,25938.25,595.00,2026-05-07 09:21:21
2026-01-28,2026-01-28 10:55:00,2026-01-28 11:20:00,OG,Backtest,AdxDiCrossBracketOG,OG_AdxDiCrossBracketOG,OG,NQ,NQ JUN26,SHORT,1,26394.50,26393.75,10.64,6.28,1.3,WIN,STOP_HIT,26429.00,690.00,2026-05-07 09:21:21
2026-03-27,2026-03-27 11:40:00,2026-03-27 11:45:00,OG,Backtest,AdxDiCrossBracketOG,OG_AdxDiCrossBracketOG,OG,NQ,NQ JUN26,LONG,1,23597.75,23540.25,-1154.36,-1158.72,-231.7,LOSS,STOP_HIT,23541.50,1125.00,2026-05-07 09:21:21
2026-01-09,2026-01-09 10:15:00,2026-01-09 10:15:00,OG,Backtest,AdxDiCrossBracketOG,OG_AdxDiCrossBracketOG,OG,NQ,NQ JUN26,SHORT,1,25849.75,25897.00,-949.36,-953.72,-190.7,LOSS,STOP_HIT,25895.75,920.00,2026-05-07 09:21:21
2026-01-09,2026-01-09 10:15:00,2026-01-09 10:15:00,OG,Backtest,AdxDiCrossBracketOG,OG_AdxDiCrossBracketOG,OG,NQ,NQ JUN26,SHORT,1,25849.75,25897.00,-949.36,-953.72,-190.7,LOSS,STOP_HIT,25895.75,920.00,2026-05-07 09:21:21
2026-01-20,2026-01-20 10:50:00,2026-01-20 10:55:00,OG,Backtest,AdxDiCrossBracketOG,OG_AdxDiCrossBracketOG,OG,NQ,NQ JUN26,LONG,1,25598.75,25558.75,-804.36,-808.72,-161.7,LOSS,STOP_HIT,25550.75,960.00,2026-05-07 09:21:21
2026-01-09,2026-01-09 10:15:00,2026-01-09 10:15:00,OG,Backtest,AdxDiCrossBracketOG,OG_AdxDiCrossBracketOG,OG,NQ,NQ JUN26,SHORT,1,25849.75,25897.00,-949.36,-953.72,-190.7,LOSS,STOP_HIT,25895.75,920.00,2026-05-07 09:21:21
2026-03-03,2026-03-03 11:25:00,2026-03-03 11:40:00,OG,Backtest,AdxDiCrossBracketOG,OG_AdxDiCrossBracketOG,OG,NQ,NQ JUN26,LONG,1,24795.25,24816.50,420.64,416.28,83.3,WIN,STOP_HIT,24724.00,1425.00,2026-05-07 09:21:21
2026-02-24,2026-02-24 10:10:00,2026-02-24 10:10:00,OG,Backtest,AdxDiCrossBracketOG,OG_AdxDiCrossBracketOG,OG,NQ,NQ JUN26,SHORT,1,25048.00,25093.50,-914.36,-918.72,-183.7,LOSS,STOP_HIT,25092.25,885.00,2026-05-07 09:21:21
2026-01-23,2026-01-23 10:10:00,2026-01-23 10:15:00,OG,Backtest,AdxDiCrossBracketOG,OG_AdxDiCrossBracketOG,OG,NQ,NQ JUN26,LONG,1,25921.75,25885.00,-739.36,-743.72,-148.7,LOSS,STOP_HIT,25885.50,725.00,2026-05-07 09:21:21
2026-01-09,2026-01-09 09:55:00,2026-01-09 09:55:00,OG,Backtest,AdxDiCrossBracketOG,OG_AdxDiCrossBracketOG,OG,NQ,NQ JUN26,SHORT,1,25912.50,25949.00,-734.36,-738.72,-147.7,LOSS,STOP_HIT,25947.75,705.00,2026-05-07 09:21:21
2026-01-07,2026-01-07 09:50:00,2026-01-07 09:50:00,OG,Backtest,AdxDiCrossBracketOG,OG_AdxDiCrossBracketOG,OG,NQ,NQ JUN26,LONG,1,26064.50,26079.75,300.64,296.28,59.3,WIN,TARGET_HIT,26047.25,345.00,2026-05-07 09:21:21
2026-04-06,2026-04-06 11:35:00,2026-04-06 11:50:00,OG,Backtest,AdxDiCrossBracketOG,OG_AdxDiCrossBracketOG,OG,NQ,NQ JUN26,SHORT,1,24280.00,24294.25,-289.36,-293.72,-58.7,LOSS,STOP_HIT,24325.50,910.00,2026-05-07 09:21:21
2026-02-17,2026-02-17 11:10:00,2026-02-17 11:10:00,OG,Backtest,AdxDiCrossBracketOG,OG_AdxDiCrossBracketOG,OG,NQ,NQ JUN26,LONG,1,24862.00,24927.25,1300.64,1296.28,259.3,WIN,TARGET_HIT,24793.75,1365.00,2026-05-07 09:21:21
2026-01-23,2026-01-23 10:10:00,2026-01-23 10:15:00,OG,Backtest,AdxDiCrossBracketOG,OG_AdxDiCrossBracketOG,OG,NQ,NQ JUN26,LONG,1,25921.75,25885.00,-739.36,-743.72,-148.7,LOSS,STOP_HIT,25885.50,725.00,2026-05-07 09:21:21
2026-01-30,2026-01-30 10:55:00,2026-01-30 10:55:00,OG,Backtest,AdxDiCrossBracketOG,OG_AdxDiCrossBracketOG,OG,NQ,NQ JUN26,LONG,1,26118.00,26058.75,-1189.36,-1193.72,-238.7,LOSS,STOP_HIT,26060.00,1160.00,2026-05-07 09:21:21
2026-01-28,2026-01-28 10:55:00,2026-01-28 11:20:00,OG,Backtest,AdxDiCrossBracketOG,OG_AdxDiCrossBracketOG,OG,NQ,NQ JUN26,SHORT,1,26394.50,26393.75,10.64,6.28,1.3,WIN,STOP_HIT,26429.00,690.00,2026-05-07 09:21:21
2026-01-20,2026-01-20 10:50:00,2026-01-20 10:55:00,OG,Backtest,AdxDiCrossBracketOG,OG_AdxDiCrossBracketOG,OG,NQ,NQ JUN26,LONG,1,25598.75,25558.75,-804.36,-808.72,-161.7,LOSS,STOP_HIT,25550.75,960.00,2026-05-07 09:21:21
2026-02-24,2026-02-24 10:15:00,2026-02-24 10:15:00,OG,Backtest,AdxDiCrossBracketOG,OG_AdxDiCrossBracketOG,OG,NQ,NQ JUN26,LONG,1,25110.00,25063.00,-944.36,-948.72,-189.7,LOSS,STOP_HIT,25064.25,915.00,2026-05-07 09:21:21
2026-01-16,2026-01-16 11:30:00,2026-01-16 11:35:00,OG,Backtest,AdxDiCrossBracketOG,OG_AdxDiCrossBracketOG,OG,NQ,NQ JUN26,LONG,1,25912.25,25924.50,240.64,236.28,47.3,WIN,STOP_HIT,25874.75,750.00,2026-05-07 09:21:21
2026-01-09,2026-01-09 10:15:00,2026-01-09 10:15:00,OG,Backtest,AdxDiCrossBracketOG,OG_AdxDiCrossBracketOG,OG,NQ,NQ JUN26,SHORT,1,25849.75,25897.00,-949.36,-953.72,-190.7,LOSS,STOP_HIT,25895.75,920.00,2026-05-07 09:21:21
2026-01-09,2026-01-09 10:10:00,2026-01-09 10:10:00,OG,Backtest,AdxDiCrossBracketOG,OG_AdxDiCrossBracketOG,OG,NQ,NQ JUN26,LONG,1,25922.50,25881.00,-834.36,-838.72,-167.7,LOSS,STOP_HIT,25882.25,805.00,2026-05-07 09:21:22
2026-02-13,2026-02-13 10:50:00,2026-02-13 11:05:00,OG,Backtest,AdxDiCrossBracketOG,OG_AdxDiCrossBracketOG,OG,NQ,NQ JUN26,SHORT,1,24982.25,25021.00,-779.36,-783.72,-156.7,LOSS,STOP_HIT,25055.00,1455.00,2026-05-07 09:21:22
2026-01-30,2026-01-30 11:00:00,2026-01-30 11:10:00,OG,Backtest,AdxDiCrossBracketOG,OG_AdxDiCrossBracketOG,OG,NQ,NQ JUN26,SHORT,1,26071.50,26048.25,460.64,456.28,91.3,WIN,STOP_HIT,26129.00,1150.00,2026-05-07 09:21:22
2026-01-30,2026-01-30 10:55:00,2026-01-30 10:55:00,OG,Backtest,AdxDiCrossBracketOG,OG_AdxDiCrossBracketOG,OG,NQ,NQ JUN26,LONG,1,26118.00,26058.75,-1189.36,-1193.72,-238.7,LOSS,STOP_HIT,26060.00,1160.00,2026-05-07 09:21:22
2026-03-13,2026-03-13 10:50:00,2026-03-13 10:50:00,OG,Backtest,AdxDiCrossBracketOG,OG_AdxDiCrossBracketOG,OG,NQ,NQ JUN26,SHORT,1,24804.25,24755.00,980.64,976.28,195.3,WIN,TARGET_HIT,24853.50,985.00,2026-05-07 09:21:22
2026-01-30,2026-01-30 11:00:00,2026-01-30 11:10:00,OG,Backtest,AdxDiCrossBracketOG,OG_AdxDiCrossBracketOG,OG,NQ,NQ JUN26,SHORT,1,26071.50,26048.25,460.64,456.28,91.3,WIN,STOP_HIT,26129.00,1150.00,2026-05-07 09:21:22
2026-02-05,2026-02-05 11:40:00,2026-02-05 11:50:00,OG,Backtest,AdxDiCrossBracketOG,OG_AdxDiCrossBracketOG,OG,NQ,NQ JUN26,LONG,1,25026.25,24991.50,-699.36,-703.72,-140.7,LOSS,STOP_HIT,24938.00,1765.00,2026-05-07 09:21:22
2026-01-13,2026-01-13 10:10:00,2026-01-13 10:15:00,OG,Backtest,AdxDiCrossBracketOG,OG_AdxDiCrossBracketOG,OG,NQ,NQ JUN26,SHORT,1,26137.25,26108.00,580.64,576.28,115.3,WIN,TARGET_HIT,26168.00,615.00,2026-05-07 09:21:22
2026-02-11,2026-02-11 11:20:00,2026-02-11 11:25:00,OG,Backtest,AdxDiCrossBracketOG,OG_AdxDiCrossBracketOG,OG,NQ,NQ JUN26,LONG,1,25468.75,25457.00,-239.36,-243.72,-48.7,LOSS,STOP_HIT,25406.75,1240.00,2026-05-07 09:21:22
2026-02-05,2026-02-05 11:40:00,2026-02-05 11:50:00,OG,Backtest,AdxDiCrossBracketOG,OG_AdxDiCrossBracketOG,OG,NQ,NQ JUN26,LONG,1,25026.25,24991.50,-699.36,-703.72,-140.7,LOSS,STOP_HIT,24938.00,1765.00,2026-05-07 09:21:22
2026-02-17,2026-02-17 11:10:00,2026-02-17 11:10:00,OG,Backtest,AdxDiCrossBracketOG,OG_AdxDiCrossBracketOG,OG,NQ,NQ JUN26,LONG,1,24862.00,24927.25,1300.64,1296.28,259.3,WIN,TARGET_HIT,24793.75,1365.00,2026-05-07 09:21:22
2026-02-11,2026-02-11 11:20:00,2026-02-11 11:25:00,OG,Backtest,AdxDiCrossBracketOG,OG_AdxDiCrossBracketOG,OG,NQ,NQ JUN26,LONG,1,25468.75,25457.00,-239.36,-243.72,-48.7,LOSS,STOP_HIT,25406.75,1240.00,2026-05-07 09:21:22
2026-02-10,2026-02-10 09:45:00,2026-02-10 09:45:00,OG,Backtest,AdxDiCrossBracketOG,OG_AdxDiCrossBracketOG,OG,NQ,NQ JUN26,SHORT,1,25534.50,25512.25,440.64,436.28,87.3,WIN,TARGET_HIT,25559.75,505.00,2026-05-07 09:21:22
2026-02-03,2026-02-03 09:50:00,2026-02-03 09:50:00,OG,Backtest,AdxDiCrossBracketOG,OG_AdxDiCrossBracketOG,OG,NQ,NQ JUN26,SHORT,1,25960.00,25999.25,-789.36,-793.72,-158.7,LOSS,STOP_HIT,25998.00,760.00,2026-05-07 09:21:22
2026-02-24,2026-02-24 10:15:00,2026-02-24 10:15:00,OG,Backtest,AdxDiCrossBracketOG,OG_AdxDiCrossBracketOG,OG,NQ,NQ JUN26,LONG,1,25110.00,25063.00,-944.36,-948.72,-189.7,LOSS,STOP_HIT,25064.25,915.00,2026-05-07 09:21:22
2026-03-27,2026-03-27 11:40:00,2026-03-27 11:45:00,OG,Backtest,AdxDiCrossBracketOG,OG_AdxDiCrossBracketOG,OG,NQ,NQ JUN26,LONG,1,23597.75,23540.25,-1154.36,-1158.72,-231.7,LOSS,STOP_HIT,23541.50,1125.00,2026-05-07 09:21:22
2026-02-05,2026-02-05 11:40:00,2026-02-05 11:50:00,OG,Backtest,AdxDiCrossBracketOG,OG_AdxDiCrossBracketOG,OG,NQ,NQ JUN26,LONG,1,25026.25,24991.50,-699.36,-703.72,-140.7,LOSS,STOP_HIT,24938.00,1765.00,2026-05-07 09:21:22
2026-01-07,2026-01-07 10:10:00,2026-01-07 10:10:00,OG,Backtest,AdxDiCrossBracketOG,OG_AdxDiCrossBracketOG,OG,NQ,NQ JUN26,SHORT,1,26050.00,26073.50,-474.36,-478.72,-95.7,LOSS,STOP_HIT,26072.25,445.00,2026-05-07 09:21:22
2026-02-10,2026-02-10 09:45:00,2026-02-10 09:45:00,OG,Backtest,AdxDiCrossBracketOG,OG_AdxDiCrossBracketOG,OG,NQ,NQ JUN26,SHORT,1,25534.50,25512.25,440.64,436.28,87.3,WIN,TARGET_HIT,25559.75,505.00,2026-05-07 09:21:22
2026-02-17,2026-02-17 11:10:00,2026-02-17 11:10:00,OG,Backtest,AdxDiCrossBracketOG,OG_AdxDiCrossBracketOG,OG,NQ,NQ JUN26,LONG,1,24862.00,24927.25,1300.64,1296.28,259.3,WIN,TARGET_HIT,24793.75,1365.00,2026-05-07 09:21:22
2026-03-06,2026-03-06 11:10:00,2026-03-06 11:15:00,OG,Backtest,AdxDiCrossBracketOG,OG_AdxDiCrossBracketOG,OG,NQ,NQ JUN26,LONG,1,25102.25,25058.25,-884.36,-888.72,-177.7,LOSS,STOP_HIT,25038.75,1270.00,2026-05-07 09:21:22
2026-04-06,2026-04-06 11:05:00,2026-04-06 11:30:00,OG,Backtest,AdxDiCrossBracketOG,OG_AdxDiCrossBracketOG,OG,NQ,NQ JUN26,LONG,1,24307.50,24278.75,-579.36,-583.72,-116.7,LOSS,STOP_HIT,24255.50,1040.00,2026-05-07 09:21:22
2026-02-24,2026-02-24 09:50:00,2026-02-24 09:50:00,OG,Backtest,AdxDiCrossBracketOG,OG_AdxDiCrossBracketOG,OG,NQ,NQ JUN26,LONG,1,25121.25,25157.50,720.64,716.28,143.3,WIN,TARGET_HIT,25081.50,795.00,2026-05-07 09:21:22
2026-02-13,2026-02-13 10:50:00,2026-02-13 11:05:00,OG,Backtest,AdxDiCrossBracketOG,OG_AdxDiCrossBracketOG,OG,NQ,NQ JUN26,SHORT,1,24982.25,25021.00,-779.36,-783.72,-156.7,LOSS,STOP_HIT,25055.00,1455.00,2026-05-07 09:21:22
2026-02-24,2026-02-24 10:10:00,2026-02-24 10:10:00,OG,Backtest,AdxDiCrossBracketOG,OG_AdxDiCrossBracketOG,OG,NQ,NQ JUN26,SHORT,1,25048.00,25093.50,-914.36,-918.72,-183.7,LOSS,STOP_HIT,25092.25,885.00,2026-05-07 09:21:22
2026-02-17,2026-02-17 11:10:00,2026-02-17 11:10:00,OG,Backtest,AdxDiCrossBracketOG,OG_AdxDiCrossBracketOG,OG,NQ,NQ JUN26,LONG,1,24862.00,24927.25,1300.64,1296.28,259.3,WIN,TARGET_HIT,24793.75,1365.00,2026-05-07 09:21:22
2026-03-09,2026-03-09 10:45:00,2026-03-09 10:50:00,OG,Backtest,AdxDiCrossBracketOG,OG_AdxDiCrossBracketOG,OG,NQ,NQ JUN26,LONG,1,24692.75,24762.25,1385.64,1381.28,276.3,WIN,TARGET_HIT,24622.25,1410.00,2026-05-07 09:21:22
2026-03-17,2026-03-17 11:15:00,2026-03-17 11:20:00,OG,Backtest,AdxDiCrossBracketOG,OG_AdxDiCrossBracketOG,OG,NQ,NQ JUN26,SHORT,1,25019.75,25057.00,-749.36,-753.72,-150.7,LOSS,STOP_HIT,25056.25,730.00,2026-05-07 09:21:22
2026-03-12,2026-03-12 11:50:00,2026-03-12 11:50:00,OG,Backtest,AdxDiCrossBracketOG,OG_AdxDiCrossBracketOG,OG,NQ,NQ JUN26,LONG,1,24898.75,24843.25,-1114.36,-1118.72,-223.7,LOSS,STOP_HIT,24844.50,1085.00,2026-05-07 09:21:22
2026-02-24,2026-02-24 09:50:00,2026-02-24 09:50:00,OG,Backtest,AdxDiCrossBracketOG,OG_AdxDiCrossBracketOG,OG,NQ,NQ JUN26,LONG,1,25121.25,25157.50,720.64,716.28,143.3,WIN,TARGET_HIT,25081.50,795.00,2026-05-07 09:21:22
2026-02-24,2026-02-24 10:10:00,2026-02-24 10:10:00,OG,Backtest,AdxDiCrossBracketOG,OG_AdxDiCrossBracketOG,OG,NQ,NQ JUN26,SHORT,1,25048.00,25093.50,-914.36,-918.72,-183.7,LOSS,STOP_HIT,25092.25,885.00,2026-05-07 09:21:22
2026-01-13,2026-01-13 10:10:00,2026-01-13 10:15:00,OG,Backtest,AdxDiCrossBracketOG,OG_AdxDiCrossBracketOG,OG,NQ,NQ JUN26,SHORT,1,26137.25,26108.00,580.64,576.28,115.3,WIN,TARGET_HIT,26168.00,615.00,2026-05-07 09:21:22
2026-03-24,2026-03-24 11:00:00,2026-03-24 11:00:00,OG,Backtest,AdxDiCrossBracketOG,OG_AdxDiCrossBracketOG,OG,NQ,NQ JUN26,LONG,1,24282.25,24217.00,-1309.36,-1313.72,-262.7,LOSS,STOP_HIT,24218.25,1280.00,2026-05-07 09:21:22
2026-03-19,2026-03-19 11:15:00,2026-03-19 11:25:00,OG,Backtest,AdxDiCrossBracketOG,OG_AdxDiCrossBracketOG,OG,NQ,NQ JUN26,LONG,1,24531.00,24485.50,-914.36,-918.72,-183.7,LOSS,STOP_HIT,24473.00,1160.00,2026-05-07 09:21:22
2026-02-24,2026-02-24 10:10:00,2026-02-24 10:10:00,OG,Backtest,AdxDiCrossBracketOG,OG_AdxDiCrossBracketOG,OG,NQ,NQ JUN26,SHORT,1,25048.00,25093.50,-914.36,-918.72,-183.7,LOSS,STOP_HIT,25092.25,885.00,2026-05-07 09:21:22
2026-02-17,2026-02-17 11:10:00,2026-02-17 11:10:00,OG,Backtest,AdxDiCrossBracketOG,OG_AdxDiCrossBracketOG,OG,NQ,NQ JUN26,LONG,1,24862.00,24927.25,1300.64,1296.28,259.3,WIN,TARGET_HIT,24793.75,1365.00,2026-05-07 09:21:22
2026-03-24,2026-03-24 11:00:00,2026-03-24 11:00:00,OG,Backtest,AdxDiCrossBracketOG,OG_AdxDiCrossBracketOG,OG,NQ,NQ JUN26,LONG,1,24282.25,24217.00,-1309.36,-1313.72,-262.7,LOSS,STOP_HIT,24218.25,1280.00,2026-05-07 09:21:22
2026-03-03,2026-03-03 11:25:00,2026-03-03 11:40:00,OG,Backtest,AdxDiCrossBracketOG,OG_AdxDiCrossBracketOG,OG,NQ,NQ JUN26,LONG,1,24795.25,24816.50,420.64,416.28,83.3,WIN,STOP_HIT,24724.00,1425.00,2026-05-07 09:21:22
2026-03-06,2026-03-06 11:10:00,2026-03-06 11:15:00,OG,Backtest,AdxDiCrossBracketOG,OG_AdxDiCrossBracketOG,OG,NQ,NQ JUN26,LONG,1,25102.25,25058.25,-884.36,-888.72,-177.7,LOSS,STOP_HIT,25038.75,1270.00,2026-05-07 09:21:22
2026-04-02,2026-04-02 10:45:00,2026-04-02 10:45:00,OG,Backtest,AdxDiCrossBracketOG,OG_AdxDiCrossBracketOG,OG,NQ,NQ JUN26,LONG,1,24211.00,24133.25,-1559.36,-1563.72,-312.7,LOSS,STOP_HIT,24134.50,1530.00,2026-05-07 09:21:22
2026-01-07,2026-01-07 10:10:00,2026-01-07 10:10:00,OG,Backtest,AdxDiCrossBracketOG,OG_AdxDiCrossBracketOG,OG,NQ,NQ JUN26,SHORT,1,26050.00,26073.50,-474.36,-478.72,-95.7,LOSS,STOP_HIT,26072.25,445.00,2026-05-07 09:21:22
2026-01-13,2026-01-13 10:10:00,2026-01-13 10:15:00,OG,Backtest,AdxDiCrossBracketOG,OG_AdxDiCrossBracketOG,OG,NQ,NQ JUN26,SHORT,1,26137.25,26108.00,580.64,576.28,115.3,WIN,TARGET_HIT,26168.00,615.00,2026-05-07 09:21:22
2026-03-20,2026-03-20 11:30:00,2026-03-20 12:05:00,OG,Backtest,AdxDiCrossBracketOG,OG_AdxDiCrossBracketOG,OG,NQ,NQ JUN26,LONG,1,24275.00,24327.75,1050.64,1046.28,209.3,WIN,TARGET_HIT,24219.75,1105.00,2026-05-07 09:21:22
2026-03-03,2026-03-03 11:25:00,2026-03-03 11:40:00,OG,Backtest,AdxDiCrossBracketOG,OG_AdxDiCrossBracketOG,OG,NQ,NQ JUN26,LONG,1,24795.25,24816.50,420.64,416.28,83.3,WIN,STOP_HIT,24724.00,1425.00,2026-05-07 09:21:22
2026-01-16,2026-01-16 11:30:00,2026-01-16 11:35:00,OG,Backtest,AdxDiCrossBracketOG,OG_AdxDiCrossBracketOG,OG,NQ,NQ JUN26,LONG,1,25912.25,25924.50,240.64,236.28,47.3,WIN,STOP_HIT,25874.75,750.00,2026-05-07 09:21:22
2026-04-06,2026-04-06 10:55:00,2026-04-06 11:00:00,OG,Backtest,AdxDiCrossBracketOG,OG_AdxDiCrossBracketOG,OG,NQ,NQ JUN26,SHORT,1,24269.25,24322.25,-1064.36,-1068.72,-213.7,LOSS,STOP_HIT,24321.00,1035.00,2026-05-07 09:21:22
2026-04-06,2026-04-06 11:35:00,2026-04-06 11:50:00,OG,Backtest,AdxDiCrossBracketOG,OG_AdxDiCrossBracketOG,OG,NQ,NQ JUN26,SHORT,1,24280.00,24294.25,-289.36,-293.72,-58.7,LOSS,STOP_HIT,24325.50,910.00,2026-05-07 09:21:22
2026-03-09,2026-03-09 10:45:00,2026-03-09 10:50:00,OG,Backtest,AdxDiCrossBracketOG,OG_AdxDiCrossBracketOG,OG,NQ,NQ JUN26,LONG,1,24692.75,24762.25,1385.64,1381.28,276.3,WIN,TARGET_HIT,24622.25,1410.00,2026-05-07 09:21:22
2026-03-13,2026-03-13 10:50:00,2026-03-13 10:50:00,OG,Backtest,AdxDiCrossBracketOG,OG_AdxDiCrossBracketOG,OG,NQ,NQ JUN26,SHORT,1,24804.25,24755.00,980.64,976.28,195.3,WIN,TARGET_HIT,24853.50,985.00,2026-05-07 09:21:22
2026-03-12,2026-03-12 11:50:00,2026-03-12 11:50:00,OG,Backtest,AdxDiCrossBracketOG,OG_AdxDiCrossBracketOG,OG,NQ,NQ JUN26,LONG,1,24898.75,24843.25,-1114.36,-1118.72,-223.7,LOSS,STOP_HIT,24844.50,1085.00,2026-05-07 09:21:22
2026-01-12,2026-01-12 11:25:00,2026-01-12 11:35:00,OG,Backtest,AdxDiCrossBracketOG,OG_AdxDiCrossBracketOG,OG,NQ,NQ JUN26,LONG,1,26159.50,26149.25,-209.36,-213.72,-42.7,LOSS,STOP_HIT,26131.75,555.00,2026-05-07 09:21:22
2026-04-10,2026-04-10 11:45:00,2026-04-10 12:00:00,OG,Backtest,AdxDiCrossBracketOG,OG_AdxDiCrossBracketOG,OG,NQ,NQ JUN26,SHORT,1,25300.75,25269.75,615.64,611.28,122.3,WIN,TARGET_HIT,25334.25,670.00,2026-05-07 09:21:22
2026-03-25,2026-03-25 11:20:00,2026-03-25 11:20:00,OG,Backtest,AdxDiCrossBracketOG,OG_AdxDiCrossBracketOG,OG,NQ,NQ JUN26,SHORT,1,24385.25,24336.50,970.64,966.28,193.3,WIN,TARGET_HIT,24438.00,1055.00,2026-05-07 09:21:22
2026-03-17,2026-03-17 11:15:00,2026-03-17 11:20:00,OG,Backtest,AdxDiCrossBracketOG,OG_AdxDiCrossBracketOG,OG,NQ,NQ JUN26,SHORT,1,25019.75,25057.00,-749.36,-753.72,-150.7,LOSS,STOP_HIT,25056.25,730.00,2026-05-07 09:21:22
2026-01-16,2026-01-16 11:30:00,2026-01-16 11:35:00,OG,Backtest,AdxDiCrossBracketOG,OG_AdxDiCrossBracketOG,OG,NQ,NQ JUN26,LONG,1,25912.25,25924.50,240.64,236.28,47.3,WIN,STOP_HIT,25874.75,750.00,2026-05-07 09:21:22
2026-04-06,2026-04-06 11:35:00,2026-04-06 11:50:00,OG,Backtest,AdxDiCrossBracketOG,OG_AdxDiCrossBracketOG,OG,NQ,NQ JUN26,SHORT,1,24280.00,24294.25,-289.36,-293.72,-58.7,LOSS,STOP_HIT,24325.50,910.00,2026-05-07 09:21:22
2026-01-09,2026-01-09 09:55:00,2026-01-09 09:55:00,OG,Backtest,AdxDiCrossBracketOG,OG_AdxDiCrossBracketOG,OG,NQ,NQ JUN26,SHORT,1,25912.50,25949.00,-734.36,-738.72,-147.7,LOSS,STOP_HIT,25947.75,705.00,2026-05-07 09:21:22
2026-01-30,2026-01-30 11:00:00,2026-01-30 11:10:00,OG,Backtest,AdxDiCrossBracketOG,OG_AdxDiCrossBracketOG,OG,NQ,NQ JUN26,SHORT,1,26071.50,26048.25,460.64,456.28,91.3,WIN,STOP_HIT,26129.00,1150.00,2026-05-07 09:21:22
2026-02-13,2026-02-13 10:50:00,2026-02-13 11:05:00,OG,Backtest,AdxDiCrossBracketOG,OG_AdxDiCrossBracketOG,OG,NQ,NQ JUN26,SHORT,1,24982.25,25021.00,-779.36,-783.72,-156.7,LOSS,STOP_HIT,25055.00,1455.00,2026-05-07 09:21:22
2026-02-17,2026-02-17 11:10:00,2026-02-17 11:10:00,OG,Backtest,AdxDiCrossBracketOG,OG_AdxDiCrossBracketOG,OG,NQ,NQ JUN26,LONG,1,24862.00,24927.25,1300.64,1296.28,259.3,WIN,TARGET_HIT,24793.75,1365.00,2026-05-07 09:21:22
2026-03-27,2026-03-27 11:40:00,2026-03-27 11:45:00,OG,Backtest,AdxDiCrossBracketOG,OG_AdxDiCrossBracketOG,OG,NQ,NQ JUN26,LONG,1,23597.75,23540.25,-1154.36,-1158.72,-231.7,LOSS,STOP_HIT,23541.50,1125.00,2026-05-07 09:21:22
2026-04-10,2026-04-10 11:45:00,2026-04-10 12:00:00,OG,Backtest,AdxDiCrossBracketOG,OG_AdxDiCrossBracketOG,OG,NQ,NQ JUN26,SHORT,1,25300.75,25269.75,615.64,611.28,122.3,WIN,TARGET_HIT,25334.25,670.00,2026-05-07 09:21:22
2026-01-09,2026-01-09 10:10:00,2026-01-09 10:10:00,OG,Backtest,AdxDiCrossBracketOG,OG_AdxDiCrossBracketOG,OG,NQ,NQ JUN26,LONG,1,25922.50,25881.00,-834.36,-838.72,-167.7,LOSS,STOP_HIT,25882.25,805.00,2026-05-07 09:21:22
2026-04-07,2026-04-07 11:40:00,2026-04-07 12:00:00,OG,Backtest,AdxDiCrossBracketOG,OG_AdxDiCrossBracketOG,OG,NQ,NQ JUN26,LONG,1,24072.25,24117.50,900.64,896.28,179.3,WIN,TARGET_HIT,24025.00,945.00,2026-05-07 09:21:22
2026-04-06,2026-04-06 10:55:00,2026-04-06 11:00:00,OG,Backtest,AdxDiCrossBracketOG,OG_AdxDiCrossBracketOG,OG,NQ,NQ JUN26,SHORT,1,24269.25,24322.25,-1064.36,-1068.72,-213.7,LOSS,STOP_HIT,24321.00,1035.00,2026-05-07 09:21:22
2026-01-06,2026-01-06 11:00:00,2026-01-06 11:05:00,OG,Backtest,AdxDiCrossBracketOG,OG_AdxDiCrossBracketOG,OG,NQ,NQ JUN26,SHORT,1,25908.50,25880.75,550.64,546.28,109.3,WIN,TARGET_HIT,25938.25,595.00,2026-05-07 09:21:22
2026-03-12,2026-03-12 11:50:00,2026-03-12 11:50:00,OG,Backtest,AdxDiCrossBracketOG,OG_AdxDiCrossBracketOG,OG,NQ,NQ JUN26,LONG,1,24898.75,24843.25,-1114.36,-1118.72,-223.7,LOSS,STOP_HIT,24844.50,1085.00,2026-05-07 09:21:22
2026-02-11,2026-02-11 11:20:00,2026-02-11 11:25:00,OG,Backtest,AdxDiCrossBracketOG,OG_AdxDiCrossBracketOG,OG,NQ,NQ JUN26,LONG,1,25468.75,25457.00,-239.36,-243.72,-48.7,LOSS,STOP_HIT,25406.75,1240.00,2026-05-07 09:21:22
2026-01-07,2026-01-07 09:50:00,2026-01-07 09:50:00,OG,Backtest,AdxDiCrossBracketOG,OG_AdxDiCrossBracketOG,OG,NQ,NQ JUN26,LONG,1,26064.50,26079.75,300.64,296.28,59.3,WIN,TARGET_HIT,26047.25,345.00,2026-05-07 09:21:22
2026-04-07,2026-04-07 11:40:00,2026-04-07 12:00:00,OG,Backtest,AdxDiCrossBracketOG,OG_AdxDiCrossBracketOG,OG,NQ,NQ JUN26,LONG,1,24072.25,24117.50,900.64,896.28,179.3,WIN,TARGET_HIT,24025.00,945.00,2026-05-07 09:21:22
2026-01-20,2026-01-20 10:50:00,2026-01-20 10:55:00,OG,Backtest,AdxDiCrossBracketOG,OG_AdxDiCrossBracketOG,OG,NQ,NQ JUN26,LONG,1,25598.75,25558.75,-804.36,-808.72,-161.7,LOSS,STOP_HIT,25550.75,960.00,2026-05-07 09:21:22
2026-04-06,2026-04-06 10:55:00,2026-04-06 11:00:00,OG,Backtest,AdxDiCrossBracketOG,OG_AdxDiCrossBracketOG,OG,NQ,NQ JUN26,SHORT,1,24269.25,24322.25,-1064.36,-1068.72,-213.7,LOSS,STOP_HIT,24321.00,1035.00,2026-05-07 09:21:22
2026-02-13,2026-02-13 10:50:00,2026-02-13 11:05:00,OG,Backtest,AdxDiCrossBracketOG,OG_AdxDiCrossBracketOG,OG,NQ,NQ JUN26,SHORT,1,24982.25,25021.00,-779.36,-783.72,-156.7,LOSS,STOP_HIT,25055.00,1455.00,2026-05-07 09:21:22
2026-01-20,2026-01-20 11:10:00,2026-01-20 11:15:00,OG,Backtest,AdxDiCrossBracketOG,OG_AdxDiCrossBracketOG,OG,NQ,NQ JUN26,LONG,1,25588.25,25600.25,235.64,231.28,46.3,WIN,STOP_HIT,25540.75,950.00,2026-05-07 09:21:22
2026-02-24,2026-02-24 09:50:00,2026-02-24 09:50:00,OG,Backtest,AdxDiCrossBracketOG,OG_AdxDiCrossBracketOG,OG,NQ,NQ JUN26,LONG,1,25121.25,25157.50,720.64,716.28,143.3,WIN,TARGET_HIT,25081.50,795.00,2026-05-07 09:21:22
2026-03-09,2026-03-09 10:45:00,2026-03-09 10:50:00,OG,Backtest,AdxDiCrossBracketOG,OG_AdxDiCrossBracketOG,OG,NQ,NQ JUN26,LONG,1,24692.75,24762.25,1385.64,1381.28,276.3,WIN,TARGET_HIT,24622.25,1410.00,2026-05-07 09:21:22
2026-01-09,2026-01-09 09:45:00,2026-01-09 09:50:00,OG,Backtest,AdxDiCrossBracketOG,OG_AdxDiCrossBracketOG,OG,NQ,NQ JUN26,LONG,1,25965.75,25936.75,-584.36,-588.72,-117.7,LOSS,STOP_HIT,25938.00,555.00,2026-05-07 09:21:22
2026-01-30,2026-01-30 10:55:00,2026-01-30 10:55:00,OG,Backtest,AdxDiCrossBracketOG,OG_AdxDiCrossBracketOG,OG,NQ,NQ JUN26,LONG,1,26118.00,26058.75,-1189.36,-1193.72,-238.7,LOSS,STOP_HIT,26060.00,1160.00,2026-05-07 09:21:22
2026-01-09,2026-01-09 09:45:00,2026-01-09 09:50:00,OG,Backtest,AdxDiCrossBracketOG,OG_AdxDiCrossBracketOG,OG,NQ,NQ JUN26,LONG,1,25965.75,25936.75,-584.36,-588.72,-117.7,LOSS,STOP_HIT,25938.00,555.00,2026-05-07 09:21:22
2026-01-09,2026-01-09 10:10:00,2026-01-09 10:10:00,OG,Backtest,AdxDiCrossBracketOG,OG_AdxDiCrossBracketOG,OG,NQ,NQ JUN26,LONG,1,25922.50,25881.00,-834.36,-838.72,-167.7,LOSS,STOP_HIT,25882.25,805.00,2026-05-07 09:21:22
2026-01-06,2026-01-06 11:00:00,2026-01-06 11:05:00,OG,Backtest,AdxDiCrossBracketOG,OG_AdxDiCrossBracketOG,OG,NQ,NQ JUN26,SHORT,1,25908.50,25880.75,550.64,546.28,109.3,WIN,TARGET_HIT,25938.25,595.00,2026-05-07 09:21:22
2026-04-06,2026-04-06 10:55:00,2026-04-06 11:00:00,OG,Backtest,AdxDiCrossBracketOG,OG_AdxDiCrossBracketOG,OG,NQ,NQ JUN26,SHORT,1,24269.25,24322.25,-1064.36,-1068.72,-213.7,LOSS,STOP_HIT,24321.00,1035.00,2026-05-07 09:21:22
2026-01-07,2026-01-07 09:50:00,2026-01-07 09:50:00,OG,Backtest,AdxDiCrossBracketOG,OG_AdxDiCrossBracketOG,OG,NQ,NQ JUN26,LONG,1,26064.50,26079.75,300.64,296.28,59.3,WIN,TARGET_HIT,26047.25,345.00,2026-05-07 09:21:22
2026-02-17,2026-02-17 11:10:00,2026-02-17 11:10:00,OG,Backtest,AdxDiCrossBracketOG,OG_AdxDiCrossBracketOG,OG,NQ,NQ JUN26,LONG,1,24862.00,24927.25,1300.64,1296.28,259.3,WIN,TARGET_HIT,24793.75,1365.00,2026-05-07 09:21:22
2026-01-09,2026-01-09 10:15:00,2026-01-09 10:15:00,OG,Backtest,AdxDiCrossBracketOG,OG_AdxDiCrossBracketOG,OG,NQ,NQ JUN26,SHORT,1,25849.75,25897.00,-949.36,-953.72,-190.7,LOSS,STOP_HIT,25895.75,920.00,2026-05-07 09:21:22
2026-01-16,2026-01-16 11:30:00,2026-01-16 11:35:00,OG,Backtest,AdxDiCrossBracketOG,OG_AdxDiCrossBracketOG,OG,NQ,NQ JUN26,LONG,1,25912.25,25924.50,240.64,236.28,47.3,WIN,STOP_HIT,25874.75,750.00,2026-05-07 09:21:22
2026-03-27,2026-03-27 11:40:00,2026-03-27 11:45:00,OG,Backtest,AdxDiCrossBracketOG,OG_AdxDiCrossBracketOG,OG,NQ,NQ JUN26,LONG,1,23597.75,23540.25,-1154.36,-1158.72,-231.7,LOSS,STOP_HIT,23541.50,1125.00,2026-05-07 09:21:22
2026-01-13,2026-01-13 10:10:00,2026-01-13 10:15:00,OG,Backtest,AdxDiCrossBracketOG,OG_AdxDiCrossBracketOG,OG,NQ,NQ JUN26,SHORT,1,26137.25,26108.00,580.64,576.28,115.3,WIN,TARGET_HIT,26168.00,615.00,2026-05-07 09:21:22
2026-03-17,2026-03-17 11:15:00,2026-03-17 11:20:00,OG,Backtest,AdxDiCrossBracketOG,OG_AdxDiCrossBracketOG,OG,NQ,NQ JUN26,SHORT,1,25019.75,25057.00,-749.36,-753.72,-150.7,LOSS,STOP_HIT,25056.25,730.00,2026-05-07 09:21:22
2026-04-02,2026-04-02 10:45:00,2026-04-02 10:45:00,OG,Backtest,AdxDiCrossBracketOG,OG_AdxDiCrossBracketOG,OG,NQ,NQ JUN26,LONG,1,24211.00,24133.25,-1559.36,-1563.72,-312.7,LOSS,STOP_HIT,24134.50,1530.00,2026-05-07 09:21:22
2026-01-16,2026-01-16 11:30:00,2026-01-16 11:35:00,OG,Backtest,AdxDiCrossBracketOG,OG_AdxDiCrossBracketOG,OG,NQ,NQ JUN26,LONG,1,25912.25,25924.50,240.64,236.28,47.3,WIN,STOP_HIT,25874.75,750.00,2026-05-07 09:21:22
2026-01-28,2026-01-28 10:55:00,2026-01-28 11:20:00,OG,Backtest,AdxDiCrossBracketOG,OG_AdxDiCrossBracketOG,OG,NQ,NQ JUN26,SHORT,1,26394.50,26393.75,10.64,6.28,1.3,WIN,STOP_HIT,26429.00,690.00,2026-05-07 09:21:22
2026-03-03,2026-03-03 11:25:00,2026-03-03 11:40:00,OG,Backtest,AdxDiCrossBracketOG,OG_AdxDiCrossBracketOG,OG,NQ,NQ JUN26,LONG,1,24795.25,24816.50,420.64,416.28,83.3,WIN,STOP_HIT,24724.00,1425.00,2026-05-07 09:21:22
2026-01-20,2026-01-20 10:50:00,2026-01-20 10:55:00,OG,Backtest,AdxDiCrossBracketOG,OG_AdxDiCrossBracketOG,OG,NQ,NQ JUN26,LONG,1,25598.75,25558.75,-804.36,-808.72,-161.7,LOSS,STOP_HIT,25550.75,960.00,2026-05-07 09:21:22
2026-04-06,2026-04-06 11:05:00,2026-04-06 11:30:00,OG,Backtest,AdxDiCrossBracketOG,OG_AdxDiCrossBracketOG,OG,NQ,NQ JUN26,LONG,1,24307.50,24278.75,-579.36,-583.72,-116.7,LOSS,STOP_HIT,24255.50,1040.00,2026-05-07 09:21:22
2026-01-20,2026-01-20 11:10:00,2026-01-20 11:15:00,OG,Backtest,AdxDiCrossBracketOG,OG_AdxDiCrossBracketOG,OG,NQ,NQ JUN26,LONG,1,25588.25,25600.25,235.64,231.28,46.3,WIN,STOP_HIT,25540.75,950.00,2026-05-07 09:21:22
2026-01-12,2026-01-12 11:25:00,2026-01-12 11:35:00,OG,Backtest,AdxDiCrossBracketOG,OG_AdxDiCrossBracketOG,OG,NQ,NQ JUN26,LONG,1,26159.50,26149.25,-209.36,-213.72,-42.7,LOSS,STOP_HIT,26131.75,555.00,2026-05-07 09:21:22
2026-01-09,2026-01-09 10:30:00,2026-01-09 10:30:00,OG,Backtest,AdxDiCrossBracketOG,OG_AdxDiCrossBracketOG,OG,NQ,NQ JUN26,LONG,1,26010.00,26057.25,940.64,936.28,187.3,WIN,TARGET_HIT,25959.75,1005.00,2026-05-07 09:21:22
2026-01-13,2026-01-13 10:10:00,2026-01-13 10:15:00,OG,Backtest,AdxDiCrossBracketOG,OG_AdxDiCrossBracketOG,OG,NQ,NQ JUN26,SHORT,1,26137.25,26108.00,580.64,576.28,115.3,WIN,TARGET_HIT,26168.00,615.00,2026-05-07 09:21:22
2026-01-12,2026-01-12 11:25:00,2026-01-12 11:35:00,OG,Backtest,AdxDiCrossBracketOG,OG_AdxDiCrossBracketOG,OG,NQ,NQ JUN26,LONG,1,26159.50,26149.25,-209.36,-213.72,-42.7,LOSS,STOP_HIT,26131.75,555.00,2026-05-07 09:21:22
2026-01-16,2026-01-16 11:30:00,2026-01-16 11:35:00,OG,Backtest,AdxDiCrossBracketOG,OG_AdxDiCrossBracketOG,OG,NQ,NQ JUN26,LONG,1,25912.25,25924.50,240.64,236.28,47.3,WIN,STOP_HIT,25874.75,750.00,2026-05-07 09:21:22
2026-02-24,2026-02-24 10:15:00,2026-02-24 10:15:00,OG,Backtest,AdxDiCrossBracketOG,OG_AdxDiCrossBracketOG,OG,NQ,NQ JUN26,LONG,1,25110.00,25063.00,-944.36,-948.72,-189.7,LOSS,STOP_HIT,25064.25,915.00,2026-05-07 09:21:22
2026-01-13,2026-01-13 10:10:00,2026-01-13 10:15:00,OG,Backtest,AdxDiCrossBracketOG,OG_AdxDiCrossBracketOG,OG,NQ,NQ JUN26,SHORT,1,26137.25,26108.00,580.64,576.28,115.3,WIN,TARGET_HIT,26168.00,615.00,2026-05-07 09:21:22
2026-02-03,2026-02-03 09:50:00,2026-02-03 09:50:00,OG,Backtest,AdxDiCrossBracketOG,OG_AdxDiCrossBracketOG,OG,NQ,NQ JUN26,SHORT,1,25960.00,25999.25,-789.36,-793.72,-158.7,LOSS,STOP_HIT,25998.00,760.00,2026-05-07 09:21:22
2026-01-20,2026-01-20 11:10:00,2026-01-20 11:15:00,OG,Backtest,AdxDiCrossBracketOG,OG_AdxDiCrossBracketOG,OG,NQ,NQ JUN26,LONG,1,25588.25,25600.25,235.64,231.28,46.3,WIN,STOP_HIT,25540.75,950.00,2026-05-07 09:21:22
2026-01-30,2026-01-30 10:55:00,2026-01-30 10:55:00,OG,Backtest,AdxDiCrossBracketOG,OG_AdxDiCrossBracketOG,OG,NQ,NQ JUN26,LONG,1,26118.00,26058.75,-1189.36,-1193.72,-238.7,LOSS,STOP_HIT,26060.00,1160.00,2026-05-07 09:21:22
2026-01-07,2026-01-07 10:10:00,2026-01-07 10:10:00,OG,Backtest,AdxDiCrossBracketOG,OG_AdxDiCrossBracketOG,OG,NQ,NQ JUN26,SHORT,1,26050.00,26073.50,-474.36,-478.72,-95.7,LOSS,STOP_HIT,26072.25,445.00,2026-05-07 09:21:22
2026-01-07,2026-01-07 10:10:00,2026-01-07 10:10:00,OG,Backtest,AdxDiCrossBracketOG,OG_AdxDiCrossBracketOG,OG,NQ,NQ JUN26,SHORT,1,26050.00,26073.50,-474.36,-478.72,-95.7,LOSS,STOP_HIT,26072.25,445.00,2026-05-07 09:21:22
2026-01-20,2026-01-20 10:50:00,2026-01-20 10:55:00,OG,Backtest,AdxDiCrossBracketOG,OG_AdxDiCrossBracketOG,OG,NQ,NQ JUN26,LONG,1,25598.75,25558.75,-804.36,-808.72,-161.7,LOSS,STOP_HIT,25550.75,960.00,2026-05-07 09:21:22
2026-01-30,2026-01-30 10:55:00,2026-01-30 10:55:00,OG,Backtest,AdxDiCrossBracketOG,OG_AdxDiCrossBracketOG,OG,NQ,NQ JUN26,LONG,1,26118.00,26058.75,-1189.36,-1193.72,-238.7,LOSS,STOP_HIT,26060.00,1160.00,2026-05-07 09:21:22
2026-03-12,2026-03-12 11:50:00,2026-03-12 11:50:00,OG,Backtest,AdxDiCrossBracketOG,OG_AdxDiCrossBracketOG,OG,NQ,NQ JUN26,LONG,1,24898.75,24843.25,-1114.36,-1118.72,-223.7,LOSS,STOP_HIT,24844.50,1085.00,2026-05-07 09:21:22
2026-01-09,2026-01-09 10:10:00,2026-01-09 10:10:00,OG,Backtest,AdxDiCrossBracketOG,OG_AdxDiCrossBracketOG,OG,NQ,NQ JUN26,LONG,1,25922.50,25881.00,-834.36,-838.72,-167.7,LOSS,STOP_HIT,25882.25,805.00,2026-05-07 09:21:22
2026-01-28,2026-01-28 10:55:00,2026-01-28 11:20:00,OG,Backtest,AdxDiCrossBracketOG,OG_AdxDiCrossBracketOG,OG,NQ,NQ JUN26,SHORT,1,26394.50,26393.75,10.64,6.28,1.3,WIN,STOP_HIT,26429.00,690.00,2026-05-07 09:21:22
2026-01-09,2026-01-09 09:55:00,2026-01-09 09:55:00,OG,Backtest,AdxDiCrossBracketOG,OG_AdxDiCrossBracketOG,OG,NQ,NQ JUN26,SHORT,1,25912.50,25949.00,-734.36,-738.72,-147.7,LOSS,STOP_HIT,25947.75,705.00,2026-05-07 09:21:22
2026-01-28,2026-01-28 10:55:00,2026-01-28 11:20:00,OG,Backtest,AdxDiCrossBracketOG,OG_AdxDiCrossBracketOG,OG,NQ,NQ JUN26,SHORT,1,26394.50,26393.75,10.64,6.28,1.3,WIN,STOP_HIT,26429.00,690.00,2026-05-07 09:21:22
2026-02-13,2026-02-13 10:35:00,2026-02-13 10:35:00,OG,Backtest,AdxDiCrossBracketOG,OG_AdxDiCrossBracketOG,OG,NQ,NQ JUN26,LONG,1,25058.75,25127.00,1360.64,1356.28,271.3,WIN,TARGET_HIT,24987.50,1425.00,2026-05-07 09:21:22
2026-01-07,2026-01-07 10:10:00,2026-01-07 10:10:00,OG,Backtest,AdxDiCrossBracketOG,OG_AdxDiCrossBracketOG,OG,NQ,NQ JUN26,SHORT,1,26050.00,26073.50,-474.36,-478.72,-95.7,LOSS,STOP_HIT,26072.25,445.00,2026-05-07 09:21:22
2026-03-20,2026-03-20 11:30:00,2026-03-20 12:05:00,OG,Backtest,AdxDiCrossBracketOG,OG_AdxDiCrossBracketOG,OG,NQ,NQ JUN26,LONG,1,24275.00,24327.75,1050.64,1046.28,209.3,WIN,TARGET_HIT,24219.75,1105.00,2026-05-07 09:21:22
2026-01-06,2026-01-06 11:00:00,2026-01-06 11:05:00,OG,Backtest,AdxDiCrossBracketOG,OG_AdxDiCrossBracketOG,OG,NQ,NQ JUN26,SHORT,1,25908.50,25880.75,550.64,546.28,109.3,WIN,TARGET_HIT,25938.25,595.00,2026-05-07 09:21:22
2026-02-11,2026-02-11 11:05:00,2026-02-11 11:10:00,OG,Backtest,AdxDiCrossBracketOG,OG_AdxDiCrossBracketOG,OG,NQ,NQ JUN26,LONG,1,25454.25,25417.50,-739.36,-743.72,-148.7,LOSS,STOP_HIT,25393.00,1225.00,2026-05-07 09:21:22
2026-02-11,2026-02-11 11:20:00,2026-02-11 11:25:00,OG,Backtest,AdxDiCrossBracketOG,OG_AdxDiCrossBracketOG,OG,NQ,NQ JUN26,LONG,1,25468.75,25457.00,-239.36,-243.72,-48.7,LOSS,STOP_HIT,25406.75,1240.00,2026-05-07 09:21:22
2026-01-20,2026-01-20 10:50:00,2026-01-20 10:55:00,OG,Backtest,AdxDiCrossBracketOG,OG_AdxDiCrossBracketOG,OG,NQ,NQ JUN26,LONG,1,25598.75,25558.75,-804.36,-808.72,-161.7,LOSS,STOP_HIT,25550.75,960.00,2026-05-07 09:21:22
2026-02-13,2026-02-13 10:35:00,2026-02-13 10:35:00,OG,Backtest,AdxDiCrossBracketOG,OG_AdxDiCrossBracketOG,OG,NQ,NQ JUN26,LONG,1,25058.75,25127.00,1360.64,1356.28,271.3,WIN,TARGET_HIT,24987.50,1425.00,2026-05-07 09:21:22
2026-02-11,2026-02-11 11:20:00,2026-02-11 11:25:00,OG,Backtest,AdxDiCrossBracketOG,OG_AdxDiCrossBracketOG,OG,NQ,NQ JUN26,LONG,1,25468.75,25457.00,-239.36,-243.72,-48.7,LOSS,STOP_HIT,25406.75,1240.00,2026-05-07 09:21:22
2026-01-09,2026-01-09 09:45:00,2026-01-09 09:50:00,OG,Backtest,AdxDiCrossBracketOG,OG_AdxDiCrossBracketOG,OG,NQ,NQ JUN26,LONG,1,25965.75,25936.75,-584.36,-588.72,-117.7,LOSS,STOP_HIT,25938.00,555.00,2026-05-07 09:21:22
2026-02-17,2026-02-17 11:10:00,2026-02-17 11:10:00,OG,Backtest,AdxDiCrossBracketOG,OG_AdxDiCrossBracketOG,OG,NQ,NQ JUN26,LONG,1,24862.00,24927.25,1300.64,1296.28,259.3,WIN,TARGET_HIT,24793.75,1365.00,2026-05-07 09:21:22
2026-01-21,2026-01-21 11:45:00,2026-01-21 11:45:00,OG,Backtest,AdxDiCrossBracketOG,OG_AdxDiCrossBracketOG,OG,NQ,NQ JUN26,SHORT,1,25543.00,25505.75,740.64,736.28,147.3,WIN,TARGET_HIT,25582.25,785.00,2026-05-07 09:21:22
2026-02-11,2026-02-11 11:05:00,2026-02-11 11:10:00,OG,Backtest,AdxDiCrossBracketOG,OG_AdxDiCrossBracketOG,OG,NQ,NQ JUN26,LONG,1,25454.25,25417.50,-739.36,-743.72,-148.7,LOSS,STOP_HIT,25393.00,1225.00,2026-05-07 09:21:22
2026-04-06,2026-04-06 11:35:00,2026-04-06 11:50:00,OG,Backtest,AdxDiCrossBracketOG,OG_AdxDiCrossBracketOG,OG,NQ,NQ JUN26,SHORT,1,24280.00,24294.25,-289.36,-293.72,-58.7,LOSS,STOP_HIT,24325.50,910.00,2026-05-07 09:21:22
2026-02-11,2026-02-11 11:05:00,2026-02-11 11:10:00,OG,Backtest,AdxDiCrossBracketOG,OG_AdxDiCrossBracketOG,OG,NQ,NQ JUN26,LONG,1,25454.25,25417.50,-739.36,-743.72,-148.7,LOSS,STOP_HIT,25393.00,1225.00,2026-05-07 09:21:22
2026-03-09,2026-03-09 10:45:00,2026-03-09 10:50:00,OG,Backtest,AdxDiCrossBracketOG,OG_AdxDiCrossBracketOG,OG,NQ,NQ JUN26,LONG,1,24692.75,24762.25,1385.64,1381.28,276.3,WIN,TARGET_HIT,24622.25,1410.00,2026-05-07 09:21:22
2026-04-07,2026-04-07 11:40:00,2026-04-07 12:00:00,OG,Backtest,AdxDiCrossBracketOG,OG_AdxDiCrossBracketOG,OG,NQ,NQ JUN26,LONG,1,24072.25,24117.50,900.64,896.28,179.3,WIN,TARGET_HIT,24025.00,945.00,2026-05-07 09:21:22
2026-03-06,2026-03-06 11:10:00,2026-03-06 11:15:00,OG,Backtest,AdxDiCrossBracketOG,OG_AdxDiCrossBracketOG,OG,NQ,NQ JUN26,LONG,1,25102.25,25058.25,-884.36,-888.72,-177.7,LOSS,STOP_HIT,25038.75,1270.00,2026-05-07 09:21:22
2026-04-06,2026-04-06 10:55:00,2026-04-06 11:00:00,OG,Backtest,AdxDiCrossBracketOG,OG_AdxDiCrossBracketOG,OG,NQ,NQ JUN26,SHORT,1,24269.25,24322.25,-1064.36,-1068.72,-213.7,LOSS,STOP_HIT,24321.00,1035.00,2026-05-07 09:21:22
2026-03-12,2026-03-12 11:50:00,2026-03-12 11:50:00,OG,Backtest,AdxDiCrossBracketOG,OG_AdxDiCrossBracketOG,OG,NQ,NQ JUN26,LONG,1,24898.75,24843.25,-1114.36,-1118.72,-223.7,LOSS,STOP_HIT,24844.50,1085.00,2026-05-07 09:21:22
2026-01-28,2026-01-28 10:55:00,2026-01-28 11:20:00,OG,Backtest,AdxDiCrossBracketOG,OG_AdxDiCrossBracketOG,OG,NQ,NQ JUN26,SHORT,1,26394.50,26393.75,10.64,6.28,1.3,WIN,STOP_HIT,26429.00,690.00,2026-05-07 09:21:22
2026-01-13,2026-01-13 10:10:00,2026-01-13 10:15:00,OG,Backtest,AdxDiCrossBracketOG,OG_AdxDiCrossBracketOG,OG,NQ,NQ JUN26,SHORT,1,26137.25,26108.00,580.64,576.28,115.3,WIN,TARGET_HIT,26168.00,615.00,2026-05-07 09:21:22
2026-02-13,2026-02-13 10:50:00,2026-02-13 11:05:00,OG,Backtest,AdxDiCrossBracketOG,OG_AdxDiCrossBracketOG,OG,NQ,NQ JUN26,SHORT,1,24982.25,25021.00,-779.36,-783.72,-156.7,LOSS,STOP_HIT,25055.00,1455.00,2026-05-07 09:21:22
2026-03-06,2026-03-06 11:10:00,2026-03-06 11:15:00,OG,Backtest,AdxDiCrossBracketOG,OG_AdxDiCrossBracketOG,OG,NQ,NQ JUN26,LONG,1,25102.25,25058.25,-884.36,-888.72,-177.7,LOSS,STOP_HIT,25038.75,1270.00,2026-05-07 09:21:22
2026-02-11,2026-02-11 11:20:00,2026-02-11 11:25:00,OG,Backtest,AdxDiCrossBracketOG,OG_AdxDiCrossBracketOG,OG,NQ,NQ JUN26,LONG,1,25468.75,25457.00,-239.36,-243.72,-48.7,LOSS,STOP_HIT,25406.75,1240.00,2026-05-07 09:21:22
2026-03-13,2026-03-13 10:50:00,2026-03-13 10:50:00,OG,Backtest,AdxDiCrossBracketOG,OG_AdxDiCrossBracketOG,OG,NQ,NQ JUN26,SHORT,1,24804.25,24755.00,980.64,976.28,195.3,WIN,TARGET_HIT,24853.50,985.00,2026-05-07 09:21:22
2026-03-20,2026-03-20 11:30:00,2026-03-20 12:05:00,OG,Backtest,AdxDiCrossBracketOG,OG_AdxDiCrossBracketOG,OG,NQ,NQ JUN26,LONG,1,24275.00,24327.75,1050.64,1046.28,209.3,WIN,TARGET_HIT,24219.75,1105.00,2026-05-07 09:21:22
2026-03-27,2026-03-27 11:40:00,2026-03-27 11:45:00,OG,Backtest,AdxDiCrossBracketOG,OG_AdxDiCrossBracketOG,OG,NQ,NQ JUN26,LONG,1,23597.75,23540.25,-1154.36,-1158.72,-231.7,LOSS,STOP_HIT,23541.50,1125.00,2026-05-07 09:21:22
2026-03-02,2026-03-02 11:15:00,2026-03-02 11:20:00,OG,Backtest,AdxDiCrossBracketOG,OG_AdxDiCrossBracketOG,OG,NQ,NQ JUN26,LONG,1,25187.75,25180.00,-159.36,-163.72,-32.7,LOSS,STOP_HIT,25129.50,1165.00,2026-05-07 09:21:22
2026-02-17,2026-02-17 11:10:00,2026-02-17 11:10:00,OG,Backtest,AdxDiCrossBracketOG,OG_AdxDiCrossBracketOG,OG,NQ,NQ JUN26,LONG,1,24862.00,24927.25,1300.64,1296.28,259.3,WIN,TARGET_HIT,24793.75,1365.00,2026-05-07 09:21:22
2026-03-25,2026-03-25 11:20:00,2026-03-25 11:20:00,OG,Backtest,AdxDiCrossBracketOG,OG_AdxDiCrossBracketOG,OG,NQ,NQ JUN26,SHORT,1,24385.25,24336.50,970.64,966.28,193.3,WIN,TARGET_HIT,24438.00,1055.00,2026-05-07 09:21:22
2026-04-07,2026-04-07 11:40:00,2026-04-07 12:00:00,OG,Backtest,AdxDiCrossBracketOG,OG_AdxDiCrossBracketOG,OG,NQ,NQ JUN26,LONG,1,24072.25,24117.50,900.64,896.28,179.3,WIN,TARGET_HIT,24025.00,945.00,2026-05-07 09:21:22
2026-01-16,2026-01-16 11:30:00,2026-01-16 11:35:00,OG,Backtest,AdxDiCrossBracketOG,OG_AdxDiCrossBracketOG,OG,NQ,NQ JUN26,LONG,1,25912.25,25924.50,240.64,236.28,47.3,WIN,STOP_HIT,25874.75,750.00,2026-05-07 09:21:22
2026-03-24,2026-03-24 11:00:00,2026-03-24 11:00:00,OG,Backtest,AdxDiCrossBracketOG,OG_AdxDiCrossBracketOG,OG,NQ,NQ JUN26,LONG,1,24282.25,24217.00,-1309.36,-1313.72,-262.7,LOSS,STOP_HIT,24218.25,1280.00,2026-05-07 09:21:22
2026-04-06,2026-04-06 10:55:00,2026-04-06 11:00:00,OG,Backtest,AdxDiCrossBracketOG,OG_AdxDiCrossBracketOG,OG,NQ,NQ JUN26,SHORT,1,24269.25,24322.25,-1064.36,-1068.72,-213.7,LOSS,STOP_HIT,24321.00,1035.00,2026-05-07 09:21:22
2026-03-25,2026-03-25 11:20:00,2026-03-25 11:20:00,OG,Backtest,AdxDiCrossBracketOG,OG_AdxDiCrossBracketOG,OG,NQ,NQ JUN26,SHORT,1,24385.25,24336.50,970.64,966.28,193.3,WIN,TARGET_HIT,24438.00,1055.00,2026-05-07 09:21:22
2026-04-06,2026-04-06 11:35:00,2026-04-06 11:50:00,OG,Backtest,AdxDiCrossBracketOG,OG_AdxDiCrossBracketOG,OG,NQ,NQ JUN26,SHORT,1,24280.00,24294.25,-289.36,-293.72,-58.7,LOSS,STOP_HIT,24325.50,910.00,2026-05-07 09:21:22
2026-01-06,2026-01-06 11:00:00,2026-01-06 11:05:00,OG,Backtest,AdxDiCrossBracketOG,OG_AdxDiCrossBracketOG,OG,NQ,NQ JUN26,SHORT,1,25908.50,25880.75,550.64,546.28,109.3,WIN,TARGET_HIT,25938.25,595.00,2026-05-07 09:21:22
2026-03-17,2026-03-17 11:15:00,2026-03-17 11:20:00,OG,Backtest,AdxDiCrossBracketOG,OG_AdxDiCrossBracketOG,OG,NQ,NQ JUN26,SHORT,1,25019.75,25057.00,-749.36,-753.72,-150.7,LOSS,STOP_HIT,25056.25,730.00,2026-05-07 09:21:22
2026-04-02,2026-04-02 10:45:00,2026-04-02 10:45:00,OG,Backtest,AdxDiCrossBracketOG,OG_AdxDiCrossBracketOG,OG,NQ,NQ JUN26,LONG,1,24211.00,24133.25,-1559.36,-1563.72,-312.7,LOSS,STOP_HIT,24134.50,1530.00,2026-05-07 09:21:22
2026-04-02,2026-04-02 10:45:00,2026-04-02 10:45:00,OG,Backtest,AdxDiCrossBracketOG,OG_AdxDiCrossBracketOG,OG,NQ,NQ JUN26,LONG,1,24211.00,24133.25,-1559.36,-1563.72,-312.7,LOSS,STOP_HIT,24134.50,1530.00,2026-05-07 09:21:22
2026-04-06,2026-04-06 11:05:00,2026-04-06 11:30:00,OG,Backtest,AdxDiCrossBracketOG,OG_AdxDiCrossBracketOG,OG,NQ,NQ JUN26,LONG,1,24307.50,24278.75,-579.36,-583.72,-116.7,LOSS,STOP_HIT,24255.50,1040.00,2026-05-07 09:21:22
2026-01-13,2026-01-13 10:10:00,2026-01-13 10:15:00,OG,Backtest,AdxDiCrossBracketOG,OG_AdxDiCrossBracketOG,OG,NQ,NQ JUN26,SHORT,1,26137.25,26108.00,580.64,576.28,115.3,WIN,TARGET_HIT,26168.00,615.00,2026-05-07 09:21:22
2026-03-27,2026-03-27 11:40:00,2026-03-27 11:45:00,OG,Backtest,AdxDiCrossBracketOG,OG_AdxDiCrossBracketOG,OG,NQ,NQ JUN26,LONG,1,23597.75,23540.25,-1154.36,-1158.72,-231.7,LOSS,STOP_HIT,23541.50,1125.00,2026-05-07 09:21:22
2026-04-06,2026-04-06 11:05:00,2026-04-06 11:30:00,OG,Backtest,AdxDiCrossBracketOG,OG_AdxDiCrossBracketOG,OG,NQ,NQ JUN26,LONG,1,24307.50,24278.75,-579.36,-583.72,-116.7,LOSS,STOP_HIT,24255.50,1040.00,2026-05-07 09:21:22
2026-01-09,2026-01-09 09:45:00,2026-01-09 09:50:00,OG,Backtest,AdxDiCrossBracketOG,OG_AdxDiCrossBracketOG,OG,NQ,NQ JUN26,LONG,1,25965.75,25936.75,-584.36,-588.72,-117.7,LOSS,STOP_HIT,25938.00,555.00,2026-05-07 09:21:22
2026-02-05,2026-02-05 11:40:00,2026-02-05 11:50:00,OG,Backtest,AdxDiCrossBracketOG,OG_AdxDiCrossBracketOG,OG,NQ,NQ JUN26,LONG,1,25026.25,24991.50,-699.36,-703.72,-140.7,LOSS,STOP_HIT,24938.00,1765.00,2026-05-07 09:21:22
2026-03-13,2026-03-13 10:50:00,2026-03-13 10:50:00,OG,Backtest,AdxDiCrossBracketOG,OG_AdxDiCrossBracketOG,OG,NQ,NQ JUN26,SHORT,1,24804.25,24755.00,980.64,976.28,195.3,WIN,TARGET_HIT,24853.50,985.00,2026-05-07 09:21:22
2026-03-06,2026-03-06 11:10:00,2026-03-06 11:15:00,OG,Backtest,AdxDiCrossBracketOG,OG_AdxDiCrossBracketOG,OG,NQ,NQ JUN26,LONG,1,25102.25,25058.25,-884.36,-888.72,-177.7,LOSS,STOP_HIT,25038.75,1270.00,2026-05-07 09:21:22
2026-02-24,2026-02-24 10:10:00,2026-02-24 10:10:00,OG,Backtest,AdxDiCrossBracketOG,OG_AdxDiCrossBracketOG,OG,NQ,NQ JUN26,SHORT,1,25048.00,25093.50,-914.36,-918.72,-183.7,LOSS,STOP_HIT,25092.25,885.00,2026-05-07 09:21:22
2026-01-09,2026-01-09 10:15:00,2026-01-09 10:15:00,OG,Backtest,AdxDiCrossBracketOG,OG_AdxDiCrossBracketOG,OG,NQ,NQ JUN26,SHORT,1,25849.75,25897.00,-949.36,-953.72,-190.7,LOSS,STOP_HIT,25895.75,920.00,2026-05-07 09:21:22
2026-01-21,2026-01-21 11:45:00,2026-01-21 11:45:00,OG,Backtest,AdxDiCrossBracketOG,OG_AdxDiCrossBracketOG,OG,NQ,NQ JUN26,SHORT,1,25543.00,25505.75,740.64,736.28,147.3,WIN,TARGET_HIT,25582.25,785.00,2026-05-07 09:21:22
2026-02-11,2026-02-11 11:05:00,2026-02-11 11:10:00,OG,Backtest,AdxDiCrossBracketOG,OG_AdxDiCrossBracketOG,OG,NQ,NQ JUN26,LONG,1,25454.25,25417.50,-739.36,-743.72,-148.7,LOSS,STOP_HIT,25393.00,1225.00,2026-05-07 09:21:22
2026-04-06,2026-04-06 11:35:00,2026-04-06 11:50:00,OG,Backtest,AdxDiCrossBracketOG,OG_AdxDiCrossBracketOG,OG,NQ,NQ JUN26,SHORT,1,24280.00,24294.25,-289.36,-293.72,-58.7,LOSS,STOP_HIT,24325.50,910.00,2026-05-07 09:21:22
2026-01-30,2026-01-30 10:55:00,2026-01-30 10:55:00,OG,Backtest,AdxDiCrossBracketOG,OG_AdxDiCrossBracketOG,OG,NQ,NQ JUN26,LONG,1,26118.00,26058.75,-1189.36,-1193.72,-238.7,LOSS,STOP_HIT,26060.00,1160.00,2026-05-07 09:21:22
2026-04-06,2026-04-06 11:35:00,2026-04-06 11:50:00,OG,Backtest,AdxDiCrossBracketOG,OG_AdxDiCrossBracketOG,OG,NQ,NQ JUN26,SHORT,1,24280.00,24294.25,-289.36,-293.72,-58.7,LOSS,STOP_HIT,24325.50,910.00,2026-05-07 09:21:22
2026-04-06,2026-04-06 11:05:00,2026-04-06 11:30:00,OG,Backtest,AdxDiCrossBracketOG,OG_AdxDiCrossBracketOG,OG,NQ,NQ JUN26,LONG,1,24307.50,24278.75,-579.36,-583.72,-116.7,LOSS,STOP_HIT,24255.50,1040.00,2026-05-07 09:21:22
2026-02-13,2026-02-13 10:35:00,2026-02-13 10:35:00,OG,Backtest,AdxDiCrossBracketOG,OG_AdxDiCrossBracketOG,OG,NQ,NQ JUN26,LONG,1,25058.75,25127.00,1360.64,1356.28,271.3,WIN,TARGET_HIT,24987.50,1425.00,2026-05-07 09:21:22
2026-01-30,2026-01-30 11:00:00,2026-01-30 11:10:00,OG,Backtest,AdxDiCrossBracketOG,OG_AdxDiCrossBracketOG,OG,NQ,NQ JUN26,SHORT,1,26071.50,26048.25,460.64,456.28,91.3,WIN,STOP_HIT,26129.00,1150.00,2026-05-07 09:21:23
2026-04-06,2026-04-06 10:55:00,2026-04-06 11:00:00,OG,Backtest,AdxDiCrossBracketOG,OG_AdxDiCrossBracketOG,OG,NQ,NQ JUN26,SHORT,1,24269.25,24322.25,-1064.36,-1068.72,-213.7,LOSS,STOP_HIT,24321.00,1035.00,2026-05-07 09:21:23
2026-04-10,2026-04-10 11:45:00,2026-04-10 12:00:00,OG,Backtest,AdxDiCrossBracketOG,OG_AdxDiCrossBracketOG,OG,NQ,NQ JUN26,SHORT,1,25300.75,25269.75,615.64,611.28,122.3,WIN,TARGET_HIT,25334.25,670.00,2026-05-07 09:21:23
2026-02-10,2026-02-10 09:45:00,2026-02-10 09:45:00,OG,Backtest,AdxDiCrossBracketOG,OG_AdxDiCrossBracketOG,OG,NQ,NQ JUN26,SHORT,1,25534.50,25512.25,440.64,436.28,87.3,WIN,TARGET_HIT,25559.75,505.00,2026-05-07 09:21:23
2026-03-27,2026-03-27 11:40:00,2026-03-27 11:45:00,OG,Backtest,AdxDiCrossBracketOG,OG_AdxDiCrossBracketOG,OG,NQ,NQ JUN26,LONG,1,23597.75,23540.25,-1154.36,-1158.72,-231.7,LOSS,STOP_HIT,23541.50,1125.00,2026-05-07 09:21:23
2026-03-17,2026-03-17 11:15:00,2026-03-17 11:20:00,OG,Backtest,AdxDiCrossBracketOG,OG_AdxDiCrossBracketOG,OG,NQ,NQ JUN26,SHORT,1,25019.75,25057.00,-749.36,-753.72,-150.7,LOSS,STOP_HIT,25056.25,730.00,2026-05-07 09:21:23
2026-03-25,2026-03-25 11:20:00,2026-03-25 11:20:00,OG,Backtest,AdxDiCrossBracketOG,OG_AdxDiCrossBracketOG,OG,NQ,NQ JUN26,SHORT,1,24385.25,24336.50,970.64,966.28,193.3,WIN,TARGET_HIT,24438.00,1055.00,2026-05-07 09:21:23
2026-01-09,2026-01-09 10:30:00,2026-01-09 10:30:00,OG,Backtest,AdxDiCrossBracketOG,OG_AdxDiCrossBracketOG,OG,NQ,NQ JUN26,LONG,1,26010.00,26057.25,940.64,936.28,187.3,WIN,TARGET_HIT,25959.75,1005.00,2026-05-07 09:21:23
2026-02-11,2026-02-11 11:20:00,2026-02-11 11:25:00,OG,Backtest,AdxDiCrossBracketOG,OG_AdxDiCrossBracketOG,OG,NQ,NQ JUN26,LONG,1,25468.75,25457.00,-239.36,-243.72,-48.7,LOSS,STOP_HIT,25406.75,1240.00,2026-05-07 09:21:23
2026-01-09,2026-01-09 10:10:00,2026-01-09 10:10:00,OG,Backtest,AdxDiCrossBracketOG,OG_AdxDiCrossBracketOG,OG,NQ,NQ JUN26,LONG,1,25922.50,25881.00,-834.36,-838.72,-167.7,LOSS,STOP_HIT,25882.25,805.00,2026-05-07 09:21:23
2026-04-06,2026-04-06 11:05:00,2026-04-06 11:35:00,OG,Backtest,AdxDiCrossBracketOG,OG_AdxDiCrossBracketOG,OG,NQ,NQ JUN26,LONG,1,24307.50,24280.00,-554.36,-558.72,-111.7,LOSS,STOP_HIT,24255.50,1040.00,2026-05-07 09:21:23
2026-01-06,2026-01-06 11:00:00,2026-01-06 11:05:00,OG,Backtest,AdxDiCrossBracketOG,OG_AdxDiCrossBracketOG,OG,NQ,NQ JUN26,SHORT,1,25908.50,25880.75,550.64,546.28,109.3,WIN,TARGET_HIT,25938.25,595.00,2026-05-07 09:21:23
2026-04-06,2026-04-06 10:55:00,2026-04-06 11:00:00,OG,Backtest,AdxDiCrossBracketOG,OG_AdxDiCrossBracketOG,OG,NQ,NQ JUN26,SHORT,1,24269.25,24322.25,-1064.36,-1068.72,-213.7,LOSS,STOP_HIT,24321.00,1035.00,2026-05-07 09:21:23
2026-02-11,2026-02-11 10:20:00,2026-02-11 10:20:00,OG,Backtest,AdxDiCrossBracketOG,OG_AdxDiCrossBracketOG,OG,NQ,NQ JUN26,SHORT,1,25395.25,25345.50,990.64,986.28,197.3,WIN,TARGET_HIT,25448.50,1065.00,2026-05-07 09:21:23
2026-01-12,2026-01-12 11:25:00,2026-01-12 11:35:00,OG,Backtest,AdxDiCrossBracketOG,OG_AdxDiCrossBracketOG,OG,NQ,NQ JUN26,LONG,1,26159.50,26149.25,-209.36,-213.72,-42.7,LOSS,STOP_HIT,26131.75,555.00,2026-05-07 09:21:23
2026-01-07,2026-01-07 10:10:00,2026-01-07 10:10:00,OG,Backtest,AdxDiCrossBracketOG,OG_AdxDiCrossBracketOG,OG,NQ,NQ JUN26,SHORT,1,26050.00,26073.50,-474.36,-478.72,-95.7,LOSS,STOP_HIT,26072.25,445.00,2026-05-07 09:21:23
2026-01-09,2026-01-09 09:45:00,2026-01-09 09:50:00,OG,Backtest,AdxDiCrossBracketOG,OG_AdxDiCrossBracketOG,OG,NQ,NQ JUN26,LONG,1,25965.75,25936.75,-584.36,-588.72,-117.7,LOSS,STOP_HIT,25938.00,555.00,2026-05-07 09:21:23
2026-04-07,2026-04-07 11:40:00,2026-04-07 12:00:00,OG,Backtest,AdxDiCrossBracketOG,OG_AdxDiCrossBracketOG,OG,NQ,NQ JUN26,LONG,1,24072.25,24117.50,900.64,896.28,179.3,WIN,TARGET_HIT,24025.00,945.00,2026-05-07 09:21:23
2026-02-24,2026-02-24 10:15:00,2026-02-24 10:15:00,OG,Backtest,AdxDiCrossBracketOG,OG_AdxDiCrossBracketOG,OG,NQ,NQ JUN26,LONG,1,25110.00,25063.00,-944.36,-948.72,-189.7,LOSS,STOP_HIT,25064.25,915.00,2026-05-07 09:21:23
2026-01-07,2026-01-07 10:10:00,2026-01-07 10:10:00,OG,Backtest,AdxDiCrossBracketOG,OG_AdxDiCrossBracketOG,OG,NQ,NQ JUN26,SHORT,1,26050.00,26073.50,-474.36,-478.72,-95.7,LOSS,STOP_HIT,26072.25,445.00,2026-05-07 09:21:23
2026-01-06,2026-01-06 11:00:00,2026-01-06 11:05:00,OG,Backtest,AdxDiCrossBracketOG,OG_AdxDiCrossBracketOG,OG,NQ,NQ JUN26,SHORT,1,25908.50,25880.75,550.64,546.28,109.3,WIN,TARGET_HIT,25938.25,595.00,2026-05-07 09:21:23
2026-02-13,2026-02-13 10:35:00,2026-02-13 10:35:00,OG,Backtest,AdxDiCrossBracketOG,OG_AdxDiCrossBracketOG,OG,NQ,NQ JUN26,LONG,1,25058.75,25127.00,1360.64,1356.28,271.3,WIN,TARGET_HIT,24987.50,1425.00,2026-05-07 09:21:23
2026-03-03,2026-03-03 11:25:00,2026-03-03 11:40:00,OG,Backtest,AdxDiCrossBracketOG,OG_AdxDiCrossBracketOG,OG,NQ,NQ JUN26,LONG,1,24795.25,24816.50,420.64,416.28,83.3,WIN,STOP_HIT,24724.00,1425.00,2026-05-07 09:21:23
2026-01-09,2026-01-09 10:30:00,2026-01-09 10:30:00,OG,Backtest,AdxDiCrossBracketOG,OG_AdxDiCrossBracketOG,OG,NQ,NQ JUN26,LONG,1,26010.00,26057.25,940.64,936.28,187.3,WIN,TARGET_HIT,25959.75,1005.00,2026-05-07 09:21:23
2026-02-13,2026-02-13 10:50:00,2026-02-13 11:05:00,OG,Backtest,AdxDiCrossBracketOG,OG_AdxDiCrossBracketOG,OG,NQ,NQ JUN26,SHORT,1,24982.25,25021.00,-779.36,-783.72,-156.7,LOSS,STOP_HIT,25055.00,1455.00,2026-05-07 09:21:23
2026-02-11,2026-02-11 10:20:00,2026-02-11 10:20:00,OG,Backtest,AdxDiCrossBracketOG,OG_AdxDiCrossBracketOG,OG,NQ,NQ JUN26,SHORT,1,25395.25,25345.50,990.64,986.28,197.3,WIN,TARGET_HIT,25448.50,1065.00,2026-05-07 09:21:23
2026-01-09,2026-01-09 10:15:00,2026-01-09 10:15:00,OG,Backtest,AdxDiCrossBracketOG,OG_AdxDiCrossBracketOG,OG,NQ,NQ JUN26,SHORT,1,25849.75,25897.00,-949.36,-953.72,-190.7,LOSS,STOP_HIT,25895.75,920.00,2026-05-07 09:21:23
2026-03-09,2026-03-09 10:45:00,2026-03-09 10:50:00,OG,Backtest,AdxDiCrossBracketOG,OG_AdxDiCrossBracketOG,OG,NQ,NQ JUN26,LONG,1,24692.75,24762.25,1385.64,1381.28,276.3,WIN,TARGET_HIT,24622.25,1410.00,2026-05-07 09:21:23
2026-01-09,2026-01-09 10:15:00,2026-01-09 10:15:00,OG,Backtest,AdxDiCrossBracketOG,OG_AdxDiCrossBracketOG,OG,NQ,NQ JUN26,SHORT,1,25849.75,25897.00,-949.36,-953.72,-190.7,LOSS,STOP_HIT,25895.75,920.00,2026-05-07 09:21:23
2026-01-09,2026-01-09 10:10:00,2026-01-09 10:10:00,OG,Backtest,AdxDiCrossBracketOG,OG_AdxDiCrossBracketOG,OG,NQ,NQ JUN26,LONG,1,25922.50,25881.00,-834.36,-838.72,-167.7,LOSS,STOP_HIT,25882.25,805.00,2026-05-07 09:21:23
2026-01-09,2026-01-09 10:15:00,2026-01-09 10:15:00,OG,Backtest,AdxDiCrossBracketOG,OG_AdxDiCrossBracketOG,OG,NQ,NQ JUN26,SHORT,1,25849.75,25897.00,-949.36,-953.72,-190.7,LOSS,STOP_HIT,25895.75,920.00,2026-05-07 09:21:23
2026-02-13,2026-02-13 10:35:00,2026-02-13 10:35:00,OG,Backtest,AdxDiCrossBracketOG,OG_AdxDiCrossBracketOG,OG,NQ,NQ JUN26,LONG,1,25058.75,25127.00,1360.64,1356.28,271.3,WIN,TARGET_HIT,24987.50,1425.00,2026-05-07 09:21:23
2026-01-21,2026-01-21 11:45:00,2026-01-21 11:45:00,OG,Backtest,AdxDiCrossBracketOG,OG_AdxDiCrossBracketOG,OG,NQ,NQ JUN26,SHORT,1,25543.00,25505.75,740.64,736.28,147.3,WIN,TARGET_HIT,25582.25,785.00,2026-05-07 09:21:23
2026-01-21,2026-01-21 11:45:00,2026-01-21 11:45:00,OG,Backtest,AdxDiCrossBracketOG,OG_AdxDiCrossBracketOG,OG,NQ,NQ JUN26,SHORT,1,25543.00,25505.75,740.64,736.28,147.3,WIN,TARGET_HIT,25582.25,785.00,2026-05-07 09:21:23
2026-01-12,2026-01-12 11:25:00,2026-01-12 11:35:00,OG,Backtest,AdxDiCrossBracketOG,OG_AdxDiCrossBracketOG,OG,NQ,NQ JUN26,LONG,1,26159.50,26149.25,-209.36,-213.72,-42.7,LOSS,STOP_HIT,26131.75,555.00,2026-05-07 09:21:23
2026-03-02,2026-03-02 11:15:00,2026-03-02 11:20:00,OG,Backtest,AdxDiCrossBracketOG,OG_AdxDiCrossBracketOG,OG,NQ,NQ JUN26,LONG,1,25187.75,25180.00,-159.36,-163.72,-32.7,LOSS,STOP_HIT,25129.50,1165.00,2026-05-07 09:21:23
2026-01-07,2026-01-07 09:50:00,2026-01-07 09:50:00,OG,Backtest,AdxDiCrossBracketOG,OG_AdxDiCrossBracketOG,OG,NQ,NQ JUN26,LONG,1,26064.50,26079.75,300.64,296.28,59.3,WIN,TARGET_HIT,26047.25,345.00,2026-05-07 09:21:23
2026-03-13,2026-03-13 10:50:00,2026-03-13 10:50:00,OG,Backtest,AdxDiCrossBracketOG,OG_AdxDiCrossBracketOG,OG,NQ,NQ JUN26,SHORT,1,24804.25,24755.00,980.64,976.28,195.3,WIN,TARGET_HIT,24853.50,985.00,2026-05-07 09:21:23
2026-01-23,2026-01-23 10:10:00,2026-01-23 10:15:00,OG,Backtest,AdxDiCrossBracketOG,OG_AdxDiCrossBracketOG,OG,NQ,NQ JUN26,LONG,1,25921.75,25885.00,-739.36,-743.72,-148.7,LOSS,STOP_HIT,25885.50,725.00,2026-05-07 09:21:23
2026-03-24,2026-03-24 11:00:00,2026-03-24 11:00:00,OG,Backtest,AdxDiCrossBracketOG,OG_AdxDiCrossBracketOG,OG,NQ,NQ JUN26,LONG,1,24282.25,24217.00,-1309.36,-1313.72,-262.7,LOSS,STOP_HIT,24218.25,1280.00,2026-05-07 09:21:23
2026-03-25,2026-03-25 11:20:00,2026-03-25 11:20:00,OG,Backtest,AdxDiCrossBracketOG,OG_AdxDiCrossBracketOG,OG,NQ,NQ JUN26,SHORT,1,24385.25,24336.50,970.64,966.28,193.3,WIN,TARGET_HIT,24438.00,1055.00,2026-05-07 09:21:23
2026-01-20,2026-01-20 10:50:00,2026-01-20 10:55:00,OG,Backtest,AdxDiCrossBracketOG,OG_AdxDiCrossBracketOG,OG,NQ,NQ JUN26,LONG,1,25598.75,25558.75,-804.36,-808.72,-161.7,LOSS,STOP_HIT,25550.75,960.00,2026-05-07 09:21:23
2026-01-09,2026-01-09 10:15:00,2026-01-09 10:15:00,OG,Backtest,AdxDiCrossBracketOG,OG_AdxDiCrossBracketOG,OG,NQ,NQ JUN26,SHORT,1,25849.75,25897.00,-949.36,-953.72,-190.7,LOSS,STOP_HIT,25895.75,920.00,2026-05-07 09:21:23
2026-01-09,2026-01-09 10:10:00,2026-01-09 10:10:00,OG,Backtest,AdxDiCrossBracketOG,OG_AdxDiCrossBracketOG,OG,NQ,NQ JUN26,LONG,1,25922.50,25881.00,-834.36,-838.72,-167.7,LOSS,STOP_HIT,25882.25,805.00,2026-05-07 09:21:23
2026-04-02,2026-04-02 10:45:00,2026-04-02 10:45:00,OG,Backtest,AdxDiCrossBracketOG,OG_AdxDiCrossBracketOG,OG,NQ,NQ JUN26,LONG,1,24211.00,24133.25,-1559.36,-1563.72,-312.7,LOSS,STOP_HIT,24134.50,1530.00,2026-05-07 09:21:23
2026-02-11,2026-02-11 10:20:00,2026-02-11 10:20:00,OG,Backtest,AdxDiCrossBracketOG,OG_AdxDiCrossBracketOG,OG,NQ,NQ JUN26,SHORT,1,25395.25,25345.50,990.64,986.28,197.3,WIN,TARGET_HIT,25448.50,1065.00,2026-05-07 09:21:23
2026-02-17,2026-02-17 11:10:00,2026-02-17 11:10:00,OG,Backtest,AdxDiCrossBracketOG,OG_AdxDiCrossBracketOG,OG,NQ,NQ JUN26,LONG,1,24862.00,24927.25,1300.64,1296.28,259.3,WIN,TARGET_HIT,24793.75,1365.00,2026-05-07 09:21:23
2026-04-06,2026-04-06 10:55:00,2026-04-06 11:00:00,OG,Backtest,AdxDiCrossBracketOG,OG_AdxDiCrossBracketOG,OG,NQ,NQ JUN26,SHORT,1,24269.25,24322.25,-1064.36,-1068.72,-213.7,LOSS,STOP_HIT,24321.00,1035.00,2026-05-07 09:21:23
2026-03-09,2026-03-09 10:45:00,2026-03-09 10:50:00,OG,Backtest,AdxDiCrossBracketOG,OG_AdxDiCrossBracketOG,OG,NQ,NQ JUN26,LONG,1,24692.75,24762.25,1385.64,1381.28,276.3,WIN,TARGET_HIT,24622.25,1410.00,2026-05-07 09:21:23
2026-01-09,2026-01-09 10:10:00,2026-01-09 10:10:00,OG,Backtest,AdxDiCrossBracketOG,OG_AdxDiCrossBracketOG,OG,NQ,NQ JUN26,LONG,1,25922.50,25881.00,-834.36,-838.72,-167.7,LOSS,STOP_HIT,25882.25,805.00,2026-05-07 09:21:23
2026-01-07,2026-01-07 09:50:00,2026-01-07 09:50:00,OG,Backtest,AdxDiCrossBracketOG,OG_AdxDiCrossBracketOG,OG,NQ,NQ JUN26,LONG,1,26064.50,26079.75,300.64,296.28,59.3,WIN,TARGET_HIT,26047.25,345.00,2026-05-07 09:21:23
2026-03-20,2026-03-20 11:30:00,2026-03-20 12:05:00,OG,Backtest,AdxDiCrossBracketOG,OG_AdxDiCrossBracketOG,OG,NQ,NQ JUN26,LONG,1,24275.00,24327.75,1050.64,1046.28,209.3,WIN,TARGET_HIT,24219.75,1105.00,2026-05-07 09:21:23
2026-02-11,2026-02-11 11:05:00,2026-02-11 11:10:00,OG,Backtest,AdxDiCrossBracketOG,OG_AdxDiCrossBracketOG,OG,NQ,NQ JUN26,LONG,1,25454.25,25417.50,-739.36,-743.72,-148.7,LOSS,STOP_HIT,25393.00,1225.00,2026-05-07 09:21:23
2026-02-05,2026-02-05 11:40:00,2026-02-05 11:50:00,OG,Backtest,AdxDiCrossBracketOG,OG_AdxDiCrossBracketOG,OG,NQ,NQ JUN26,LONG,1,25026.25,24991.50,-699.36,-703.72,-140.7,LOSS,STOP_HIT,24938.00,1765.00,2026-05-07 09:21:23
2026-01-09,2026-01-09 10:10:00,2026-01-09 10:10:00,OG,Backtest,AdxDiCrossBracketOG,OG_AdxDiCrossBracketOG,OG,NQ,NQ JUN26,LONG,1,25922.50,25881.00,-834.36,-838.72,-167.7,LOSS,STOP_HIT,25882.25,805.00,2026-05-07 09:21:23
2026-01-12,2026-01-12 11:25:00,2026-01-12 11:35:00,OG,Backtest,AdxDiCrossBracketOG,OG_AdxDiCrossBracketOG,OG,NQ,NQ JUN26,LONG,1,26159.50,26149.25,-209.36,-213.72,-42.7,LOSS,STOP_HIT,26131.75,555.00,2026-05-07 09:21:23
2026-01-20,2026-01-20 11:10:00,2026-01-20 11:15:00,OG,Backtest,AdxDiCrossBracketOG,OG_AdxDiCrossBracketOG,OG,NQ,NQ JUN26,LONG,1,25588.25,25600.25,235.64,231.28,46.3,WIN,STOP_HIT,25540.75,950.00,2026-05-07 09:21:23
2026-02-11,2026-02-11 11:20:00,2026-02-11 11:25:00,OG,Backtest,AdxDiCrossBracketOG,OG_AdxDiCrossBracketOG,OG,NQ,NQ JUN26,LONG,1,25468.75,25457.00,-239.36,-243.72,-48.7,LOSS,STOP_HIT,25406.75,1240.00,2026-05-07 09:21:23
2026-02-11,2026-02-11 10:20:00,2026-02-11 10:20:00,OG,Backtest,AdxDiCrossBracketOG,OG_AdxDiCrossBracketOG,OG,NQ,NQ JUN26,SHORT,1,25395.25,25345.50,990.64,986.28,197.3,WIN,TARGET_HIT,25448.50,1065.00,2026-05-07 09:21:23
2026-02-11,2026-02-11 10:20:00,2026-02-11 10:20:00,OG,Backtest,AdxDiCrossBracketOG,OG_AdxDiCrossBracketOG,OG,NQ,NQ JUN26,SHORT,1,25395.25,25345.50,990.64,986.28,197.3,WIN,TARGET_HIT,25448.50,1065.00,2026-05-07 09:21:23
2026-02-10,2026-02-10 09:45:00,2026-02-10 09:45:00,OG,Backtest,AdxDiCrossBracketOG,OG_AdxDiCrossBracketOG,OG,NQ,NQ JUN26,SHORT,1,25534.50,25512.25,440.64,436.28,87.3,WIN,TARGET_HIT,25559.75,505.00,2026-05-07 09:21:23
2026-02-05,2026-02-05 11:40:00,2026-02-05 11:50:00,OG,Backtest,AdxDiCrossBracketOG,OG_AdxDiCrossBracketOG,OG,NQ,NQ JUN26,LONG,1,25026.25,24991.50,-699.36,-703.72,-140.7,LOSS,STOP_HIT,24938.00,1765.00,2026-05-07 09:21:23
2026-02-13,2026-02-13 10:50:00,2026-02-13 11:05:00,OG,Backtest,AdxDiCrossBracketOG,OG_AdxDiCrossBracketOG,OG,NQ,NQ JUN26,SHORT,1,24982.25,25021.00,-779.36,-783.72,-156.7,LOSS,STOP_HIT,25055.00,1455.00,2026-05-07 09:21:23
2026-02-17,2026-02-17 11:10:00,2026-02-17 11:10:00,OG,Backtest,AdxDiCrossBracketOG,OG_AdxDiCrossBracketOG,OG,NQ,NQ JUN26,LONG,1,24862.00,24927.25,1300.64,1296.28,259.3,WIN,TARGET_HIT,24793.75,1365.00,2026-05-07 09:21:23
2026-04-02,2026-04-02 10:45:00,2026-04-02 10:45:00,OG,Backtest,AdxDiCrossBracketOG,OG_AdxDiCrossBracketOG,OG,NQ,NQ JUN26,LONG,1,24211.00,24133.25,-1559.36,-1563.72,-312.7,LOSS,STOP_HIT,24134.50,1530.00,2026-05-07 09:21:23
2026-02-11,2026-02-11 11:20:00,2026-02-11 11:25:00,OG,Backtest,AdxDiCrossBracketOG,OG_AdxDiCrossBracketOG,OG,NQ,NQ JUN26,LONG,1,25468.75,25457.00,-239.36,-243.72,-48.7,LOSS,STOP_HIT,25406.75,1240.00,2026-05-07 09:21:23
2026-02-13,2026-02-13 10:35:00,2026-02-13 10:35:00,OG,Backtest,AdxDiCrossBracketOG,OG_AdxDiCrossBracketOG,OG,NQ,NQ JUN26,LONG,1,25058.75,25127.00,1360.64,1356.28,271.3,WIN,TARGET_HIT,24987.50,1425.00,2026-05-07 09:21:23
2026-02-24,2026-02-24 10:10:00,2026-02-24 10:10:00,OG,Backtest,AdxDiCrossBracketOG,OG_AdxDiCrossBracketOG,OG,NQ,NQ JUN26,SHORT,1,25048.00,25093.50,-914.36,-918.72,-183.7,LOSS,STOP_HIT,25092.25,885.00,2026-05-07 09:21:23
2026-02-24,2026-02-24 09:50:00,2026-02-24 09:50:00,OG,Backtest,AdxDiCrossBracketOG,OG_AdxDiCrossBracketOG,OG,NQ,NQ JUN26,LONG,1,25121.25,25157.50,720.64,716.28,143.3,WIN,TARGET_HIT,25081.50,795.00,2026-05-07 09:21:23
2026-02-17,2026-02-17 11:10:00,2026-02-17 11:10:00,OG,Backtest,AdxDiCrossBracketOG,OG_AdxDiCrossBracketOG,OG,NQ,NQ JUN26,LONG,1,24862.00,24927.25,1300.64,1296.28,259.3,WIN,TARGET_HIT,24793.75,1365.00,2026-05-07 09:21:23
2026-02-24,2026-02-24 10:15:00,2026-02-24 10:15:00,OG,Backtest,AdxDiCrossBracketOG,OG_AdxDiCrossBracketOG,OG,NQ,NQ JUN26,LONG,1,25110.00,25063.00,-944.36,-948.72,-189.7,LOSS,STOP_HIT,25064.25,915.00,2026-05-07 09:21:23
2026-01-09,2026-01-09 10:15:00,2026-01-09 10:15:00,OG,Backtest,AdxDiCrossBracketOG,OG_AdxDiCrossBracketOG,OG,NQ,NQ JUN26,SHORT,1,25849.75,25897.00,-949.36,-953.72,-190.7,LOSS,STOP_HIT,25895.75,920.00,2026-05-07 09:21:23
2026-01-23,2026-01-23 10:10:00,2026-01-23 10:15:00,OG,Backtest,AdxDiCrossBracketOG,OG_AdxDiCrossBracketOG,OG,NQ,NQ JUN26,LONG,1,25921.75,25885.00,-739.36,-743.72,-148.7,LOSS,STOP_HIT,25885.50,725.00,2026-05-07 09:21:23
2026-03-09,2026-03-09 10:45:00,2026-03-09 10:50:00,OG,Backtest,AdxDiCrossBracketOG,OG_AdxDiCrossBracketOG,OG,NQ,NQ JUN26,LONG,1,24692.75,24762.25,1385.64,1381.28,276.3,WIN,TARGET_HIT,24622.25,1410.00,2026-05-07 09:21:23
2026-01-23,2026-01-23 10:10:00,2026-01-23 10:15:00,OG,Backtest,AdxDiCrossBracketOG,OG_AdxDiCrossBracketOG,OG,NQ,NQ JUN26,LONG,1,25921.75,25885.00,-739.36,-743.72,-148.7,LOSS,STOP_HIT,25885.50,725.00,2026-05-07 09:21:23
2026-02-24,2026-02-24 10:10:00,2026-02-24 10:10:00,OG,Backtest,AdxDiCrossBracketOG,OG_AdxDiCrossBracketOG,OG,NQ,NQ JUN26,SHORT,1,25048.00,25093.50,-914.36,-918.72,-183.7,LOSS,STOP_HIT,25092.25,885.00,2026-05-07 09:21:23
2026-02-05,2026-02-05 11:40:00,2026-02-05 11:50:00,OG,Backtest,AdxDiCrossBracketOG,OG_AdxDiCrossBracketOG,OG,NQ,NQ JUN26,LONG,1,25026.25,24991.50,-699.36,-703.72,-140.7,LOSS,STOP_HIT,24938.00,1765.00,2026-05-07 09:21:23
2026-02-11,2026-02-11 11:05:00,2026-02-11 11:10:00,OG,Backtest,AdxDiCrossBracketOG,OG_AdxDiCrossBracketOG,OG,NQ,NQ JUN26,LONG,1,25454.25,25417.50,-739.36,-743.72,-148.7,LOSS,STOP_HIT,25393.00,1225.00,2026-05-07 09:21:23
2026-03-06,2026-03-06 11:10:00,2026-03-06 11:15:00,OG,Backtest,AdxDiCrossBracketOG,OG_AdxDiCrossBracketOG,OG,NQ,NQ JUN26,LONG,1,25102.25,25058.25,-884.36,-888.72,-177.7,LOSS,STOP_HIT,25038.75,1270.00,2026-05-07 09:21:23
2026-03-02,2026-03-02 11:15:00,2026-03-02 11:20:00,OG,Backtest,AdxDiCrossBracketOG,OG_AdxDiCrossBracketOG,OG,NQ,NQ JUN26,LONG,1,25187.75,25180.00,-159.36,-163.72,-32.7,LOSS,STOP_HIT,25129.50,1165.00,2026-05-07 09:21:23
2026-03-02,2026-03-02 11:15:00,2026-03-02 11:20:00,OG,Backtest,AdxDiCrossBracketOG,OG_AdxDiCrossBracketOG,OG,NQ,NQ JUN26,LONG,1,25187.75,25180.00,-159.36,-163.72,-32.7,LOSS,STOP_HIT,25129.50,1165.00,2026-05-07 09:21:23
2026-03-19,2026-03-19 11:15:00,2026-03-19 11:25:00,OG,Backtest,AdxDiCrossBracketOG,OG_AdxDiCrossBracketOG,OG,NQ,NQ JUN26,LONG,1,24531.00,24485.50,-914.36,-918.72,-183.7,LOSS,STOP_HIT,24473.00,1160.00,2026-05-07 09:21:23
2026-01-20,2026-01-20 11:10:00,2026-01-20 11:15:00,OG,Backtest,AdxDiCrossBracketOG,OG_AdxDiCrossBracketOG,OG,NQ,NQ JUN26,LONG,1,25588.25,25600.25,235.64,231.28,46.3,WIN,STOP_HIT,25540.75,950.00,2026-05-07 09:21:23
2026-03-09,2026-03-09 10:45:00,2026-03-09 10:50:00,OG,Backtest,AdxDiCrossBracketOG,OG_AdxDiCrossBracketOG,OG,NQ,NQ JUN26,LONG,1,24692.75,24762.25,1385.64,1381.28,276.3,WIN,TARGET_HIT,24622.25,1410.00,2026-05-07 09:21:23
2026-03-19,2026-03-19 11:15:00,2026-03-19 11:25:00,OG,Backtest,AdxDiCrossBracketOG,OG_AdxDiCrossBracketOG,OG,NQ,NQ JUN26,LONG,1,24531.00,24485.50,-914.36,-918.72,-183.7,LOSS,STOP_HIT,24473.00,1160.00,2026-05-07 09:21:23
2026-03-27,2026-03-27 11:40:00,2026-03-27 11:45:00,OG,Backtest,AdxDiCrossBracketOG,OG_AdxDiCrossBracketOG,OG,NQ,NQ JUN26,LONG,1,23597.75,23540.25,-1154.36,-1158.72,-231.7,LOSS,STOP_HIT,23541.50,1125.00,2026-05-07 09:21:23
2026-03-13,2026-03-13 10:50:00,2026-03-13 10:50:00,OG,Backtest,AdxDiCrossBracketOG,OG_AdxDiCrossBracketOG,OG,NQ,NQ JUN26,SHORT,1,24804.25,24755.00,980.64,976.28,195.3,WIN,TARGET_HIT,24853.50,985.00,2026-05-07 09:21:23
2026-01-09,2026-01-09 10:30:00,2026-01-09 10:30:00,OG,Backtest,AdxDiCrossBracketOG,OG_AdxDiCrossBracketOG,OG,NQ,NQ JUN26,LONG,1,26010.00,26057.25,940.64,936.28,187.3,WIN,TARGET_HIT,25959.75,1005.00,2026-05-07 09:21:23
2026-03-09,2026-03-09 10:45:00,2026-03-09 10:50:00,OG,Backtest,AdxDiCrossBracketOG,OG_AdxDiCrossBracketOG,OG,NQ,NQ JUN26,LONG,1,24692.75,24762.25,1385.64,1381.28,276.3,WIN,TARGET_HIT,24622.25,1410.00,2026-05-07 09:21:23
2026-03-17,2026-03-17 11:15:00,2026-03-17 11:20:00,OG,Backtest,AdxDiCrossBracketOG,OG_AdxDiCrossBracketOG,OG,NQ,NQ JUN26,SHORT,1,25019.75,25057.00,-749.36,-753.72,-150.7,LOSS,STOP_HIT,25056.25,730.00,2026-05-07 09:21:23
2026-02-24,2026-02-24 09:50:00,2026-02-24 09:50:00,OG,Backtest,AdxDiCrossBracketOG,OG_AdxDiCrossBracketOG,OG,NQ,NQ JUN26,LONG,1,25121.25,25157.50,720.64,716.28,143.3,WIN,TARGET_HIT,25081.50,795.00,2026-05-07 09:21:23
2026-03-13,2026-03-13 10:50:00,2026-03-13 10:50:00,OG,Backtest,AdxDiCrossBracketOG,OG_AdxDiCrossBracketOG,OG,NQ,NQ JUN26,SHORT,1,24804.25,24755.00,980.64,976.28,195.3,WIN,TARGET_HIT,24853.50,985.00,2026-05-07 09:21:23
2026-04-02,2026-04-02 10:45:00,2026-04-02 10:45:00,OG,Backtest,AdxDiCrossBracketOG,OG_AdxDiCrossBracketOG,OG,NQ,NQ JUN26,LONG,1,24211.00,24133.25,-1559.36,-1563.72,-312.7,LOSS,STOP_HIT,24134.50,1530.00,2026-05-07 09:21:23
2026-01-20,2026-01-20 11:10:00,2026-01-20 11:15:00,OG,Backtest,AdxDiCrossBracketOG,OG_AdxDiCrossBracketOG,OG,NQ,NQ JUN26,LONG,1,25588.25,25600.25,235.64,231.28,46.3,WIN,STOP_HIT,25540.75,950.00,2026-05-07 09:21:23
2026-04-02,2026-04-02 10:45:00,2026-04-02 10:45:00,OG,Backtest,AdxDiCrossBracketOG,OG_AdxDiCrossBracketOG,OG,NQ,NQ JUN26,LONG,1,24211.00,24133.25,-1559.36,-1563.72,-312.7,LOSS,STOP_HIT,24134.50,1530.00,2026-05-07 09:21:23
2026-01-13,2026-01-13 10:10:00,2026-01-13 10:15:00,OG,Backtest,AdxDiCrossBracketOG,OG_AdxDiCrossBracketOG,OG,NQ,NQ JUN26,SHORT,1,26137.25,26108.00,580.64,576.28,115.3,WIN,TARGET_HIT,26168.00,615.00,2026-05-07 09:21:23
2026-03-25,2026-03-25 11:20:00,2026-03-25 11:20:00,OG,Backtest,AdxDiCrossBracketOG,OG_AdxDiCrossBracketOG,OG,NQ,NQ JUN26,SHORT,1,24385.25,24336.50,970.64,966.28,193.3,WIN,TARGET_HIT,24438.00,1055.00,2026-05-07 09:21:23
2026-04-02,2026-04-02 10:45:00,2026-04-02 10:45:00,OG,Backtest,AdxDiCrossBracketOG,OG_AdxDiCrossBracketOG,OG,NQ,NQ JUN26,LONG,1,24211.00,24133.25,-1559.36,-1563.72,-312.7,LOSS,STOP_HIT,24134.50,1530.00,2026-05-07 09:21:23
2026-04-07,2026-04-07 11:40:00,2026-04-07 12:00:00,OG,Backtest,AdxDiCrossBracketOG,OG_AdxDiCrossBracketOG,OG,NQ,NQ JUN26,LONG,1,24072.25,24117.50,900.64,896.28,179.3,WIN,TARGET_HIT,24025.00,945.00,2026-05-07 09:21:23
2026-03-20,2026-03-20 11:30:00,2026-03-20 12:05:00,OG,Backtest,AdxDiCrossBracketOG,OG_AdxDiCrossBracketOG,OG,NQ,NQ JUN26,LONG,1,24275.00,24327.75,1050.64,1046.28,209.3,WIN,TARGET_HIT,24219.75,1105.00,2026-05-07 09:21:23
2026-03-09,2026-03-09 10:45:00,2026-03-09 10:50:00,OG,Backtest,AdxDiCrossBracketOG,OG_AdxDiCrossBracketOG,OG,NQ,NQ JUN26,LONG,1,24692.75,24762.25,1385.64,1381.28,276.3,WIN,TARGET_HIT,24622.25,1410.00,2026-05-07 09:21:23
2026-02-24,2026-02-24 10:15:00,2026-02-24 10:15:00,OG,Backtest,AdxDiCrossBracketOG,OG_AdxDiCrossBracketOG,OG,NQ,NQ JUN26,LONG,1,25110.00,25063.00,-944.36,-948.72,-189.7,LOSS,STOP_HIT,25064.25,915.00,2026-05-07 09:21:23
2026-02-13,2026-02-13 10:35:00,2026-02-13 10:35:00,OG,Backtest,AdxDiCrossBracketOG,OG_AdxDiCrossBracketOG,OG,NQ,NQ JUN26,LONG,1,25058.75,25127.00,1360.64,1356.28,271.3,WIN,TARGET_HIT,24987.50,1425.00,2026-05-07 09:21:23
2026-01-09,2026-01-09 10:15:00,2026-01-09 10:15:00,OG,Backtest,AdxDiCrossBracketOG,OG_AdxDiCrossBracketOG,OG,NQ,NQ JUN26,SHORT,1,25849.75,25897.00,-949.36,-953.72,-190.7,LOSS,STOP_HIT,25895.75,920.00,2026-05-07 09:21:23
2026-04-07,2026-04-07 11:40:00,2026-04-07 12:00:00,OG,Backtest,AdxDiCrossBracketOG,OG_AdxDiCrossBracketOG,OG,NQ,NQ JUN26,LONG,1,24072.25,24117.50,900.64,896.28,179.3,WIN,TARGET_HIT,24025.00,945.00,2026-05-07 09:21:23
2026-04-10,2026-04-10 11:45:00,2026-04-10 12:00:00,OG,Backtest,AdxDiCrossBracketOG,OG_AdxDiCrossBracketOG,OG,NQ,NQ JUN26,SHORT,1,25300.75,25269.75,615.64,611.28,122.3,WIN,TARGET_HIT,25334.25,670.00,2026-05-07 09:21:23
2026-02-05,2026-02-05 11:40:00,2026-02-05 11:50:00,OG,Backtest,AdxDiCrossBracketOG,OG_AdxDiCrossBracketOG,OG,NQ,NQ JUN26,LONG,1,25026.25,24991.50,-699.36,-703.72,-140.7,LOSS,STOP_HIT,24938.00,1765.00,2026-05-07 09:21:23
2026-04-02,2026-04-02 10:45:00,2026-04-02 10:45:00,OG,Backtest,AdxDiCrossBracketOG,OG_AdxDiCrossBracketOG,OG,NQ,NQ JUN26,LONG,1,24211.00,24133.25,-1559.36,-1563.72,-312.7,LOSS,STOP_HIT,24134.50,1530.00,2026-05-07 09:21:23
2026-01-09,2026-01-09 09:45:00,2026-01-09 09:50:00,OG,Backtest,AdxDiCrossBracketOG,OG_AdxDiCrossBracketOG,OG,NQ,NQ JUN26,LONG,1,25965.75,25936.75,-584.36,-588.72,-117.7,LOSS,STOP_HIT,25938.00,555.00,2026-05-07 09:21:23
2026-04-06,2026-04-06 10:55:00,2026-04-06 11:00:00,OG,Backtest,AdxDiCrossBracketOG,OG_AdxDiCrossBracketOG,OG,NQ,NQ JUN26,SHORT,1,24269.25,24322.25,-1064.36,-1068.72,-213.7,LOSS,STOP_HIT,24321.00,1035.00,2026-05-07 09:21:23
2026-01-06,2026-01-06 11:00:00,2026-01-06 11:05:00,OG,Backtest,AdxDiCrossBracketOG,OG_AdxDiCrossBracketOG,OG,NQ,NQ JUN26,SHORT,1,25908.50,25880.75,550.64,546.28,109.3,WIN,TARGET_HIT,25938.25,595.00,2026-05-07 09:21:23
2026-04-06,2026-04-06 11:35:00,2026-04-06 11:50:00,OG,Backtest,AdxDiCrossBracketOG,OG_AdxDiCrossBracketOG,OG,NQ,NQ JUN26,SHORT,1,24280.00,24294.25,-289.36,-293.72,-58.7,LOSS,STOP_HIT,24325.50,910.00,2026-05-07 09:21:23
2026-01-20,2026-01-20 11:10:00,2026-01-20 11:15:00,OG,Backtest,AdxDiCrossBracketOG,OG_AdxDiCrossBracketOG,OG,NQ,NQ JUN26,LONG,1,25588.25,25600.25,235.64,231.28,46.3,WIN,STOP_HIT,25540.75,950.00,2026-05-07 09:21:23
2026-04-10,2026-04-10 11:45:00,2026-04-10 12:00:00,OG,Backtest,AdxDiCrossBracketOG,OG_AdxDiCrossBracketOG,OG,NQ,NQ JUN26,SHORT,1,25300.75,25269.75,615.64,611.28,122.3,WIN,TARGET_HIT,25334.25,670.00,2026-05-07 09:21:23
2026-04-07,2026-04-07 11:40:00,2026-04-07 12:00:00,OG,Backtest,AdxDiCrossBracketOG,OG_AdxDiCrossBracketOG,OG,NQ,NQ JUN26,LONG,1,24072.25,24117.50,900.64,896.28,179.3,WIN,TARGET_HIT,24025.00,945.00,2026-05-07 09:21:23
2026-01-09,2026-01-09 10:15:00,2026-01-09 10:15:00,OG,Backtest,AdxDiCrossBracketOG,OG_AdxDiCrossBracketOG,OG,NQ,NQ JUN26,SHORT,1,25849.75,25897.00,-949.36,-953.72,-190.7,LOSS,STOP_HIT,25895.75,920.00,2026-05-07 09:21:23
2026-01-21,2026-01-21 11:45:00,2026-01-21 11:45:00,OG,Backtest,AdxDiCrossBracketOG,OG_AdxDiCrossBracketOG,OG,NQ,NQ JUN26,SHORT,1,25543.00,25505.75,740.64,736.28,147.3,WIN,TARGET_HIT,25582.25,785.00,2026-05-07 09:21:23
2026-02-13,2026-02-13 10:50:00,2026-02-13 11:05:00,OG,Backtest,AdxDiCrossBracketOG,OG_AdxDiCrossBracketOG,OG,NQ,NQ JUN26,SHORT,1,24982.25,25021.00,-779.36,-783.72,-156.7,LOSS,STOP_HIT,25055.00,1455.00,2026-05-07 09:21:23
2026-04-10,2026-04-10 11:45:00,2026-04-10 12:00:00,OG,Backtest,AdxDiCrossBracketOG,OG_AdxDiCrossBracketOG,OG,NQ,NQ JUN26,SHORT,1,25300.75,25269.75,615.64,611.28,122.3,WIN,TARGET_HIT,25334.25,670.00,2026-05-07 09:21:23
2026-03-25,2026-03-25 11:20:00,2026-03-25 11:20:00,OG,Backtest,AdxDiCrossBracketOG,OG_AdxDiCrossBracketOG,OG,NQ,NQ JUN26,SHORT,1,24385.25,24336.50,970.64,966.28,193.3,WIN,TARGET_HIT,24438.00,1055.00,2026-05-07 09:21:23
2026-01-06,2026-01-06 11:00:00,2026-01-06 11:05:00,OG,Backtest,AdxDiCrossBracketOG,OG_AdxDiCrossBracketOG,OG,NQ,NQ JUN26,SHORT,1,25908.50,25880.75,550.64,546.28,109.3,WIN,TARGET_HIT,25938.25,595.00,2026-05-07 09:21:23
2026-01-09,2026-01-09 10:30:00,2026-01-09 10:30:00,OG,Backtest,AdxDiCrossBracketOG,OG_AdxDiCrossBracketOG,OG,NQ,NQ JUN26,LONG,1,26010.00,26057.25,940.64,936.28,187.3,WIN,TARGET_HIT,25959.75,1005.00,2026-05-07 09:21:23
2026-02-03,2026-02-03 09:50:00,2026-02-03 09:50:00,OG,Backtest,AdxDiCrossBracketOG,OG_AdxDiCrossBracketOG,OG,NQ,NQ JUN26,SHORT,1,25960.00,25999.25,-789.36,-793.72,-158.7,LOSS,STOP_HIT,25998.00,760.00,2026-05-07 09:21:23
2026-02-13,2026-02-13 10:50:00,2026-02-13 11:05:00,OG,Backtest,AdxDiCrossBracketOG,OG_AdxDiCrossBracketOG,OG,NQ,NQ JUN26,SHORT,1,24982.25,25021.00,-779.36,-783.72,-156.7,LOSS,STOP_HIT,25055.00,1455.00,2026-05-07 09:21:23
2026-03-02,2026-03-02 11:15:00,2026-03-02 11:20:00,OG,Backtest,AdxDiCrossBracketOG,OG_AdxDiCrossBracketOG,OG,NQ,NQ JUN26,LONG,1,25187.75,25180.00,-159.36,-163.72,-32.7,LOSS,STOP_HIT,25129.50,1165.00,2026-05-07 09:21:23
2026-03-19,2026-03-19 11:15:00,2026-03-19 11:25:00,OG,Backtest,AdxDiCrossBracketOG,OG_AdxDiCrossBracketOG,OG,NQ,NQ JUN26,LONG,1,24531.00,24485.50,-914.36,-918.72,-183.7,LOSS,STOP_HIT,24473.00,1160.00,2026-05-07 09:21:23
2026-02-17,2026-02-17 11:10:00,2026-02-17 11:10:00,OG,Backtest,AdxDiCrossBracketOG,OG_AdxDiCrossBracketOG,OG,NQ,NQ JUN26,LONG,1,24862.00,24927.25,1300.64,1296.28,259.3,WIN,TARGET_HIT,24793.75,1365.00,2026-05-07 09:21:23
2026-02-11,2026-02-11 10:20:00,2026-02-11 10:20:00,OG,Backtest,AdxDiCrossBracketOG,OG_AdxDiCrossBracketOG,OG,NQ,NQ JUN26,SHORT,1,25395.25,25345.50,990.64,986.28,197.3,WIN,TARGET_HIT,25448.50,1065.00,2026-05-07 09:21:23
2026-02-24,2026-02-24 09:50:00,2026-02-24 09:50:00,OG,Backtest,AdxDiCrossBracketOG,OG_AdxDiCrossBracketOG,OG,NQ,NQ JUN26,LONG,1,25121.25,25157.50,720.64,716.28,143.3,WIN,TARGET_HIT,25081.50,795.00,2026-05-07 09:21:23
2026-02-11,2026-02-11 11:20:00,2026-02-11 11:25:00,OG,Backtest,AdxDiCrossBracketOG,OG_AdxDiCrossBracketOG,OG,NQ,NQ JUN26,LONG,1,25468.75,25457.00,-239.36,-243.72,-48.7,LOSS,STOP_HIT,25406.75,1240.00,2026-05-07 09:21:23
2026-01-09,2026-01-09 10:15:00,2026-01-09 10:15:00,OG,Backtest,AdxDiCrossBracketOG,OG_AdxDiCrossBracketOG,OG,NQ,NQ JUN26,SHORT,1,25849.75,25897.00,-949.36,-953.72,-190.7,LOSS,STOP_HIT,25895.75,920.00,2026-05-07 09:21:23
2026-03-25,2026-03-25 11:20:00,2026-03-25 11:20:00,OG,Backtest,AdxDiCrossBracketOG,OG_AdxDiCrossBracketOG,OG,NQ,NQ JUN26,SHORT,1,24385.25,24336.50,970.64,966.28,193.3,WIN,TARGET_HIT,24438.00,1055.00,2026-05-07 09:21:23
2026-04-06,2026-04-06 11:35:00,2026-04-06 11:50:00,OG,Backtest,AdxDiCrossBracketOG,OG_AdxDiCrossBracketOG,OG,NQ,NQ JUN26,SHORT,1,24280.00,24294.25,-289.36,-293.72,-58.7,LOSS,STOP_HIT,24325.50,910.00,2026-05-07 09:21:23
2026-01-06,2026-01-06 11:00:00,2026-01-06 11:05:00,OG,Backtest,AdxDiCrossBracketOG,OG_AdxDiCrossBracketOG,OG,NQ,NQ JUN26,SHORT,1,25908.50,25880.75,550.64,546.28,109.3,WIN,TARGET_HIT,25938.25,595.00,2026-05-07 09:21:23
2026-01-07,2026-01-07 10:10:00,2026-01-07 10:10:00,OG,Backtest,AdxDiCrossBracketOG,OG_AdxDiCrossBracketOG,OG,NQ,NQ JUN26,SHORT,1,26050.00,26073.50,-474.36,-478.72,-95.7,LOSS,STOP_HIT,26072.25,445.00,2026-05-07 09:21:23
2026-02-13,2026-02-13 10:35:00,2026-02-13 10:35:00,OG,Backtest,AdxDiCrossBracketOG,OG_AdxDiCrossBracketOG,OG,NQ,NQ JUN26,LONG,1,25058.75,25127.00,1360.64,1356.28,271.3,WIN,TARGET_HIT,24987.50,1425.00,2026-05-07 09:21:23
2026-03-19,2026-03-19 11:15:00,2026-03-19 11:25:00,OG,Backtest,AdxDiCrossBracketOG,OG_AdxDiCrossBracketOG,OG,NQ,NQ JUN26,LONG,1,24531.00,24485.50,-914.36,-918.72,-183.7,LOSS,STOP_HIT,24473.00,1160.00,2026-05-07 09:21:23
2026-04-06,2026-04-06 10:55:00,2026-04-06 11:00:00,OG,Backtest,AdxDiCrossBracketOG,OG_AdxDiCrossBracketOG,OG,NQ,NQ JUN26,SHORT,1,24269.25,24322.25,-1064.36,-1068.72,-213.7,LOSS,STOP_HIT,24321.00,1035.00,2026-05-07 09:21:23
2026-01-09,2026-01-09 10:10:00,2026-01-09 10:10:00,OG,Backtest,AdxDiCrossBracketOG,OG_AdxDiCrossBracketOG,OG,NQ,NQ JUN26,LONG,1,25922.50,25881.00,-834.36,-838.72,-167.7,LOSS,STOP_HIT,25882.25,805.00,2026-05-07 09:21:23
2026-01-09,2026-01-09 10:15:00,2026-01-09 10:15:00,OG,Backtest,AdxDiCrossBracketOG,OG_AdxDiCrossBracketOG,OG,NQ,NQ JUN26,SHORT,1,25849.75,25897.00,-949.36,-953.72,-190.7,LOSS,STOP_HIT,25895.75,920.00,2026-05-07 09:21:23
2026-01-09,2026-01-09 10:15:00,2026-01-09 10:15:00,OG,Backtest,AdxDiCrossBracketOG,OG_AdxDiCrossBracketOG,OG,NQ,NQ JUN26,SHORT,1,25849.75,25897.00,-949.36,-953.72,-190.7,LOSS,STOP_HIT,25895.75,920.00,2026-05-07 09:21:23
2026-03-25,2026-03-25 11:20:00,2026-03-25 11:20:00,OG,Backtest,AdxDiCrossBracketOG,OG_AdxDiCrossBracketOG,OG,NQ,NQ JUN26,SHORT,1,24385.25,24336.50,970.64,966.28,193.3,WIN,TARGET_HIT,24438.00,1055.00,2026-05-07 09:21:23
2026-01-09,2026-01-09 09:45:00,2026-01-09 09:50:00,OG,Backtest,AdxDiCrossBracketOG,OG_AdxDiCrossBracketOG,OG,NQ,NQ JUN26,LONG,1,25965.75,25936.75,-584.36,-588.72,-117.7,LOSS,STOP_HIT,25938.00,555.00,2026-05-07 09:21:23
2026-01-06,2026-01-06 11:00:00,2026-01-06 11:05:00,OG,Backtest,AdxDiCrossBracketOG,OG_AdxDiCrossBracketOG,OG,NQ,NQ JUN26,SHORT,1,25908.50,25880.75,550.64,546.28,109.3,WIN,TARGET_HIT,25938.25,595.00,2026-05-07 09:21:23
2026-01-09,2026-01-09 09:55:00,2026-01-09 09:55:00,OG,Backtest,AdxDiCrossBracketOG,OG_AdxDiCrossBracketOG,OG,NQ,NQ JUN26,SHORT,1,25912.50,25949.00,-734.36,-738.72,-147.7,LOSS,STOP_HIT,25947.75,705.00,2026-05-07 09:21:23
2026-01-07,2026-01-07 09:50:00,2026-01-07 09:50:00,OG,Backtest,AdxDiCrossBracketOG,OG_AdxDiCrossBracketOG,OG,NQ,NQ JUN26,LONG,1,26064.50,26079.75,300.64,296.28,59.3,WIN,TARGET_HIT,26047.25,345.00,2026-05-07 09:21:23
2026-02-13,2026-02-13 10:35:00,2026-02-13 10:35:00,OG,Backtest,AdxDiCrossBracketOG,OG_AdxDiCrossBracketOG,OG,NQ,NQ JUN26,LONG,1,25058.75,25127.00,1360.64,1356.28,271.3,WIN,TARGET_HIT,24987.50,1425.00,2026-05-07 09:21:23
2026-01-28,2026-01-28 10:55:00,2026-01-28 11:20:00,OG,Backtest,AdxDiCrossBracketOG,OG_AdxDiCrossBracketOG,OG,NQ,NQ JUN26,SHORT,1,26394.50,26393.75,10.64,6.28,1.3,WIN,STOP_HIT,26429.00,690.00,2026-05-07 09:21:23
2026-01-12,2026-01-12 11:25:00,2026-01-12 11:35:00,OG,Backtest,AdxDiCrossBracketOG,OG_AdxDiCrossBracketOG,OG,NQ,NQ JUN26,LONG,1,26159.50,26149.25,-209.36,-213.72,-42.7,LOSS,STOP_HIT,26131.75,555.00,2026-05-07 09:21:23
2026-01-30,2026-01-30 10:55:00,2026-01-30 10:55:00,OG,Backtest,AdxDiCrossBracketOG,OG_AdxDiCrossBracketOG,OG,NQ,NQ JUN26,LONG,1,26118.00,26058.75,-1189.36,-1193.72,-238.7,LOSS,STOP_HIT,26060.00,1160.00,2026-05-07 09:21:23
2026-01-12,2026-01-12 11:25:00,2026-01-12 11:35:00,OG,Backtest,AdxDiCrossBracketOG,OG_AdxDiCrossBracketOG,OG,NQ,NQ JUN26,LONG,1,26159.50,26149.25,-209.36,-213.72,-42.7,LOSS,STOP_HIT,26131.75,555.00,2026-05-07 09:21:23
2026-01-12,2026-01-12 11:25:00,2026-01-12 11:35:00,OG,Backtest,AdxDiCrossBracketOG,OG_AdxDiCrossBracketOG,OG,NQ,NQ JUN26,LONG,1,26159.50,26149.25,-209.36,-213.72,-42.7,LOSS,STOP_HIT,26131.75,555.00,2026-05-07 09:21:23
2026-04-07,2026-04-07 11:40:00,2026-04-07 12:00:00,OG,Backtest,AdxDiCrossBracketOG,OG_AdxDiCrossBracketOG,OG,NQ,NQ JUN26,LONG,1,24072.25,24117.50,900.64,896.28,179.3,WIN,TARGET_HIT,24025.00,945.00,2026-05-07 09:21:23
2026-01-09,2026-01-09 10:15:00,2026-01-09 10:15:00,OG,Backtest,AdxDiCrossBracketOG,OG_AdxDiCrossBracketOG,OG,NQ,NQ JUN26,SHORT,1,25849.75,25897.00,-949.36,-953.72,-190.7,LOSS,STOP_HIT,25895.75,920.00,2026-05-07 09:21:23
2026-01-20,2026-01-20 10:50:00,2026-01-20 10:55:00,OG,Backtest,AdxDiCrossBracketOG,OG_AdxDiCrossBracketOG,OG,NQ,NQ JUN26,LONG,1,25598.75,25558.75,-804.36,-808.72,-161.7,LOSS,STOP_HIT,25550.75,960.00,2026-05-07 09:21:23
2026-01-09,2026-01-09 10:15:00,2026-01-09 10:15:00,OG,Backtest,AdxDiCrossBracketOG,OG_AdxDiCrossBracketOG,OG,NQ,NQ JUN26,SHORT,1,25849.75,25897.00,-949.36,-953.72,-190.7,LOSS,STOP_HIT,25895.75,920.00,2026-05-07 09:21:23
2026-01-23,2026-01-23 10:10:00,2026-01-23 10:15:00,OG,Backtest,AdxDiCrossBracketOG,OG_AdxDiCrossBracketOG,OG,NQ,NQ JUN26,LONG,1,25921.75,25885.00,-739.36,-743.72,-148.7,LOSS,STOP_HIT,25885.50,725.00,2026-05-07 09:21:23
2026-01-21,2026-01-21 11:45:00,2026-01-21 11:45:00,OG,Backtest,AdxDiCrossBracketOG,OG_AdxDiCrossBracketOG,OG,NQ,NQ JUN26,SHORT,1,25543.00,25505.75,740.64,736.28,147.3,WIN,TARGET_HIT,25582.25,785.00,2026-05-07 09:21:23
2026-01-09,2026-01-09 09:45:00,2026-01-09 09:50:00,OG,Backtest,AdxDiCrossBracketOG,OG_AdxDiCrossBracketOG,OG,NQ,NQ JUN26,LONG,1,25965.75,25936.75,-584.36,-588.72,-117.7,LOSS,STOP_HIT,25938.00,555.00,2026-05-07 09:21:23
2026-01-21,2026-01-21 11:45:00,2026-01-21 11:45:00,OG,Backtest,AdxDiCrossBracketOG,OG_AdxDiCrossBracketOG,OG,NQ,NQ JUN26,SHORT,1,25543.00,25505.75,740.64,736.28,147.3,WIN,TARGET_HIT,25582.25,785.00,2026-05-07 09:21:23
2026-01-30,2026-01-30 10:55:00,2026-01-30 10:55:00,OG,Backtest,AdxDiCrossBracketOG,OG_AdxDiCrossBracketOG,OG,NQ,NQ JUN26,LONG,1,26118.00,26058.75,-1189.36,-1193.72,-238.7,LOSS,STOP_HIT,26060.00,1160.00,2026-05-07 09:21:23
2026-02-11,2026-02-11 11:05:00,2026-02-11 11:10:00,OG,Backtest,AdxDiCrossBracketOG,OG_AdxDiCrossBracketOG,OG,NQ,NQ JUN26,LONG,1,25454.25,25417.50,-739.36,-743.72,-148.7,LOSS,STOP_HIT,25393.00,1225.00,2026-05-07 09:21:23
2026-03-25,2026-03-25 11:20:00,2026-03-25 11:20:00,OG,Backtest,AdxDiCrossBracketOG,OG_AdxDiCrossBracketOG,OG,NQ,NQ JUN26,SHORT,1,24385.25,24336.50,970.64,966.28,193.3,WIN,TARGET_HIT,24438.00,1055.00,2026-05-07 09:21:23
2026-01-28,2026-01-28 10:55:00,2026-01-28 11:20:00,OG,Backtest,AdxDiCrossBracketOG,OG_AdxDiCrossBracketOG,OG,NQ,NQ JUN26,SHORT,1,26394.50,26393.75,10.64,6.28,1.3,WIN,STOP_HIT,26429.00,690.00,2026-05-07 09:21:23
2026-02-13,2026-02-13 10:35:00,2026-02-13 10:35:00,OG,Backtest,AdxDiCrossBracketOG,OG_AdxDiCrossBracketOG,OG,NQ,NQ JUN26,LONG,1,25058.75,25127.00,1360.64,1356.28,271.3,WIN,TARGET_HIT,24987.50,1425.00,2026-05-07 09:21:23
2026-03-12,2026-03-12 11:50:00,2026-03-12 11:50:00,OG,Backtest,AdxDiCrossBracketOG,OG_AdxDiCrossBracketOG,OG,NQ,NQ JUN26,LONG,1,24898.75,24843.25,-1114.36,-1118.72,-223.7,LOSS,STOP_HIT,24844.50,1085.00,2026-05-07 09:21:23
2026-01-30,2026-01-30 11:00:00,2026-01-30 11:10:00,OG,Backtest,AdxDiCrossBracketOG,OG_AdxDiCrossBracketOG,OG,NQ,NQ JUN26,SHORT,1,26071.50,26048.25,460.64,456.28,91.3,WIN,STOP_HIT,26129.00,1150.00,2026-05-07 09:21:23
2026-04-02,2026-04-02 10:45:00,2026-04-02 10:45:00,OG,Backtest,AdxDiCrossBracketOG,OG_AdxDiCrossBracketOG,OG,NQ,NQ JUN26,LONG,1,24211.00,24133.25,-1559.36,-1563.72,-312.7,LOSS,STOP_HIT,24134.50,1530.00,2026-05-07 09:21:23
2026-01-07,2026-01-07 09:50:00,2026-01-07 09:50:00,OG,Backtest,AdxDiCrossBracketOG,OG_AdxDiCrossBracketOG,OG,NQ,NQ JUN26,LONG,1,26064.50,26079.75,300.64,296.28,59.3,WIN,TARGET_HIT,26047.25,345.00,2026-05-07 09:21:23
2026-01-23,2026-01-23 10:10:00,2026-01-23 10:15:00,OG,Backtest,AdxDiCrossBracketOG,OG_AdxDiCrossBracketOG,OG,NQ,NQ JUN26,LONG,1,25921.75,25885.00,-739.36,-743.72,-148.7,LOSS,STOP_HIT,25885.50,725.00,2026-05-07 09:21:23
2026-02-05,2026-02-05 11:40:00,2026-02-05 11:50:00,OG,Backtest,AdxDiCrossBracketOG,OG_AdxDiCrossBracketOG,OG,NQ,NQ JUN26,LONG,1,25026.25,24991.50,-699.36,-703.72,-140.7,LOSS,STOP_HIT,24938.00,1765.00,2026-05-07 09:21:23
2026-01-30,2026-01-30 11:00:00,2026-01-30 11:10:00,OG,Backtest,AdxDiCrossBracketOG,OG_AdxDiCrossBracketOG,OG,NQ,NQ JUN26,SHORT,1,26071.50,26048.25,460.64,456.28,91.3,WIN,STOP_HIT,26129.00,1150.00,2026-05-07 09:21:23
2026-01-30,2026-01-30 10:55:00,2026-01-30 10:55:00,OG,Backtest,AdxDiCrossBracketOG,OG_AdxDiCrossBracketOG,OG,NQ,NQ JUN26,LONG,1,26118.00,26058.75,-1189.36,-1193.72,-238.7,LOSS,STOP_HIT,26060.00,1160.00,2026-05-07 09:21:23
2026-03-20,2026-03-20 11:30:00,2026-03-20 12:05:00,OG,Backtest,AdxDiCrossBracketOG,OG_AdxDiCrossBracketOG,OG,NQ,NQ JUN26,LONG,1,24275.00,24327.75,1050.64,1046.28,209.3,WIN,TARGET_HIT,24219.75,1105.00,2026-05-07 09:21:24
2026-02-13,2026-02-13 10:35:00,2026-02-13 10:35:00,OG,Backtest,AdxDiCrossBracketOG,OG_AdxDiCrossBracketOG,OG,NQ,NQ JUN26,LONG,1,25058.75,25127.00,1360.64,1356.28,271.3,WIN,TARGET_HIT,24987.50,1425.00,2026-05-07 09:21:24
2026-01-09,2026-01-09 10:10:00,2026-01-09 10:10:00,OG,Backtest,AdxDiCrossBracketOG,OG_AdxDiCrossBracketOG,OG,NQ,NQ JUN26,LONG,1,25922.50,25881.00,-834.36,-838.72,-167.7,LOSS,STOP_HIT,25882.25,805.00,2026-05-07 09:21:24
2026-02-03,2026-02-03 09:50:00,2026-02-03 09:50:00,OG,Backtest,AdxDiCrossBracketOG,OG_AdxDiCrossBracketOG,OG,NQ,NQ JUN26,SHORT,1,25960.00,25999.25,-789.36,-793.72,-158.7,LOSS,STOP_HIT,25998.00,760.00,2026-05-07 09:21:24
2026-01-28,2026-01-28 10:55:00,2026-01-28 11:20:00,OG,Backtest,AdxDiCrossBracketOG,OG_AdxDiCrossBracketOG,OG,NQ,NQ JUN26,SHORT,1,26394.50,26393.75,10.64,6.28,1.3,WIN,STOP_HIT,26429.00,690.00,2026-05-07 09:21:24
2026-02-11,2026-02-11 11:20:00,2026-02-11 11:25:00,OG,Backtest,AdxDiCrossBracketOG,OG_AdxDiCrossBracketOG,OG,NQ,NQ JUN26,LONG,1,25468.75,25457.00,-239.36,-243.72,-48.7,LOSS,STOP_HIT,25406.75,1240.00,2026-05-07 09:21:24
2026-02-10,2026-02-10 09:45:00,2026-02-10 09:45:00,OG,Backtest,AdxDiCrossBracketOG,OG_AdxDiCrossBracketOG,OG,NQ,NQ JUN26,SHORT,1,25534.50,25512.25,440.64,436.28,87.3,WIN,TARGET_HIT,25559.75,505.00,2026-05-07 09:21:24
2026-01-07,2026-01-07 09:50:00,2026-01-07 09:50:00,OG,Backtest,AdxDiCrossBracketOG,OG_AdxDiCrossBracketOG,OG,NQ,NQ JUN26,LONG,1,26064.50,26079.75,300.64,296.28,59.3,WIN,TARGET_HIT,26047.25,345.00,2026-05-07 09:21:24
2026-02-24,2026-02-24 09:50:00,2026-02-24 09:50:00,OG,Backtest,AdxDiCrossBracketOG,OG_AdxDiCrossBracketOG,OG,NQ,NQ JUN26,LONG,1,25121.25,25157.50,720.64,716.28,143.3,WIN,TARGET_HIT,25081.50,795.00,2026-05-07 09:21:24
2026-02-11,2026-02-11 10:20:00,2026-02-11 10:20:00,OG,Backtest,AdxDiCrossBracketOG,OG_AdxDiCrossBracketOG,OG,NQ,NQ JUN26,SHORT,1,25395.25,25345.50,990.64,986.28,197.3,WIN,TARGET_HIT,25448.50,1065.00,2026-05-07 09:21:24
2026-01-13,2026-01-13 10:10:00,2026-01-13 10:15:00,OG,Backtest,AdxDiCrossBracketOG,OG_AdxDiCrossBracketOG,OG,NQ,NQ JUN26,SHORT,1,26137.25,26108.00,580.64,576.28,115.3,WIN,TARGET_HIT,26168.00,615.00,2026-05-07 09:21:24
2026-03-13,2026-03-13 10:50:00,2026-03-13 10:50:00,OG,Backtest,AdxDiCrossBracketOG,OG_AdxDiCrossBracketOG,OG,NQ,NQ JUN26,SHORT,1,24804.25,24755.00,980.64,976.28,195.3,WIN,TARGET_HIT,24853.50,985.00,2026-05-07 09:21:24
2026-04-07,2026-04-07 11:40:00,2026-04-07 12:00:00,OG,Backtest,AdxDiCrossBracketOG,OG_AdxDiCrossBracketOG,OG,NQ,NQ JUN26,LONG,1,24072.25,24117.50,900.64,896.28,179.3,WIN,TARGET_HIT,24025.00,945.00,2026-05-07 09:21:24
2026-01-09,2026-01-09 10:30:00,2026-01-09 10:30:00,OG,Backtest,AdxDiCrossBracketOG,OG_AdxDiCrossBracketOG,OG,NQ,NQ JUN26,LONG,1,26010.00,26057.25,940.64,936.28,187.3,WIN,TARGET_HIT,25959.75,1005.00,2026-05-07 09:21:24
2026-03-02,2026-03-02 11:15:00,2026-03-02 11:20:00,OG,Backtest,AdxDiCrossBracketOG,OG_AdxDiCrossBracketOG,OG,NQ,NQ JUN26,LONG,1,25187.75,25180.00,-159.36,-163.72,-32.7,LOSS,STOP_HIT,25129.50,1165.00,2026-05-07 09:21:24
2026-03-13,2026-03-13 10:50:00,2026-03-13 10:50:00,OG,Backtest,AdxDiCrossBracketOG,OG_AdxDiCrossBracketOG,OG,NQ,NQ JUN26,SHORT,1,24804.25,24755.00,980.64,976.28,195.3,WIN,TARGET_HIT,24853.50,985.00,2026-05-07 09:21:24
2026-02-11,2026-02-11 10:20:00,2026-02-11 10:20:00,OG,Backtest,AdxDiCrossBracketOG,OG_AdxDiCrossBracketOG,OG,NQ,NQ JUN26,SHORT,1,25395.25,25345.50,990.64,986.28,197.3,WIN,TARGET_HIT,25448.50,1065.00,2026-05-07 09:21:24
2026-03-02,2026-03-02 11:15:00,2026-03-02 11:20:00,OG,Backtest,AdxDiCrossBracketOG,OG_AdxDiCrossBracketOG,OG,NQ,NQ JUN26,LONG,1,25187.75,25180.00,-159.36,-163.72,-32.7,LOSS,STOP_HIT,25129.50,1165.00,2026-05-07 09:21:24
2026-01-21,2026-01-21 11:45:00,2026-01-21 11:45:00,OG,Backtest,AdxDiCrossBracketOG,OG_AdxDiCrossBracketOG,OG,NQ,NQ JUN26,SHORT,1,25543.00,25505.75,740.64,736.28,147.3,WIN,TARGET_HIT,25582.25,785.00,2026-05-07 09:21:24
2026-03-09,2026-03-09 10:45:00,2026-03-09 10:50:00,OG,Backtest,AdxDiCrossBracketOG,OG_AdxDiCrossBracketOG,OG,NQ,NQ JUN26,LONG,1,24692.75,24762.25,1385.64,1381.28,276.3,WIN,TARGET_HIT,24622.25,1410.00,2026-05-07 09:21:24
2026-02-11,2026-02-11 11:20:00,2026-02-11 11:25:00,OG,Backtest,AdxDiCrossBracketOG,OG_AdxDiCrossBracketOG,OG,NQ,NQ JUN26,LONG,1,25468.75,25457.00,-239.36,-243.72,-48.7,LOSS,STOP_HIT,25406.75,1240.00,2026-05-07 09:21:24
2026-03-27,2026-03-27 11:40:00,2026-03-27 11:45:00,OG,Backtest,AdxDiCrossBracketOG,OG_AdxDiCrossBracketOG,OG,NQ,NQ JUN26,LONG,1,23597.75,23540.25,-1154.36,-1158.72,-231.7,LOSS,STOP_HIT,23541.50,1125.00,2026-05-07 09:21:24
2026-03-06,2026-03-06 11:10:00,2026-03-06 11:15:00,OG,Backtest,AdxDiCrossBracketOG,OG_AdxDiCrossBracketOG,OG,NQ,NQ JUN26,LONG,1,25102.25,25058.25,-884.36,-888.72,-177.7,LOSS,STOP_HIT,25038.75,1270.00,2026-05-07 09:21:24
2026-03-03,2026-03-03 11:25:00,2026-03-03 11:40:00,OG,Backtest,AdxDiCrossBracketOG,OG_AdxDiCrossBracketOG,OG,NQ,NQ JUN26,LONG,1,24795.25,24816.50,420.64,416.28,83.3,WIN,STOP_HIT,24724.00,1425.00,2026-05-07 09:21:24
2026-03-20,2026-03-20 11:30:00,2026-03-20 12:05:00,OG,Backtest,AdxDiCrossBracketOG,OG_AdxDiCrossBracketOG,OG,NQ,NQ JUN26,LONG,1,24275.00,24327.75,1050.64,1046.28,209.3,WIN,TARGET_HIT,24219.75,1105.00,2026-05-07 09:21:24
2026-04-02,2026-04-02 10:45:00,2026-04-02 10:45:00,OG,Backtest,AdxDiCrossBracketOG,OG_AdxDiCrossBracketOG,OG,NQ,NQ JUN26,LONG,1,24211.00,24133.25,-1559.36,-1563.72,-312.7,LOSS,STOP_HIT,24134.50,1530.00,2026-05-07 09:21:24
2026-01-07,2026-01-07 10:10:00,2026-01-07 10:10:00,OG,Backtest,AdxDiCrossBracketOG,OG_AdxDiCrossBracketOG,OG,NQ,NQ JUN26,SHORT,1,26050.00,26073.50,-474.36,-478.72,-95.7,LOSS,STOP_HIT,26072.25,445.00,2026-05-07 09:21:24
2026-03-03,2026-03-03 11:25:00,2026-03-03 11:40:00,OG,Backtest,AdxDiCrossBracketOG,OG_AdxDiCrossBracketOG,OG,NQ,NQ JUN26,LONG,1,24795.25,24816.50,420.64,416.28,83.3,WIN,STOP_HIT,24724.00,1425.00,2026-05-07 09:21:24
2026-03-20,2026-03-20 11:30:00,2026-03-20 12:05:00,OG,Backtest,AdxDiCrossBracketOG,OG_AdxDiCrossBracketOG,OG,NQ,NQ JUN26,LONG,1,24275.00,24327.75,1050.64,1046.28,209.3,WIN,TARGET_HIT,24219.75,1105.00,2026-05-07 09:21:24
2026-04-07,2026-04-07 11:40:00,2026-04-07 12:00:00,OG,Backtest,AdxDiCrossBracketOG,OG_AdxDiCrossBracketOG,OG,NQ,NQ JUN26,LONG,1,24072.25,24117.50,900.64,896.28,179.3,WIN,TARGET_HIT,24025.00,945.00,2026-05-07 09:21:24
2026-03-27,2026-03-27 11:40:00,2026-03-27 11:45:00,OG,Backtest,AdxDiCrossBracketOG,OG_AdxDiCrossBracketOG,OG,NQ,NQ JUN26,LONG,1,23597.75,23540.25,-1154.36,-1158.72,-231.7,LOSS,STOP_HIT,23541.50,1125.00,2026-05-07 09:21:24
2026-04-06,2026-04-06 11:05:00,2026-04-06 11:35:00,OG,Backtest,AdxDiCrossBracketOG,OG_AdxDiCrossBracketOG,OG,NQ,NQ JUN26,LONG,1,24307.50,24280.00,-554.36,-558.72,-111.7,LOSS,STOP_HIT,24255.50,1040.00,2026-05-07 09:21:24
2026-01-06,2026-01-06 11:00:00,2026-01-06 11:05:00,OG,Backtest,AdxDiCrossBracketOG,OG_AdxDiCrossBracketOG,OG,NQ,NQ JUN26,SHORT,1,25908.50,25880.75,550.64,546.28,109.3,WIN,TARGET_HIT,25938.25,595.00,2026-05-07 09:21:24
2026-03-12,2026-03-12 11:50:00,2026-03-12 11:50:00,OG,Backtest,AdxDiCrossBracketOG,OG_AdxDiCrossBracketOG,OG,NQ,NQ JUN26,LONG,1,24898.75,24843.25,-1114.36,-1118.72,-223.7,LOSS,STOP_HIT,24844.50,1085.00,2026-05-07 09:21:24
2026-02-11,2026-02-11 11:05:00,2026-02-11 11:10:00,OG,Backtest,AdxDiCrossBracketOG,OG_AdxDiCrossBracketOG,OG,NQ,NQ JUN26,LONG,1,25454.25,25417.50,-739.36,-743.72,-148.7,LOSS,STOP_HIT,25393.00,1225.00,2026-05-07 09:21:24
2026-01-07,2026-01-07 10:10:00,2026-01-07 10:10:00,OG,Backtest,AdxDiCrossBracketOG,OG_AdxDiCrossBracketOG,OG,NQ,NQ JUN26,SHORT,1,26050.00,26073.50,-474.36,-478.72,-95.7,LOSS,STOP_HIT,26072.25,445.00,2026-05-07 09:21:24
2026-01-09,2026-01-09 10:15:00,2026-01-09 10:15:00,OG,Backtest,AdxDiCrossBracketOG,OG_AdxDiCrossBracketOG,OG,NQ,NQ JUN26,SHORT,1,25849.75,25897.00,-949.36,-953.72,-190.7,LOSS,STOP_HIT,25895.75,920.00,2026-05-07 09:21:24
2026-03-24,2026-03-24 11:00:00,2026-03-24 11:00:00,OG,Backtest,AdxDiCrossBracketOG,OG_AdxDiCrossBracketOG,OG,NQ,NQ JUN26,LONG,1,24282.25,24217.00,-1309.36,-1313.72,-262.7,LOSS,STOP_HIT,24218.25,1280.00,2026-05-07 09:21:24
2026-04-02,2026-04-02 10:45:00,2026-04-02 10:45:00,OG,Backtest,AdxDiCrossBracketOG,OG_AdxDiCrossBracketOG,OG,NQ,NQ JUN26,LONG,1,24211.00,24133.25,-1559.36,-1563.72,-312.7,LOSS,STOP_HIT,24134.50,1530.00,2026-05-07 09:21:24
2026-02-24,2026-02-24 10:10:00,2026-02-24 10:10:00,OG,Backtest,AdxDiCrossBracketOG,OG_AdxDiCrossBracketOG,OG,NQ,NQ JUN26,SHORT,1,25048.00,25093.50,-914.36,-918.72,-183.7,LOSS,STOP_HIT,25092.25,885.00,2026-05-07 09:21:24
2026-01-12,2026-01-12 11:25:00,2026-01-12 11:35:00,OG,Backtest,AdxDiCrossBracketOG,OG_AdxDiCrossBracketOG,OG,NQ,NQ JUN26,LONG,1,26159.50,26149.25,-209.36,-213.72,-42.7,LOSS,STOP_HIT,26131.75,555.00,2026-05-07 09:21:24
2026-01-16,2026-01-16 11:30:00,2026-01-16 11:35:00,OG,Backtest,AdxDiCrossBracketOG,OG_AdxDiCrossBracketOG,OG,NQ,NQ JUN26,LONG,1,25912.25,25924.50,240.64,236.28,47.3,WIN,STOP_HIT,25874.75,750.00,2026-05-07 09:21:24
2026-03-27,2026-03-27 11:40:00,2026-03-27 11:45:00,OG,Backtest,AdxDiCrossBracketOG,OG_AdxDiCrossBracketOG,OG,NQ,NQ JUN26,LONG,1,23597.75,23540.25,-1154.36,-1158.72,-231.7,LOSS,STOP_HIT,23541.50,1125.00,2026-05-07 09:21:24
2026-01-09,2026-01-09 10:15:00,2026-01-09 10:15:00,OG,Backtest,AdxDiCrossBracketOG,OG_AdxDiCrossBracketOG,OG,NQ,NQ JUN26,SHORT,1,25849.75,25897.00,-949.36,-953.72,-190.7,LOSS,STOP_HIT,25895.75,920.00,2026-05-07 09:21:24
2026-04-02,2026-04-02 10:45:00,2026-04-02 10:45:00,OG,Backtest,AdxDiCrossBracketOG,OG_AdxDiCrossBracketOG,OG,NQ,NQ JUN26,LONG,1,24211.00,24133.25,-1559.36,-1563.72,-312.7,LOSS,STOP_HIT,24134.50,1530.00,2026-05-07 09:21:24
2026-01-20,2026-01-20 10:50:00,2026-01-20 10:55:00,OG,Backtest,AdxDiCrossBracketOG,OG_AdxDiCrossBracketOG,OG,NQ,NQ JUN26,LONG,1,25598.75,25558.75,-804.36,-808.72,-161.7,LOSS,STOP_HIT,25550.75,960.00,2026-05-07 09:21:24
2026-03-27,2026-03-27 11:40:00,2026-03-27 11:45:00,OG,Backtest,AdxDiCrossBracketOG,OG_AdxDiCrossBracketOG,OG,NQ,NQ JUN26,LONG,1,23597.75,23540.25,-1154.36,-1158.72,-231.7,LOSS,STOP_HIT,23541.50,1125.00,2026-05-07 09:21:24
2026-01-12,2026-01-12 11:25:00,2026-01-12 11:35:00,OG,Backtest,AdxDiCrossBracketOG,OG_AdxDiCrossBracketOG,OG,NQ,NQ JUN26,LONG,1,26159.50,26149.25,-209.36,-213.72,-42.7,LOSS,STOP_HIT,26131.75,555.00,2026-05-07 09:21:24
2026-01-23,2026-01-23 10:10:00,2026-01-23 10:15:00,OG,Backtest,AdxDiCrossBracketOG,OG_AdxDiCrossBracketOG,OG,NQ,NQ JUN26,LONG,1,25921.75,25885.00,-739.36,-743.72,-148.7,LOSS,STOP_HIT,25885.50,725.00,2026-05-07 09:21:24
2026-03-02,2026-03-02 11:15:00,2026-03-02 11:20:00,OG,Backtest,AdxDiCrossBracketOG,OG_AdxDiCrossBracketOG,OG,NQ,NQ JUN26,LONG,1,25187.75,25180.00,-159.36,-163.72,-32.7,LOSS,STOP_HIT,25129.50,1165.00,2026-05-07 09:21:24
2026-03-03,2026-03-03 11:25:00,2026-03-03 11:40:00,OG,Backtest,AdxDiCrossBracketOG,OG_AdxDiCrossBracketOG,OG,NQ,NQ JUN26,LONG,1,24795.25,24816.50,420.64,416.28,83.3,WIN,STOP_HIT,24724.00,1425.00,2026-05-07 09:21:24
2026-03-25,2026-03-25 11:20:00,2026-03-25 11:20:00,OG,Backtest,AdxDiCrossBracketOG,OG_AdxDiCrossBracketOG,OG,NQ,NQ JUN26,SHORT,1,24385.25,24336.50,970.64,966.28,193.3,WIN,TARGET_HIT,24438.00,1055.00,2026-05-07 09:21:24
2026-03-06,2026-03-06 11:10:00,2026-03-06 11:15:00,OG,Backtest,AdxDiCrossBracketOG,OG_AdxDiCrossBracketOG,OG,NQ,NQ JUN26,LONG,1,25102.25,25058.25,-884.36,-888.72,-177.7,LOSS,STOP_HIT,25038.75,1270.00,2026-05-07 09:21:24
2026-03-06,2026-03-06 11:10:00,2026-03-06 11:15:00,OG,Backtest,AdxDiCrossBracketOG,OG_AdxDiCrossBracketOG,OG,NQ,NQ JUN26,LONG,1,25102.25,25058.25,-884.36,-888.72,-177.7,LOSS,STOP_HIT,25038.75,1270.00,2026-05-07 09:21:24
2026-01-20,2026-01-20 11:10:00,2026-01-20 11:15:00,OG,Backtest,AdxDiCrossBracketOG,OG_AdxDiCrossBracketOG,OG,NQ,NQ JUN26,LONG,1,25588.25,25600.25,235.64,231.28,46.3,WIN,STOP_HIT,25540.75,950.00,2026-05-07 09:21:24
2026-03-19,2026-03-19 11:15:00,2026-03-19 11:25:00,OG,Backtest,AdxDiCrossBracketOG,OG_AdxDiCrossBracketOG,OG,NQ,NQ JUN26,LONG,1,24531.00,24485.50,-914.36,-918.72,-183.7,LOSS,STOP_HIT,24473.00,1160.00,2026-05-07 09:21:24
2026-04-07,2026-04-07 11:40:00,2026-04-07 12:00:00,OG,Backtest,AdxDiCrossBracketOG,OG_AdxDiCrossBracketOG,OG,NQ,NQ JUN26,LONG,1,24072.25,24117.50,900.64,896.28,179.3,WIN,TARGET_HIT,24025.00,945.00,2026-05-07 09:21:24
2026-02-11,2026-02-11 11:20:00,2026-02-11 11:25:00,OG,Backtest,AdxDiCrossBracketOG,OG_AdxDiCrossBracketOG,OG,NQ,NQ JUN26,LONG,1,25468.75,25457.00,-239.36,-243.72,-48.7,LOSS,STOP_HIT,25406.75,1240.00,2026-05-07 09:21:24
2026-02-03,2026-02-03 09:50:00,2026-02-03 09:50:00,OG,Backtest,AdxDiCrossBracketOG,OG_AdxDiCrossBracketOG,OG,NQ,NQ JUN26,SHORT,1,25960.00,25999.25,-789.36,-793.72,-158.7,LOSS,STOP_HIT,25998.00,760.00,2026-05-07 09:21:24
2026-03-24,2026-03-24 11:00:00,2026-03-24 11:00:00,OG,Backtest,AdxDiCrossBracketOG,OG_AdxDiCrossBracketOG,OG,NQ,NQ JUN26,LONG,1,24282.25,24217.00,-1309.36,-1313.72,-262.7,LOSS,STOP_HIT,24218.25,1280.00,2026-05-07 09:21:24
2026-01-07,2026-01-07 09:50:00,2026-01-07 09:50:00,OG,Backtest,AdxDiCrossBracketOG,OG_AdxDiCrossBracketOG,OG,NQ,NQ JUN26,LONG,1,26064.50,26079.75,300.64,296.28,59.3,WIN,TARGET_HIT,26047.25,345.00,2026-05-07 09:21:24
2026-03-03,2026-03-03 11:25:00,2026-03-03 11:40:00,OG,Backtest,AdxDiCrossBracketOG,OG_AdxDiCrossBracketOG,OG,NQ,NQ JUN26,LONG,1,24795.25,24816.50,420.64,416.28,83.3,WIN,STOP_HIT,24724.00,1425.00,2026-05-07 09:21:24
2026-02-10,2026-02-10 09:45:00,2026-02-10 09:45:00,OG,Backtest,AdxDiCrossBracketOG,OG_AdxDiCrossBracketOG,OG,NQ,NQ JUN26,SHORT,1,25534.50,25512.25,440.64,436.28,87.3,WIN,TARGET_HIT,25559.75,505.00,2026-05-07 09:21:24
2026-03-06,2026-03-06 11:10:00,2026-03-06 11:15:00,OG,Backtest,AdxDiCrossBracketOG,OG_AdxDiCrossBracketOG,OG,NQ,NQ JUN26,LONG,1,25102.25,25058.25,-884.36,-888.72,-177.7,LOSS,STOP_HIT,25038.75,1270.00,2026-05-07 09:21:24
2026-02-11,2026-02-11 11:05:00,2026-02-11 11:10:00,OG,Backtest,AdxDiCrossBracketOG,OG_AdxDiCrossBracketOG,OG,NQ,NQ JUN26,LONG,1,25454.25,25417.50,-739.36,-743.72,-148.7,LOSS,STOP_HIT,25393.00,1225.00,2026-05-07 09:21:24
2026-03-12,2026-03-12 11:50:00,2026-03-12 11:50:00,OG,Backtest,AdxDiCrossBracketOG,OG_AdxDiCrossBracketOG,OG,NQ,NQ JUN26,LONG,1,24898.75,24843.25,-1114.36,-1118.72,-223.7,LOSS,STOP_HIT,24844.50,1085.00,2026-05-07 09:21:24
2026-02-03,2026-02-03 09:50:00,2026-02-03 09:50:00,OG,Backtest,AdxDiCrossBracketOG,OG_AdxDiCrossBracketOG,OG,NQ,NQ JUN26,SHORT,1,25960.00,25999.25,-789.36,-793.72,-158.7,LOSS,STOP_HIT,25998.00,760.00,2026-05-07 09:21:24
2026-02-13,2026-02-13 10:50:00,2026-02-13 11:05:00,OG,Backtest,AdxDiCrossBracketOG,OG_AdxDiCrossBracketOG,OG,NQ,NQ JUN26,SHORT,1,24982.25,25021.00,-779.36,-783.72,-156.7,LOSS,STOP_HIT,25055.00,1455.00,2026-05-07 09:21:24
2026-01-06,2026-01-06 11:00:00,2026-01-06 11:05:00,OG,Backtest,AdxDiCrossBracketOG,OG_AdxDiCrossBracketOG,OG,NQ,NQ JUN26,SHORT,1,25908.50,25880.75,550.64,546.28,109.3,WIN,TARGET_HIT,25938.25,595.00,2026-05-07 09:21:24
2026-01-07,2026-01-07 09:50:00,2026-01-07 09:50:00,OG,Backtest,AdxDiCrossBracketOG,OG_AdxDiCrossBracketOG,OG,NQ,NQ JUN26,LONG,1,26064.50,26079.75,300.64,296.28,59.3,WIN,TARGET_HIT,26047.25,345.00,2026-05-07 09:21:24
2026-03-03,2026-03-03 11:25:00,2026-03-03 11:40:00,OG,Backtest,AdxDiCrossBracketOG,OG_AdxDiCrossBracketOG,OG,NQ,NQ JUN26,LONG,1,24795.25,24816.50,420.64,416.28,83.3,WIN,STOP_HIT,24724.00,1425.00,2026-05-07 09:21:24
2026-01-07,2026-01-07 10:10:00,2026-01-07 10:10:00,OG,Backtest,AdxDiCrossBracketOG,OG_AdxDiCrossBracketOG,OG,NQ,NQ JUN26,SHORT,1,26050.00,26073.50,-474.36,-478.72,-95.7,LOSS,STOP_HIT,26072.25,445.00,2026-05-07 09:21:24
2026-02-11,2026-02-11 11:20:00,2026-02-11 11:25:00,OG,Backtest,AdxDiCrossBracketOG,OG_AdxDiCrossBracketOG,OG,NQ,NQ JUN26,LONG,1,25468.75,25457.00,-239.36,-243.72,-48.7,LOSS,STOP_HIT,25406.75,1240.00,2026-05-07 09:21:24
2026-03-24,2026-03-24 11:00:00,2026-03-24 11:00:00,OG,Backtest,AdxDiCrossBracketOG,OG_AdxDiCrossBracketOG,OG,NQ,NQ JUN26,LONG,1,24282.25,24217.00,-1309.36,-1313.72,-262.7,LOSS,STOP_HIT,24218.25,1280.00,2026-05-07 09:21:24
2026-02-13,2026-02-13 10:35:00,2026-02-13 10:35:00,OG,Backtest,AdxDiCrossBracketOG,OG_AdxDiCrossBracketOG,OG,NQ,NQ JUN26,LONG,1,25058.75,25127.00,1360.64,1356.28,271.3,WIN,TARGET_HIT,24987.50,1425.00,2026-05-07 09:21:24
2026-01-09,2026-01-09 09:55:00,2026-01-09 09:55:00,OG,Backtest,AdxDiCrossBracketOG,OG_AdxDiCrossBracketOG,OG,NQ,NQ JUN26,SHORT,1,25912.50,25949.00,-734.36,-738.72,-147.7,LOSS,STOP_HIT,25947.75,705.00,2026-05-07 09:21:24
2026-03-25,2026-03-25 11:20:00,2026-03-25 11:20:00,OG,Backtest,AdxDiCrossBracketOG,OG_AdxDiCrossBracketOG,OG,NQ,NQ JUN26,SHORT,1,24385.25,24336.50,970.64,966.28,193.3,WIN,TARGET_HIT,24438.00,1055.00,2026-05-07 09:21:24
2026-01-07,2026-01-07 10:10:00,2026-01-07 10:10:00,OG,Backtest,AdxDiCrossBracketOG,OG_AdxDiCrossBracketOG,OG,NQ,NQ JUN26,SHORT,1,26050.00,26073.50,-474.36,-478.72,-95.7,LOSS,STOP_HIT,26072.25,445.00,2026-05-07 09:21:24
2026-01-09,2026-01-09 10:30:00,2026-01-09 10:30:00,OG,Backtest,AdxDiCrossBracketOG,OG_AdxDiCrossBracketOG,OG,NQ,NQ JUN26,LONG,1,26010.00,26057.25,940.64,936.28,187.3,WIN,TARGET_HIT,25959.75,1005.00,2026-05-07 09:21:24
2026-03-27,2026-03-27 11:40:00,2026-03-27 11:45:00,OG,Backtest,AdxDiCrossBracketOG,OG_AdxDiCrossBracketOG,OG,NQ,NQ JUN26,LONG,1,23597.75,23540.25,-1154.36,-1158.72,-231.7,LOSS,STOP_HIT,23541.50,1125.00,2026-05-07 09:21:24
2026-03-09,2026-03-09 10:45:00,2026-03-09 10:50:00,OG,Backtest,AdxDiCrossBracketOG,OG_AdxDiCrossBracketOG,OG,NQ,NQ JUN26,LONG,1,24692.75,24762.25,1385.64,1381.28,276.3,WIN,TARGET_HIT,24622.25,1410.00,2026-05-07 09:21:24
2026-04-02,2026-04-02 10:45:00,2026-04-02 10:45:00,OG,Backtest,AdxDiCrossBracketOG,OG_AdxDiCrossBracketOG,OG,NQ,NQ JUN26,LONG,1,24211.00,24133.25,-1559.36,-1563.72,-312.7,LOSS,STOP_HIT,24134.50,1530.00,2026-05-07 09:21:24
2026-01-07,2026-01-07 10:10:00,2026-01-07 10:10:00,OG,Backtest,AdxDiCrossBracketOG,OG_AdxDiCrossBracketOG,OG,NQ,NQ JUN26,SHORT,1,26050.00,26073.50,-474.36,-478.72,-95.7,LOSS,STOP_HIT,26072.25,445.00,2026-05-07 09:21:24
2026-01-30,2026-01-30 10:55:00,2026-01-30 10:55:00,OG,Backtest,AdxDiCrossBracketOG,OG_AdxDiCrossBracketOG,OG,NQ,NQ JUN26,LONG,1,26118.00,26058.75,-1189.36,-1193.72,-238.7,LOSS,STOP_HIT,26060.00,1160.00,2026-05-07 09:21:24
2026-01-12,2026-01-12 11:25:00,2026-01-12 11:35:00,OG,Backtest,AdxDiCrossBracketOG,OG_AdxDiCrossBracketOG,OG,NQ,NQ JUN26,LONG,1,26159.50,26149.25,-209.36,-213.72,-42.7,LOSS,STOP_HIT,26131.75,555.00,2026-05-07 09:21:24
2026-01-09,2026-01-09 10:30:00,2026-01-09 10:30:00,OG,Backtest,AdxDiCrossBracketOG,OG_AdxDiCrossBracketOG,OG,NQ,NQ JUN26,LONG,1,26010.00,26057.25,940.64,936.28,187.3,WIN,TARGET_HIT,25959.75,1005.00,2026-05-07 09:21:24
2026-04-06,2026-04-06 11:35:00,2026-04-06 11:50:00,OG,Backtest,AdxDiCrossBracketOG,OG_AdxDiCrossBracketOG,OG,NQ,NQ JUN26,SHORT,1,24280.00,24294.25,-289.36,-293.72,-58.7,LOSS,STOP_HIT,24325.50,910.00,2026-05-07 09:21:24
2026-01-13,2026-01-13 10:10:00,2026-01-13 10:15:00,OG,Backtest,AdxDiCrossBracketOG,OG_AdxDiCrossBracketOG,OG,NQ,NQ JUN26,SHORT,1,26137.25,26108.00,580.64,576.28,115.3,WIN,TARGET_HIT,26168.00,615.00,2026-05-07 09:21:24
2026-01-09,2026-01-09 09:45:00,2026-01-09 09:50:00,OG,Backtest,AdxDiCrossBracketOG,OG_AdxDiCrossBracketOG,OG,NQ,NQ JUN26,LONG,1,25965.75,25936.75,-584.36,-588.72,-117.7,LOSS,STOP_HIT,25938.00,555.00,2026-05-07 09:21:24
2026-01-20,2026-01-20 11:10:00,2026-01-20 11:15:00,OG,Backtest,AdxDiCrossBracketOG,OG_AdxDiCrossBracketOG,OG,NQ,NQ JUN26,LONG,1,25588.25,25600.25,235.64,231.28,46.3,WIN,STOP_HIT,25540.75,950.00,2026-05-07 09:21:24
2026-01-12,2026-01-12 11:25:00,2026-01-12 11:35:00,OG,Backtest,AdxDiCrossBracketOG,OG_AdxDiCrossBracketOG,OG,NQ,NQ JUN26,LONG,1,26159.50,26149.25,-209.36,-213.72,-42.7,LOSS,STOP_HIT,26131.75,555.00,2026-05-07 09:21:24
2026-01-21,2026-01-21 11:45:00,2026-01-21 11:45:00,OG,Backtest,AdxDiCrossBracketOG,OG_AdxDiCrossBracketOG,OG,NQ,NQ JUN26,SHORT,1,25543.00,25505.75,740.64,736.28,147.3,WIN,TARGET_HIT,25582.25,785.00,2026-05-07 09:21:24
2026-01-09,2026-01-09 10:30:00,2026-01-09 10:30:00,OG,Backtest,AdxDiCrossBracketOG,OG_AdxDiCrossBracketOG,OG,NQ,NQ JUN26,LONG,1,26010.00,26057.25,940.64,936.28,187.3,WIN,TARGET_HIT,25959.75,1005.00,2026-05-07 09:21:24
2026-01-28,2026-01-28 10:55:00,2026-01-28 11:20:00,OG,Backtest,AdxDiCrossBracketOG,OG_AdxDiCrossBracketOG,OG,NQ,NQ JUN26,SHORT,1,26394.50,26393.75,10.64,6.28,1.3,WIN,STOP_HIT,26429.00,690.00,2026-05-07 09:21:24
2026-03-25,2026-03-25 11:20:00,2026-03-25 11:20:00,OG,Backtest,AdxDiCrossBracketOG,OG_AdxDiCrossBracketOG,OG,NQ,NQ JUN26,SHORT,1,24385.25,24336.50,970.64,966.28,193.3,WIN,TARGET_HIT,24438.00,1055.00,2026-05-07 09:21:24
2026-01-12,2026-01-12 11:25:00,2026-01-12 11:35:00,OG,Backtest,AdxDiCrossBracketOG,OG_AdxDiCrossBracketOG,OG,NQ,NQ JUN26,LONG,1,26159.50,26149.25,-209.36,-213.72,-42.7,LOSS,STOP_HIT,26131.75,555.00,2026-05-07 09:21:24
2026-01-30,2026-01-30 11:00:00,2026-01-30 11:10:00,OG,Backtest,AdxDiCrossBracketOG,OG_AdxDiCrossBracketOG,OG,NQ,NQ JUN26,SHORT,1,26071.50,26048.25,460.64,456.28,91.3,WIN,STOP_HIT,26129.00,1150.00,2026-05-07 09:21:24
2026-01-13,2026-01-13 10:10:00,2026-01-13 10:15:00,OG,Backtest,AdxDiCrossBracketOG,OG_AdxDiCrossBracketOG,OG,NQ,NQ JUN26,SHORT,1,26137.25,26108.00,580.64,576.28,115.3,WIN,TARGET_HIT,26168.00,615.00,2026-05-07 09:21:24
2026-01-09,2026-01-09 10:30:00,2026-01-09 10:30:00,OG,Backtest,AdxDiCrossBracketOG,OG_AdxDiCrossBracketOG,OG,NQ,NQ JUN26,LONG,1,26010.00,26057.25,940.64,936.28,187.3,WIN,TARGET_HIT,25959.75,1005.00,2026-05-07 09:21:24
2026-01-30,2026-01-30 10:55:00,2026-01-30 10:55:00,OG,Backtest,AdxDiCrossBracketOG,OG_AdxDiCrossBracketOG,OG,NQ,NQ JUN26,LONG,1,26118.00,26058.75,-1189.36,-1193.72,-238.7,LOSS,STOP_HIT,26060.00,1160.00,2026-05-07 09:21:24
2026-01-09,2026-01-09 09:45:00,2026-01-09 09:50:00,OG,Backtest,AdxDiCrossBracketOG,OG_AdxDiCrossBracketOG,OG,NQ,NQ JUN26,LONG,1,25965.75,25936.75,-584.36,-588.72,-117.7,LOSS,STOP_HIT,25938.00,555.00,2026-05-07 09:21:24
2026-01-09,2026-01-09 10:15:00,2026-01-09 10:15:00,OG,Backtest,AdxDiCrossBracketOG,OG_AdxDiCrossBracketOG,OG,NQ,NQ JUN26,SHORT,1,25849.75,25897.00,-949.36,-953.72,-190.7,LOSS,STOP_HIT,25895.75,920.00,2026-05-07 09:21:24
2026-03-25,2026-03-25 11:20:00,2026-03-25 11:20:00,OG,Backtest,AdxDiCrossBracketOG,OG_AdxDiCrossBracketOG,OG,NQ,NQ JUN26,SHORT,1,24385.25,24336.50,970.64,966.28,193.3,WIN,TARGET_HIT,24438.00,1055.00,2026-05-07 09:21:24
2026-02-10,2026-02-10 09:45:00,2026-02-10 09:45:00,OG,Backtest,AdxDiCrossBracketOG,OG_AdxDiCrossBracketOG,OG,NQ,NQ JUN26,SHORT,1,25534.50,25512.25,440.64,436.28,87.3,WIN,TARGET_HIT,25559.75,505.00,2026-05-07 09:21:24
2026-02-03,2026-02-03 09:50:00,2026-02-03 09:50:00,OG,Backtest,AdxDiCrossBracketOG,OG_AdxDiCrossBracketOG,OG,NQ,NQ JUN26,SHORT,1,25960.00,25999.25,-789.36,-793.72,-158.7,LOSS,STOP_HIT,25998.00,760.00,2026-05-07 09:21:24
2026-01-09,2026-01-09 10:15:00,2026-01-09 10:15:00,OG,Backtest,AdxDiCrossBracketOG,OG_AdxDiCrossBracketOG,OG,NQ,NQ JUN26,SHORT,1,25849.75,25897.00,-949.36,-953.72,-190.7,LOSS,STOP_HIT,25895.75,920.00,2026-05-07 09:21:24
2026-01-09,2026-01-09 10:15:00,2026-01-09 10:15:00,OG,Backtest,AdxDiCrossBracketOG,OG_AdxDiCrossBracketOG,OG,NQ,NQ JUN26,SHORT,1,25849.75,25897.00,-949.36,-953.72,-190.7,LOSS,STOP_HIT,25895.75,920.00,2026-05-07 09:21:24
2026-01-09,2026-01-09 10:30:00,2026-01-09 10:30:00,OG,Backtest,AdxDiCrossBracketOG,OG_AdxDiCrossBracketOG,OG,NQ,NQ JUN26,LONG,1,26010.00,26057.25,940.64,936.28,187.3,WIN,TARGET_HIT,25959.75,1005.00,2026-05-07 09:21:24
2026-01-16,2026-01-16 11:30:00,2026-01-16 11:35:00,OG,Backtest,AdxDiCrossBracketOG,OG_AdxDiCrossBracketOG,OG,NQ,NQ JUN26,LONG,1,25912.25,25924.50,240.64,236.28,47.3,WIN,STOP_HIT,25874.75,750.00,2026-05-07 09:21:24
2026-03-09,2026-03-09 10:45:00,2026-03-09 10:50:00,OG,Backtest,AdxDiCrossBracketOG,OG_AdxDiCrossBracketOG,OG,NQ,NQ JUN26,LONG,1,24692.75,24762.25,1385.64,1381.28,276.3,WIN,TARGET_HIT,24622.25,1410.00,2026-05-07 09:21:24
2026-02-24,2026-02-24 09:50:00,2026-02-24 09:50:00,OG,Backtest,AdxDiCrossBracketOG,OG_AdxDiCrossBracketOG,OG,NQ,NQ JUN26,LONG,1,25121.25,25157.50,720.64,716.28,143.3,WIN,TARGET_HIT,25081.50,795.00,2026-05-07 09:21:24
2026-03-12,2026-03-12 11:50:00,2026-03-12 11:50:00,OG,Backtest,AdxDiCrossBracketOG,OG_AdxDiCrossBracketOG,OG,NQ,NQ JUN26,LONG,1,24898.75,24843.25,-1114.36,-1118.72,-223.7,LOSS,STOP_HIT,24844.50,1085.00,2026-05-07 09:21:24
2026-02-03,2026-02-03 09:50:00,2026-02-03 09:50:00,OG,Backtest,AdxDiCrossBracketOG,OG_AdxDiCrossBracketOG,OG,NQ,NQ JUN26,SHORT,1,25960.00,25999.25,-789.36,-793.72,-158.7,LOSS,STOP_HIT,25998.00,760.00,2026-05-07 09:21:24
2026-02-05,2026-02-05 11:40:00,2026-02-05 11:50:00,OG,Backtest,AdxDiCrossBracketOG,OG_AdxDiCrossBracketOG,OG,NQ,NQ JUN26,LONG,1,25026.25,24991.50,-699.36,-703.72,-140.7,LOSS,STOP_HIT,24938.00,1765.00,2026-05-07 09:21:24
2026-01-21,2026-01-21 11:45:00,2026-01-21 11:45:00,OG,Backtest,AdxDiCrossBracketOG,OG_AdxDiCrossBracketOG,OG,NQ,NQ JUN26,SHORT,1,25543.00,25505.75,740.64,736.28,147.3,WIN,TARGET_HIT,25582.25,785.00,2026-05-07 09:21:24
2026-01-23,2026-01-23 10:10:00,2026-01-23 10:15:00,OG,Backtest,AdxDiCrossBracketOG,OG_AdxDiCrossBracketOG,OG,NQ,NQ JUN26,LONG,1,25921.75,25885.00,-739.36,-743.72,-148.7,LOSS,STOP_HIT,25885.50,725.00,2026-05-07 09:21:24
2026-01-09,2026-01-09 10:15:00,2026-01-09 10:15:00,OG,Backtest,AdxDiCrossBracketOG,OG_AdxDiCrossBracketOG,OG,NQ,NQ JUN26,SHORT,1,25849.75,25897.00,-949.36,-953.72,-190.7,LOSS,STOP_HIT,25895.75,920.00,2026-05-07 09:21:24
2026-02-10,2026-02-10 09:45:00,2026-02-10 09:45:00,OG,Backtest,AdxDiCrossBracketOG,OG_AdxDiCrossBracketOG,OG,NQ,NQ JUN26,SHORT,1,25534.50,25512.25,440.64,436.28,87.3,WIN,TARGET_HIT,25559.75,505.00,2026-05-07 09:21:24
2026-02-24,2026-02-24 10:10:00,2026-02-24 10:10:00,OG,Backtest,AdxDiCrossBracketOG,OG_AdxDiCrossBracketOG,OG,NQ,NQ JUN26,SHORT,1,25048.00,25093.50,-914.36,-918.72,-183.7,LOSS,STOP_HIT,25092.25,885.00,2026-05-07 09:21:24
2026-01-09,2026-01-09 10:30:00,2026-01-09 10:30:00,OG,Backtest,AdxDiCrossBracketOG,OG_AdxDiCrossBracketOG,OG,NQ,NQ JUN26,LONG,1,26010.00,26057.25,940.64,936.28,187.3,WIN,TARGET_HIT,25959.75,1005.00,2026-05-07 09:21:24
2026-01-09,2026-01-09 09:45:00,2026-01-09 09:50:00,OG,Backtest,AdxDiCrossBracketOG,OG_AdxDiCrossBracketOG,OG,NQ,NQ JUN26,LONG,1,25965.75,25936.75,-584.36,-588.72,-117.7,LOSS,STOP_HIT,25938.00,555.00,2026-05-07 09:21:24
2026-03-24,2026-03-24 11:00:00,2026-03-24 11:00:00,OG,Backtest,AdxDiCrossBracketOG,OG_AdxDiCrossBracketOG,OG,NQ,NQ JUN26,LONG,1,24282.25,24217.00,-1309.36,-1313.72,-262.7,LOSS,STOP_HIT,24218.25,1280.00,2026-05-07 09:21:24
2026-02-10,2026-02-10 09:45:00,2026-02-10 09:45:00,OG,Backtest,AdxDiCrossBracketOG,OG_AdxDiCrossBracketOG,OG,NQ,NQ JUN26,SHORT,1,25534.50,25512.25,440.64,436.28,87.3,WIN,TARGET_HIT,25559.75,505.00,2026-05-07 09:21:24
2026-03-12,2026-03-12 11:50:00,2026-03-12 11:50:00,OG,Backtest,AdxDiCrossBracketOG,OG_AdxDiCrossBracketOG,OG,NQ,NQ JUN26,LONG,1,24898.75,24843.25,-1114.36,-1118.72,-223.7,LOSS,STOP_HIT,24844.50,1085.00,2026-05-07 09:21:24
2026-02-11,2026-02-11 11:20:00,2026-02-11 11:25:00,OG,Backtest,AdxDiCrossBracketOG,OG_AdxDiCrossBracketOG,OG,NQ,NQ JUN26,LONG,1,25468.75,25457.00,-239.36,-243.72,-48.7,LOSS,STOP_HIT,25406.75,1240.00,2026-05-07 09:21:24
2026-01-16,2026-01-16 11:30:00,2026-01-16 11:35:00,OG,Backtest,AdxDiCrossBracketOG,OG_AdxDiCrossBracketOG,OG,NQ,NQ JUN26,LONG,1,25912.25,25924.50,240.64,236.28,47.3,WIN,STOP_HIT,25874.75,750.00,2026-05-07 09:21:24
2026-04-02,2026-04-02 10:45:00,2026-04-02 10:45:00,OG,Backtest,AdxDiCrossBracketOG,OG_AdxDiCrossBracketOG,OG,NQ,NQ JUN26,LONG,1,24211.00,24133.25,-1559.36,-1563.72,-312.7,LOSS,STOP_HIT,24134.50,1530.00,2026-05-07 09:21:24
2026-01-30,2026-01-30 11:00:00,2026-01-30 11:10:00,OG,Backtest,AdxDiCrossBracketOG,OG_AdxDiCrossBracketOG,OG,NQ,NQ JUN26,SHORT,1,26071.50,26048.25,460.64,456.28,91.3,WIN,STOP_HIT,26129.00,1150.00,2026-05-07 09:21:24
2026-03-06,2026-03-06 11:10:00,2026-03-06 11:15:00,OG,Backtest,AdxDiCrossBracketOG,OG_AdxDiCrossBracketOG,OG,NQ,NQ JUN26,LONG,1,25102.25,25058.25,-884.36,-888.72,-177.7,LOSS,STOP_HIT,25038.75,1270.00,2026-05-07 09:21:24
2026-02-11,2026-02-11 10:20:00,2026-02-11 10:20:00,OG,Backtest,AdxDiCrossBracketOG,OG_AdxDiCrossBracketOG,OG,NQ,NQ JUN26,SHORT,1,25395.25,25345.50,990.64,986.28,197.3,WIN,TARGET_HIT,25448.50,1065.00,2026-05-07 09:21:24
2026-01-09,2026-01-09 10:10:00,2026-01-09 10:10:00,OG,Backtest,AdxDiCrossBracketOG,OG_AdxDiCrossBracketOG,OG,NQ,NQ JUN26,LONG,1,25922.50,25881.00,-834.36,-838.72,-167.7,LOSS,STOP_HIT,25882.25,805.00,2026-05-07 09:21:24
2026-03-24,2026-03-24 11:00:00,2026-03-24 11:00:00,OG,Backtest,AdxDiCrossBracketOG,OG_AdxDiCrossBracketOG,OG,NQ,NQ JUN26,LONG,1,24282.25,24217.00,-1309.36,-1313.72,-262.7,LOSS,STOP_HIT,24218.25,1280.00,2026-05-07 09:21:24
2026-03-12,2026-03-12 11:50:00,2026-03-12 11:50:00,OG,Backtest,AdxDiCrossBracketOG,OG_AdxDiCrossBracketOG,OG,NQ,NQ JUN26,LONG,1,24898.75,24843.25,-1114.36,-1118.72,-223.7,LOSS,STOP_HIT,24844.50,1085.00,2026-05-07 09:21:24
2026-03-13,2026-03-13 10:50:00,2026-03-13 10:50:00,OG,Backtest,AdxDiCrossBracketOG,OG_AdxDiCrossBracketOG,OG,NQ,NQ JUN26,SHORT,1,24804.25,24755.00,980.64,976.28,195.3,WIN,TARGET_HIT,24853.50,985.00,2026-05-07 09:21:24
2026-01-20,2026-01-20 10:50:00,2026-01-20 10:55:00,OG,Backtest,AdxDiCrossBracketOG,OG_AdxDiCrossBracketOG,OG,NQ,NQ JUN26,LONG,1,25598.75,25558.75,-804.36,-808.72,-161.7,LOSS,STOP_HIT,25550.75,960.00,2026-05-07 09:21:24
2026-04-10,2026-04-10 11:45:00,2026-04-10 12:00:00,OG,Backtest,AdxDiCrossBracketOG,OG_AdxDiCrossBracketOG,OG,NQ,NQ JUN26,SHORT,1,25300.75,25269.75,615.64,611.28,122.3,WIN,TARGET_HIT,25334.25,670.00,2026-05-07 09:21:24
2026-02-13,2026-02-13 10:35:00,2026-02-13 10:35:00,OG,Backtest,AdxDiCrossBracketOG,OG_AdxDiCrossBracketOG,OG,NQ,NQ JUN26,LONG,1,25058.75,25127.00,1360.64,1356.28,271.3,WIN,TARGET_HIT,24987.50,1425.00,2026-05-07 09:21:24
2026-03-13,2026-03-13 10:50:00,2026-03-13 10:50:00,OG,Backtest,AdxDiCrossBracketOG,OG_AdxDiCrossBracketOG,OG,NQ,NQ JUN26,SHORT,1,24804.25,24755.00,980.64,976.28,195.3,WIN,TARGET_HIT,24853.50,985.00,2026-05-07 09:21:24
2026-03-19,2026-03-19 11:15:00,2026-03-19 11:25:00,OG,Backtest,AdxDiCrossBracketOG,OG_AdxDiCrossBracketOG,OG,NQ,NQ JUN26,LONG,1,24531.00,24485.50,-914.36,-918.72,-183.7,LOSS,STOP_HIT,24473.00,1160.00,2026-05-07 09:21:24
2026-03-12,2026-03-12 11:50:00,2026-03-12 11:50:00,OG,Backtest,AdxDiCrossBracketOG,OG_AdxDiCrossBracketOG,OG,NQ,NQ JUN26,LONG,1,24898.75,24843.25,-1114.36,-1118.72,-223.7,LOSS,STOP_HIT,24844.50,1085.00,2026-05-07 09:21:24
2026-03-03,2026-03-03 11:25:00,2026-03-03 11:40:00,OG,Backtest,AdxDiCrossBracketOG,OG_AdxDiCrossBracketOG,OG,NQ,NQ JUN26,LONG,1,24795.25,24816.50,420.64,416.28,83.3,WIN,STOP_HIT,24724.00,1425.00,2026-05-07 09:21:24
2026-02-13,2026-02-13 10:50:00,2026-02-13 11:05:00,OG,Backtest,AdxDiCrossBracketOG,OG_AdxDiCrossBracketOG,OG,NQ,NQ JUN26,SHORT,1,24982.25,25021.00,-779.36,-783.72,-156.7,LOSS,STOP_HIT,25055.00,1455.00,2026-05-07 09:21:24
2026-03-13,2026-03-13 10:50:00,2026-03-13 10:50:00,OG,Backtest,AdxDiCrossBracketOG,OG_AdxDiCrossBracketOG,OG,NQ,NQ JUN26,SHORT,1,24804.25,24755.00,980.64,976.28,195.3,WIN,TARGET_HIT,24853.50,985.00,2026-05-07 09:21:24
2026-02-24,2026-02-24 09:50:00,2026-02-24 09:50:00,OG,Backtest,AdxDiCrossBracketOG,OG_AdxDiCrossBracketOG,OG,NQ,NQ JUN26,LONG,1,25121.25,25157.50,720.64,716.28,143.3,WIN,TARGET_HIT,25081.50,795.00,2026-05-07 09:21:24
2026-03-19,2026-03-19 11:15:00,2026-03-19 11:25:00,OG,Backtest,AdxDiCrossBracketOG,OG_AdxDiCrossBracketOG,OG,NQ,NQ JUN26,LONG,1,24531.00,24485.50,-914.36,-918.72,-183.7,LOSS,STOP_HIT,24473.00,1160.00,2026-05-07 09:21:24
2026-03-17,2026-03-17 11:15:00,2026-03-17 11:20:00,OG,Backtest,AdxDiCrossBracketOG,OG_AdxDiCrossBracketOG,OG,NQ,NQ JUN26,SHORT,1,25019.75,25057.00,-749.36,-753.72,-150.7,LOSS,STOP_HIT,25056.25,730.00,2026-05-07 09:21:24
2026-02-11,2026-02-11 11:05:00,2026-02-11 11:10:00,OG,Backtest,AdxDiCrossBracketOG,OG_AdxDiCrossBracketOG,OG,NQ,NQ JUN26,LONG,1,25454.25,25417.50,-739.36,-743.72,-148.7,LOSS,STOP_HIT,25393.00,1225.00,2026-05-07 09:21:24
2026-03-19,2026-03-19 11:15:00,2026-03-19 11:25:00,OG,Backtest,AdxDiCrossBracketOG,OG_AdxDiCrossBracketOG,OG,NQ,NQ JUN26,LONG,1,24531.00,24485.50,-914.36,-918.72,-183.7,LOSS,STOP_HIT,24473.00,1160.00,2026-05-07 09:21:24
2026-03-12,2026-03-12 11:50:00,2026-03-12 11:50:00,OG,Backtest,AdxDiCrossBracketOG,OG_AdxDiCrossBracketOG,OG,NQ,NQ JUN26,LONG,1,24898.75,24843.25,-1114.36,-1118.72,-223.7,LOSS,STOP_HIT,24844.50,1085.00,2026-05-07 09:21:24
2026-04-06,2026-04-06 11:35:00,2026-04-06 11:50:00,OG,Backtest,AdxDiCrossBracketOG,OG_AdxDiCrossBracketOG,OG,NQ,NQ JUN26,SHORT,1,24280.00,24294.25,-289.36,-293.72,-58.7,LOSS,STOP_HIT,24325.50,910.00,2026-05-07 09:21:24
2026-02-11,2026-02-11 10:20:00,2026-02-11 10:20:00,OG,Backtest,AdxDiCrossBracketOG,OG_AdxDiCrossBracketOG,OG,NQ,NQ JUN26,SHORT,1,25395.25,25345.50,990.64,986.28,197.3,WIN,TARGET_HIT,25448.50,1065.00,2026-05-07 09:21:24
2026-03-09,2026-03-09 10:45:00,2026-03-09 10:50:00,OG,Backtest,AdxDiCrossBracketOG,OG_AdxDiCrossBracketOG,OG,NQ,NQ JUN26,LONG,1,24692.75,24762.25,1385.64,1381.28,276.3,WIN,TARGET_HIT,24622.25,1410.00,2026-05-07 09:21:24
2026-02-17,2026-02-17 11:10:00,2026-02-17 11:10:00,OG,Backtest,AdxDiCrossBracketOG,OG_AdxDiCrossBracketOG,OG,NQ,NQ JUN26,LONG,1,24862.00,24927.25,1300.64,1296.28,259.3,WIN,TARGET_HIT,24793.75,1365.00,2026-05-07 09:21:24
2026-02-24,2026-02-24 10:10:00,2026-02-24 10:10:00,OG,Backtest,AdxDiCrossBracketOG,OG_AdxDiCrossBracketOG,OG,NQ,NQ JUN26,SHORT,1,25048.00,25093.50,-914.36,-918.72,-183.7,LOSS,STOP_HIT,25092.25,885.00,2026-05-07 09:21:24
2026-03-06,2026-03-06 11:10:00,2026-03-06 11:15:00,OG,Backtest,AdxDiCrossBracketOG,OG_AdxDiCrossBracketOG,OG,NQ,NQ JUN26,LONG,1,25102.25,25058.25,-884.36,-888.72,-177.7,LOSS,STOP_HIT,25038.75,1270.00,2026-05-07 09:21:24
2026-04-02,2026-04-02 10:45:00,2026-04-02 10:45:00,OG,Backtest,AdxDiCrossBracketOG,OG_AdxDiCrossBracketOG,OG,NQ,NQ JUN26,LONG,1,24211.00,24133.25,-1559.36,-1563.72,-312.7,LOSS,STOP_HIT,24134.50,1530.00,2026-05-07 09:21:24
2026-02-24,2026-02-24 10:15:00,2026-02-24 10:15:00,OG,Backtest,AdxDiCrossBracketOG,OG_AdxDiCrossBracketOG,OG,NQ,NQ JUN26,LONG,1,25110.00,25063.00,-944.36,-948.72,-189.7,LOSS,STOP_HIT,25064.25,915.00,2026-05-07 09:21:24
2026-01-23,2026-01-23 10:10:00,2026-01-23 10:15:00,OG,Backtest,AdxDiCrossBracketOG,OG_AdxDiCrossBracketOG,OG,NQ,NQ JUN26,LONG,1,25921.75,25885.00,-739.36,-743.72,-148.7,LOSS,STOP_HIT,25885.50,725.00,2026-05-07 09:21:24
2026-03-27,2026-03-27 11:40:00,2026-03-27 11:45:00,OG,Backtest,AdxDiCrossBracketOG,OG_AdxDiCrossBracketOG,OG,NQ,NQ JUN26,LONG,1,23597.75,23540.25,-1154.36,-1158.72,-231.7,LOSS,STOP_HIT,23541.50,1125.00,2026-05-07 09:21:24
2026-02-13,2026-02-13 10:50:00,2026-02-13 11:05:00,OG,Backtest,AdxDiCrossBracketOG,OG_AdxDiCrossBracketOG,OG,NQ,NQ JUN26,SHORT,1,24982.25,25021.00,-779.36,-783.72,-156.7,LOSS,STOP_HIT,25055.00,1455.00,2026-05-07 09:21:24
2026-04-07,2026-04-07 11:40:00,2026-04-07 12:00:00,OG,Backtest,AdxDiCrossBracketOG,OG_AdxDiCrossBracketOG,OG,NQ,NQ JUN26,LONG,1,24072.25,24117.50,900.64,896.28,179.3,WIN,TARGET_HIT,24025.00,945.00,2026-05-07 09:21:24
2026-03-19,2026-03-19 11:15:00,2026-03-19 11:25:00,OG,Backtest,AdxDiCrossBracketOG,OG_AdxDiCrossBracketOG,OG,NQ,NQ JUN26,LONG,1,24531.00,24485.50,-914.36,-918.72,-183.7,LOSS,STOP_HIT,24473.00,1160.00,2026-05-07 09:21:24
2026-04-10,2026-04-10 11:45:00,2026-04-10 12:00:00,OG,Backtest,AdxDiCrossBracketOG,OG_AdxDiCrossBracketOG,OG,NQ,NQ JUN26,SHORT,1,25300.75,25269.75,615.64,611.28,122.3,WIN,TARGET_HIT,25334.25,670.00,2026-05-07 09:21:24
2026-03-24,2026-03-24 11:00:00,2026-03-24 11:00:00,OG,Backtest,AdxDiCrossBracketOG,OG_AdxDiCrossBracketOG,OG,NQ,NQ JUN26,LONG,1,24282.25,24217.00,-1309.36,-1313.72,-262.7,LOSS,STOP_HIT,24218.25,1280.00,2026-05-07 09:21:24
2026-01-28,2026-01-28 10:55:00,2026-01-28 11:20:00,OG,Backtest,AdxDiCrossBracketOG,OG_AdxDiCrossBracketOG,OG,NQ,NQ JUN26,SHORT,1,26394.50,26393.75,10.64,6.28,1.3,WIN,STOP_HIT,26429.00,690.00,2026-05-07 09:21:24
2026-02-24,2026-02-24 10:10:00,2026-02-24 10:10:00,OG,Backtest,AdxDiCrossBracketOG,OG_AdxDiCrossBracketOG,OG,NQ,NQ JUN26,SHORT,1,25048.00,25093.50,-914.36,-918.72,-183.7,LOSS,STOP_HIT,25092.25,885.00,2026-05-07 09:21:24
2026-04-06,2026-04-06 11:35:00,2026-04-06 11:50:00,OG,Backtest,AdxDiCrossBracketOG,OG_AdxDiCrossBracketOG,OG,NQ,NQ JUN26,SHORT,1,24280.00,24294.25,-289.36,-293.72,-58.7,LOSS,STOP_HIT,24325.50,910.00,2026-05-07 09:21:24
2026-04-07,2026-04-07 11:40:00,2026-04-07 12:00:00,OG,Backtest,AdxDiCrossBracketOG,OG_AdxDiCrossBracketOG,OG,NQ,NQ JUN26,LONG,1,24072.25,24117.50,900.64,896.28,179.3,WIN,TARGET_HIT,24025.00,945.00,2026-05-07 09:21:24
2026-03-17,2026-03-17 11:15:00,2026-03-17 11:20:00,OG,Backtest,AdxDiCrossBracketOG,OG_AdxDiCrossBracketOG,OG,NQ,NQ JUN26,SHORT,1,25019.75,25057.00,-749.36,-753.72,-150.7,LOSS,STOP_HIT,25056.25,730.00,2026-05-07 09:21:24
2026-02-24,2026-02-24 10:15:00,2026-02-24 10:15:00,OG,Backtest,AdxDiCrossBracketOG,OG_AdxDiCrossBracketOG,OG,NQ,NQ JUN26,LONG,1,25110.00,25063.00,-944.36,-948.72,-189.7,LOSS,STOP_HIT,25064.25,915.00,2026-05-07 09:21:24
2026-01-13,2026-01-13 10:10:00,2026-01-13 10:15:00,OG,Backtest,AdxDiCrossBracketOG,OG_AdxDiCrossBracketOG,OG,NQ,NQ JUN26,SHORT,1,26137.25,26108.00,580.64,576.28,115.3,WIN,TARGET_HIT,26168.00,615.00,2026-05-07 09:21:25
2026-01-09,2026-01-09 10:10:00,2026-01-09 10:10:00,OG,Backtest,AdxDiCrossBracketOG,OG_AdxDiCrossBracketOG,OG,NQ,NQ JUN26,LONG,1,25922.50,25881.00,-834.36,-838.72,-167.7,LOSS,STOP_HIT,25882.25,805.00,2026-05-07 09:21:25
2026-04-06,2026-04-06 11:05:00,2026-04-06 11:35:00,OG,Backtest,AdxDiCrossBracketOG,OG_AdxDiCrossBracketOG,OG,NQ,NQ JUN26,LONG,1,24307.50,24280.00,-554.36,-558.72,-111.7,LOSS,STOP_HIT,24255.50,1040.00,2026-05-07 09:21:25
2026-01-07,2026-01-07 10:10:00,2026-01-07 10:10:00,OG,Backtest,AdxDiCrossBracketOG,OG_AdxDiCrossBracketOG,OG,NQ,NQ JUN26,SHORT,1,26050.00,26073.50,-474.36,-478.72,-95.7,LOSS,STOP_HIT,26072.25,445.00,2026-05-07 09:21:25
2026-03-03,2026-03-03 11:25:00,2026-03-03 11:40:00,OG,Backtest,AdxDiCrossBracketOG,OG_AdxDiCrossBracketOG,OG,NQ,NQ JUN26,LONG,1,24795.25,24816.50,420.64,416.28,83.3,WIN,STOP_HIT,24724.00,1425.00,2026-05-07 09:21:25
2026-01-09,2026-01-09 10:15:00,2026-01-09 10:15:00,OG,Backtest,AdxDiCrossBracketOG,OG_AdxDiCrossBracketOG,OG,NQ,NQ JUN26,SHORT,1,25849.75,25897.00,-949.36,-953.72,-190.7,LOSS,STOP_HIT,25895.75,920.00,2026-05-07 09:21:25
2026-01-07,2026-01-07 09:50:00,2026-01-07 09:50:00,OG,Backtest,AdxDiCrossBracketOG,OG_AdxDiCrossBracketOG,OG,NQ,NQ JUN26,LONG,1,26064.50,26079.75,300.64,296.28,59.3,WIN,TARGET_HIT,26047.25,345.00,2026-05-07 09:21:25
2026-01-07,2026-01-07 10:10:00,2026-01-07 10:10:00,OG,Backtest,AdxDiCrossBracketOG,OG_AdxDiCrossBracketOG,OG,NQ,NQ JUN26,SHORT,1,26050.00,26073.50,-474.36,-478.72,-95.7,LOSS,STOP_HIT,26072.25,445.00,2026-05-07 09:21:25
2026-03-17,2026-03-17 11:15:00,2026-03-17 11:20:00,OG,Backtest,AdxDiCrossBracketOG,OG_AdxDiCrossBracketOG,OG,NQ,NQ JUN26,SHORT,1,25019.75,25057.00,-749.36,-753.72,-150.7,LOSS,STOP_HIT,25056.25,730.00,2026-05-07 09:21:25
2026-04-02,2026-04-02 10:45:00,2026-04-02 10:45:00,OG,Backtest,AdxDiCrossBracketOG,OG_AdxDiCrossBracketOG,OG,NQ,NQ JUN26,LONG,1,24211.00,24133.25,-1559.36,-1563.72,-312.7,LOSS,STOP_HIT,24134.50,1530.00,2026-05-07 09:21:25
2026-01-09,2026-01-09 10:15:00,2026-01-09 10:15:00,OG,Backtest,AdxDiCrossBracketOG,OG_AdxDiCrossBracketOG,OG,NQ,NQ JUN26,SHORT,1,25849.75,25897.00,-949.36,-953.72,-190.7,LOSS,STOP_HIT,25895.75,920.00,2026-05-07 09:21:25
2026-02-24,2026-02-24 10:10:00,2026-02-24 10:10:00,OG,Backtest,AdxDiCrossBracketOG,OG_AdxDiCrossBracketOG,OG,NQ,NQ JUN26,SHORT,1,25048.00,25093.50,-914.36,-918.72,-183.7,LOSS,STOP_HIT,25092.25,885.00,2026-05-07 09:21:25
2026-03-24,2026-03-24 11:00:00,2026-03-24 11:00:00,OG,Backtest,AdxDiCrossBracketOG,OG_AdxDiCrossBracketOG,OG,NQ,NQ JUN26,LONG,1,24282.25,24217.00,-1309.36,-1313.72,-262.7,LOSS,STOP_HIT,24218.25,1280.00,2026-05-07 09:21:25
2026-01-07,2026-01-07 10:10:00,2026-01-07 10:10:00,OG,Backtest,AdxDiCrossBracketOG,OG_AdxDiCrossBracketOG,OG,NQ,NQ JUN26,SHORT,1,26050.00,26073.50,-474.36,-478.72,-95.7,LOSS,STOP_HIT,26072.25,445.00,2026-05-07 09:21:25
2026-01-21,2026-01-21 11:45:00,2026-01-21 11:45:00,OG,Backtest,AdxDiCrossBracketOG,OG_AdxDiCrossBracketOG,OG,NQ,NQ JUN26,SHORT,1,25543.00,25505.75,740.64,736.28,147.3,WIN,TARGET_HIT,25582.25,785.00,2026-05-07 09:21:25
2026-01-09,2026-01-09 10:30:00,2026-01-09 10:30:00,OG,Backtest,AdxDiCrossBracketOG,OG_AdxDiCrossBracketOG,OG,NQ,NQ JUN26,LONG,1,26010.00,26057.25,940.64,936.28,187.3,WIN,TARGET_HIT,25959.75,1005.00,2026-05-07 09:21:25
2026-01-30,2026-01-30 10:55:00,2026-01-30 10:55:00,OG,Backtest,AdxDiCrossBracketOG,OG_AdxDiCrossBracketOG,OG,NQ,NQ JUN26,LONG,1,26118.00,26058.75,-1189.36,-1193.72,-238.7,LOSS,STOP_HIT,26060.00,1160.00,2026-05-07 09:21:25
2026-03-03,2026-03-03 11:25:00,2026-03-03 11:40:00,OG,Backtest,AdxDiCrossBracketOG,OG_AdxDiCrossBracketOG,OG,NQ,NQ JUN26,LONG,1,24795.25,24816.50,420.64,416.28,83.3,WIN,STOP_HIT,24724.00,1425.00,2026-05-07 09:21:25
2026-01-09,2026-01-09 10:30:00,2026-01-09 10:30:00,OG,Backtest,AdxDiCrossBracketOG,OG_AdxDiCrossBracketOG,OG,NQ,NQ JUN26,LONG,1,26010.00,26057.25,940.64,936.28,187.3,WIN,TARGET_HIT,25959.75,1005.00,2026-05-07 09:21:25
2026-02-03,2026-02-03 09:50:00,2026-02-03 09:50:00,OG,Backtest,AdxDiCrossBracketOG,OG_AdxDiCrossBracketOG,OG,NQ,NQ JUN26,SHORT,1,25960.00,25999.25,-789.36,-793.72,-158.7,LOSS,STOP_HIT,25998.00,760.00,2026-05-07 09:21:25
2026-01-09,2026-01-09 10:15:00,2026-01-09 10:15:00,OG,Backtest,AdxDiCrossBracketOG,OG_AdxDiCrossBracketOG,OG,NQ,NQ JUN26,SHORT,1,25849.75,25897.00,-949.36,-953.72,-190.7,LOSS,STOP_HIT,25895.75,920.00,2026-05-07 09:21:25
2026-01-23,2026-01-23 10:10:00,2026-01-23 10:15:00,OG,Backtest,AdxDiCrossBracketOG,OG_AdxDiCrossBracketOG,OG,NQ,NQ JUN26,LONG,1,25921.75,25885.00,-739.36,-743.72,-148.7,LOSS,STOP_HIT,25885.50,725.00,2026-05-07 09:21:25
2026-02-05,2026-02-05 11:40:00,2026-02-05 11:50:00,OG,Backtest,AdxDiCrossBracketOG,OG_AdxDiCrossBracketOG,OG,NQ,NQ JUN26,LONG,1,25026.25,24991.50,-699.36,-703.72,-140.7,LOSS,STOP_HIT,24938.00,1765.00,2026-05-07 09:21:25
2026-01-28,2026-01-28 10:55:00,2026-01-28 11:20:00,OG,Backtest,AdxDiCrossBracketOG,OG_AdxDiCrossBracketOG,OG,NQ,NQ JUN26,SHORT,1,26394.50,26393.75,10.64,6.28,1.3,WIN,STOP_HIT,26429.00,690.00,2026-05-07 09:21:25
2026-01-09,2026-01-09 10:15:00,2026-01-09 10:15:00,OG,Backtest,AdxDiCrossBracketOG,OG_AdxDiCrossBracketOG,OG,NQ,NQ JUN26,SHORT,1,25849.75,25897.00,-949.36,-953.72,-190.7,LOSS,STOP_HIT,25895.75,920.00,2026-05-07 09:21:25
2026-01-12,2026-01-12 11:25:00,2026-01-12 11:35:00,OG,Backtest,AdxDiCrossBracketOG,OG_AdxDiCrossBracketOG,OG,NQ,NQ JUN26,LONG,1,26159.50,26149.25,-209.36,-213.72,-42.7,LOSS,STOP_HIT,26131.75,555.00,2026-05-07 09:21:25
2026-01-12,2026-01-12 11:25:00,2026-01-12 11:35:00,OG,Backtest,AdxDiCrossBracketOG,OG_AdxDiCrossBracketOG,OG,NQ,NQ JUN26,LONG,1,26159.50,26149.25,-209.36,-213.72,-42.7,LOSS,STOP_HIT,26131.75,555.00,2026-05-07 09:21:25
2026-01-16,2026-01-16 11:30:00,2026-01-16 11:35:00,OG,Backtest,AdxDiCrossBracketOG,OG_AdxDiCrossBracketOG,OG,NQ,NQ JUN26,LONG,1,25912.25,25924.50,240.64,236.28,47.3,WIN,STOP_HIT,25874.75,750.00,2026-05-07 09:21:25
2026-03-12,2026-03-12 11:50:00,2026-03-12 11:50:00,OG,Backtest,AdxDiCrossBracketOG,OG_AdxDiCrossBracketOG,OG,NQ,NQ JUN26,LONG,1,24898.75,24843.25,-1114.36,-1118.72,-223.7,LOSS,STOP_HIT,24844.50,1085.00,2026-05-07 09:21:25
2026-01-30,2026-01-30 11:00:00,2026-01-30 11:10:00,OG,Backtest,AdxDiCrossBracketOG,OG_AdxDiCrossBracketOG,OG,NQ,NQ JUN26,SHORT,1,26071.50,26048.25,460.64,456.28,91.3,WIN,STOP_HIT,26129.00,1150.00,2026-05-07 09:21:25
2026-01-13,2026-01-13 10:10:00,2026-01-13 10:15:00,OG,Backtest,AdxDiCrossBracketOG,OG_AdxDiCrossBracketOG,OG,NQ,NQ JUN26,SHORT,1,26137.25,26108.00,580.64,576.28,115.3,WIN,TARGET_HIT,26168.00,615.00,2026-05-07 09:21:25
2026-01-16,2026-01-16 11:30:00,2026-01-16 11:35:00,OG,Backtest,AdxDiCrossBracketOG,OG_AdxDiCrossBracketOG,OG,NQ,NQ JUN26,LONG,1,25912.25,25924.50,240.64,236.28,47.3,WIN,STOP_HIT,25874.75,750.00,2026-05-07 09:21:25
2026-01-16,2026-01-16 11:30:00,2026-01-16 11:35:00,OG,Backtest,AdxDiCrossBracketOG,OG_AdxDiCrossBracketOG,OG,NQ,NQ JUN26,LONG,1,25912.25,25924.50,240.64,236.28,47.3,WIN,STOP_HIT,25874.75,750.00,2026-05-07 09:21:25
2026-03-17,2026-03-17 11:15:00,2026-03-17 11:20:00,OG,Backtest,AdxDiCrossBracketOG,OG_AdxDiCrossBracketOG,OG,NQ,NQ JUN26,SHORT,1,25019.75,25057.00,-749.36,-753.72,-150.7,LOSS,STOP_HIT,25056.25,730.00,2026-05-07 09:21:25
2026-02-13,2026-02-13 10:35:00,2026-02-13 10:35:00,OG,Backtest,AdxDiCrossBracketOG,OG_AdxDiCrossBracketOG,OG,NQ,NQ JUN26,LONG,1,25058.75,25127.00,1360.64,1356.28,271.3,WIN,TARGET_HIT,24987.50,1425.00,2026-05-07 09:21:25
2026-02-11,2026-02-11 10:20:00,2026-02-11 10:20:00,OG,Backtest,AdxDiCrossBracketOG,OG_AdxDiCrossBracketOG,OG,NQ,NQ JUN26,SHORT,1,25395.25,25345.50,990.64,986.28,197.3,WIN,TARGET_HIT,25448.50,1065.00,2026-05-07 09:21:25
2026-01-28,2026-01-28 10:55:00,2026-01-28 11:20:00,OG,Backtest,AdxDiCrossBracketOG,OG_AdxDiCrossBracketOG,OG,NQ,NQ JUN26,SHORT,1,26394.50,26393.75,10.64,6.28,1.3,WIN,STOP_HIT,26429.00,690.00,2026-05-07 09:21:25
2026-01-23,2026-01-23 10:10:00,2026-01-23 10:15:00,OG,Backtest,AdxDiCrossBracketOG,OG_AdxDiCrossBracketOG,OG,NQ,NQ JUN26,LONG,1,25921.75,25885.00,-739.36,-743.72,-148.7,LOSS,STOP_HIT,25885.50,725.00,2026-05-07 09:21:25
2026-02-24,2026-02-24 09:50:00,2026-02-24 09:50:00,OG,Backtest,AdxDiCrossBracketOG,OG_AdxDiCrossBracketOG,OG,NQ,NQ JUN26,LONG,1,25121.25,25157.50,720.64,716.28,143.3,WIN,TARGET_HIT,25081.50,795.00,2026-05-07 09:21:25
2026-01-13,2026-01-13 10:10:00,2026-01-13 10:15:00,OG,Backtest,AdxDiCrossBracketOG,OG_AdxDiCrossBracketOG,OG,NQ,NQ JUN26,SHORT,1,26137.25,26108.00,580.64,576.28,115.3,WIN,TARGET_HIT,26168.00,615.00,2026-05-07 09:21:25
2026-02-11,2026-02-11 10:20:00,2026-02-11 10:20:00,OG,Backtest,AdxDiCrossBracketOG,OG_AdxDiCrossBracketOG,OG,NQ,NQ JUN26,SHORT,1,25395.25,25345.50,990.64,986.28,197.3,WIN,TARGET_HIT,25448.50,1065.00,2026-05-07 09:21:25
2026-03-25,2026-03-25 11:20:00,2026-03-25 11:20:00,OG,Backtest,AdxDiCrossBracketOG,OG_AdxDiCrossBracketOG,OG,NQ,NQ JUN26,SHORT,1,24385.25,24336.50,970.64,966.28,193.3,WIN,TARGET_HIT,24438.00,1055.00,2026-05-07 09:21:25
2026-01-30,2026-01-30 11:00:00,2026-01-30 11:10:00,OG,Backtest,AdxDiCrossBracketOG,OG_AdxDiCrossBracketOG,OG,NQ,NQ JUN26,SHORT,1,26071.50,26048.25,460.64,456.28,91.3,WIN,STOP_HIT,26129.00,1150.00,2026-05-07 09:21:25
2026-03-02,2026-03-02 11:15:00,2026-03-02 11:20:00,OG,Backtest,AdxDiCrossBracketOG,OG_AdxDiCrossBracketOG,OG,NQ,NQ JUN26,LONG,1,25187.75,25180.00,-159.36,-163.72,-32.7,LOSS,STOP_HIT,25129.50,1165.00,2026-05-07 09:21:25
2026-02-03,2026-02-03 09:50:00,2026-02-03 09:50:00,OG,Backtest,AdxDiCrossBracketOG,OG_AdxDiCrossBracketOG,OG,NQ,NQ JUN26,SHORT,1,25960.00,25999.25,-789.36,-793.72,-158.7,LOSS,STOP_HIT,25998.00,760.00,2026-05-07 09:21:25
2026-01-09,2026-01-09 10:15:00,2026-01-09 10:15:00,OG,Backtest,AdxDiCrossBracketOG,OG_AdxDiCrossBracketOG,OG,NQ,NQ JUN26,SHORT,1,25849.75,25897.00,-949.36,-953.72,-190.7,LOSS,STOP_HIT,25895.75,920.00,2026-05-07 09:21:25
2026-01-09,2026-01-09 10:15:00,2026-01-09 10:15:00,OG,Backtest,AdxDiCrossBracketOG,OG_AdxDiCrossBracketOG,OG,NQ,NQ JUN26,SHORT,1,25849.75,25897.00,-949.36,-953.72,-190.7,LOSS,STOP_HIT,25895.75,920.00,2026-05-07 09:21:25
2026-01-09,2026-01-09 09:45:00,2026-01-09 09:50:00,OG,Backtest,AdxDiCrossBracketOG,OG_AdxDiCrossBracketOG,OG,NQ,NQ JUN26,LONG,1,25965.75,25936.75,-584.36,-588.72,-117.7,LOSS,STOP_HIT,25938.00,555.00,2026-05-07 09:21:25
2026-01-09,2026-01-09 10:30:00,2026-01-09 10:30:00,OG,Backtest,AdxDiCrossBracketOG,OG_AdxDiCrossBracketOG,OG,NQ,NQ JUN26,LONG,1,26010.00,26057.25,940.64,936.28,187.3,WIN,TARGET_HIT,25959.75,1005.00,2026-05-07 09:21:25
2026-01-06,2026-01-06 11:00:00,2026-01-06 11:05:00,OG,Backtest,AdxDiCrossBracketOG,OG_AdxDiCrossBracketOG,OG,NQ,NQ JUN26,SHORT,1,25908.50,25880.75,550.64,546.28,109.3,WIN,TARGET_HIT,25938.25,595.00,2026-05-07 09:21:25
2026-03-12,2026-03-12 11:50:00,2026-03-12 11:50:00,OG,Backtest,AdxDiCrossBracketOG,OG_AdxDiCrossBracketOG,OG,NQ,NQ JUN26,LONG,1,24898.75,24843.25,-1114.36,-1118.72,-223.7,LOSS,STOP_HIT,24844.50,1085.00,2026-05-07 09:21:25
2026-02-05,2026-02-05 11:40:00,2026-02-05 11:50:00,OG,Backtest,AdxDiCrossBracketOG,OG_AdxDiCrossBracketOG,OG,NQ,NQ JUN26,LONG,1,25026.25,24991.50,-699.36,-703.72,-140.7,LOSS,STOP_HIT,24938.00,1765.00,2026-05-07 09:21:25
2026-02-17,2026-02-17 11:10:00,2026-02-17 11:10:00,OG,Backtest,AdxDiCrossBracketOG,OG_AdxDiCrossBracketOG,OG,NQ,NQ JUN26,LONG,1,24862.00,24927.25,1300.64,1296.28,259.3,WIN,TARGET_HIT,24793.75,1365.00,2026-05-07 09:21:25
2026-02-24,2026-02-24 10:10:00,2026-02-24 10:10:00,OG,Backtest,AdxDiCrossBracketOG,OG_AdxDiCrossBracketOG,OG,NQ,NQ JUN26,SHORT,1,25048.00,25093.50,-914.36,-918.72,-183.7,LOSS,STOP_HIT,25092.25,885.00,2026-05-07 09:21:25
2026-03-13,2026-03-13 10:50:00,2026-03-13 10:50:00,OG,Backtest,AdxDiCrossBracketOG,OG_AdxDiCrossBracketOG,OG,NQ,NQ JUN26,SHORT,1,24804.25,24755.00,980.64,976.28,195.3,WIN,TARGET_HIT,24853.50,985.00,2026-05-07 09:21:25
2026-02-13,2026-02-13 10:50:00,2026-02-13 11:05:00,OG,Backtest,AdxDiCrossBracketOG,OG_AdxDiCrossBracketOG,OG,NQ,NQ JUN26,SHORT,1,24982.25,25021.00,-779.36,-783.72,-156.7,LOSS,STOP_HIT,25055.00,1455.00,2026-05-07 09:21:25
2026-01-09,2026-01-09 10:30:00,2026-01-09 10:30:00,OG,Backtest,AdxDiCrossBracketOG,OG_AdxDiCrossBracketOG,OG,NQ,NQ JUN26,LONG,1,26010.00,26057.25,940.64,936.28,187.3,WIN,TARGET_HIT,25959.75,1005.00,2026-05-07 09:21:25
2026-03-24,2026-03-24 11:00:00,2026-03-24 11:00:00,OG,Backtest,AdxDiCrossBracketOG,OG_AdxDiCrossBracketOG,OG,NQ,NQ JUN26,LONG,1,24282.25,24217.00,-1309.36,-1313.72,-262.7,LOSS,STOP_HIT,24218.25,1280.00,2026-05-07 09:21:25
2026-03-13,2026-03-13 10:50:00,2026-03-13 10:50:00,OG,Backtest,AdxDiCrossBracketOG,OG_AdxDiCrossBracketOG,OG,NQ,NQ JUN26,SHORT,1,24804.25,24755.00,980.64,976.28,195.3,WIN,TARGET_HIT,24853.50,985.00,2026-05-07 09:21:25
2026-01-30,2026-01-30 11:00:00,2026-01-30 11:10:00,OG,Backtest,AdxDiCrossBracketOG,OG_AdxDiCrossBracketOG,OG,NQ,NQ JUN26,SHORT,1,26071.50,26048.25,460.64,456.28,91.3,WIN,STOP_HIT,26129.00,1150.00,2026-05-07 09:21:25
2026-01-09,2026-01-09 10:10:00,2026-01-09 10:10:00,OG,Backtest,AdxDiCrossBracketOG,OG_AdxDiCrossBracketOG,OG,NQ,NQ JUN26,LONG,1,25922.50,25881.00,-834.36,-838.72,-167.7,LOSS,STOP_HIT,25882.25,805.00,2026-05-07 09:21:25
2026-01-21,2026-01-21 11:45:00,2026-01-21 11:45:00,OG,Backtest,AdxDiCrossBracketOG,OG_AdxDiCrossBracketOG,OG,NQ,NQ JUN26,SHORT,1,25543.00,25505.75,740.64,736.28,147.3,WIN,TARGET_HIT,25582.25,785.00,2026-05-07 09:21:25
2026-01-23,2026-01-23 10:10:00,2026-01-23 10:15:00,OG,Backtest,AdxDiCrossBracketOG,OG_AdxDiCrossBracketOG,OG,NQ,NQ JUN26,LONG,1,25921.75,25885.00,-739.36,-743.72,-148.7,LOSS,STOP_HIT,25885.50,725.00,2026-05-07 09:21:25
2026-01-23,2026-01-23 10:10:00,2026-01-23 10:15:00,OG,Backtest,AdxDiCrossBracketOG,OG_AdxDiCrossBracketOG,OG,NQ,NQ JUN26,LONG,1,25921.75,25885.00,-739.36,-743.72,-148.7,LOSS,STOP_HIT,25885.50,725.00,2026-05-07 09:21:25
2026-01-09,2026-01-09 10:30:00,2026-01-09 10:30:00,OG,Backtest,AdxDiCrossBracketOG,OG_AdxDiCrossBracketOG,OG,NQ,NQ JUN26,LONG,1,26010.00,26057.25,940.64,936.28,187.3,WIN,TARGET_HIT,25959.75,1005.00,2026-05-07 09:21:25
2026-01-07,2026-01-07 09:50:00,2026-01-07 09:50:00,OG,Backtest,AdxDiCrossBracketOG,OG_AdxDiCrossBracketOG,OG,NQ,NQ JUN26,LONG,1,26064.50,26079.75,300.64,296.28,59.3,WIN,TARGET_HIT,26047.25,345.00,2026-05-07 09:21:25
2026-01-30,2026-01-30 11:00:00,2026-01-30 11:10:00,OG,Backtest,AdxDiCrossBracketOG,OG_AdxDiCrossBracketOG,OG,NQ,NQ JUN26,SHORT,1,26071.50,26048.25,460.64,456.28,91.3,WIN,STOP_HIT,26129.00,1150.00,2026-05-07 09:21:25
2026-03-25,2026-03-25 11:20:00,2026-03-25 11:20:00,OG,Backtest,AdxDiCrossBracketOG,OG_AdxDiCrossBracketOG,OG,NQ,NQ JUN26,SHORT,1,24385.25,24336.50,970.64,966.28,193.3,WIN,TARGET_HIT,24438.00,1055.00,2026-05-07 09:21:25
2026-02-11,2026-02-11 11:05:00,2026-02-11 11:10:00,OG,Backtest,AdxDiCrossBracketOG,OG_AdxDiCrossBracketOG,OG,NQ,NQ JUN26,LONG,1,25454.25,25417.50,-739.36,-743.72,-148.7,LOSS,STOP_HIT,25393.00,1225.00,2026-05-07 09:21:25
2026-01-30,2026-01-30 11:00:00,2026-01-30 11:10:00,OG,Backtest,AdxDiCrossBracketOG,OG_AdxDiCrossBracketOG,OG,NQ,NQ JUN26,SHORT,1,26071.50,26048.25,460.64,456.28,91.3,WIN,STOP_HIT,26129.00,1150.00,2026-05-07 09:21:25
2026-01-28,2026-01-28 10:55:00,2026-01-28 11:20:00,OG,Backtest,AdxDiCrossBracketOG,OG_AdxDiCrossBracketOG,OG,NQ,NQ JUN26,SHORT,1,26394.50,26393.75,10.64,6.28,1.3,WIN,STOP_HIT,26429.00,690.00,2026-05-07 09:21:25
2026-02-17,2026-02-17 11:10:00,2026-02-17 11:10:00,OG,Backtest,AdxDiCrossBracketOG,OG_AdxDiCrossBracketOG,OG,NQ,NQ JUN26,LONG,1,24862.00,24927.25,1300.64,1296.28,259.3,WIN,TARGET_HIT,24793.75,1365.00,2026-05-07 09:21:25
2026-03-06,2026-03-06 11:10:00,2026-03-06 11:15:00,OG,Backtest,AdxDiCrossBracketOG,OG_AdxDiCrossBracketOG,OG,NQ,NQ JUN26,LONG,1,25102.25,25058.25,-884.36,-888.72,-177.7,LOSS,STOP_HIT,25038.75,1270.00,2026-05-07 09:21:25
2026-04-07,2026-04-07 11:40:00,2026-04-07 12:00:00,OG,Backtest,AdxDiCrossBracketOG,OG_AdxDiCrossBracketOG,OG,NQ,NQ JUN26,LONG,1,24072.25,24117.50,900.64,896.28,179.3,WIN,TARGET_HIT,24025.00,945.00,2026-05-07 09:21:25
2026-02-11,2026-02-11 10:20:00,2026-02-11 10:20:00,OG,Backtest,AdxDiCrossBracketOG,OG_AdxDiCrossBracketOG,OG,NQ,NQ JUN26,SHORT,1,25395.25,25345.50,990.64,986.28,197.3,WIN,TARGET_HIT,25448.50,1065.00,2026-05-07 09:21:25
2026-02-24,2026-02-24 10:10:00,2026-02-24 10:10:00,OG,Backtest,AdxDiCrossBracketOG,OG_AdxDiCrossBracketOG,OG,NQ,NQ JUN26,SHORT,1,25048.00,25093.50,-914.36,-918.72,-183.7,LOSS,STOP_HIT,25092.25,885.00,2026-05-07 09:21:25
2026-02-05,2026-02-05 11:40:00,2026-02-05 11:50:00,OG,Backtest,AdxDiCrossBracketOG,OG_AdxDiCrossBracketOG,OG,NQ,NQ JUN26,LONG,1,25026.25,24991.50,-699.36,-703.72,-140.7,LOSS,STOP_HIT,24938.00,1765.00,2026-05-07 09:21:25
2026-03-25,2026-03-25 11:20:00,2026-03-25 11:20:00,OG,Backtest,AdxDiCrossBracketOG,OG_AdxDiCrossBracketOG,OG,NQ,NQ JUN26,SHORT,1,24385.25,24336.50,970.64,966.28,193.3,WIN,TARGET_HIT,24438.00,1055.00,2026-05-07 09:21:25
2026-03-25,2026-03-25 11:20:00,2026-03-25 11:20:00,OG,Backtest,AdxDiCrossBracketOG,OG_AdxDiCrossBracketOG,OG,NQ,NQ JUN26,SHORT,1,24385.25,24336.50,970.64,966.28,193.3,WIN,TARGET_HIT,24438.00,1055.00,2026-05-07 09:21:25
2026-02-11,2026-02-11 11:05:00,2026-02-11 11:10:00,OG,Backtest,AdxDiCrossBracketOG,OG_AdxDiCrossBracketOG,OG,NQ,NQ JUN26,LONG,1,25454.25,25417.50,-739.36,-743.72,-148.7,LOSS,STOP_HIT,25393.00,1225.00,2026-05-07 09:21:25
2026-03-27,2026-03-27 11:40:00,2026-03-27 11:45:00,OG,Backtest,AdxDiCrossBracketOG,OG_AdxDiCrossBracketOG,OG,NQ,NQ JUN26,LONG,1,23597.75,23540.25,-1154.36,-1158.72,-231.7,LOSS,STOP_HIT,23541.50,1125.00,2026-05-07 09:21:25
2026-02-11,2026-02-11 10:20:00,2026-02-11 10:20:00,OG,Backtest,AdxDiCrossBracketOG,OG_AdxDiCrossBracketOG,OG,NQ,NQ JUN26,SHORT,1,25395.25,25345.50,990.64,986.28,197.3,WIN,TARGET_HIT,25448.50,1065.00,2026-05-07 09:21:25
2026-03-19,2026-03-19 11:15:00,2026-03-19 11:25:00,OG,Backtest,AdxDiCrossBracketOG,OG_AdxDiCrossBracketOG,OG,NQ,NQ JUN26,LONG,1,24531.00,24485.50,-914.36,-918.72,-183.7,LOSS,STOP_HIT,24473.00,1160.00,2026-05-07 09:21:25
2026-03-25,2026-03-25 11:20:00,2026-03-25 11:20:00,OG,Backtest,AdxDiCrossBracketOG,OG_AdxDiCrossBracketOG,OG,NQ,NQ JUN26,SHORT,1,24385.25,24336.50,970.64,966.28,193.3,WIN,TARGET_HIT,24438.00,1055.00,2026-05-07 09:21:25
2026-02-11,2026-02-11 11:05:00,2026-02-11 11:10:00,OG,Backtest,AdxDiCrossBracketOG,OG_AdxDiCrossBracketOG,OG,NQ,NQ JUN26,LONG,1,25454.25,25417.50,-739.36,-743.72,-148.7,LOSS,STOP_HIT,25393.00,1225.00,2026-05-07 09:21:25
2026-03-13,2026-03-13 10:50:00,2026-03-13 10:50:00,OG,Backtest,AdxDiCrossBracketOG,OG_AdxDiCrossBracketOG,OG,NQ,NQ JUN26,SHORT,1,24804.25,24755.00,980.64,976.28,195.3,WIN,TARGET_HIT,24853.50,985.00,2026-05-07 09:21:25
2026-01-30,2026-01-30 11:00:00,2026-01-30 11:10:00,OG,Backtest,AdxDiCrossBracketOG,OG_AdxDiCrossBracketOG,OG,NQ,NQ JUN26,SHORT,1,26071.50,26048.25,460.64,456.28,91.3,WIN,STOP_HIT,26129.00,1150.00,2026-05-07 09:21:25
2026-01-09,2026-01-09 10:10:00,2026-01-09 10:10:00,OG,Backtest,AdxDiCrossBracketOG,OG_AdxDiCrossBracketOG,OG,NQ,NQ JUN26,LONG,1,25922.50,25881.00,-834.36,-838.72,-167.7,LOSS,STOP_HIT,25882.25,805.00,2026-05-07 09:21:25
2026-03-25,2026-03-25 11:20:00,2026-03-25 11:20:00,OG,Backtest,AdxDiCrossBracketOG,OG_AdxDiCrossBracketOG,OG,NQ,NQ JUN26,SHORT,1,24385.25,24336.50,970.64,966.28,193.3,WIN,TARGET_HIT,24438.00,1055.00,2026-05-07 09:21:25
2026-01-23,2026-01-23 10:10:00,2026-01-23 10:15:00,OG,Backtest,AdxDiCrossBracketOG,OG_AdxDiCrossBracketOG,OG,NQ,NQ JUN26,LONG,1,25921.75,25885.00,-739.36,-743.72,-148.7,LOSS,STOP_HIT,25885.50,725.00,2026-05-07 09:21:25
2026-02-24,2026-02-24 10:10:00,2026-02-24 10:10:00,OG,Backtest,AdxDiCrossBracketOG,OG_AdxDiCrossBracketOG,OG,NQ,NQ JUN26,SHORT,1,25048.00,25093.50,-914.36,-918.72,-183.7,LOSS,STOP_HIT,25092.25,885.00,2026-05-07 09:21:25
2026-04-10,2026-04-10 11:45:00,2026-04-10 12:00:00,OG,Backtest,AdxDiCrossBracketOG,OG_AdxDiCrossBracketOG,OG,NQ,NQ JUN26,SHORT,1,25300.75,25269.75,615.64,611.28,122.3,WIN,TARGET_HIT,25334.25,670.00,2026-05-07 09:21:25
2026-04-06,2026-04-06 11:05:00,2026-04-06 11:35:00,OG,Backtest,AdxDiCrossBracketOG,OG_AdxDiCrossBracketOG,OG,NQ,NQ JUN26,LONG,1,24307.50,24280.00,-554.36,-558.72,-111.7,LOSS,STOP_HIT,24255.50,1040.00,2026-05-07 09:21:25
2026-02-13,2026-02-13 10:35:00,2026-02-13 10:35:00,OG,Backtest,AdxDiCrossBracketOG,OG_AdxDiCrossBracketOG,OG,NQ,NQ JUN26,LONG,1,25058.75,25127.00,1360.64,1356.28,271.3,WIN,TARGET_HIT,24987.50,1425.00,2026-05-07 09:21:25
2026-03-25,2026-03-25 11:20:00,2026-03-25 11:20:00,OG,Backtest,AdxDiCrossBracketOG,OG_AdxDiCrossBracketOG,OG,NQ,NQ JUN26,SHORT,1,24385.25,24336.50,970.64,966.28,193.3,WIN,TARGET_HIT,24438.00,1055.00,2026-05-07 09:21:25
2026-02-11,2026-02-11 11:20:00,2026-02-11 11:25:00,OG,Backtest,AdxDiCrossBracketOG,OG_AdxDiCrossBracketOG,OG,NQ,NQ JUN26,LONG,1,25468.75,25457.00,-239.36,-243.72,-48.7,LOSS,STOP_HIT,25406.75,1240.00,2026-05-07 09:21:25
2026-04-07,2026-04-07 11:40:00,2026-04-07 12:00:00,OG,Backtest,AdxDiCrossBracketOG,OG_AdxDiCrossBracketOG,OG,NQ,NQ JUN26,LONG,1,24072.25,24117.50,900.64,896.28,179.3,WIN,TARGET_HIT,24025.00,945.00,2026-05-07 09:21:25
2026-01-07,2026-01-07 10:10:00,2026-01-07 10:10:00,OG,Backtest,AdxDiCrossBracketOG,OG_AdxDiCrossBracketOG,OG,NQ,NQ JUN26,SHORT,1,26050.00,26073.50,-474.36,-478.72,-95.7,LOSS,STOP_HIT,26072.25,445.00,2026-05-07 09:21:25
2026-02-24,2026-02-24 09:50:00,2026-02-24 09:50:00,OG,Backtest,AdxDiCrossBracketOG,OG_AdxDiCrossBracketOG,OG,NQ,NQ JUN26,LONG,1,25121.25,25157.50,720.64,716.28,143.3,WIN,TARGET_HIT,25081.50,795.00,2026-05-07 09:21:25
2026-03-03,2026-03-03 11:25:00,2026-03-03 11:40:00,OG,Backtest,AdxDiCrossBracketOG,OG_AdxDiCrossBracketOG,OG,NQ,NQ JUN26,LONG,1,24795.25,24816.50,420.64,416.28,83.3,WIN,STOP_HIT,24724.00,1425.00,2026-05-07 09:21:25
2026-04-06,2026-04-06 11:05:00,2026-04-06 11:35:00,OG,Backtest,AdxDiCrossBracketOG,OG_AdxDiCrossBracketOG,OG,NQ,NQ JUN26,LONG,1,24307.50,24280.00,-554.36,-558.72,-111.7,LOSS,STOP_HIT,24255.50,1040.00,2026-05-07 09:21:25
2026-01-09,2026-01-09 09:55:00,2026-01-09 09:55:00,OG,Backtest,AdxDiCrossBracketOG,OG_AdxDiCrossBracketOG,OG,NQ,NQ JUN26,SHORT,1,25912.50,25949.00,-734.36,-738.72,-147.7,LOSS,STOP_HIT,25947.75,705.00,2026-05-07 09:21:25
2026-01-07,2026-01-07 10:10:00,2026-01-07 10:10:00,OG,Backtest,AdxDiCrossBracketOG,OG_AdxDiCrossBracketOG,OG,NQ,NQ JUN26,SHORT,1,26050.00,26073.50,-474.36,-478.72,-95.7,LOSS,STOP_HIT,26072.25,445.00,2026-05-07 09:21:25
2026-01-09,2026-01-09 10:15:00,2026-01-09 10:15:00,OG,Backtest,AdxDiCrossBracketOG,OG_AdxDiCrossBracketOG,OG,NQ,NQ JUN26,SHORT,1,25849.75,25897.00,-949.36,-953.72,-190.7,LOSS,STOP_HIT,25895.75,920.00,2026-05-07 09:21:25
2026-02-24,2026-02-24 10:15:00,2026-02-24 10:15:00,OG,Backtest,AdxDiCrossBracketOG,OG_AdxDiCrossBracketOG,OG,NQ,NQ JUN26,LONG,1,25110.00,25063.00,-944.36,-948.72,-189.7,LOSS,STOP_HIT,25064.25,915.00,2026-05-07 09:21:25
2026-03-12,2026-03-12 11:50:00,2026-03-12 11:50:00,OG,Backtest,AdxDiCrossBracketOG,OG_AdxDiCrossBracketOG,OG,NQ,NQ JUN26,LONG,1,24898.75,24843.25,-1114.36,-1118.72,-223.7,LOSS,STOP_HIT,24844.50,1085.00,2026-05-07 09:21:25
2026-01-09,2026-01-09 09:45:00,2026-01-09 09:50:00,OG,Backtest,AdxDiCrossBracketOG,OG_AdxDiCrossBracketOG,OG,NQ,NQ JUN26,LONG,1,25965.75,25936.75,-584.36,-588.72,-117.7,LOSS,STOP_HIT,25938.00,555.00,2026-05-07 09:21:25
2026-03-25,2026-03-25 11:20:00,2026-03-25 11:20:00,OG,Backtest,AdxDiCrossBracketOG,OG_AdxDiCrossBracketOG,OG,NQ,NQ JUN26,SHORT,1,24385.25,24336.50,970.64,966.28,193.3,WIN,TARGET_HIT,24438.00,1055.00,2026-05-07 09:21:25
2026-01-06,2026-01-06 11:00:00,2026-01-06 11:05:00,OG,Backtest,AdxDiCrossBracketOG,OG_AdxDiCrossBracketOG,OG,NQ,NQ JUN26,SHORT,1,25908.50,25880.75,550.64,546.28,109.3,WIN,TARGET_HIT,25938.25,595.00,2026-05-07 09:21:25
2026-03-27,2026-03-27 11:40:00,2026-03-27 11:45:00,OG,Backtest,AdxDiCrossBracketOG,OG_AdxDiCrossBracketOG,OG,NQ,NQ JUN26,LONG,1,23597.75,23540.25,-1154.36,-1158.72,-231.7,LOSS,STOP_HIT,23541.50,1125.00,2026-05-07 09:21:25
2026-03-27,2026-03-27 11:40:00,2026-03-27 11:45:00,OG,Backtest,AdxDiCrossBracketOG,OG_AdxDiCrossBracketOG,OG,NQ,NQ JUN26,LONG,1,23597.75,23540.25,-1154.36,-1158.72,-231.7,LOSS,STOP_HIT,23541.50,1125.00,2026-05-07 09:21:25
2026-04-02,2026-04-02 10:45:00,2026-04-02 10:45:00,OG,Backtest,AdxDiCrossBracketOG,OG_AdxDiCrossBracketOG,OG,NQ,NQ JUN26,LONG,1,24211.00,24133.25,-1559.36,-1563.72,-312.7,LOSS,STOP_HIT,24134.50,1530.00,2026-05-07 09:21:25
2026-01-20,2026-01-20 10:50:00,2026-01-20 10:55:00,OG,Backtest,AdxDiCrossBracketOG,OG_AdxDiCrossBracketOG,OG,NQ,NQ JUN26,LONG,1,25598.75,25558.75,-804.36,-808.72,-161.7,LOSS,STOP_HIT,25550.75,960.00,2026-05-07 09:21:25
2026-04-06,2026-04-06 10:55:00,2026-04-06 11:00:00,OG,Backtest,AdxDiCrossBracketOG,OG_AdxDiCrossBracketOG,OG,NQ,NQ JUN26,SHORT,1,24269.25,24322.25,-1064.36,-1068.72,-213.7,LOSS,STOP_HIT,24321.00,1035.00,2026-05-07 09:21:25
2026-04-10,2026-04-10 11:45:00,2026-04-10 12:00:00,OG,Backtest,AdxDiCrossBracketOG,OG_AdxDiCrossBracketOG,OG,NQ,NQ JUN26,SHORT,1,25300.75,25269.75,615.64,611.28,122.3,WIN,TARGET_HIT,25334.25,670.00,2026-05-07 09:21:25
2026-03-27,2026-03-27 11:40:00,2026-03-27 11:45:00,OG,Backtest,AdxDiCrossBracketOG,OG_AdxDiCrossBracketOG,OG,NQ,NQ JUN26,LONG,1,23597.75,23540.25,-1154.36,-1158.72,-231.7,LOSS,STOP_HIT,23541.50,1125.00,2026-05-07 09:21:25
2026-03-20,2026-03-20 11:30:00,2026-03-20 12:05:00,OG,Backtest,AdxDiCrossBracketOG,OG_AdxDiCrossBracketOG,OG,NQ,NQ JUN26,LONG,1,24275.00,24327.75,1050.64,1046.28,209.3,WIN,TARGET_HIT,24219.75,1105.00,2026-05-07 09:21:25
2026-02-11,2026-02-11 11:20:00,2026-02-11 11:25:00,OG,Backtest,AdxDiCrossBracketOG,OG_AdxDiCrossBracketOG,OG,NQ,NQ JUN26,LONG,1,25468.75,25457.00,-239.36,-243.72,-48.7,LOSS,STOP_HIT,25406.75,1240.00,2026-05-07 09:21:25
2026-04-07,2026-04-07 11:40:00,2026-04-07 12:00:00,OG,Backtest,AdxDiCrossBracketOG,OG_AdxDiCrossBracketOG,OG,NQ,NQ JUN26,LONG,1,24072.25,24117.50,900.64,896.28,179.3,WIN,TARGET_HIT,24025.00,945.00,2026-05-07 09:21:25
2026-03-06,2026-03-06 11:10:00,2026-03-06 11:15:00,OG,Backtest,AdxDiCrossBracketOG,OG_AdxDiCrossBracketOG,OG,NQ,NQ JUN26,LONG,1,25102.25,25058.25,-884.36,-888.72,-177.7,LOSS,STOP_HIT,25038.75,1270.00,2026-05-07 09:21:25
2026-03-20,2026-03-20 11:30:00,2026-03-20 12:05:00,OG,Backtest,AdxDiCrossBracketOG,OG_AdxDiCrossBracketOG,OG,NQ,NQ JUN26,LONG,1,24275.00,24327.75,1050.64,1046.28,209.3,WIN,TARGET_HIT,24219.75,1105.00,2026-05-07 09:21:25
2026-01-23,2026-01-23 10:10:00,2026-01-23 10:15:00,OG,Backtest,AdxDiCrossBracketOG,OG_AdxDiCrossBracketOG,OG,NQ,NQ JUN26,LONG,1,25921.75,25885.00,-739.36,-743.72,-148.7,LOSS,STOP_HIT,25885.50,725.00,2026-05-07 09:21:25
2026-01-09,2026-01-09 10:15:00,2026-01-09 10:15:00,OG,Backtest,AdxDiCrossBracketOG,OG_AdxDiCrossBracketOG,OG,NQ,NQ JUN26,SHORT,1,25849.75,25897.00,-949.36,-953.72,-190.7,LOSS,STOP_HIT,25895.75,920.00,2026-05-07 09:21:25
2026-01-09,2026-01-09 09:55:00,2026-01-09 09:55:00,OG,Backtest,AdxDiCrossBracketOG,OG_AdxDiCrossBracketOG,OG,NQ,NQ JUN26,SHORT,1,25912.50,25949.00,-734.36,-738.72,-147.7,LOSS,STOP_HIT,25947.75,705.00,2026-05-07 09:21:25
2026-03-27,2026-03-27 11:40:00,2026-03-27 11:45:00,OG,Backtest,AdxDiCrossBracketOG,OG_AdxDiCrossBracketOG,OG,NQ,NQ JUN26,LONG,1,23597.75,23540.25,-1154.36,-1158.72,-231.7,LOSS,STOP_HIT,23541.50,1125.00,2026-05-07 09:21:25
2026-01-09,2026-01-09 10:15:00,2026-01-09 10:15:00,OG,Backtest,AdxDiCrossBracketOG,OG_AdxDiCrossBracketOG,OG,NQ,NQ JUN26,SHORT,1,25849.75,25897.00,-949.36,-953.72,-190.7,LOSS,STOP_HIT,25895.75,920.00,2026-05-07 09:21:25
2026-01-30,2026-01-30 11:00:00,2026-01-30 11:10:00,OG,Backtest,AdxDiCrossBracketOG,OG_AdxDiCrossBracketOG,OG,NQ,NQ JUN26,SHORT,1,26071.50,26048.25,460.64,456.28,91.3,WIN,STOP_HIT,26129.00,1150.00,2026-05-07 09:21:25
2026-04-10,2026-04-10 11:45:00,2026-04-10 12:00:00,OG,Backtest,AdxDiCrossBracketOG,OG_AdxDiCrossBracketOG,OG,NQ,NQ JUN26,SHORT,1,25300.75,25269.75,615.64,611.28,122.3,WIN,TARGET_HIT,25334.25,670.00,2026-05-07 09:21:25
2026-01-09,2026-01-09 09:45:00,2026-01-09 09:50:00,OG,Backtest,AdxDiCrossBracketOG,OG_AdxDiCrossBracketOG,OG,NQ,NQ JUN26,LONG,1,25965.75,25936.75,-584.36,-588.72,-117.7,LOSS,STOP_HIT,25938.00,555.00,2026-05-07 09:21:25
2026-01-20,2026-01-20 11:10:00,2026-01-20 11:15:00,OG,Backtest,AdxDiCrossBracketOG,OG_AdxDiCrossBracketOG,OG,NQ,NQ JUN26,LONG,1,25588.25,25600.25,235.64,231.28,46.3,WIN,STOP_HIT,25540.75,950.00,2026-05-07 09:21:25
2026-02-05,2026-02-05 11:40:00,2026-02-05 11:50:00,OG,Backtest,AdxDiCrossBracketOG,OG_AdxDiCrossBracketOG,OG,NQ,NQ JUN26,LONG,1,25026.25,24991.50,-699.36,-703.72,-140.7,LOSS,STOP_HIT,24938.00,1765.00,2026-05-07 09:21:25
2026-01-23,2026-01-23 10:10:00,2026-01-23 10:15:00,OG,Backtest,AdxDiCrossBracketOG,OG_AdxDiCrossBracketOG,OG,NQ,NQ JUN26,LONG,1,25921.75,25885.00,-739.36,-743.72,-148.7,LOSS,STOP_HIT,25885.50,725.00,2026-05-07 09:21:25
2026-02-11,2026-02-11 10:20:00,2026-02-11 10:20:00,OG,Backtest,AdxDiCrossBracketOG,OG_AdxDiCrossBracketOG,OG,NQ,NQ JUN26,SHORT,1,25395.25,25345.50,990.64,986.28,197.3,WIN,TARGET_HIT,25448.50,1065.00,2026-05-07 09:21:25
2026-01-09,2026-01-09 10:30:00,2026-01-09 10:30:00,OG,Backtest,AdxDiCrossBracketOG,OG_AdxDiCrossBracketOG,OG,NQ,NQ JUN26,LONG,1,26010.00,26057.25,940.64,936.28,187.3,WIN,TARGET_HIT,25959.75,1005.00,2026-05-07 09:21:25
2026-01-09,2026-01-09 10:10:00,2026-01-09 10:10:00,OG,Backtest,AdxDiCrossBracketOG,OG_AdxDiCrossBracketOG,OG,NQ,NQ JUN26,LONG,1,25922.50,25881.00,-834.36,-838.72,-167.7,LOSS,STOP_HIT,25882.25,805.00,2026-05-07 09:21:25
2026-01-21,2026-01-21 11:45:00,2026-01-21 11:45:00,OG,Backtest,AdxDiCrossBracketOG,OG_AdxDiCrossBracketOG,OG,NQ,NQ JUN26,SHORT,1,25543.00,25505.75,740.64,736.28,147.3,WIN,TARGET_HIT,25582.25,785.00,2026-05-07 09:21:25
2026-01-09,2026-01-09 10:15:00,2026-01-09 10:15:00,OG,Backtest,AdxDiCrossBracketOG,OG_AdxDiCrossBracketOG,OG,NQ,NQ JUN26,SHORT,1,25849.75,25897.00,-949.36,-953.72,-190.7,LOSS,STOP_HIT,25895.75,920.00,2026-05-07 09:21:25
2026-01-28,2026-01-28 10:55:00,2026-01-28 11:20:00,OG,Backtest,AdxDiCrossBracketOG,OG_AdxDiCrossBracketOG,OG,NQ,NQ JUN26,SHORT,1,26394.50,26393.75,10.64,6.28,1.3,WIN,STOP_HIT,26429.00,690.00,2026-05-07 09:21:25
2026-01-30,2026-01-30 11:00:00,2026-01-30 11:10:00,OG,Backtest,AdxDiCrossBracketOG,OG_AdxDiCrossBracketOG,OG,NQ,NQ JUN26,SHORT,1,26071.50,26048.25,460.64,456.28,91.3,WIN,STOP_HIT,26129.00,1150.00,2026-05-07 09:21:25
2026-01-21,2026-01-21 11:45:00,2026-01-21 11:45:00,OG,Backtest,AdxDiCrossBracketOG,OG_AdxDiCrossBracketOG,OG,NQ,NQ JUN26,SHORT,1,25543.00,25505.75,740.64,736.28,147.3,WIN,TARGET_HIT,25582.25,785.00,2026-05-07 09:21:25
2026-02-03,2026-02-03 09:50:00,2026-02-03 09:50:00,OG,Backtest,AdxDiCrossBracketOG,OG_AdxDiCrossBracketOG,OG,NQ,NQ JUN26,SHORT,1,25960.00,25999.25,-789.36,-793.72,-158.7,LOSS,STOP_HIT,25998.00,760.00,2026-05-07 09:21:25
2026-02-03,2026-02-03 09:50:00,2026-02-03 09:50:00,OG,Backtest,AdxDiCrossBracketOG,OG_AdxDiCrossBracketOG,OG,NQ,NQ JUN26,SHORT,1,25960.00,25999.25,-789.36,-793.72,-158.7,LOSS,STOP_HIT,25998.00,760.00,2026-05-07 09:21:25
2026-04-07,2026-04-07 11:40:00,2026-04-07 12:00:00,OG,Backtest,AdxDiCrossBracketOG,OG_AdxDiCrossBracketOG,OG,NQ,NQ JUN26,LONG,1,24072.25,24117.50,900.64,896.28,179.3,WIN,TARGET_HIT,24025.00,945.00,2026-05-07 09:21:25
2026-02-05,2026-02-05 11:40:00,2026-02-05 11:50:00,OG,Backtest,AdxDiCrossBracketOG,OG_AdxDiCrossBracketOG,OG,NQ,NQ JUN26,LONG,1,25026.25,24991.50,-699.36,-703.72,-140.7,LOSS,STOP_HIT,24938.00,1765.00,2026-05-07 09:21:25
2026-02-24,2026-02-24 10:15:00,2026-02-24 10:15:00,OG,Backtest,AdxDiCrossBracketOG,OG_AdxDiCrossBracketOG,OG,NQ,NQ JUN26,LONG,1,25110.00,25063.00,-944.36,-948.72,-189.7,LOSS,STOP_HIT,25064.25,915.00,2026-05-07 09:21:25
2026-01-30,2026-01-30 11:00:00,2026-01-30 11:10:00,OG,Backtest,AdxDiCrossBracketOG,OG_AdxDiCrossBracketOG,OG,NQ,NQ JUN26,SHORT,1,26071.50,26048.25,460.64,456.28,91.3,WIN,STOP_HIT,26129.00,1150.00,2026-05-07 09:21:25
2026-01-07,2026-01-07 09:50:00,2026-01-07 09:50:00,OG,Backtest,AdxDiCrossBracketOG,OG_AdxDiCrossBracketOG,OG,NQ,NQ JUN26,LONG,1,26064.50,26079.75,300.64,296.28,59.3,WIN,TARGET_HIT,26047.25,345.00,2026-05-07 09:21:25
2026-02-11,2026-02-11 11:05:00,2026-02-11 11:10:00,OG,Backtest,AdxDiCrossBracketOG,OG_AdxDiCrossBracketOG,OG,NQ,NQ JUN26,LONG,1,25454.25,25417.50,-739.36,-743.72,-148.7,LOSS,STOP_HIT,25393.00,1225.00,2026-05-07 09:21:25
2026-02-11,2026-02-11 11:05:00,2026-02-11 11:10:00,OG,Backtest,AdxDiCrossBracketOG,OG_AdxDiCrossBracketOG,OG,NQ,NQ JUN26,LONG,1,25454.25,25417.50,-739.36,-743.72,-148.7,LOSS,STOP_HIT,25393.00,1225.00,2026-05-07 09:21:26
2026-02-24,2026-02-24 10:15:00,2026-02-24 10:15:00,OG,Backtest,AdxDiCrossBracketOG,OG_AdxDiCrossBracketOG,OG,NQ,NQ JUN26,LONG,1,25110.00,25063.00,-944.36,-948.72,-189.7,LOSS,STOP_HIT,25064.25,915.00,2026-05-07 09:21:26
2026-01-09,2026-01-09 09:45:00,2026-01-09 09:50:00,OG,Backtest,AdxDiCrossBracketOG,OG_AdxDiCrossBracketOG,OG,NQ,NQ JUN26,LONG,1,25965.75,25936.75,-584.36,-588.72,-117.7,LOSS,STOP_HIT,25938.00,555.00,2026-05-07 09:21:26
2026-01-09,2026-01-09 09:55:00,2026-01-09 09:55:00,OG,Backtest,AdxDiCrossBracketOG,OG_AdxDiCrossBracketOG,OG,NQ,NQ JUN26,SHORT,1,25912.50,25949.00,-734.36,-738.72,-147.7,LOSS,STOP_HIT,25947.75,705.00,2026-05-07 09:21:26
2026-01-28,2026-01-28 10:55:00,2026-01-28 11:20:00,OG,Backtest,AdxDiCrossBracketOG,OG_AdxDiCrossBracketOG,OG,NQ,NQ JUN26,SHORT,1,26394.50,26393.75,10.64,6.28,1.3,WIN,STOP_HIT,26429.00,690.00,2026-05-07 09:21:26
2026-03-13,2026-03-13 10:50:00,2026-03-13 10:50:00,OG,Backtest,AdxDiCrossBracketOG,OG_AdxDiCrossBracketOG,OG,NQ,NQ JUN26,SHORT,1,24804.25,24755.00,980.64,976.28,195.3,WIN,TARGET_HIT,24853.50,985.00,2026-05-07 09:21:26
2026-03-13,2026-03-13 10:50:00,2026-03-13 10:50:00,OG,Backtest,AdxDiCrossBracketOG,OG_AdxDiCrossBracketOG,OG,NQ,NQ JUN26,SHORT,1,24804.25,24755.00,980.64,976.28,195.3,WIN,TARGET_HIT,24853.50,985.00,2026-05-07 09:21:26
2026-01-30,2026-01-30 11:00:00,2026-01-30 11:10:00,OG,Backtest,AdxDiCrossBracketOG,OG_AdxDiCrossBracketOG,OG,NQ,NQ JUN26,SHORT,1,26071.50,26048.25,460.64,456.28,91.3,WIN,STOP_HIT,26129.00,1150.00,2026-05-07 09:21:26
2026-04-07,2026-04-07 11:40:00,2026-04-07 12:00:00,OG,Backtest,AdxDiCrossBracketOG,OG_AdxDiCrossBracketOG,OG,NQ,NQ JUN26,LONG,1,24072.25,24117.50,900.64,896.28,179.3,WIN,TARGET_HIT,24025.00,945.00,2026-05-07 09:21:26
2026-01-30,2026-01-30 11:00:00,2026-01-30 11:10:00,OG,Backtest,AdxDiCrossBracketOG,OG_AdxDiCrossBracketOG,OG,NQ,NQ JUN26,SHORT,1,26071.50,26048.25,460.64,456.28,91.3,WIN,STOP_HIT,26129.00,1150.00,2026-05-07 09:21:26
2026-02-11,2026-02-11 10:20:00,2026-02-11 10:20:00,OG,Backtest,AdxDiCrossBracketOG,OG_AdxDiCrossBracketOG,OG,NQ,NQ JUN26,SHORT,1,25395.25,25345.50,990.64,986.28,197.3,WIN,TARGET_HIT,25448.50,1065.00,2026-05-07 09:21:26
2026-02-13,2026-02-13 10:50:00,2026-02-13 11:05:00,OG,Backtest,AdxDiCrossBracketOG,OG_AdxDiCrossBracketOG,OG,NQ,NQ JUN26,SHORT,1,24982.25,25021.00,-779.36,-783.72,-156.7,LOSS,STOP_HIT,25055.00,1455.00,2026-05-07 09:21:26
2026-01-07,2026-01-07 09:50:00,2026-01-07 09:50:00,OG,Backtest,AdxDiCrossBracketOG,OG_AdxDiCrossBracketOG,OG,NQ,NQ JUN26,LONG,1,26064.50,26079.75,300.64,296.28,59.3,WIN,TARGET_HIT,26047.25,345.00,2026-05-07 09:21:26
2026-01-09,2026-01-09 10:15:00,2026-01-09 10:15:00,OG,Backtest,AdxDiCrossBracketOG,OG_AdxDiCrossBracketOG,OG,NQ,NQ JUN26,SHORT,1,25849.75,25897.00,-949.36,-953.72,-190.7,LOSS,STOP_HIT,25895.75,920.00,2026-05-07 09:21:26
2026-01-13,2026-01-13 10:10:00,2026-01-13 10:15:00,OG,Backtest,AdxDiCrossBracketOG,OG_AdxDiCrossBracketOG,OG,NQ,NQ JUN26,SHORT,1,26137.25,26108.00,580.64,576.28,115.3,WIN,TARGET_HIT,26168.00,615.00,2026-05-07 09:21:26
2026-02-10,2026-02-10 09:45:00,2026-02-10 09:45:00,OG,Backtest,AdxDiCrossBracketOG,OG_AdxDiCrossBracketOG,OG,NQ,NQ JUN26,SHORT,1,25534.50,25512.25,440.64,436.28,87.3,WIN,TARGET_HIT,25559.75,505.00,2026-05-07 09:21:26
2026-03-03,2026-03-03 11:25:00,2026-03-03 11:40:00,OG,Backtest,AdxDiCrossBracketOG,OG_AdxDiCrossBracketOG,OG,NQ,NQ JUN26,LONG,1,24795.25,24816.50,420.64,416.28,83.3,WIN,STOP_HIT,24724.00,1425.00,2026-05-07 09:21:26
2026-01-20,2026-01-20 10:50:00,2026-01-20 10:55:00,OG,Backtest,AdxDiCrossBracketOG,OG_AdxDiCrossBracketOG,OG,NQ,NQ JUN26,LONG,1,25598.75,25558.75,-804.36,-808.72,-161.7,LOSS,STOP_HIT,25550.75,960.00,2026-05-07 09:21:26
2026-03-02,2026-03-02 11:15:00,2026-03-02 11:20:00,OG,Backtest,AdxDiCrossBracketOG,OG_AdxDiCrossBracketOG,OG,NQ,NQ JUN26,LONG,1,25187.75,25180.00,-159.36,-163.72,-32.7,LOSS,STOP_HIT,25129.50,1165.00,2026-05-07 09:21:26
2026-03-25,2026-03-25 11:20:00,2026-03-25 11:20:00,OG,Backtest,AdxDiCrossBracketOG,OG_AdxDiCrossBracketOG,OG,NQ,NQ JUN26,SHORT,1,24385.25,24336.50,970.64,966.28,193.3,WIN,TARGET_HIT,24438.00,1055.00,2026-05-07 09:21:26
2026-01-16,2026-01-16 11:30:00,2026-01-16 11:35:00,OG,Backtest,AdxDiCrossBracketOG,OG_AdxDiCrossBracketOG,OG,NQ,NQ JUN26,LONG,1,25912.25,25924.50,240.64,236.28,47.3,WIN,STOP_HIT,25874.75,750.00,2026-05-07 09:21:26
2026-02-24,2026-02-24 09:50:00,2026-02-24 09:50:00,OG,Backtest,AdxDiCrossBracketOG,OG_AdxDiCrossBracketOG,OG,NQ,NQ JUN26,LONG,1,25121.25,25157.50,720.64,716.28,143.3,WIN,TARGET_HIT,25081.50,795.00,2026-05-07 09:21:26
2026-03-09,2026-03-09 10:45:00,2026-03-09 10:50:00,OG,Backtest,AdxDiCrossBracketOG,OG_AdxDiCrossBracketOG,OG,NQ,NQ JUN26,LONG,1,24692.75,24762.25,1385.64,1381.28,276.3,WIN,TARGET_HIT,24622.25,1410.00,2026-05-07 09:21:26
2026-03-27,2026-03-27 11:40:00,2026-03-27 11:45:00,OG,Backtest,AdxDiCrossBracketOG,OG_AdxDiCrossBracketOG,OG,NQ,NQ JUN26,LONG,1,23597.75,23540.25,-1154.36,-1158.72,-231.7,LOSS,STOP_HIT,23541.50,1125.00,2026-05-07 09:21:26
2026-01-20,2026-01-20 10:50:00,2026-01-20 10:55:00,OG,Backtest,AdxDiCrossBracketOG,OG_AdxDiCrossBracketOG,OG,NQ,NQ JUN26,LONG,1,25598.75,25558.75,-804.36,-808.72,-161.7,LOSS,STOP_HIT,25550.75,960.00,2026-05-07 09:21:26
2026-01-12,2026-01-12 11:25:00,2026-01-12 11:35:00,OG,Backtest,AdxDiCrossBracketOG,OG_AdxDiCrossBracketOG,OG,NQ,NQ JUN26,LONG,1,26159.50,26149.25,-209.36,-213.72,-42.7,LOSS,STOP_HIT,26131.75,555.00,2026-05-07 09:21:26
2026-03-09,2026-03-09 10:45:00,2026-03-09 10:50:00,OG,Backtest,AdxDiCrossBracketOG,OG_AdxDiCrossBracketOG,OG,NQ,NQ JUN26,LONG,1,24692.75,24762.25,1385.64,1381.28,276.3,WIN,TARGET_HIT,24622.25,1410.00,2026-05-07 09:21:26
2026-01-21,2026-01-21 11:45:00,2026-01-21 11:45:00,OG,Backtest,AdxDiCrossBracketOG,OG_AdxDiCrossBracketOG,OG,NQ,NQ JUN26,SHORT,1,25543.00,25505.75,740.64,736.28,147.3,WIN,TARGET_HIT,25582.25,785.00,2026-05-07 09:21:26
2026-02-24,2026-02-24 10:10:00,2026-02-24 10:10:00,OG,Backtest,AdxDiCrossBracketOG,OG_AdxDiCrossBracketOG,OG,NQ,NQ JUN26,SHORT,1,25048.00,25093.50,-914.36,-918.72,-183.7,LOSS,STOP_HIT,25092.25,885.00,2026-05-07 09:21:26
2026-02-05,2026-02-05 11:40:00,2026-02-05 11:50:00,OG,Backtest,AdxDiCrossBracketOG,OG_AdxDiCrossBracketOG,OG,NQ,NQ JUN26,LONG,1,25026.25,24991.50,-699.36,-703.72,-140.7,LOSS,STOP_HIT,24938.00,1765.00,2026-05-07 09:21:26
2026-04-06,2026-04-06 11:05:00,2026-04-06 11:35:00,OG,Backtest,AdxDiCrossBracketOG,OG_AdxDiCrossBracketOG,OG,NQ,NQ JUN26,LONG,1,24307.50,24280.00,-554.36,-558.72,-111.7,LOSS,STOP_HIT,24255.50,1040.00,2026-05-07 09:21:26
2026-01-28,2026-01-28 10:55:00,2026-01-28 11:20:00,OG,Backtest,AdxDiCrossBracketOG,OG_AdxDiCrossBracketOG,OG,NQ,NQ JUN26,SHORT,1,26394.50,26393.75,10.64,6.28,1.3,WIN,STOP_HIT,26429.00,690.00,2026-05-07 09:21:26
2026-01-30,2026-01-30 10:55:00,2026-01-30 10:55:00,OG,Backtest,AdxDiCrossBracketOG,OG_AdxDiCrossBracketOG,OG,NQ,NQ JUN26,LONG,1,26118.00,26058.75,-1189.36,-1193.72,-238.7,LOSS,STOP_HIT,26060.00,1160.00,2026-05-07 09:21:26
2026-03-19,2026-03-19 11:15:00,2026-03-19 11:25:00,OG,Backtest,AdxDiCrossBracketOG,OG_AdxDiCrossBracketOG,OG,NQ,NQ JUN26,LONG,1,24531.00,24485.50,-914.36,-918.72,-183.7,LOSS,STOP_HIT,24473.00,1160.00,2026-05-07 09:21:26
2026-01-21,2026-01-21 11:45:00,2026-01-21 11:45:00,OG,Backtest,AdxDiCrossBracketOG,OG_AdxDiCrossBracketOG,OG,NQ,NQ JUN26,SHORT,1,25543.00,25505.75,740.64,736.28,147.3,WIN,TARGET_HIT,25582.25,785.00,2026-05-07 09:21:26
2026-03-13,2026-03-13 10:50:00,2026-03-13 10:50:00,OG,Backtest,AdxDiCrossBracketOG,OG_AdxDiCrossBracketOG,OG,NQ,NQ JUN26,SHORT,1,24804.25,24755.00,980.64,976.28,195.3,WIN,TARGET_HIT,24853.50,985.00,2026-05-07 09:21:26
2026-02-24,2026-02-24 09:50:00,2026-02-24 09:50:00,OG,Backtest,AdxDiCrossBracketOG,OG_AdxDiCrossBracketOG,OG,NQ,NQ JUN26,LONG,1,25121.25,25157.50,720.64,716.28,143.3,WIN,TARGET_HIT,25081.50,795.00,2026-05-07 09:21:26
2026-02-10,2026-02-10 09:45:00,2026-02-10 09:45:00,OG,Backtest,AdxDiCrossBracketOG,OG_AdxDiCrossBracketOG,OG,NQ,NQ JUN26,SHORT,1,25534.50,25512.25,440.64,436.28,87.3,WIN,TARGET_HIT,25559.75,505.00,2026-05-07 09:21:26
2026-01-30,2026-01-30 10:55:00,2026-01-30 10:55:00,OG,Backtest,AdxDiCrossBracketOG,OG_AdxDiCrossBracketOG,OG,NQ,NQ JUN26,LONG,1,26118.00,26058.75,-1189.36,-1193.72,-238.7,LOSS,STOP_HIT,26060.00,1160.00,2026-05-07 09:21:26
2026-02-24,2026-02-24 10:15:00,2026-02-24 10:15:00,OG,Backtest,AdxDiCrossBracketOG,OG_AdxDiCrossBracketOG,OG,NQ,NQ JUN26,LONG,1,25110.00,25063.00,-944.36,-948.72,-189.7,LOSS,STOP_HIT,25064.25,915.00,2026-05-07 09:21:26
2026-02-24,2026-02-24 09:50:00,2026-02-24 09:50:00,OG,Backtest,AdxDiCrossBracketOG,OG_AdxDiCrossBracketOG,OG,NQ,NQ JUN26,LONG,1,25121.25,25157.50,720.64,716.28,143.3,WIN,TARGET_HIT,25081.50,795.00,2026-05-07 09:21:26
2026-01-30,2026-01-30 11:00:00,2026-01-30 11:10:00,OG,Backtest,AdxDiCrossBracketOG,OG_AdxDiCrossBracketOG,OG,NQ,NQ JUN26,SHORT,1,26071.50,26048.25,460.64,456.28,91.3,WIN,STOP_HIT,26129.00,1150.00,2026-05-07 09:21:26
2026-02-11,2026-02-11 11:05:00,2026-02-11 11:10:00,OG,Backtest,AdxDiCrossBracketOG,OG_AdxDiCrossBracketOG,OG,NQ,NQ JUN26,LONG,1,25454.25,25417.50,-739.36,-743.72,-148.7,LOSS,STOP_HIT,25393.00,1225.00,2026-05-07 09:21:26
2026-03-19,2026-03-19 11:15:00,2026-03-19 11:25:00,OG,Backtest,AdxDiCrossBracketOG,OG_AdxDiCrossBracketOG,OG,NQ,NQ JUN26,LONG,1,24531.00,24485.50,-914.36,-918.72,-183.7,LOSS,STOP_HIT,24473.00,1160.00,2026-05-07 09:21:26
2026-02-05,2026-02-05 11:40:00,2026-02-05 11:50:00,OG,Backtest,AdxDiCrossBracketOG,OG_AdxDiCrossBracketOG,OG,NQ,NQ JUN26,LONG,1,25026.25,24991.50,-699.36,-703.72,-140.7,LOSS,STOP_HIT,24938.00,1765.00,2026-05-07 09:21:26
2026-01-07,2026-01-07 10:10:00,2026-01-07 10:10:00,OG,Backtest,AdxDiCrossBracketOG,OG_AdxDiCrossBracketOG,OG,NQ,NQ JUN26,SHORT,1,26050.00,26073.50,-474.36,-478.72,-95.7,LOSS,STOP_HIT,26072.25,445.00,2026-05-07 09:21:26
2026-02-17,2026-02-17 11:10:00,2026-02-17 11:10:00,OG,Backtest,AdxDiCrossBracketOG,OG_AdxDiCrossBracketOG,OG,NQ,NQ JUN26,LONG,1,24862.00,24927.25,1300.64,1296.28,259.3,WIN,TARGET_HIT,24793.75,1365.00,2026-05-07 09:21:26
2026-02-24,2026-02-24 10:10:00,2026-02-24 10:10:00,OG,Backtest,AdxDiCrossBracketOG,OG_AdxDiCrossBracketOG,OG,NQ,NQ JUN26,SHORT,1,25048.00,25093.50,-914.36,-918.72,-183.7,LOSS,STOP_HIT,25092.25,885.00,2026-05-07 09:21:26
2026-03-03,2026-03-03 11:25:00,2026-03-03 11:40:00,OG,Backtest,AdxDiCrossBracketOG,OG_AdxDiCrossBracketOG,OG,NQ,NQ JUN26,LONG,1,24795.25,24816.50,420.64,416.28,83.3,WIN,STOP_HIT,24724.00,1425.00,2026-05-07 09:21:26
2026-04-06,2026-04-06 11:05:00,2026-04-06 11:35:00,OG,Backtest,AdxDiCrossBracketOG,OG_AdxDiCrossBracketOG,OG,NQ,NQ JUN26,LONG,1,24307.50,24280.00,-554.36,-558.72,-111.7,LOSS,STOP_HIT,24255.50,1040.00,2026-05-07 09:21:26
2026-02-24,2026-02-24 10:10:00,2026-02-24 10:10:00,OG,Backtest,AdxDiCrossBracketOG,OG_AdxDiCrossBracketOG,OG,NQ,NQ JUN26,SHORT,1,25048.00,25093.50,-914.36,-918.72,-183.7,LOSS,STOP_HIT,25092.25,885.00,2026-05-07 09:21:26
2026-02-24,2026-02-24 10:15:00,2026-02-24 10:15:00,OG,Backtest,AdxDiCrossBracketOG,OG_AdxDiCrossBracketOG,OG,NQ,NQ JUN26,LONG,1,25110.00,25063.00,-944.36,-948.72,-189.7,LOSS,STOP_HIT,25064.25,915.00,2026-05-07 09:21:26
2026-01-09,2026-01-09 09:55:00,2026-01-09 09:55:00,OG,Backtest,AdxDiCrossBracketOG,OG_AdxDiCrossBracketOG,OG,NQ,NQ JUN26,SHORT,1,25912.50,25949.00,-734.36,-738.72,-147.7,LOSS,STOP_HIT,25947.75,705.00,2026-05-07 09:21:26
2026-01-07,2026-01-07 10:10:00,2026-01-07 10:10:00,OG,Backtest,AdxDiCrossBracketOG,OG_AdxDiCrossBracketOG,OG,NQ,NQ JUN26,SHORT,1,26050.00,26073.50,-474.36,-478.72,-95.7,LOSS,STOP_HIT,26072.25,445.00,2026-05-07 09:21:26
2026-02-17,2026-02-17 11:10:00,2026-02-17 11:10:00,OG,Backtest,AdxDiCrossBracketOG,OG_AdxDiCrossBracketOG,OG,NQ,NQ JUN26,LONG,1,24862.00,24927.25,1300.64,1296.28,259.3,WIN,TARGET_HIT,24793.75,1365.00,2026-05-07 09:21:26
2026-01-09,2026-01-09 10:10:00,2026-01-09 10:10:00,OG,Backtest,AdxDiCrossBracketOG,OG_AdxDiCrossBracketOG,OG,NQ,NQ JUN26,LONG,1,25922.50,25881.00,-834.36,-838.72,-167.7,LOSS,STOP_HIT,25882.25,805.00,2026-05-07 09:21:26
2026-03-19,2026-03-19 11:15:00,2026-03-19 11:25:00,OG,Backtest,AdxDiCrossBracketOG,OG_AdxDiCrossBracketOG,OG,NQ,NQ JUN26,LONG,1,24531.00,24485.50,-914.36,-918.72,-183.7,LOSS,STOP_HIT,24473.00,1160.00,2026-05-07 09:21:26
2026-03-27,2026-03-27 11:40:00,2026-03-27 11:45:00,OG,Backtest,AdxDiCrossBracketOG,OG_AdxDiCrossBracketOG,OG,NQ,NQ JUN26,LONG,1,23597.75,23540.25,-1154.36,-1158.72,-231.7,LOSS,STOP_HIT,23541.50,1125.00,2026-05-07 09:21:26
2026-01-09,2026-01-09 10:15:00,2026-01-09 10:15:00,OG,Backtest,AdxDiCrossBracketOG,OG_AdxDiCrossBracketOG,OG,NQ,NQ JUN26,SHORT,1,25849.75,25897.00,-949.36,-953.72,-190.7,LOSS,STOP_HIT,25895.75,920.00,2026-05-07 09:21:26
2026-01-21,2026-01-21 11:45:00,2026-01-21 11:45:00,OG,Backtest,AdxDiCrossBracketOG,OG_AdxDiCrossBracketOG,OG,NQ,NQ JUN26,SHORT,1,25543.00,25505.75,740.64,736.28,147.3,WIN,TARGET_HIT,25582.25,785.00,2026-05-07 09:21:26
2026-01-09,2026-01-09 10:15:00,2026-01-09 10:15:00,OG,Backtest,AdxDiCrossBracketOG,OG_AdxDiCrossBracketOG,OG,NQ,NQ JUN26,SHORT,1,25849.75,25897.00,-949.36,-953.72,-190.7,LOSS,STOP_HIT,25895.75,920.00,2026-05-07 09:21:26
2026-03-17,2026-03-17 11:15:00,2026-03-17 11:20:00,OG,Backtest,AdxDiCrossBracketOG,OG_AdxDiCrossBracketOG,OG,NQ,NQ JUN26,SHORT,1,25019.75,25057.00,-749.36,-753.72,-150.7,LOSS,STOP_HIT,25056.25,730.00,2026-05-07 09:21:26
2026-01-13,2026-01-13 10:10:00,2026-01-13 10:15:00,OG,Backtest,AdxDiCrossBracketOG,OG_AdxDiCrossBracketOG,OG,NQ,NQ JUN26,SHORT,1,26137.25,26108.00,580.64,576.28,115.3,WIN,TARGET_HIT,26168.00,615.00,2026-05-07 09:21:26
2026-01-09,2026-01-09 10:10:00,2026-01-09 10:10:00,OG,Backtest,AdxDiCrossBracketOG,OG_AdxDiCrossBracketOG,OG,NQ,NQ JUN26,LONG,1,25922.50,25881.00,-834.36,-838.72,-167.7,LOSS,STOP_HIT,25882.25,805.00,2026-05-07 09:21:26
2026-01-13,2026-01-13 10:10:00,2026-01-13 10:15:00,OG,Backtest,AdxDiCrossBracketOG,OG_AdxDiCrossBracketOG,OG,NQ,NQ JUN26,SHORT,1,26137.25,26108.00,580.64,576.28,115.3,WIN,TARGET_HIT,26168.00,615.00,2026-05-07 09:21:26
2026-01-16,2026-01-16 11:30:00,2026-01-16 11:35:00,OG,Backtest,AdxDiCrossBracketOG,OG_AdxDiCrossBracketOG,OG,NQ,NQ JUN26,LONG,1,25912.25,25924.50,240.64,236.28,47.3,WIN,STOP_HIT,25874.75,750.00,2026-05-07 09:21:26
2026-03-17,2026-03-17 11:15:00,2026-03-17 11:20:00,OG,Backtest,AdxDiCrossBracketOG,OG_AdxDiCrossBracketOG,OG,NQ,NQ JUN26,SHORT,1,25019.75,25057.00,-749.36,-753.72,-150.7,LOSS,STOP_HIT,25056.25,730.00,2026-05-07 09:21:26
2026-03-13,2026-03-13 10:50:00,2026-03-13 10:50:00,OG,Backtest,AdxDiCrossBracketOG,OG_AdxDiCrossBracketOG,OG,NQ,NQ JUN26,SHORT,1,24804.25,24755.00,980.64,976.28,195.3,WIN,TARGET_HIT,24853.50,985.00,2026-05-07 09:21:26
2026-01-20,2026-01-20 10:50:00,2026-01-20 10:55:00,OG,Backtest,AdxDiCrossBracketOG,OG_AdxDiCrossBracketOG,OG,NQ,NQ JUN26,LONG,1,25598.75,25558.75,-804.36,-808.72,-161.7,LOSS,STOP_HIT,25550.75,960.00,2026-05-07 09:21:26
2026-01-30,2026-01-30 11:00:00,2026-01-30 11:10:00,OG,Backtest,AdxDiCrossBracketOG,OG_AdxDiCrossBracketOG,OG,NQ,NQ JUN26,SHORT,1,26071.50,26048.25,460.64,456.28,91.3,WIN,STOP_HIT,26129.00,1150.00,2026-05-07 09:21:26
2026-03-25,2026-03-25 11:20:00,2026-03-25 11:20:00,OG,Backtest,AdxDiCrossBracketOG,OG_AdxDiCrossBracketOG,OG,NQ,NQ JUN26,SHORT,1,24385.25,24336.50,970.64,966.28,193.3,WIN,TARGET_HIT,24438.00,1055.00,2026-05-07 09:21:26
2026-01-12,2026-01-12 11:25:00,2026-01-12 11:35:00,OG,Backtest,AdxDiCrossBracketOG,OG_AdxDiCrossBracketOG,OG,NQ,NQ JUN26,LONG,1,26159.50,26149.25,-209.36,-213.72,-42.7,LOSS,STOP_HIT,26131.75,555.00,2026-05-07 09:21:26
2026-02-03,2026-02-03 09:50:00,2026-02-03 09:50:00,OG,Backtest,AdxDiCrossBracketOG,OG_AdxDiCrossBracketOG,OG,NQ,NQ JUN26,SHORT,1,25960.00,25999.25,-789.36,-793.72,-158.7,LOSS,STOP_HIT,25998.00,760.00,2026-05-07 09:21:26
2026-03-19,2026-03-19 11:15:00,2026-03-19 11:25:00,OG,Backtest,AdxDiCrossBracketOG,OG_AdxDiCrossBracketOG,OG,NQ,NQ JUN26,LONG,1,24531.00,24485.50,-914.36,-918.72,-183.7,LOSS,STOP_HIT,24473.00,1160.00,2026-05-07 09:21:26
2026-01-09,2026-01-09 10:15:00,2026-01-09 10:15:00,OG,Backtest,AdxDiCrossBracketOG,OG_AdxDiCrossBracketOG,OG,NQ,NQ JUN26,SHORT,1,25849.75,25897.00,-949.36,-953.72,-190.7,LOSS,STOP_HIT,25895.75,920.00,2026-05-07 09:21:26
2026-01-23,2026-01-23 10:10:00,2026-01-23 10:15:00,OG,Backtest,AdxDiCrossBracketOG,OG_AdxDiCrossBracketOG,OG,NQ,NQ JUN26,LONG,1,25921.75,25885.00,-739.36,-743.72,-148.7,LOSS,STOP_HIT,25885.50,725.00,2026-05-07 09:21:26
2026-03-25,2026-03-25 11:20:00,2026-03-25 11:20:00,OG,Backtest,AdxDiCrossBracketOG,OG_AdxDiCrossBracketOG,OG,NQ,NQ JUN26,SHORT,1,24385.25,24336.50,970.64,966.28,193.3,WIN,TARGET_HIT,24438.00,1055.00,2026-05-07 09:21:26
2026-02-05,2026-02-05 11:40:00,2026-02-05 11:50:00,OG,Backtest,AdxDiCrossBracketOG,OG_AdxDiCrossBracketOG,OG,NQ,NQ JUN26,LONG,1,25026.25,24991.50,-699.36,-703.72,-140.7,LOSS,STOP_HIT,24938.00,1765.00,2026-05-07 09:21:26
2026-01-06,2026-01-06 11:00:00,2026-01-06 11:05:00,OG,Backtest,AdxDiCrossBracketOG,OG_AdxDiCrossBracketOG,OG,NQ,NQ JUN26,SHORT,1,25908.50,25880.75,550.64,546.28,109.3,WIN,TARGET_HIT,25938.25,595.00,2026-05-07 09:21:26
2026-02-10,2026-02-10 09:45:00,2026-02-10 09:45:00,OG,Backtest,AdxDiCrossBracketOG,OG_AdxDiCrossBracketOG,OG,NQ,NQ JUN26,SHORT,1,25534.50,25512.25,440.64,436.28,87.3,WIN,TARGET_HIT,25559.75,505.00,2026-05-07 09:21:26
2026-01-13,2026-01-13 10:10:00,2026-01-13 10:15:00,OG,Backtest,AdxDiCrossBracketOG,OG_AdxDiCrossBracketOG,OG,NQ,NQ JUN26,SHORT,1,26137.25,26108.00,580.64,576.28,115.3,WIN,TARGET_HIT,26168.00,615.00,2026-05-07 09:21:26
2026-02-11,2026-02-11 11:05:00,2026-02-11 11:10:00,OG,Backtest,AdxDiCrossBracketOG,OG_AdxDiCrossBracketOG,OG,NQ,NQ JUN26,LONG,1,25454.25,25417.50,-739.36,-743.72,-148.7,LOSS,STOP_HIT,25393.00,1225.00,2026-05-07 09:21:26
2026-01-23,2026-01-23 10:10:00,2026-01-23 10:15:00,OG,Backtest,AdxDiCrossBracketOG,OG_AdxDiCrossBracketOG,OG,NQ,NQ JUN26,LONG,1,25921.75,25885.00,-739.36,-743.72,-148.7,LOSS,STOP_HIT,25885.50,725.00,2026-05-07 09:21:26
2026-04-10,2026-04-10 11:45:00,2026-04-10 12:00:00,OG,Backtest,AdxDiCrossBracketOG,OG_AdxDiCrossBracketOG,OG,NQ,NQ JUN26,SHORT,1,25300.75,25269.75,615.64,611.28,122.3,WIN,TARGET_HIT,25334.25,670.00,2026-05-07 09:21:26
2026-01-13,2026-01-13 10:10:00,2026-01-13 10:15:00,OG,Backtest,AdxDiCrossBracketOG,OG_AdxDiCrossBracketOG,OG,NQ,NQ JUN26,SHORT,1,26137.25,26108.00,580.64,576.28,115.3,WIN,TARGET_HIT,26168.00,615.00,2026-05-07 09:21:26
2026-01-23,2026-01-23 10:10:00,2026-01-23 10:15:00,OG,Backtest,AdxDiCrossBracketOG,OG_AdxDiCrossBracketOG,OG,NQ,NQ JUN26,LONG,1,25921.75,25885.00,-739.36,-743.72,-148.7,LOSS,STOP_HIT,25885.50,725.00,2026-05-07 09:21:26
2026-02-05,2026-02-05 11:40:00,2026-02-05 11:50:00,OG,Backtest,AdxDiCrossBracketOG,OG_AdxDiCrossBracketOG,OG,NQ,NQ JUN26,LONG,1,25026.25,24991.50,-699.36,-703.72,-140.7,LOSS,STOP_HIT,24938.00,1765.00,2026-05-07 09:21:26
2026-02-11,2026-02-11 10:20:00,2026-02-11 10:20:00,OG,Backtest,AdxDiCrossBracketOG,OG_AdxDiCrossBracketOG,OG,NQ,NQ JUN26,SHORT,1,25395.25,25345.50,990.64,986.28,197.3,WIN,TARGET_HIT,25448.50,1065.00,2026-05-07 09:21:26
2026-04-07,2026-04-07 11:40:00,2026-04-07 12:00:00,OG,Backtest,AdxDiCrossBracketOG,OG_AdxDiCrossBracketOG,OG,NQ,NQ JUN26,LONG,1,24072.25,24117.50,900.64,896.28,179.3,WIN,TARGET_HIT,24025.00,945.00,2026-05-07 09:21:26
2026-01-28,2026-01-28 10:55:00,2026-01-28 11:20:00,OG,Backtest,AdxDiCrossBracketOG,OG_AdxDiCrossBracketOG,OG,NQ,NQ JUN26,SHORT,1,26394.50,26393.75,10.64,6.28,1.3,WIN,STOP_HIT,26429.00,690.00,2026-05-07 09:21:26
2026-01-09,2026-01-09 10:30:00,2026-01-09 10:30:00,OG,Backtest,AdxDiCrossBracketOG,OG_AdxDiCrossBracketOG,OG,NQ,NQ JUN26,LONG,1,26010.00,26057.25,940.64,936.28,187.3,WIN,TARGET_HIT,25959.75,1005.00,2026-05-07 09:21:26
2026-02-11,2026-02-11 11:05:00,2026-02-11 11:10:00,OG,Backtest,AdxDiCrossBracketOG,OG_AdxDiCrossBracketOG,OG,NQ,NQ JUN26,LONG,1,25454.25,25417.50,-739.36,-743.72,-148.7,LOSS,STOP_HIT,25393.00,1225.00,2026-05-07 09:21:26
2026-01-30,2026-01-30 11:00:00,2026-01-30 11:10:00,OG,Backtest,AdxDiCrossBracketOG,OG_AdxDiCrossBracketOG,OG,NQ,NQ JUN26,SHORT,1,26071.50,26048.25,460.64,456.28,91.3,WIN,STOP_HIT,26129.00,1150.00,2026-05-07 09:21:26
2026-02-13,2026-02-13 10:35:00,2026-02-13 10:35:00,OG,Backtest,AdxDiCrossBracketOG,OG_AdxDiCrossBracketOG,OG,NQ,NQ JUN26,LONG,1,25058.75,25127.00,1360.64,1356.28,271.3,WIN,TARGET_HIT,24987.50,1425.00,2026-05-07 09:21:26
2026-02-17,2026-02-17 11:10:00,2026-02-17 11:10:00,OG,Backtest,AdxDiCrossBracketOG,OG_AdxDiCrossBracketOG,OG,NQ,NQ JUN26,LONG,1,24862.00,24927.25,1300.64,1296.28,259.3,WIN,TARGET_HIT,24793.75,1365.00,2026-05-07 09:21:26
2026-02-11,2026-02-11 10:20:00,2026-02-11 10:20:00,OG,Backtest,AdxDiCrossBracketOG,OG_AdxDiCrossBracketOG,OG,NQ,NQ JUN26,SHORT,1,25395.25,25345.50,990.64,986.28,197.3,WIN,TARGET_HIT,25448.50,1065.00,2026-05-07 09:21:26
2026-01-09,2026-01-09 10:10:00,2026-01-09 10:10:00,OG,Backtest,AdxDiCrossBracketOG,OG_AdxDiCrossBracketOG,OG,NQ,NQ JUN26,LONG,1,25922.50,25881.00,-834.36,-838.72,-167.7,LOSS,STOP_HIT,25882.25,805.00,2026-05-07 09:21:26
2026-01-30,2026-01-30 11:00:00,2026-01-30 11:10:00,OG,Backtest,AdxDiCrossBracketOG,OG_AdxDiCrossBracketOG,OG,NQ,NQ JUN26,SHORT,1,26071.50,26048.25,460.64,456.28,91.3,WIN,STOP_HIT,26129.00,1150.00,2026-05-07 09:21:26
2026-02-13,2026-02-13 10:50:00,2026-02-13 11:05:00,OG,Backtest,AdxDiCrossBracketOG,OG_AdxDiCrossBracketOG,OG,NQ,NQ JUN26,SHORT,1,24982.25,25021.00,-779.36,-783.72,-156.7,LOSS,STOP_HIT,25055.00,1455.00,2026-05-07 09:21:26
2026-02-24,2026-02-24 10:15:00,2026-02-24 10:15:00,OG,Backtest,AdxDiCrossBracketOG,OG_AdxDiCrossBracketOG,OG,NQ,NQ JUN26,LONG,1,25110.00,25063.00,-944.36,-948.72,-189.7,LOSS,STOP_HIT,25064.25,915.00,2026-05-07 09:21:26
2026-01-07,2026-01-07 10:10:00,2026-01-07 10:10:00,OG,Backtest,AdxDiCrossBracketOG,OG_AdxDiCrossBracketOG,OG,NQ,NQ JUN26,SHORT,1,26050.00,26073.50,-474.36,-478.72,-95.7,LOSS,STOP_HIT,26072.25,445.00,2026-05-07 09:21:26
2026-01-13,2026-01-13 10:10:00,2026-01-13 10:15:00,OG,Backtest,AdxDiCrossBracketOG,OG_AdxDiCrossBracketOG,OG,NQ,NQ JUN26,SHORT,1,26137.25,26108.00,580.64,576.28,115.3,WIN,TARGET_HIT,26168.00,615.00,2026-05-07 09:21:26
2026-01-07,2026-01-07 10:10:00,2026-01-07 10:10:00,OG,Backtest,AdxDiCrossBracketOG,OG_AdxDiCrossBracketOG,OG,NQ,NQ JUN26,SHORT,1,26050.00,26073.50,-474.36,-478.72,-95.7,LOSS,STOP_HIT,26072.25,445.00,2026-05-07 09:21:26
2026-02-24,2026-02-24 10:15:00,2026-02-24 10:15:00,OG,Backtest,AdxDiCrossBracketOG,OG_AdxDiCrossBracketOG,OG,NQ,NQ JUN26,LONG,1,25110.00,25063.00,-944.36,-948.72,-189.7,LOSS,STOP_HIT,25064.25,915.00,2026-05-07 09:21:26
2026-01-09,2026-01-09 10:15:00,2026-01-09 10:15:00,OG,Backtest,AdxDiCrossBracketOG,OG_AdxDiCrossBracketOG,OG,NQ,NQ JUN26,SHORT,1,25849.75,25897.00,-949.36,-953.72,-190.7,LOSS,STOP_HIT,25895.75,920.00,2026-05-07 09:21:26
2026-01-20,2026-01-20 10:50:00,2026-01-20 10:55:00,OG,Backtest,AdxDiCrossBracketOG,OG_AdxDiCrossBracketOG,OG,NQ,NQ JUN26,LONG,1,25598.75,25558.75,-804.36,-808.72,-161.7,LOSS,STOP_HIT,25550.75,960.00,2026-05-07 09:21:26
2026-03-02,2026-03-02 11:15:00,2026-03-02 11:20:00,OG,Backtest,AdxDiCrossBracketOG,OG_AdxDiCrossBracketOG,OG,NQ,NQ JUN26,LONG,1,25187.75,25180.00,-159.36,-163.72,-32.7,LOSS,STOP_HIT,25129.50,1165.00,2026-05-07 09:21:26
2026-02-11,2026-02-11 10:20:00,2026-02-11 10:20:00,OG,Backtest,AdxDiCrossBracketOG,OG_AdxDiCrossBracketOG,OG,NQ,NQ JUN26,SHORT,1,25395.25,25345.50,990.64,986.28,197.3,WIN,TARGET_HIT,25448.50,1065.00,2026-05-07 09:21:26
2026-01-12,2026-01-12 11:25:00,2026-01-12 11:35:00,OG,Backtest,AdxDiCrossBracketOG,OG_AdxDiCrossBracketOG,OG,NQ,NQ JUN26,LONG,1,26159.50,26149.25,-209.36,-213.72,-42.7,LOSS,STOP_HIT,26131.75,555.00,2026-05-07 09:21:26
2026-01-12,2026-01-12 11:25:00,2026-01-12 11:35:00,OG,Backtest,AdxDiCrossBracketOG,OG_AdxDiCrossBracketOG,OG,NQ,NQ JUN26,LONG,1,26159.50,26149.25,-209.36,-213.72,-42.7,LOSS,STOP_HIT,26131.75,555.00,2026-05-07 09:21:26
2026-03-03,2026-03-03 11:25:00,2026-03-03 11:40:00,OG,Backtest,AdxDiCrossBracketOG,OG_AdxDiCrossBracketOG,OG,NQ,NQ JUN26,LONG,1,24795.25,24816.50,420.64,416.28,83.3,WIN,STOP_HIT,24724.00,1425.00,2026-05-07 09:21:26
2026-03-24,2026-03-24 11:00:00,2026-03-24 11:00:00,OG,Backtest,AdxDiCrossBracketOG,OG_AdxDiCrossBracketOG,OG,NQ,NQ JUN26,LONG,1,24282.25,24217.00,-1309.36,-1313.72,-262.7,LOSS,STOP_HIT,24218.25,1280.00,2026-05-07 09:21:26
2026-04-06,2026-04-06 11:05:00,2026-04-06 11:35:00,OG,Backtest,AdxDiCrossBracketOG,OG_AdxDiCrossBracketOG,OG,NQ,NQ JUN26,LONG,1,24307.50,24280.00,-554.36,-558.72,-111.7,LOSS,STOP_HIT,24255.50,1040.00,2026-05-07 09:21:26
2026-01-09,2026-01-09 10:15:00,2026-01-09 10:15:00,OG,Backtest,AdxDiCrossBracketOG,OG_AdxDiCrossBracketOG,OG,NQ,NQ JUN26,SHORT,1,25849.75,25897.00,-949.36,-953.72,-190.7,LOSS,STOP_HIT,25895.75,920.00,2026-05-07 09:21:26
2026-01-28,2026-01-28 10:55:00,2026-01-28 11:20:00,OG,Backtest,AdxDiCrossBracketOG,OG_AdxDiCrossBracketOG,OG,NQ,NQ JUN26,SHORT,1,26394.50,26393.75,10.64,6.28,1.3,WIN,STOP_HIT,26429.00,690.00,2026-05-07 09:21:26
2026-03-19,2026-03-19 11:15:00,2026-03-19 11:25:00,OG,Backtest,AdxDiCrossBracketOG,OG_AdxDiCrossBracketOG,OG,NQ,NQ JUN26,LONG,1,24531.00,24485.50,-914.36,-918.72,-183.7,LOSS,STOP_HIT,24473.00,1160.00,2026-05-07 09:21:26
2026-01-20,2026-01-20 11:10:00,2026-01-20 11:15:00,OG,Backtest,AdxDiCrossBracketOG,OG_AdxDiCrossBracketOG,OG,NQ,NQ JUN26,LONG,1,25588.25,25600.25,235.64,231.28,46.3,WIN,STOP_HIT,25540.75,950.00,2026-05-07 09:21:26
2026-03-03,2026-03-03 11:25:00,2026-03-03 11:40:00,OG,Backtest,AdxDiCrossBracketOG,OG_AdxDiCrossBracketOG,OG,NQ,NQ JUN26,LONG,1,24795.25,24816.50,420.64,416.28,83.3,WIN,STOP_HIT,24724.00,1425.00,2026-05-07 09:21:26
2026-01-30,2026-01-30 11:00:00,2026-01-30 11:10:00,OG,Backtest,AdxDiCrossBracketOG,OG_AdxDiCrossBracketOG,OG,NQ,NQ JUN26,SHORT,1,26071.50,26048.25,460.64,456.28,91.3,WIN,STOP_HIT,26129.00,1150.00,2026-05-07 09:21:26
2026-02-05,2026-02-05 11:40:00,2026-02-05 11:50:00,OG,Backtest,AdxDiCrossBracketOG,OG_AdxDiCrossBracketOG,OG,NQ,NQ JUN26,LONG,1,25026.25,24991.50,-699.36,-703.72,-140.7,LOSS,STOP_HIT,24938.00,1765.00,2026-05-07 09:21:26
2026-03-25,2026-03-25 11:20:00,2026-03-25 11:20:00,OG,Backtest,AdxDiCrossBracketOG,OG_AdxDiCrossBracketOG,OG,NQ,NQ JUN26,SHORT,1,24385.25,24336.50,970.64,966.28,193.3,WIN,TARGET_HIT,24438.00,1055.00,2026-05-07 09:21:26
2026-02-10,2026-02-10 09:45:00,2026-02-10 09:45:00,OG,Backtest,AdxDiCrossBracketOG,OG_AdxDiCrossBracketOG,OG,NQ,NQ JUN26,SHORT,1,25534.50,25512.25,440.64,436.28,87.3,WIN,TARGET_HIT,25559.75,505.00,2026-05-07 09:21:26
2026-01-30,2026-01-30 10:55:00,2026-01-30 10:55:00,OG,Backtest,AdxDiCrossBracketOG,OG_AdxDiCrossBracketOG,OG,NQ,NQ JUN26,LONG,1,26118.00,26058.75,-1189.36,-1193.72,-238.7,LOSS,STOP_HIT,26060.00,1160.00,2026-05-07 09:21:26
2026-02-11,2026-02-11 10:20:00,2026-02-11 10:20:00,OG,Backtest,AdxDiCrossBracketOG,OG_AdxDiCrossBracketOG,OG,NQ,NQ JUN26,SHORT,1,25395.25,25345.50,990.64,986.28,197.3,WIN,TARGET_HIT,25448.50,1065.00,2026-05-07 09:21:26
2026-01-30,2026-01-30 11:00:00,2026-01-30 11:10:00,OG,Backtest,AdxDiCrossBracketOG,OG_AdxDiCrossBracketOG,OG,NQ,NQ JUN26,SHORT,1,26071.50,26048.25,460.64,456.28,91.3,WIN,STOP_HIT,26129.00,1150.00,2026-05-07 09:21:26
2026-03-25,2026-03-25 11:20:00,2026-03-25 11:20:00,OG,Backtest,AdxDiCrossBracketOG,OG_AdxDiCrossBracketOG,OG,NQ,NQ JUN26,SHORT,1,24385.25,24336.50,970.64,966.28,193.3,WIN,TARGET_HIT,24438.00,1055.00,2026-05-07 09:21:26
2026-03-17,2026-03-17 11:15:00,2026-03-17 11:20:00,OG,Backtest,AdxDiCrossBracketOG,OG_AdxDiCrossBracketOG,OG,NQ,NQ JUN26,SHORT,1,25019.75,25057.00,-749.36,-753.72,-150.7,LOSS,STOP_HIT,25056.25,730.00,2026-05-07 09:21:26
2026-02-03,2026-02-03 09:50:00,2026-02-03 09:50:00,OG,Backtest,AdxDiCrossBracketOG,OG_AdxDiCrossBracketOG,OG,NQ,NQ JUN26,SHORT,1,25960.00,25999.25,-789.36,-793.72,-158.7,LOSS,STOP_HIT,25998.00,760.00,2026-05-07 09:21:26
2026-01-28,2026-01-28 10:55:00,2026-01-28 11:20:00,OG,Backtest,AdxDiCrossBracketOG,OG_AdxDiCrossBracketOG,OG,NQ,NQ JUN26,SHORT,1,26394.50,26393.75,10.64,6.28,1.3,WIN,STOP_HIT,26429.00,690.00,2026-05-07 09:21:26
2026-02-05,2026-02-05 11:40:00,2026-02-05 11:50:00,OG,Backtest,AdxDiCrossBracketOG,OG_AdxDiCrossBracketOG,OG,NQ,NQ JUN26,LONG,1,25026.25,24991.50,-699.36,-703.72,-140.7,LOSS,STOP_HIT,24938.00,1765.00,2026-05-07 09:21:26
2026-01-23,2026-01-23 10:10:00,2026-01-23 10:15:00,OG,Backtest,AdxDiCrossBracketOG,OG_AdxDiCrossBracketOG,OG,NQ,NQ JUN26,LONG,1,25921.75,25885.00,-739.36,-743.72,-148.7,LOSS,STOP_HIT,25885.50,725.00,2026-05-07 09:21:26
2026-01-30,2026-01-30 10:55:00,2026-01-30 10:55:00,OG,Backtest,AdxDiCrossBracketOG,OG_AdxDiCrossBracketOG,OG,NQ,NQ JUN26,LONG,1,26118.00,26058.75,-1189.36,-1193.72,-238.7,LOSS,STOP_HIT,26060.00,1160.00,2026-05-07 09:21:26
2026-02-10,2026-02-10 09:45:00,2026-02-10 09:45:00,OG,Backtest,AdxDiCrossBracketOG,OG_AdxDiCrossBracketOG,OG,NQ,NQ JUN26,SHORT,1,25534.50,25512.25,440.64,436.28,87.3,WIN,TARGET_HIT,25559.75,505.00,2026-05-07 09:21:26
2026-02-11,2026-02-11 10:20:00,2026-02-11 10:20:00,OG,Backtest,AdxDiCrossBracketOG,OG_AdxDiCrossBracketOG,OG,NQ,NQ JUN26,SHORT,1,25395.25,25345.50,990.64,986.28,197.3,WIN,TARGET_HIT,25448.50,1065.00,2026-05-07 09:21:26
2026-01-30,2026-01-30 10:55:00,2026-01-30 10:55:00,OG,Backtest,AdxDiCrossBracketOG,OG_AdxDiCrossBracketOG,OG,NQ,NQ JUN26,LONG,1,26118.00,26058.75,-1189.36,-1193.72,-238.7,LOSS,STOP_HIT,26060.00,1160.00,2026-05-07 09:21:26
2026-03-25,2026-03-25 11:20:00,2026-03-25 11:20:00,OG,Backtest,AdxDiCrossBracketOG,OG_AdxDiCrossBracketOG,OG,NQ,NQ JUN26,SHORT,1,24385.25,24336.50,970.64,966.28,193.3,WIN,TARGET_HIT,24438.00,1055.00,2026-05-07 09:21:26
2026-03-27,2026-03-27 11:40:00,2026-03-27 11:45:00,OG,Backtest,AdxDiCrossBracketOG,OG_AdxDiCrossBracketOG,OG,NQ,NQ JUN26,LONG,1,23597.75,23540.25,-1154.36,-1158.72,-231.7,LOSS,STOP_HIT,23541.50,1125.00,2026-05-07 09:21:26
2026-02-13,2026-02-13 10:35:00,2026-02-13 10:35:00,OG,Backtest,AdxDiCrossBracketOG,OG_AdxDiCrossBracketOG,OG,NQ,NQ JUN26,LONG,1,25058.75,25127.00,1360.64,1356.28,271.3,WIN,TARGET_HIT,24987.50,1425.00,2026-05-07 09:21:26
2026-02-24,2026-02-24 10:15:00,2026-02-24 10:15:00,OG,Backtest,AdxDiCrossBracketOG,OG_AdxDiCrossBracketOG,OG,NQ,NQ JUN26,LONG,1,25110.00,25063.00,-944.36,-948.72,-189.7,LOSS,STOP_HIT,25064.25,915.00,2026-05-07 09:21:26
2026-01-09,2026-01-09 09:45:00,2026-01-09 09:50:00,OG,Backtest,AdxDiCrossBracketOG,OG_AdxDiCrossBracketOG,OG,NQ,NQ JUN26,LONG,1,25965.75,25936.75,-584.36,-588.72,-117.7,LOSS,STOP_HIT,25938.00,555.00,2026-05-07 09:21:26
2026-02-17,2026-02-17 11:10:00,2026-02-17 11:10:00,OG,Backtest,AdxDiCrossBracketOG,OG_AdxDiCrossBracketOG,OG,NQ,NQ JUN26,LONG,1,24862.00,24927.25,1300.64,1296.28,259.3,WIN,TARGET_HIT,24793.75,1365.00,2026-05-07 09:21:26
2026-02-11,2026-02-11 11:05:00,2026-02-11 11:10:00,OG,Backtest,AdxDiCrossBracketOG,OG_AdxDiCrossBracketOG,OG,NQ,NQ JUN26,LONG,1,25454.25,25417.50,-739.36,-743.72,-148.7,LOSS,STOP_HIT,25393.00,1225.00,2026-05-07 09:21:26
2026-03-03,2026-03-03 11:25:00,2026-03-03 11:40:00,OG,Backtest,AdxDiCrossBracketOG,OG_AdxDiCrossBracketOG,OG,NQ,NQ JUN26,LONG,1,24795.25,24816.50,420.64,416.28,83.3,WIN,STOP_HIT,24724.00,1425.00,2026-05-07 09:21:26
2026-01-09,2026-01-09 10:10:00,2026-01-09 10:10:00,OG,Backtest,AdxDiCrossBracketOG,OG_AdxDiCrossBracketOG,OG,NQ,NQ JUN26,LONG,1,25922.50,25881.00,-834.36,-838.72,-167.7,LOSS,STOP_HIT,25882.25,805.00,2026-05-07 09:21:26
2026-02-11,2026-02-11 11:05:00,2026-02-11 11:10:00,OG,Backtest,AdxDiCrossBracketOG,OG_AdxDiCrossBracketOG,OG,NQ,NQ JUN26,LONG,1,25454.25,25417.50,-739.36,-743.72,-148.7,LOSS,STOP_HIT,25393.00,1225.00,2026-05-07 09:21:26
2026-03-06,2026-03-06 11:10:00,2026-03-06 11:15:00,OG,Backtest,AdxDiCrossBracketOG,OG_AdxDiCrossBracketOG,OG,NQ,NQ JUN26,LONG,1,25102.25,25058.25,-884.36,-888.72,-177.7,LOSS,STOP_HIT,25038.75,1270.00,2026-05-07 09:21:26
2026-02-13,2026-02-13 10:50:00,2026-02-13 11:05:00,OG,Backtest,AdxDiCrossBracketOG,OG_AdxDiCrossBracketOG,OG,NQ,NQ JUN26,SHORT,1,24982.25,25021.00,-779.36,-783.72,-156.7,LOSS,STOP_HIT,25055.00,1455.00,2026-05-07 09:21:27
2026-01-09,2026-01-09 09:55:00,2026-01-09 09:55:00,OG,Backtest,AdxDiCrossBracketOG,OG_AdxDiCrossBracketOG,OG,NQ,NQ JUN26,SHORT,1,25912.50,25949.00,-734.36,-738.72,-147.7,LOSS,STOP_HIT,25947.75,705.00,2026-05-07 09:21:27
2026-02-24,2026-02-24 10:15:00,2026-02-24 10:15:00,OG,Backtest,AdxDiCrossBracketOG,OG_AdxDiCrossBracketOG,OG,NQ,NQ JUN26,LONG,1,25110.00,25063.00,-944.36,-948.72,-189.7,LOSS,STOP_HIT,25064.25,915.00,2026-05-07 09:21:27
2026-02-13,2026-02-13 10:50:00,2026-02-13 11:05:00,OG,Backtest,AdxDiCrossBracketOG,OG_AdxDiCrossBracketOG,OG,NQ,NQ JUN26,SHORT,1,24982.25,25021.00,-779.36,-783.72,-156.7,LOSS,STOP_HIT,25055.00,1455.00,2026-05-07 09:21:27
2026-02-24,2026-02-24 09:50:00,2026-02-24 09:50:00,OG,Backtest,AdxDiCrossBracketOG,OG_AdxDiCrossBracketOG,OG,NQ,NQ JUN26,LONG,1,25121.25,25157.50,720.64,716.28,143.3,WIN,TARGET_HIT,25081.50,795.00,2026-05-07 09:21:27
2026-02-24,2026-02-24 09:50:00,2026-02-24 09:50:00,OG,Backtest,AdxDiCrossBracketOG,OG_AdxDiCrossBracketOG,OG,NQ,NQ JUN26,LONG,1,25121.25,25157.50,720.64,716.28,143.3,WIN,TARGET_HIT,25081.50,795.00,2026-05-07 09:21:27
2026-03-03,2026-03-03 11:25:00,2026-03-03 11:40:00,OG,Backtest,AdxDiCrossBracketOG,OG_AdxDiCrossBracketOG,OG,NQ,NQ JUN26,LONG,1,24795.25,24816.50,420.64,416.28,83.3,WIN,STOP_HIT,24724.00,1425.00,2026-05-07 09:21:27
2026-02-24,2026-02-24 10:10:00,2026-02-24 10:10:00,OG,Backtest,AdxDiCrossBracketOG,OG_AdxDiCrossBracketOG,OG,NQ,NQ JUN26,SHORT,1,25048.00,25093.50,-914.36,-918.72,-183.7,LOSS,STOP_HIT,25092.25,885.00,2026-05-07 09:21:27
2026-03-12,2026-03-12 11:50:00,2026-03-12 11:50:00,OG,Backtest,AdxDiCrossBracketOG,OG_AdxDiCrossBracketOG,OG,NQ,NQ JUN26,LONG,1,24898.75,24843.25,-1114.36,-1118.72,-223.7,LOSS,STOP_HIT,24844.50,1085.00,2026-05-07 09:21:27
2026-02-24,2026-02-24 10:15:00,2026-02-24 10:15:00,OG,Backtest,AdxDiCrossBracketOG,OG_AdxDiCrossBracketOG,OG,NQ,NQ JUN26,LONG,1,25110.00,25063.00,-944.36,-948.72,-189.7,LOSS,STOP_HIT,25064.25,915.00,2026-05-07 09:21:27
2026-03-13,2026-03-13 10:50:00,2026-03-13 10:50:00,OG,Backtest,AdxDiCrossBracketOG,OG_AdxDiCrossBracketOG,OG,NQ,NQ JUN26,SHORT,1,24804.25,24755.00,980.64,976.28,195.3,WIN,TARGET_HIT,24853.50,985.00,2026-05-07 09:21:27
2026-01-20,2026-01-20 10:50:00,2026-01-20 10:55:00,OG,Backtest,AdxDiCrossBracketOG,OG_AdxDiCrossBracketOG,OG,NQ,NQ JUN26,LONG,1,25598.75,25558.75,-804.36,-808.72,-161.7,LOSS,STOP_HIT,25550.75,960.00,2026-05-07 09:21:27
2026-03-03,2026-03-03 11:25:00,2026-03-03 11:40:00,OG,Backtest,AdxDiCrossBracketOG,OG_AdxDiCrossBracketOG,OG,NQ,NQ JUN26,LONG,1,24795.25,24816.50,420.64,416.28,83.3,WIN,STOP_HIT,24724.00,1425.00,2026-05-07 09:21:27
2026-03-03,2026-03-03 11:25:00,2026-03-03 11:40:00,OG,Backtest,AdxDiCrossBracketOG,OG_AdxDiCrossBracketOG,OG,NQ,NQ JUN26,LONG,1,24795.25,24816.50,420.64,416.28,83.3,WIN,STOP_HIT,24724.00,1425.00,2026-05-07 09:21:27
2026-01-09,2026-01-09 09:45:00,2026-01-09 09:50:00,OG,Backtest,AdxDiCrossBracketOG,OG_AdxDiCrossBracketOG,OG,NQ,NQ JUN26,LONG,1,25965.75,25936.75,-584.36,-588.72,-117.7,LOSS,STOP_HIT,25938.00,555.00,2026-05-07 09:21:27
2026-03-19,2026-03-19 11:15:00,2026-03-19 11:25:00,OG,Backtest,AdxDiCrossBracketOG,OG_AdxDiCrossBracketOG,OG,NQ,NQ JUN26,LONG,1,24531.00,24485.50,-914.36,-918.72,-183.7,LOSS,STOP_HIT,24473.00,1160.00,2026-05-07 09:21:27
2026-03-06,2026-03-06 11:10:00,2026-03-06 11:15:00,OG,Backtest,AdxDiCrossBracketOG,OG_AdxDiCrossBracketOG,OG,NQ,NQ JUN26,LONG,1,25102.25,25058.25,-884.36,-888.72,-177.7,LOSS,STOP_HIT,25038.75,1270.00,2026-05-07 09:21:27
2026-01-09,2026-01-09 09:55:00,2026-01-09 09:55:00,OG,Backtest,AdxDiCrossBracketOG,OG_AdxDiCrossBracketOG,OG,NQ,NQ JUN26,SHORT,1,25912.50,25949.00,-734.36,-738.72,-147.7,LOSS,STOP_HIT,25947.75,705.00,2026-05-07 09:21:27
2026-02-05,2026-02-05 11:40:00,2026-02-05 11:50:00,OG,Backtest,AdxDiCrossBracketOG,OG_AdxDiCrossBracketOG,OG,NQ,NQ JUN26,LONG,1,25026.25,24991.50,-699.36,-703.72,-140.7,LOSS,STOP_HIT,24938.00,1765.00,2026-05-07 09:21:27
2026-03-12,2026-03-12 11:50:00,2026-03-12 11:50:00,OG,Backtest,AdxDiCrossBracketOG,OG_AdxDiCrossBracketOG,OG,NQ,NQ JUN26,LONG,1,24898.75,24843.25,-1114.36,-1118.72,-223.7,LOSS,STOP_HIT,24844.50,1085.00,2026-05-07 09:21:27
2026-02-13,2026-02-13 10:50:00,2026-02-13 11:05:00,OG,Backtest,AdxDiCrossBracketOG,OG_AdxDiCrossBracketOG,OG,NQ,NQ JUN26,SHORT,1,24982.25,25021.00,-779.36,-783.72,-156.7,LOSS,STOP_HIT,25055.00,1455.00,2026-05-07 09:21:27
2026-04-10,2026-04-10 11:45:00,2026-04-10 12:00:00,OG,Backtest,AdxDiCrossBracketOG,OG_AdxDiCrossBracketOG,OG,NQ,NQ JUN26,SHORT,1,25300.75,25269.75,615.64,611.28,122.3,WIN,TARGET_HIT,25334.25,670.00,2026-05-07 09:21:27
2026-02-11,2026-02-11 10:20:00,2026-02-11 10:20:00,OG,Backtest,AdxDiCrossBracketOG,OG_AdxDiCrossBracketOG,OG,NQ,NQ JUN26,SHORT,1,25395.25,25345.50,990.64,986.28,197.3,WIN,TARGET_HIT,25448.50,1065.00,2026-05-07 09:21:27
2026-04-06,2026-04-06 10:55:00,2026-04-06 11:00:00,OG,Backtest,AdxDiCrossBracketOG,OG_AdxDiCrossBracketOG,OG,NQ,NQ JUN26,SHORT,1,24269.25,24322.25,-1064.36,-1068.72,-213.7,LOSS,STOP_HIT,24321.00,1035.00,2026-05-07 09:21:27
2026-04-07,2026-04-07 11:40:00,2026-04-07 12:00:00,OG,Backtest,AdxDiCrossBracketOG,OG_AdxDiCrossBracketOG,OG,NQ,NQ JUN26,LONG,1,24072.25,24117.50,900.64,896.28,179.3,WIN,TARGET_HIT,24025.00,945.00,2026-05-07 09:21:27
2026-04-06,2026-04-06 11:05:00,2026-04-06 11:35:00,OG,Backtest,AdxDiCrossBracketOG,OG_AdxDiCrossBracketOG,OG,NQ,NQ JUN26,LONG,1,24307.50,24280.00,-554.36,-558.72,-111.7,LOSS,STOP_HIT,24255.50,1040.00,2026-05-07 09:21:27
2026-04-10,2026-04-10 11:45:00,2026-04-10 12:00:00,OG,Backtest,AdxDiCrossBracketOG,OG_AdxDiCrossBracketOG,OG,NQ,NQ JUN26,SHORT,1,25300.75,25269.75,615.64,611.28,122.3,WIN,TARGET_HIT,25334.25,670.00,2026-05-07 09:21:27
2026-03-25,2026-03-25 11:20:00,2026-03-25 11:20:00,OG,Backtest,AdxDiCrossBracketOG,OG_AdxDiCrossBracketOG,OG,NQ,NQ JUN26,SHORT,1,24385.25,24336.50,970.64,966.28,193.3,WIN,TARGET_HIT,24438.00,1055.00,2026-05-07 09:21:27
2026-01-07,2026-01-07 10:10:00,2026-01-07 10:10:00,OG,Backtest,AdxDiCrossBracketOG,OG_AdxDiCrossBracketOG,OG,NQ,NQ JUN26,SHORT,1,26050.00,26073.50,-474.36,-478.72,-95.7,LOSS,STOP_HIT,26072.25,445.00,2026-05-07 09:21:27
2026-03-27,2026-03-27 11:40:00,2026-03-27 11:45:00,OG,Backtest,AdxDiCrossBracketOG,OG_AdxDiCrossBracketOG,OG,NQ,NQ JUN26,LONG,1,23597.75,23540.25,-1154.36,-1158.72,-231.7,LOSS,STOP_HIT,23541.50,1125.00,2026-05-07 09:21:27
2026-02-11,2026-02-11 11:05:00,2026-02-11 11:10:00,OG,Backtest,AdxDiCrossBracketOG,OG_AdxDiCrossBracketOG,OG,NQ,NQ JUN26,LONG,1,25454.25,25417.50,-739.36,-743.72,-148.7,LOSS,STOP_HIT,25393.00,1225.00,2026-05-07 09:21:27
2026-02-11,2026-02-11 11:05:00,2026-02-11 11:10:00,OG,Backtest,AdxDiCrossBracketOG,OG_AdxDiCrossBracketOG,OG,NQ,NQ JUN26,LONG,1,25454.25,25417.50,-739.36,-743.72,-148.7,LOSS,STOP_HIT,25393.00,1225.00,2026-05-07 09:21:27
2026-01-12,2026-01-12 11:25:00,2026-01-12 11:35:00,OG,Backtest,AdxDiCrossBracketOG,OG_AdxDiCrossBracketOG,OG,NQ,NQ JUN26,LONG,1,26159.50,26149.25,-209.36,-213.72,-42.7,LOSS,STOP_HIT,26131.75,555.00,2026-05-07 09:21:27
2026-01-30,2026-01-30 10:55:00,2026-01-30 10:55:00,OG,Backtest,AdxDiCrossBracketOG,OG_AdxDiCrossBracketOG,OG,NQ,NQ JUN26,LONG,1,26118.00,26058.75,-1189.36,-1193.72,-238.7,LOSS,STOP_HIT,26060.00,1160.00,2026-05-07 09:21:27
2026-02-11,2026-02-11 10:20:00,2026-02-11 10:20:00,OG,Backtest,AdxDiCrossBracketOG,OG_AdxDiCrossBracketOG,OG,NQ,NQ JUN26,SHORT,1,25395.25,25345.50,990.64,986.28,197.3,WIN,TARGET_HIT,25448.50,1065.00,2026-05-07 09:21:27
2026-01-30,2026-01-30 11:00:00,2026-01-30 11:10:00,OG,Backtest,AdxDiCrossBracketOG,OG_AdxDiCrossBracketOG,OG,NQ,NQ JUN26,SHORT,1,26071.50,26048.25,460.64,456.28,91.3,WIN,STOP_HIT,26129.00,1150.00,2026-05-07 09:21:27
2026-02-17,2026-02-17 11:10:00,2026-02-17 11:10:00,OG,Backtest,AdxDiCrossBracketOG,OG_AdxDiCrossBracketOG,OG,NQ,NQ JUN26,LONG,1,24862.00,24927.25,1300.64,1296.28,259.3,WIN,TARGET_HIT,24793.75,1365.00,2026-05-07 09:21:27
2026-01-20,2026-01-20 10:50:00,2026-01-20 10:55:00,OG,Backtest,AdxDiCrossBracketOG,OG_AdxDiCrossBracketOG,OG,NQ,NQ JUN26,LONG,1,25598.75,25558.75,-804.36,-808.72,-161.7,LOSS,STOP_HIT,25550.75,960.00,2026-05-07 09:21:27
2026-01-28,2026-01-28 10:55:00,2026-01-28 11:20:00,OG,Backtest,AdxDiCrossBracketOG,OG_AdxDiCrossBracketOG,OG,NQ,NQ JUN26,SHORT,1,26394.50,26393.75,10.64,6.28,1.3,WIN,STOP_HIT,26429.00,690.00,2026-05-07 09:21:27
2026-01-20,2026-01-20 10:50:00,2026-01-20 10:55:00,OG,Backtest,AdxDiCrossBracketOG,OG_AdxDiCrossBracketOG,OG,NQ,NQ JUN26,LONG,1,25598.75,25558.75,-804.36,-808.72,-161.7,LOSS,STOP_HIT,25550.75,960.00,2026-05-07 09:21:27
2026-01-30,2026-01-30 10:55:00,2026-01-30 10:55:00,OG,Backtest,AdxDiCrossBracketOG,OG_AdxDiCrossBracketOG,OG,NQ,NQ JUN26,LONG,1,26118.00,26058.75,-1189.36,-1193.72,-238.7,LOSS,STOP_HIT,26060.00,1160.00,2026-05-07 09:21:27
2026-01-07,2026-01-07 09:50:00,2026-01-07 09:50:00,OG,Backtest,AdxDiCrossBracketOG,OG_AdxDiCrossBracketOG,OG,NQ,NQ JUN26,LONG,1,26064.50,26079.75,300.64,296.28,59.3,WIN,TARGET_HIT,26047.25,345.00,2026-05-07 09:21:27
2026-03-19,2026-03-19 11:15:00,2026-03-19 11:25:00,OG,Backtest,AdxDiCrossBracketOG,OG_AdxDiCrossBracketOG,OG,NQ,NQ JUN26,LONG,1,24531.00,24485.50,-914.36,-918.72,-183.7,LOSS,STOP_HIT,24473.00,1160.00,2026-05-07 09:21:27
2026-01-20,2026-01-20 10:50:00,2026-01-20 10:55:00,OG,Backtest,AdxDiCrossBracketOG,OG_AdxDiCrossBracketOG,OG,NQ,NQ JUN26,LONG,1,25598.75,25558.75,-804.36,-808.72,-161.7,LOSS,STOP_HIT,25550.75,960.00,2026-05-07 09:21:27
2026-01-21,2026-01-21 11:45:00,2026-01-21 11:45:00,OG,Backtest,AdxDiCrossBracketOG,OG_AdxDiCrossBracketOG,OG,NQ,NQ JUN26,SHORT,1,25543.00,25505.75,740.64,736.28,147.3,WIN,TARGET_HIT,25582.25,785.00,2026-05-07 09:21:27
2026-01-20,2026-01-20 11:10:00,2026-01-20 11:15:00,OG,Backtest,AdxDiCrossBracketOG,OG_AdxDiCrossBracketOG,OG,NQ,NQ JUN26,LONG,1,25588.25,25600.25,235.64,231.28,46.3,WIN,STOP_HIT,25540.75,950.00,2026-05-07 09:21:27
2026-03-06,2026-03-06 11:10:00,2026-03-06 11:15:00,OG,Backtest,AdxDiCrossBracketOG,OG_AdxDiCrossBracketOG,OG,NQ,NQ JUN26,LONG,1,25102.25,25058.25,-884.36,-888.72,-177.7,LOSS,STOP_HIT,25038.75,1270.00,2026-05-07 09:21:27
2026-02-05,2026-02-05 11:40:00,2026-02-05 11:50:00,OG,Backtest,AdxDiCrossBracketOG,OG_AdxDiCrossBracketOG,OG,NQ,NQ JUN26,LONG,1,25026.25,24991.50,-699.36,-703.72,-140.7,LOSS,STOP_HIT,24938.00,1765.00,2026-05-07 09:21:27
2026-01-09,2026-01-09 10:10:00,2026-01-09 10:10:00,OG,Backtest,AdxDiCrossBracketOG,OG_AdxDiCrossBracketOG,OG,NQ,NQ JUN26,LONG,1,25922.50,25881.00,-834.36,-838.72,-167.7,LOSS,STOP_HIT,25882.25,805.00,2026-05-07 09:21:27
2026-02-11,2026-02-11 10:20:00,2026-02-11 10:20:00,OG,Backtest,AdxDiCrossBracketOG,OG_AdxDiCrossBracketOG,OG,NQ,NQ JUN26,SHORT,1,25395.25,25345.50,990.64,986.28,197.3,WIN,TARGET_HIT,25448.50,1065.00,2026-05-07 09:21:27
2026-01-07,2026-01-07 10:10:00,2026-01-07 10:10:00,OG,Backtest,AdxDiCrossBracketOG,OG_AdxDiCrossBracketOG,OG,NQ,NQ JUN26,SHORT,1,26050.00,26073.50,-474.36,-478.72,-95.7,LOSS,STOP_HIT,26072.25,445.00,2026-05-07 09:21:27
2026-02-03,2026-02-03 09:50:00,2026-02-03 09:50:00,OG,Backtest,AdxDiCrossBracketOG,OG_AdxDiCrossBracketOG,OG,NQ,NQ JUN26,SHORT,1,25960.00,25999.25,-789.36,-793.72,-158.7,LOSS,STOP_HIT,25998.00,760.00,2026-05-07 09:21:27
2026-01-09,2026-01-09 10:30:00,2026-01-09 10:30:00,OG,Backtest,AdxDiCrossBracketOG,OG_AdxDiCrossBracketOG,OG,NQ,NQ JUN26,LONG,1,26010.00,26057.25,940.64,936.28,187.3,WIN,TARGET_HIT,25959.75,1005.00,2026-05-07 09:21:27
2026-03-12,2026-03-12 11:50:00,2026-03-12 11:50:00,OG,Backtest,AdxDiCrossBracketOG,OG_AdxDiCrossBracketOG,OG,NQ,NQ JUN26,LONG,1,24898.75,24843.25,-1114.36,-1118.72,-223.7,LOSS,STOP_HIT,24844.50,1085.00,2026-05-07 09:21:27
2026-01-30,2026-01-30 10:55:00,2026-01-30 10:55:00,OG,Backtest,AdxDiCrossBracketOG,OG_AdxDiCrossBracketOG,OG,NQ,NQ JUN26,LONG,1,26118.00,26058.75,-1189.36,-1193.72,-238.7,LOSS,STOP_HIT,26060.00,1160.00,2026-05-07 09:21:27
2026-01-13,2026-01-13 10:10:00,2026-01-13 10:15:00,OG,Backtest,AdxDiCrossBracketOG,OG_AdxDiCrossBracketOG,OG,NQ,NQ JUN26,SHORT,1,26137.25,26108.00,580.64,576.28,115.3,WIN,TARGET_HIT,26168.00,615.00,2026-05-07 09:21:27
2026-01-09,2026-01-09 10:15:00,2026-01-09 10:15:00,OG,Backtest,AdxDiCrossBracketOG,OG_AdxDiCrossBracketOG,OG,NQ,NQ JUN26,SHORT,1,25849.75,25897.00,-949.36,-953.72,-190.7,LOSS,STOP_HIT,25895.75,920.00,2026-05-07 09:21:27
2026-01-09,2026-01-09 09:55:00,2026-01-09 09:55:00,OG,Backtest,AdxDiCrossBracketOG,OG_AdxDiCrossBracketOG,OG,NQ,NQ JUN26,SHORT,1,25912.50,25949.00,-734.36,-738.72,-147.7,LOSS,STOP_HIT,25947.75,705.00,2026-05-07 09:21:27
2026-02-11,2026-02-11 11:05:00,2026-02-11 11:10:00,OG,Backtest,AdxDiCrossBracketOG,OG_AdxDiCrossBracketOG,OG,NQ,NQ JUN26,LONG,1,25454.25,25417.50,-739.36,-743.72,-148.7,LOSS,STOP_HIT,25393.00,1225.00,2026-05-07 09:21:27
2026-04-07,2026-04-07 11:40:00,2026-04-07 12:00:00,OG,Backtest,AdxDiCrossBracketOG,OG_AdxDiCrossBracketOG,OG,NQ,NQ JUN26,LONG,1,24072.25,24117.50,900.64,896.28,179.3,WIN,TARGET_HIT,24025.00,945.00,2026-05-07 09:21:27
2026-04-02,2026-04-02 10:45:00,2026-04-02 10:45:00,OG,Backtest,AdxDiCrossBracketOG,OG_AdxDiCrossBracketOG,OG,NQ,NQ JUN26,LONG,1,24211.00,24133.25,-1559.36,-1563.72,-312.7,LOSS,STOP_HIT,24134.50,1530.00,2026-05-07 09:21:27
2026-01-09,2026-01-09 10:30:00,2026-01-09 10:30:00,OG,Backtest,AdxDiCrossBracketOG,OG_AdxDiCrossBracketOG,OG,NQ,NQ JUN26,LONG,1,26010.00,26057.25,940.64,936.28,187.3,WIN,TARGET_HIT,25959.75,1005.00,2026-05-07 09:21:27
2026-02-24,2026-02-24 09:50:00,2026-02-24 09:50:00,OG,Backtest,AdxDiCrossBracketOG,OG_AdxDiCrossBracketOG,OG,NQ,NQ JUN26,LONG,1,25121.25,25157.50,720.64,716.28,143.3,WIN,TARGET_HIT,25081.50,795.00,2026-05-07 09:21:27
2026-04-06,2026-04-06 11:05:00,2026-04-06 11:35:00,OG,Backtest,AdxDiCrossBracketOG,OG_AdxDiCrossBracketOG,OG,NQ,NQ JUN26,LONG,1,24307.50,24280.00,-554.36,-558.72,-111.7,LOSS,STOP_HIT,24255.50,1040.00,2026-05-07 09:21:27
2026-01-12,2026-01-12 11:25:00,2026-01-12 11:35:00,OG,Backtest,AdxDiCrossBracketOG,OG_AdxDiCrossBracketOG,OG,NQ,NQ JUN26,LONG,1,26159.50,26149.25,-209.36,-213.72,-42.7,LOSS,STOP_HIT,26131.75,555.00,2026-05-07 09:21:27
2026-04-07,2026-04-07 11:40:00,2026-04-07 12:00:00,OG,Backtest,AdxDiCrossBracketOG,OG_AdxDiCrossBracketOG,OG,NQ,NQ JUN26,LONG,1,24072.25,24117.50,900.64,896.28,179.3,WIN,TARGET_HIT,24025.00,945.00,2026-05-07 09:21:27
2026-01-12,2026-01-12 11:25:00,2026-01-12 11:35:00,OG,Backtest,AdxDiCrossBracketOG,OG_AdxDiCrossBracketOG,OG,NQ,NQ JUN26,LONG,1,26159.50,26149.25,-209.36,-213.72,-42.7,LOSS,STOP_HIT,26131.75,555.00,2026-05-07 09:21:27
2026-01-09,2026-01-09 09:55:00,2026-01-09 09:55:00,OG,Backtest,AdxDiCrossBracketOG,OG_AdxDiCrossBracketOG,OG,NQ,NQ JUN26,SHORT,1,25912.50,25949.00,-734.36,-738.72,-147.7,LOSS,STOP_HIT,25947.75,705.00,2026-05-07 09:21:27
2026-02-13,2026-02-13 10:35:00,2026-02-13 10:35:00,OG,Backtest,AdxDiCrossBracketOG,OG_AdxDiCrossBracketOG,OG,NQ,NQ JUN26,LONG,1,25058.75,25127.00,1360.64,1356.28,271.3,WIN,TARGET_HIT,24987.50,1425.00,2026-05-07 09:21:27
2026-04-06,2026-04-06 11:05:00,2026-04-06 11:35:00,OG,Backtest,AdxDiCrossBracketOG,OG_AdxDiCrossBracketOG,OG,NQ,NQ JUN26,LONG,1,24307.50,24280.00,-554.36,-558.72,-111.7,LOSS,STOP_HIT,24255.50,1040.00,2026-05-07 09:21:27
2026-01-09,2026-01-09 10:15:00,2026-01-09 10:15:00,OG,Backtest,AdxDiCrossBracketOG,OG_AdxDiCrossBracketOG,OG,NQ,NQ JUN26,SHORT,1,25849.75,25897.00,-949.36,-953.72,-190.7,LOSS,STOP_HIT,25895.75,920.00,2026-05-07 09:21:27
2026-04-02,2026-04-02 10:45:00,2026-04-02 10:45:00,OG,Backtest,AdxDiCrossBracketOG,OG_AdxDiCrossBracketOG,OG,NQ,NQ JUN26,LONG,1,24211.00,24133.25,-1559.36,-1563.72,-312.7,LOSS,STOP_HIT,24134.50,1530.00,2026-05-07 09:21:27
2026-04-06,2026-04-06 11:05:00,2026-04-06 11:35:00,OG,Backtest,AdxDiCrossBracketOG,OG_AdxDiCrossBracketOG,OG,NQ,NQ JUN26,LONG,1,24307.50,24280.00,-554.36,-558.72,-111.7,LOSS,STOP_HIT,24255.50,1040.00,2026-05-07 09:21:27
2026-01-23,2026-01-23 10:10:00,2026-01-23 10:15:00,OG,Backtest,AdxDiCrossBracketOG,OG_AdxDiCrossBracketOG,OG,NQ,NQ JUN26,LONG,1,25921.75,25885.00,-739.36,-743.72,-148.7,LOSS,STOP_HIT,25885.50,725.00,2026-05-07 09:21:27
2026-01-20,2026-01-20 10:50:00,2026-01-20 10:55:00,OG,Backtest,AdxDiCrossBracketOG,OG_AdxDiCrossBracketOG,OG,NQ,NQ JUN26,LONG,1,25598.75,25558.75,-804.36,-808.72,-161.7,LOSS,STOP_HIT,25550.75,960.00,2026-05-07 09:21:27
2026-03-06,2026-03-06 11:10:00,2026-03-06 11:15:00,OG,Backtest,AdxDiCrossBracketOG,OG_AdxDiCrossBracketOG,OG,NQ,NQ JUN26,LONG,1,25102.25,25058.25,-884.36,-888.72,-177.7,LOSS,STOP_HIT,25038.75,1270.00,2026-05-07 09:21:27
2026-01-09,2026-01-09 10:30:00,2026-01-09 10:30:00,OG,Backtest,AdxDiCrossBracketOG,OG_AdxDiCrossBracketOG,OG,NQ,NQ JUN26,LONG,1,26010.00,26057.25,940.64,936.28,187.3,WIN,TARGET_HIT,25959.75,1005.00,2026-05-07 09:21:27
2026-01-12,2026-01-12 11:25:00,2026-01-12 11:35:00,OG,Backtest,AdxDiCrossBracketOG,OG_AdxDiCrossBracketOG,OG,NQ,NQ JUN26,LONG,1,26159.50,26149.25,-209.36,-213.72,-42.7,LOSS,STOP_HIT,26131.75,555.00,2026-05-07 09:21:27
2026-02-11,2026-02-11 11:20:00,2026-02-11 11:25:00,OG,Backtest,AdxDiCrossBracketOG,OG_AdxDiCrossBracketOG,OG,NQ,NQ JUN26,LONG,1,25468.75,25457.00,-239.36,-243.72,-48.7,LOSS,STOP_HIT,25406.75,1240.00,2026-05-07 09:21:27
2026-02-24,2026-02-24 10:10:00,2026-02-24 10:10:00,OG,Backtest,AdxDiCrossBracketOG,OG_AdxDiCrossBracketOG,OG,NQ,NQ JUN26,SHORT,1,25048.00,25093.50,-914.36,-918.72,-183.7,LOSS,STOP_HIT,25092.25,885.00,2026-05-07 09:21:27
2026-02-11,2026-02-11 11:20:00,2026-02-11 11:25:00,OG,Backtest,AdxDiCrossBracketOG,OG_AdxDiCrossBracketOG,OG,NQ,NQ JUN26,LONG,1,25468.75,25457.00,-239.36,-243.72,-48.7,LOSS,STOP_HIT,25406.75,1240.00,2026-05-07 09:21:27
2026-03-27,2026-03-27 11:40:00,2026-03-27 11:45:00,OG,Backtest,AdxDiCrossBracketOG,OG_AdxDiCrossBracketOG,OG,NQ,NQ JUN26,LONG,1,23597.75,23540.25,-1154.36,-1158.72,-231.7,LOSS,STOP_HIT,23541.50,1125.00,2026-05-07 09:21:27
2026-02-24,2026-02-24 10:15:00,2026-02-24 10:15:00,OG,Backtest,AdxDiCrossBracketOG,OG_AdxDiCrossBracketOG,OG,NQ,NQ JUN26,LONG,1,25110.00,25063.00,-944.36,-948.72,-189.7,LOSS,STOP_HIT,25064.25,915.00,2026-05-07 09:21:27
2026-02-13,2026-02-13 10:35:00,2026-02-13 10:35:00,OG,Backtest,AdxDiCrossBracketOG,OG_AdxDiCrossBracketOG,OG,NQ,NQ JUN26,LONG,1,25058.75,25127.00,1360.64,1356.28,271.3,WIN,TARGET_HIT,24987.50,1425.00,2026-05-07 09:21:27
2026-02-03,2026-02-03 09:50:00,2026-02-03 09:50:00,OG,Backtest,AdxDiCrossBracketOG,OG_AdxDiCrossBracketOG,OG,NQ,NQ JUN26,SHORT,1,25960.00,25999.25,-789.36,-793.72,-158.7,LOSS,STOP_HIT,25998.00,760.00,2026-05-07 09:21:27
2026-01-07,2026-01-07 10:10:00,2026-01-07 10:10:00,OG,Backtest,AdxDiCrossBracketOG,OG_AdxDiCrossBracketOG,OG,NQ,NQ JUN26,SHORT,1,26050.00,26073.50,-474.36,-478.72,-95.7,LOSS,STOP_HIT,26072.25,445.00,2026-05-07 09:21:27
2026-04-06,2026-04-06 10:55:00,2026-04-06 11:00:00,OG,Backtest,AdxDiCrossBracketOG,OG_AdxDiCrossBracketOG,OG,NQ,NQ JUN26,SHORT,1,24269.25,24322.25,-1064.36,-1068.72,-213.7,LOSS,STOP_HIT,24321.00,1035.00,2026-05-07 09:21:27
2026-01-09,2026-01-09 09:55:00,2026-01-09 09:55:00,OG,Backtest,AdxDiCrossBracketOG,OG_AdxDiCrossBracketOG,OG,NQ,NQ JUN26,SHORT,1,25912.50,25949.00,-734.36,-738.72,-147.7,LOSS,STOP_HIT,25947.75,705.00,2026-05-07 09:21:27
2026-02-24,2026-02-24 10:10:00,2026-02-24 10:10:00,OG,Backtest,AdxDiCrossBracketOG,OG_AdxDiCrossBracketOG,OG,NQ,NQ JUN26,SHORT,1,25048.00,25093.50,-914.36,-918.72,-183.7,LOSS,STOP_HIT,25092.25,885.00,2026-05-07 09:21:27
2026-02-24,2026-02-24 10:15:00,2026-02-24 10:15:00,OG,Backtest,AdxDiCrossBracketOG,OG_AdxDiCrossBracketOG,OG,NQ,NQ JUN26,LONG,1,25110.00,25063.00,-944.36,-948.72,-189.7,LOSS,STOP_HIT,25064.25,915.00,2026-05-07 09:21:27
2026-02-11,2026-02-11 11:05:00,2026-02-11 11:10:00,OG,Backtest,AdxDiCrossBracketOG,OG_AdxDiCrossBracketOG,OG,NQ,NQ JUN26,LONG,1,25454.25,25417.50,-739.36,-743.72,-148.7,LOSS,STOP_HIT,25393.00,1225.00,2026-05-07 09:21:27
2026-02-03,2026-02-03 09:50:00,2026-02-03 09:50:00,OG,Backtest,AdxDiCrossBracketOG,OG_AdxDiCrossBracketOG,OG,NQ,NQ JUN26,SHORT,1,25960.00,25999.25,-789.36,-793.72,-158.7,LOSS,STOP_HIT,25998.00,760.00,2026-05-07 09:21:27
2026-02-13,2026-02-13 10:35:00,2026-02-13 10:35:00,OG,Backtest,AdxDiCrossBracketOG,OG_AdxDiCrossBracketOG,OG,NQ,NQ JUN26,LONG,1,25058.75,25127.00,1360.64,1356.28,271.3,WIN,TARGET_HIT,24987.50,1425.00,2026-05-07 09:21:27
2026-02-03,2026-02-03 09:50:00,2026-02-03 09:50:00,OG,Backtest,AdxDiCrossBracketOG,OG_AdxDiCrossBracketOG,OG,NQ,NQ JUN26,SHORT,1,25960.00,25999.25,-789.36,-793.72,-158.7,LOSS,STOP_HIT,25998.00,760.00,2026-05-07 09:21:27
2026-03-13,2026-03-13 10:50:00,2026-03-13 10:50:00,OG,Backtest,AdxDiCrossBracketOG,OG_AdxDiCrossBracketOG,OG,NQ,NQ JUN26,SHORT,1,24804.25,24755.00,980.64,976.28,195.3,WIN,TARGET_HIT,24853.50,985.00,2026-05-07 09:21:27
2026-03-25,2026-03-25 11:20:00,2026-03-25 11:20:00,OG,Backtest,AdxDiCrossBracketOG,OG_AdxDiCrossBracketOG,OG,NQ,NQ JUN26,SHORT,1,24385.25,24336.50,970.64,966.28,193.3,WIN,TARGET_HIT,24438.00,1055.00,2026-05-07 09:21:27
2026-01-13,2026-01-13 10:10:00,2026-01-13 10:15:00,OG,Backtest,AdxDiCrossBracketOG,OG_AdxDiCrossBracketOG,OG,NQ,NQ JUN26,SHORT,1,26137.25,26108.00,580.64,576.28,115.3,WIN,TARGET_HIT,26168.00,615.00,2026-05-07 09:21:27
2026-02-13,2026-02-13 10:35:00,2026-02-13 10:35:00,OG,Backtest,AdxDiCrossBracketOG,OG_AdxDiCrossBracketOG,OG,NQ,NQ JUN26,LONG,1,25058.75,25127.00,1360.64,1356.28,271.3,WIN,TARGET_HIT,24987.50,1425.00,2026-05-07 09:21:27
2026-02-13,2026-02-13 10:35:00,2026-02-13 10:35:00,OG,Backtest,AdxDiCrossBracketOG,OG_AdxDiCrossBracketOG,OG,NQ,NQ JUN26,LONG,1,25058.75,25127.00,1360.64,1356.28,271.3,WIN,TARGET_HIT,24987.50,1425.00,2026-05-07 09:21:27
2026-02-24,2026-02-24 10:10:00,2026-02-24 10:10:00,OG,Backtest,AdxDiCrossBracketOG,OG_AdxDiCrossBracketOG,OG,NQ,NQ JUN26,SHORT,1,25048.00,25093.50,-914.36,-918.72,-183.7,LOSS,STOP_HIT,25092.25,885.00,2026-05-07 09:21:27
2026-03-27,2026-03-27 11:40:00,2026-03-27 11:45:00,OG,Backtest,AdxDiCrossBracketOG,OG_AdxDiCrossBracketOG,OG,NQ,NQ JUN26,LONG,1,23597.75,23540.25,-1154.36,-1158.72,-231.7,LOSS,STOP_HIT,23541.50,1125.00,2026-05-07 09:21:27
2026-02-03,2026-02-03 09:50:00,2026-02-03 09:50:00,OG,Backtest,AdxDiCrossBracketOG,OG_AdxDiCrossBracketOG,OG,NQ,NQ JUN26,SHORT,1,25960.00,25999.25,-789.36,-793.72,-158.7,LOSS,STOP_HIT,25998.00,760.00,2026-05-07 09:21:27
2026-03-12,2026-03-12 11:50:00,2026-03-12 11:50:00,OG,Backtest,AdxDiCrossBracketOG,OG_AdxDiCrossBracketOG,OG,NQ,NQ JUN26,LONG,1,24898.75,24843.25,-1114.36,-1118.72,-223.7,LOSS,STOP_HIT,24844.50,1085.00,2026-05-07 09:21:27
2026-03-25,2026-03-25 11:20:00,2026-03-25 11:20:00,OG,Backtest,AdxDiCrossBracketOG,OG_AdxDiCrossBracketOG,OG,NQ,NQ JUN26,SHORT,1,24385.25,24336.50,970.64,966.28,193.3,WIN,TARGET_HIT,24438.00,1055.00,2026-05-07 09:21:27
2026-04-06,2026-04-06 10:55:00,2026-04-06 11:00:00,OG,Backtest,AdxDiCrossBracketOG,OG_AdxDiCrossBracketOG,OG,NQ,NQ JUN26,SHORT,1,24269.25,24322.25,-1064.36,-1068.72,-213.7,LOSS,STOP_HIT,24321.00,1035.00,2026-05-07 09:21:27
2026-03-27,2026-03-27 11:40:00,2026-03-27 11:45:00,OG,Backtest,AdxDiCrossBracketOG,OG_AdxDiCrossBracketOG,OG,NQ,NQ JUN26,LONG,1,23597.75,23540.25,-1154.36,-1158.72,-231.7,LOSS,STOP_HIT,23541.50,1125.00,2026-05-07 09:21:27
2026-04-06,2026-04-06 11:05:00,2026-04-06 11:35:00,OG,Backtest,AdxDiCrossBracketOG,OG_AdxDiCrossBracketOG,OG,NQ,NQ JUN26,LONG,1,24307.50,24280.00,-554.36,-558.72,-111.7,LOSS,STOP_HIT,24255.50,1040.00,2026-05-07 09:21:27
2026-02-24,2026-02-24 09:50:00,2026-02-24 09:50:00,OG,Backtest,AdxDiCrossBracketOG,OG_AdxDiCrossBracketOG,OG,NQ,NQ JUN26,LONG,1,25121.25,25157.50,720.64,716.28,143.3,WIN,TARGET_HIT,25081.50,795.00,2026-05-07 09:21:27
2026-03-25,2026-03-25 11:20:00,2026-03-25 11:20:00,OG,Backtest,AdxDiCrossBracketOG,OG_AdxDiCrossBracketOG,OG,NQ,NQ JUN26,SHORT,1,24385.25,24336.50,970.64,966.28,193.3,WIN,TARGET_HIT,24438.00,1055.00,2026-05-07 09:21:27
2026-02-13,2026-02-13 10:50:00,2026-02-13 11:05:00,OG,Backtest,AdxDiCrossBracketOG,OG_AdxDiCrossBracketOG,OG,NQ,NQ JUN26,SHORT,1,24982.25,25021.00,-779.36,-783.72,-156.7,LOSS,STOP_HIT,25055.00,1455.00,2026-05-07 09:21:27
2026-01-20,2026-01-20 10:50:00,2026-01-20 10:55:00,OG,Backtest,AdxDiCrossBracketOG,OG_AdxDiCrossBracketOG,OG,NQ,NQ JUN26,LONG,1,25598.75,25558.75,-804.36,-808.72,-161.7,LOSS,STOP_HIT,25550.75,960.00,2026-05-07 09:21:27
2026-01-28,2026-01-28 10:55:00,2026-01-28 11:20:00,OG,Backtest,AdxDiCrossBracketOG,OG_AdxDiCrossBracketOG,OG,NQ,NQ JUN26,SHORT,1,26394.50,26393.75,10.64,6.28,1.3,WIN,STOP_HIT,26429.00,690.00,2026-05-07 09:21:27
2026-02-13,2026-02-13 10:35:00,2026-02-13 10:35:00,OG,Backtest,AdxDiCrossBracketOG,OG_AdxDiCrossBracketOG,OG,NQ,NQ JUN26,LONG,1,25058.75,25127.00,1360.64,1356.28,271.3,WIN,TARGET_HIT,24987.50,1425.00,2026-05-07 09:21:27
2026-02-03,2026-02-03 09:50:00,2026-02-03 09:50:00,OG,Backtest,AdxDiCrossBracketOG,OG_AdxDiCrossBracketOG,OG,NQ,NQ JUN26,SHORT,1,25960.00,25999.25,-789.36,-793.72,-158.7,LOSS,STOP_HIT,25998.00,760.00,2026-05-07 09:21:27
2026-01-07,2026-01-07 10:10:00,2026-01-07 10:10:00,OG,Backtest,AdxDiCrossBracketOG,OG_AdxDiCrossBracketOG,OG,NQ,NQ JUN26,SHORT,1,26050.00,26073.50,-474.36,-478.72,-95.7,LOSS,STOP_HIT,26072.25,445.00,2026-05-07 09:21:27
2026-01-16,2026-01-16 11:30:00,2026-01-16 11:35:00,OG,Backtest,AdxDiCrossBracketOG,OG_AdxDiCrossBracketOG,OG,NQ,NQ JUN26,LONG,1,25912.25,25924.50,240.64,236.28,47.3,WIN,STOP_HIT,25874.75,750.00,2026-05-07 09:21:27
2026-01-09,2026-01-09 09:45:00,2026-01-09 09:50:00,OG,Backtest,AdxDiCrossBracketOG,OG_AdxDiCrossBracketOG,OG,NQ,NQ JUN26,LONG,1,25965.75,25936.75,-584.36,-588.72,-117.7,LOSS,STOP_HIT,25938.00,555.00,2026-05-07 09:21:27
2026-03-13,2026-03-13 10:50:00,2026-03-13 10:50:00,OG,Backtest,AdxDiCrossBracketOG,OG_AdxDiCrossBracketOG,OG,NQ,NQ JUN26,SHORT,1,24804.25,24755.00,980.64,976.28,195.3,WIN,TARGET_HIT,24853.50,985.00,2026-05-07 09:21:27
2026-02-03,2026-02-03 09:50:00,2026-02-03 09:50:00,OG,Backtest,AdxDiCrossBracketOG,OG_AdxDiCrossBracketOG,OG,NQ,NQ JUN26,SHORT,1,25960.00,25999.25,-789.36,-793.72,-158.7,LOSS,STOP_HIT,25998.00,760.00,2026-05-07 09:21:27
2026-03-02,2026-03-02 11:15:00,2026-03-02 11:20:00,OG,Backtest,AdxDiCrossBracketOG,OG_AdxDiCrossBracketOG,OG,NQ,NQ JUN26,LONG,1,25187.75,25180.00,-159.36,-163.72,-32.7,LOSS,STOP_HIT,25129.50,1165.00,2026-05-07 09:21:27
2026-03-25,2026-03-25 11:20:00,2026-03-25 11:20:00,OG,Backtest,AdxDiCrossBracketOG,OG_AdxDiCrossBracketOG,OG,NQ,NQ JUN26,SHORT,1,24385.25,24336.50,970.64,966.28,193.3,WIN,TARGET_HIT,24438.00,1055.00,2026-05-07 09:21:27
2026-03-03,2026-03-03 11:25:00,2026-03-03 11:40:00,OG,Backtest,AdxDiCrossBracketOG,OG_AdxDiCrossBracketOG,OG,NQ,NQ JUN26,LONG,1,24795.25,24816.50,420.64,416.28,83.3,WIN,STOP_HIT,24724.00,1425.00,2026-05-07 09:21:27
2026-03-09,2026-03-09 10:45:00,2026-03-09 10:50:00,OG,Backtest,AdxDiCrossBracketOG,OG_AdxDiCrossBracketOG,OG,NQ,NQ JUN26,LONG,1,24692.75,24762.25,1385.64,1381.28,276.3,WIN,TARGET_HIT,24622.25,1410.00,2026-05-07 09:21:27
2026-03-20,2026-03-20 11:30:00,2026-03-20 12:05:00,OG,Backtest,AdxDiCrossBracketOG,OG_AdxDiCrossBracketOG,OG,NQ,NQ JUN26,LONG,1,24275.00,24327.75,1050.64,1046.28,209.3,WIN,TARGET_HIT,24219.75,1105.00,2026-05-07 09:21:27
2026-03-09,2026-03-09 10:45:00,2026-03-09 10:50:00,OG,Backtest,AdxDiCrossBracketOG,OG_AdxDiCrossBracketOG,OG,NQ,NQ JUN26,LONG,1,24692.75,24762.25,1385.64,1381.28,276.3,WIN,TARGET_HIT,24622.25,1410.00,2026-05-07 09:21:27
2026-02-11,2026-02-11 11:05:00,2026-02-11 11:10:00,OG,Backtest,AdxDiCrossBracketOG,OG_AdxDiCrossBracketOG,OG,NQ,NQ JUN26,LONG,1,25454.25,25417.50,-739.36,-743.72,-148.7,LOSS,STOP_HIT,25393.00,1225.00,2026-05-07 09:21:27
2026-03-13,2026-03-13 10:50:00,2026-03-13 10:50:00,OG,Backtest,AdxDiCrossBracketOG,OG_AdxDiCrossBracketOG,OG,NQ,NQ JUN26,SHORT,1,24804.25,24755.00,980.64,976.28,195.3,WIN,TARGET_HIT,24853.50,985.00,2026-05-07 09:21:27
2026-03-17,2026-03-17 11:15:00,2026-03-17 11:20:00,OG,Backtest,AdxDiCrossBracketOG,OG_AdxDiCrossBracketOG,OG,NQ,NQ JUN26,SHORT,1,25019.75,25057.00,-749.36,-753.72,-150.7,LOSS,STOP_HIT,25056.25,730.00,2026-05-07 09:21:27
2026-02-13,2026-02-13 10:35:00,2026-02-13 10:35:00,OG,Backtest,AdxDiCrossBracketOG,OG_AdxDiCrossBracketOG,OG,NQ,NQ JUN26,LONG,1,25058.75,25127.00,1360.64,1356.28,271.3,WIN,TARGET_HIT,24987.50,1425.00,2026-05-07 09:21:27
2026-01-09,2026-01-09 09:55:00,2026-01-09 09:55:00,OG,Backtest,AdxDiCrossBracketOG,OG_AdxDiCrossBracketOG,OG,NQ,NQ JUN26,SHORT,1,25912.50,25949.00,-734.36,-738.72,-147.7,LOSS,STOP_HIT,25947.75,705.00,2026-05-07 09:21:28
2026-01-20,2026-01-20 10:50:00,2026-01-20 10:55:00,OG,Backtest,AdxDiCrossBracketOG,OG_AdxDiCrossBracketOG,OG,NQ,NQ JUN26,LONG,1,25598.75,25558.75,-804.36,-808.72,-161.7,LOSS,STOP_HIT,25550.75,960.00,2026-05-07 09:21:28
2026-02-24,2026-02-24 10:15:00,2026-02-24 10:15:00,OG,Backtest,AdxDiCrossBracketOG,OG_AdxDiCrossBracketOG,OG,NQ,NQ JUN26,LONG,1,25110.00,25063.00,-944.36,-948.72,-189.7,LOSS,STOP_HIT,25064.25,915.00,2026-05-07 09:21:28
2026-01-20,2026-01-20 11:10:00,2026-01-20 11:15:00,OG,Backtest,AdxDiCrossBracketOG,OG_AdxDiCrossBracketOG,OG,NQ,NQ JUN26,LONG,1,25588.25,25600.25,235.64,231.28,46.3,WIN,STOP_HIT,25540.75,950.00,2026-05-07 09:21:28
2026-02-17,2026-02-17 11:10:00,2026-02-17 11:10:00,OG,Backtest,AdxDiCrossBracketOG,OG_AdxDiCrossBracketOG,OG,NQ,NQ JUN26,LONG,1,24862.00,24927.25,1300.64,1296.28,259.3,WIN,TARGET_HIT,24793.75,1365.00,2026-05-07 09:21:28
2026-03-24,2026-03-24 11:00:00,2026-03-24 11:00:00,OG,Backtest,AdxDiCrossBracketOG,OG_AdxDiCrossBracketOG,OG,NQ,NQ JUN26,LONG,1,24282.25,24217.00,-1309.36,-1313.72,-262.7,LOSS,STOP_HIT,24218.25,1280.00,2026-05-07 09:21:28
2026-03-24,2026-03-24 11:00:00,2026-03-24 11:00:00,OG,Backtest,AdxDiCrossBracketOG,OG_AdxDiCrossBracketOG,OG,NQ,NQ JUN26,LONG,1,24282.25,24217.00,-1309.36,-1313.72,-262.7,LOSS,STOP_HIT,24218.25,1280.00,2026-05-07 09:21:28
2026-02-11,2026-02-11 11:05:00,2026-02-11 11:10:00,OG,Backtest,AdxDiCrossBracketOG,OG_AdxDiCrossBracketOG,OG,NQ,NQ JUN26,LONG,1,25454.25,25417.50,-739.36,-743.72,-148.7,LOSS,STOP_HIT,25393.00,1225.00,2026-05-07 09:21:28
2026-01-07,2026-01-07 09:50:00,2026-01-07 09:50:00,OG,Backtest,AdxDiCrossBracketOG,OG_AdxDiCrossBracketOG,OG,NQ,NQ JUN26,LONG,1,26064.50,26079.75,300.64,296.28,59.3,WIN,TARGET_HIT,26047.25,345.00,2026-05-07 09:21:28
2026-01-30,2026-01-30 11:00:00,2026-01-30 11:10:00,OG,Backtest,AdxDiCrossBracketOG,OG_AdxDiCrossBracketOG,OG,NQ,NQ JUN26,SHORT,1,26071.50,26048.25,460.64,456.28,91.3,WIN,STOP_HIT,26129.00,1150.00,2026-05-07 09:21:28
2026-01-12,2026-01-12 11:25:00,2026-01-12 11:35:00,OG,Backtest,AdxDiCrossBracketOG,OG_AdxDiCrossBracketOG,OG,NQ,NQ JUN26,LONG,1,26159.50,26149.25,-209.36,-213.72,-42.7,LOSS,STOP_HIT,26131.75,555.00,2026-05-07 09:21:28
2026-01-20,2026-01-20 10:50:00,2026-01-20 10:55:00,OG,Backtest,AdxDiCrossBracketOG,OG_AdxDiCrossBracketOG,OG,NQ,NQ JUN26,LONG,1,25598.75,25558.75,-804.36,-808.72,-161.7,LOSS,STOP_HIT,25550.75,960.00,2026-05-07 09:21:28
2026-01-09,2026-01-09 10:30:00,2026-01-09 10:30:00,OG,Backtest,AdxDiCrossBracketOG,OG_AdxDiCrossBracketOG,OG,NQ,NQ JUN26,LONG,1,26010.00,26057.25,940.64,936.28,187.3,WIN,TARGET_HIT,25959.75,1005.00,2026-05-07 09:21:28
2026-03-13,2026-03-13 10:50:00,2026-03-13 10:50:00,OG,Backtest,AdxDiCrossBracketOG,OG_AdxDiCrossBracketOG,OG,NQ,NQ JUN26,SHORT,1,24804.25,24755.00,980.64,976.28,195.3,WIN,TARGET_HIT,24853.50,985.00,2026-05-07 09:21:28
2026-01-09,2026-01-09 10:15:00,2026-01-09 10:15:00,OG,Backtest,AdxDiCrossBracketOG,OG_AdxDiCrossBracketOG,OG,NQ,NQ JUN26,SHORT,1,25849.75,25897.00,-949.36,-953.72,-190.7,LOSS,STOP_HIT,25895.75,920.00,2026-05-07 09:21:28
2026-01-09,2026-01-09 10:10:00,2026-01-09 10:10:00,OG,Backtest,AdxDiCrossBracketOG,OG_AdxDiCrossBracketOG,OG,NQ,NQ JUN26,LONG,1,25922.50,25881.00,-834.36,-838.72,-167.7,LOSS,STOP_HIT,25882.25,805.00,2026-05-07 09:21:28
2026-01-09,2026-01-09 09:45:00,2026-01-09 09:50:00,OG,Backtest,AdxDiCrossBracketOG,OG_AdxDiCrossBracketOG,OG,NQ,NQ JUN26,LONG,1,25965.75,25936.75,-584.36,-588.72,-117.7,LOSS,STOP_HIT,25938.00,555.00,2026-05-07 09:21:28
2026-04-10,2026-04-10 11:45:00,2026-04-10 12:00:00,OG,Backtest,AdxDiCrossBracketOG,OG_AdxDiCrossBracketOG,OG,NQ,NQ JUN26,SHORT,1,25300.75,25269.75,615.64,611.28,122.3,WIN,TARGET_HIT,25334.25,670.00,2026-05-07 09:21:28
2026-04-07,2026-04-07 11:40:00,2026-04-07 12:00:00,OG,Backtest,AdxDiCrossBracketOG,OG_AdxDiCrossBracketOG,OG,NQ,NQ JUN26,LONG,1,24072.25,24117.50,900.64,896.28,179.3,WIN,TARGET_HIT,24025.00,945.00,2026-05-07 09:21:28
2026-03-09,2026-03-09 10:45:00,2026-03-09 10:50:00,OG,Backtest,AdxDiCrossBracketOG,OG_AdxDiCrossBracketOG,OG,NQ,NQ JUN26,LONG,1,24692.75,24762.25,1385.64,1381.28,276.3,WIN,TARGET_HIT,24622.25,1410.00,2026-05-07 09:21:28
2026-01-30,2026-01-30 10:55:00,2026-01-30 10:55:00,OG,Backtest,AdxDiCrossBracketOG,OG_AdxDiCrossBracketOG,OG,NQ,NQ JUN26,LONG,1,26118.00,26058.75,-1189.36,-1193.72,-238.7,LOSS,STOP_HIT,26060.00,1160.00,2026-05-07 09:21:28
2026-03-12,2026-03-12 11:50:00,2026-03-12 11:50:00,OG,Backtest,AdxDiCrossBracketOG,OG_AdxDiCrossBracketOG,OG,NQ,NQ JUN26,LONG,1,24898.75,24843.25,-1114.36,-1118.72,-223.7,LOSS,STOP_HIT,24844.50,1085.00,2026-05-07 09:21:28
2026-01-21,2026-01-21 11:45:00,2026-01-21 11:45:00,OG,Backtest,AdxDiCrossBracketOG,OG_AdxDiCrossBracketOG,OG,NQ,NQ JUN26,SHORT,1,25543.00,25505.75,740.64,736.28,147.3,WIN,TARGET_HIT,25582.25,785.00,2026-05-07 09:21:28
2026-01-09,2026-01-09 10:30:00,2026-01-09 10:30:00,OG,Backtest,AdxDiCrossBracketOG,OG_AdxDiCrossBracketOG,OG,NQ,NQ JUN26,LONG,1,26010.00,26057.25,940.64,936.28,187.3,WIN,TARGET_HIT,25959.75,1005.00,2026-05-07 09:21:28
2026-02-03,2026-02-03 09:50:00,2026-02-03 09:50:00,OG,Backtest,AdxDiCrossBracketOG,OG_AdxDiCrossBracketOG,OG,NQ,NQ JUN26,SHORT,1,25960.00,25999.25,-789.36,-793.72,-158.7,LOSS,STOP_HIT,25998.00,760.00,2026-05-07 09:21:28
2026-01-12,2026-01-12 11:25:00,2026-01-12 11:35:00,OG,Backtest,AdxDiCrossBracketOG,OG_AdxDiCrossBracketOG,OG,NQ,NQ JUN26,LONG,1,26159.50,26149.25,-209.36,-213.72,-42.7,LOSS,STOP_HIT,26131.75,555.00,2026-05-07 09:21:28
2026-03-25,2026-03-25 11:20:00,2026-03-25 11:20:00,OG,Backtest,AdxDiCrossBracketOG,OG_AdxDiCrossBracketOG,OG,NQ,NQ JUN26,SHORT,1,24385.25,24336.50,970.64,966.28,193.3,WIN,TARGET_HIT,24438.00,1055.00,2026-05-07 09:21:28
2026-04-06,2026-04-06 11:05:00,2026-04-06 11:35:00,OG,Backtest,AdxDiCrossBracketOG,OG_AdxDiCrossBracketOG,OG,NQ,NQ JUN26,LONG,1,24307.50,24280.00,-554.36,-558.72,-111.7,LOSS,STOP_HIT,24255.50,1040.00,2026-05-07 09:21:28
2026-03-20,2026-03-20 11:30:00,2026-03-20 12:05:00,OG,Backtest,AdxDiCrossBracketOG,OG_AdxDiCrossBracketOG,OG,NQ,NQ JUN26,LONG,1,24275.00,24327.75,1050.64,1046.28,209.3,WIN,TARGET_HIT,24219.75,1105.00,2026-05-07 09:21:28
2026-01-09,2026-01-09 10:15:00,2026-01-09 10:15:00,OG,Backtest,AdxDiCrossBracketOG,OG_AdxDiCrossBracketOG,OG,NQ,NQ JUN26,SHORT,1,25849.75,25897.00,-949.36,-953.72,-190.7,LOSS,STOP_HIT,25895.75,920.00,2026-05-07 09:21:28
2026-02-11,2026-02-11 11:05:00,2026-02-11 11:10:00,OG,Backtest,AdxDiCrossBracketOG,OG_AdxDiCrossBracketOG,OG,NQ,NQ JUN26,LONG,1,25454.25,25417.50,-739.36,-743.72,-148.7,LOSS,STOP_HIT,25393.00,1225.00,2026-05-07 09:21:28
2026-02-10,2026-02-10 09:45:00,2026-02-10 09:45:00,OG,Backtest,AdxDiCrossBracketOG,OG_AdxDiCrossBracketOG,OG,NQ,NQ JUN26,SHORT,1,25534.50,25512.25,440.64,436.28,87.3,WIN,TARGET_HIT,25559.75,505.00,2026-05-07 09:21:28
2026-02-05,2026-02-05 11:40:00,2026-02-05 11:50:00,OG,Backtest,AdxDiCrossBracketOG,OG_AdxDiCrossBracketOG,OG,NQ,NQ JUN26,LONG,1,25026.25,24991.50,-699.36,-703.72,-140.7,LOSS,STOP_HIT,24938.00,1765.00,2026-05-07 09:21:28
2026-01-30,2026-01-30 11:00:00,2026-01-30 11:10:00,OG,Backtest,AdxDiCrossBracketOG,OG_AdxDiCrossBracketOG,OG,NQ,NQ JUN26,SHORT,1,26071.50,26048.25,460.64,456.28,91.3,WIN,STOP_HIT,26129.00,1150.00,2026-05-07 09:21:28
2026-01-30,2026-01-30 11:00:00,2026-01-30 11:10:00,OG,Backtest,AdxDiCrossBracketOG,OG_AdxDiCrossBracketOG,OG,NQ,NQ JUN26,SHORT,1,26071.50,26048.25,460.64,456.28,91.3,WIN,STOP_HIT,26129.00,1150.00,2026-05-07 09:21:28
2026-01-30,2026-01-30 10:55:00,2026-01-30 10:55:00,OG,Backtest,AdxDiCrossBracketOG,OG_AdxDiCrossBracketOG,OG,NQ,NQ JUN26,LONG,1,26118.00,26058.75,-1189.36,-1193.72,-238.7,LOSS,STOP_HIT,26060.00,1160.00,2026-05-07 09:21:28
2026-01-13,2026-01-13 10:10:00,2026-01-13 10:15:00,OG,Backtest,AdxDiCrossBracketOG,OG_AdxDiCrossBracketOG,OG,NQ,NQ JUN26,SHORT,1,26137.25,26108.00,580.64,576.28,115.3,WIN,TARGET_HIT,26168.00,615.00,2026-05-07 09:21:28
2026-01-07,2026-01-07 09:50:00,2026-01-07 09:50:00,OG,Backtest,AdxDiCrossBracketOG,OG_AdxDiCrossBracketOG,OG,NQ,NQ JUN26,LONG,1,26064.50,26079.75,300.64,296.28,59.3,WIN,TARGET_HIT,26047.25,345.00,2026-05-07 09:21:28
2026-02-10,2026-02-10 09:45:00,2026-02-10 09:45:00,OG,Backtest,AdxDiCrossBracketOG,OG_AdxDiCrossBracketOG,OG,NQ,NQ JUN26,SHORT,1,25534.50,25512.25,440.64,436.28,87.3,WIN,TARGET_HIT,25559.75,505.00,2026-05-07 09:21:28
2026-01-09,2026-01-09 09:45:00,2026-01-09 09:50:00,OG,Backtest,AdxDiCrossBracketOG,OG_AdxDiCrossBracketOG,OG,NQ,NQ JUN26,LONG,1,25965.75,25936.75,-584.36,-588.72,-117.7,LOSS,STOP_HIT,25938.00,555.00,2026-05-07 09:21:28
2026-01-30,2026-01-30 11:00:00,2026-01-30 11:10:00,OG,Backtest,AdxDiCrossBracketOG,OG_AdxDiCrossBracketOG,OG,NQ,NQ JUN26,SHORT,1,26071.50,26048.25,460.64,456.28,91.3,WIN,STOP_HIT,26129.00,1150.00,2026-05-07 09:21:28
2026-02-13,2026-02-13 10:50:00,2026-02-13 11:05:00,OG,Backtest,AdxDiCrossBracketOG,OG_AdxDiCrossBracketOG,OG,NQ,NQ JUN26,SHORT,1,24982.25,25021.00,-779.36,-783.72,-156.7,LOSS,STOP_HIT,25055.00,1455.00,2026-05-07 09:21:28
2026-03-19,2026-03-19 11:15:00,2026-03-19 11:25:00,OG,Backtest,AdxDiCrossBracketOG,OG_AdxDiCrossBracketOG,OG,NQ,NQ JUN26,LONG,1,24531.00,24485.50,-914.36,-918.72,-183.7,LOSS,STOP_HIT,24473.00,1160.00,2026-05-07 09:21:28
2026-03-02,2026-03-02 11:15:00,2026-03-02 11:20:00,OG,Backtest,AdxDiCrossBracketOG,OG_AdxDiCrossBracketOG,OG,NQ,NQ JUN26,LONG,1,25187.75,25180.00,-159.36,-163.72,-32.7,LOSS,STOP_HIT,25129.50,1165.00,2026-05-07 09:21:28
2026-02-11,2026-02-11 11:20:00,2026-02-11 11:25:00,OG,Backtest,AdxDiCrossBracketOG,OG_AdxDiCrossBracketOG,OG,NQ,NQ JUN26,LONG,1,25468.75,25457.00,-239.36,-243.72,-48.7,LOSS,STOP_HIT,25406.75,1240.00,2026-05-07 09:21:28
2026-01-07,2026-01-07 09:50:00,2026-01-07 09:50:00,OG,Backtest,AdxDiCrossBracketOG,OG_AdxDiCrossBracketOG,OG,NQ,NQ JUN26,LONG,1,26064.50,26079.75,300.64,296.28,59.3,WIN,TARGET_HIT,26047.25,345.00,2026-05-07 09:21:28
2026-02-24,2026-02-24 09:50:00,2026-02-24 09:50:00,OG,Backtest,AdxDiCrossBracketOG,OG_AdxDiCrossBracketOG,OG,NQ,NQ JUN26,LONG,1,25121.25,25157.50,720.64,716.28,143.3,WIN,TARGET_HIT,25081.50,795.00,2026-05-07 09:21:28
2026-01-07,2026-01-07 10:10:00,2026-01-07 10:10:00,OG,Backtest,AdxDiCrossBracketOG,OG_AdxDiCrossBracketOG,OG,NQ,NQ JUN26,SHORT,1,26050.00,26073.50,-474.36,-478.72,-95.7,LOSS,STOP_HIT,26072.25,445.00,2026-05-07 09:21:28
2026-01-07,2026-01-07 09:50:00,2026-01-07 09:50:00,OG,Backtest,AdxDiCrossBracketOG,OG_AdxDiCrossBracketOG,OG,NQ,NQ JUN26,LONG,1,26064.50,26079.75,300.64,296.28,59.3,WIN,TARGET_HIT,26047.25,345.00,2026-05-07 09:21:28
2026-01-09,2026-01-09 09:45:00,2026-01-09 09:50:00,OG,Backtest,AdxDiCrossBracketOG,OG_AdxDiCrossBracketOG,OG,NQ,NQ JUN26,LONG,1,25965.75,25936.75,-584.36,-588.72,-117.7,LOSS,STOP_HIT,25938.00,555.00,2026-05-07 09:21:28
2026-01-30,2026-01-30 11:00:00,2026-01-30 11:10:00,OG,Backtest,AdxDiCrossBracketOG,OG_AdxDiCrossBracketOG,OG,NQ,NQ JUN26,SHORT,1,26071.50,26048.25,460.64,456.28,91.3,WIN,STOP_HIT,26129.00,1150.00,2026-05-07 09:21:28
2026-01-23,2026-01-23 10:10:00,2026-01-23 10:15:00,OG,Backtest,AdxDiCrossBracketOG,OG_AdxDiCrossBracketOG,OG,NQ,NQ JUN26,LONG,1,25921.75,25885.00,-739.36,-743.72,-148.7,LOSS,STOP_HIT,25885.50,725.00,2026-05-07 09:21:28
2026-01-09,2026-01-09 09:45:00,2026-01-09 09:50:00,OG,Backtest,AdxDiCrossBracketOG,OG_AdxDiCrossBracketOG,OG,NQ,NQ JUN26,LONG,1,25965.75,25936.75,-584.36,-588.72,-117.7,LOSS,STOP_HIT,25938.00,555.00,2026-05-07 09:21:28
2026-02-13,2026-02-13 10:35:00,2026-02-13 10:35:00,OG,Backtest,AdxDiCrossBracketOG,OG_AdxDiCrossBracketOG,OG,NQ,NQ JUN26,LONG,1,25058.75,25127.00,1360.64,1356.28,271.3,WIN,TARGET_HIT,24987.50,1425.00,2026-05-07 09:21:28
2026-01-20,2026-01-20 10:50:00,2026-01-20 10:55:00,OG,Backtest,AdxDiCrossBracketOG,OG_AdxDiCrossBracketOG,OG,NQ,NQ JUN26,LONG,1,25598.75,25558.75,-804.36,-808.72,-161.7,LOSS,STOP_HIT,25550.75,960.00,2026-05-07 09:21:28
2026-01-09,2026-01-09 10:10:00,2026-01-09 10:10:00,OG,Backtest,AdxDiCrossBracketOG,OG_AdxDiCrossBracketOG,OG,NQ,NQ JUN26,LONG,1,25922.50,25881.00,-834.36,-838.72,-167.7,LOSS,STOP_HIT,25882.25,805.00,2026-05-07 09:21:28
2026-01-16,2026-01-16 11:30:00,2026-01-16 11:35:00,OG,Backtest,AdxDiCrossBracketOG,OG_AdxDiCrossBracketOG,OG,NQ,NQ JUN26,LONG,1,25912.25,25924.50,240.64,236.28,47.3,WIN,STOP_HIT,25874.75,750.00,2026-05-07 09:21:28
2026-01-12,2026-01-12 11:25:00,2026-01-12 11:35:00,OG,Backtest,AdxDiCrossBracketOG,OG_AdxDiCrossBracketOG,OG,NQ,NQ JUN26,LONG,1,26159.50,26149.25,-209.36,-213.72,-42.7,LOSS,STOP_HIT,26131.75,555.00,2026-05-07 09:21:28
2026-03-24,2026-03-24 11:00:00,2026-03-24 11:00:00,OG,Backtest,AdxDiCrossBracketOG,OG_AdxDiCrossBracketOG,OG,NQ,NQ JUN26,LONG,1,24282.25,24217.00,-1309.36,-1313.72,-262.7,LOSS,STOP_HIT,24218.25,1280.00,2026-05-07 09:21:28
2026-01-12,2026-01-12 11:25:00,2026-01-12 11:35:00,OG,Backtest,AdxDiCrossBracketOG,OG_AdxDiCrossBracketOG,OG,NQ,NQ JUN26,LONG,1,26159.50,26149.25,-209.36,-213.72,-42.7,LOSS,STOP_HIT,26131.75,555.00,2026-05-07 09:21:28
2026-01-07,2026-01-07 10:10:00,2026-01-07 10:10:00,OG,Backtest,AdxDiCrossBracketOG,OG_AdxDiCrossBracketOG,OG,NQ,NQ JUN26,SHORT,1,26050.00,26073.50,-474.36,-478.72,-95.7,LOSS,STOP_HIT,26072.25,445.00,2026-05-07 09:21:28
2026-01-16,2026-01-16 11:30:00,2026-01-16 11:35:00,OG,Backtest,AdxDiCrossBracketOG,OG_AdxDiCrossBracketOG,OG,NQ,NQ JUN26,LONG,1,25912.25,25924.50,240.64,236.28,47.3,WIN,STOP_HIT,25874.75,750.00,2026-05-07 09:21:28
2026-03-20,2026-03-20 11:30:00,2026-03-20 12:05:00,OG,Backtest,AdxDiCrossBracketOG,OG_AdxDiCrossBracketOG,OG,NQ,NQ JUN26,LONG,1,24275.00,24327.75,1050.64,1046.28,209.3,WIN,TARGET_HIT,24219.75,1105.00,2026-05-07 09:21:28
2026-03-12,2026-03-12 11:50:00,2026-03-12 11:50:00,OG,Backtest,AdxDiCrossBracketOG,OG_AdxDiCrossBracketOG,OG,NQ,NQ JUN26,LONG,1,24898.75,24843.25,-1114.36,-1118.72,-223.7,LOSS,STOP_HIT,24844.50,1085.00,2026-05-07 09:21:28
2026-01-30,2026-01-30 10:55:00,2026-01-30 10:55:00,OG,Backtest,AdxDiCrossBracketOG,OG_AdxDiCrossBracketOG,OG,NQ,NQ JUN26,LONG,1,26118.00,26058.75,-1189.36,-1193.72,-238.7,LOSS,STOP_HIT,26060.00,1160.00,2026-05-07 09:21:28
2026-03-13,2026-03-13 10:50:00,2026-03-13 10:50:00,OG,Backtest,AdxDiCrossBracketOG,OG_AdxDiCrossBracketOG,OG,NQ,NQ JUN26,SHORT,1,24804.25,24755.00,980.64,976.28,195.3,WIN,TARGET_HIT,24853.50,985.00,2026-05-07 09:21:28
2026-04-06,2026-04-06 11:05:00,2026-04-06 11:35:00,OG,Backtest,AdxDiCrossBracketOG,OG_AdxDiCrossBracketOG,OG,NQ,NQ JUN26,LONG,1,24307.50,24280.00,-554.36,-558.72,-111.7,LOSS,STOP_HIT,24255.50,1040.00,2026-05-07 09:21:28
2026-03-24,2026-03-24 11:00:00,2026-03-24 11:00:00,OG,Backtest,AdxDiCrossBracketOG,OG_AdxDiCrossBracketOG,OG,NQ,NQ JUN26,LONG,1,24282.25,24217.00,-1309.36,-1313.72,-262.7,LOSS,STOP_HIT,24218.25,1280.00,2026-05-07 09:21:28
2026-01-09,2026-01-09 10:30:00,2026-01-09 10:30:00,OG,Backtest,AdxDiCrossBracketOG,OG_AdxDiCrossBracketOG,OG,NQ,NQ JUN26,LONG,1,26010.00,26057.25,940.64,936.28,187.3,WIN,TARGET_HIT,25959.75,1005.00,2026-05-07 09:21:28
2026-03-19,2026-03-19 11:15:00,2026-03-19 11:25:00,OG,Backtest,AdxDiCrossBracketOG,OG_AdxDiCrossBracketOG,OG,NQ,NQ JUN26,LONG,1,24531.00,24485.50,-914.36,-918.72,-183.7,LOSS,STOP_HIT,24473.00,1160.00,2026-05-07 09:21:28
2026-03-09,2026-03-09 10:45:00,2026-03-09 10:50:00,OG,Backtest,AdxDiCrossBracketOG,OG_AdxDiCrossBracketOG,OG,NQ,NQ JUN26,LONG,1,24692.75,24762.25,1385.64,1381.28,276.3,WIN,TARGET_HIT,24622.25,1410.00,2026-05-07 09:21:28
2026-04-10,2026-04-10 11:45:00,2026-04-10 12:00:00,OG,Backtest,AdxDiCrossBracketOG,OG_AdxDiCrossBracketOG,OG,NQ,NQ JUN26,SHORT,1,25300.75,25269.75,615.64,611.28,122.3,WIN,TARGET_HIT,25334.25,670.00,2026-05-07 09:21:28
2026-01-28,2026-01-28 10:55:00,2026-01-28 11:20:00,OG,Backtest,AdxDiCrossBracketOG,OG_AdxDiCrossBracketOG,OG,NQ,NQ JUN26,SHORT,1,26394.50,26393.75,10.64,6.28,1.3,WIN,STOP_HIT,26429.00,690.00,2026-05-07 09:21:28
2026-02-13,2026-02-13 10:50:00,2026-02-13 11:05:00,OG,Backtest,AdxDiCrossBracketOG,OG_AdxDiCrossBracketOG,OG,NQ,NQ JUN26,SHORT,1,24982.25,25021.00,-779.36,-783.72,-156.7,LOSS,STOP_HIT,25055.00,1455.00,2026-05-07 09:21:28
2026-03-02,2026-03-02 11:15:00,2026-03-02 11:20:00,OG,Backtest,AdxDiCrossBracketOG,OG_AdxDiCrossBracketOG,OG,NQ,NQ JUN26,LONG,1,25187.75,25180.00,-159.36,-163.72,-32.7,LOSS,STOP_HIT,25129.50,1165.00,2026-05-07 09:21:28
2026-01-23,2026-01-23 10:10:00,2026-01-23 10:15:00,OG,Backtest,AdxDiCrossBracketOG,OG_AdxDiCrossBracketOG,OG,NQ,NQ JUN26,LONG,1,25921.75,25885.00,-739.36,-743.72,-148.7,LOSS,STOP_HIT,25885.50,725.00,2026-05-07 09:21:28
2026-02-03,2026-02-03 09:50:00,2026-02-03 09:50:00,OG,Backtest,AdxDiCrossBracketOG,OG_AdxDiCrossBracketOG,OG,NQ,NQ JUN26,SHORT,1,25960.00,25999.25,-789.36,-793.72,-158.7,LOSS,STOP_HIT,25998.00,760.00,2026-05-07 09:21:28
2026-03-19,2026-03-19 11:15:00,2026-03-19 11:25:00,OG,Backtest,AdxDiCrossBracketOG,OG_AdxDiCrossBracketOG,OG,NQ,NQ JUN26,LONG,1,24531.00,24485.50,-914.36,-918.72,-183.7,LOSS,STOP_HIT,24473.00,1160.00,2026-05-07 09:21:28
2026-02-24,2026-02-24 10:10:00,2026-02-24 10:10:00,OG,Backtest,AdxDiCrossBracketOG,OG_AdxDiCrossBracketOG,OG,NQ,NQ JUN26,SHORT,1,25048.00,25093.50,-914.36,-918.72,-183.7,LOSS,STOP_HIT,25092.25,885.00,2026-05-07 09:21:28
2026-03-12,2026-03-12 11:50:00,2026-03-12 11:50:00,OG,Backtest,AdxDiCrossBracketOG,OG_AdxDiCrossBracketOG,OG,NQ,NQ JUN26,LONG,1,24898.75,24843.25,-1114.36,-1118.72,-223.7,LOSS,STOP_HIT,24844.50,1085.00,2026-05-07 09:21:28
2026-02-03,2026-02-03 09:50:00,2026-02-03 09:50:00,OG,Backtest,AdxDiCrossBracketOG,OG_AdxDiCrossBracketOG,OG,NQ,NQ JUN26,SHORT,1,25960.00,25999.25,-789.36,-793.72,-158.7,LOSS,STOP_HIT,25998.00,760.00,2026-05-07 09:21:28
2026-04-07,2026-04-07 11:40:00,2026-04-07 12:00:00,OG,Backtest,AdxDiCrossBracketOG,OG_AdxDiCrossBracketOG,OG,NQ,NQ JUN26,LONG,1,24072.25,24117.50,900.64,896.28,179.3,WIN,TARGET_HIT,24025.00,945.00,2026-05-07 09:21:28
2026-02-17,2026-02-17 11:10:00,2026-02-17 11:10:00,OG,Backtest,AdxDiCrossBracketOG,OG_AdxDiCrossBracketOG,OG,NQ,NQ JUN26,LONG,1,24862.00,24927.25,1300.64,1296.28,259.3,WIN,TARGET_HIT,24793.75,1365.00,2026-05-07 09:21:28
2026-03-17,2026-03-17 11:15:00,2026-03-17 11:20:00,OG,Backtest,AdxDiCrossBracketOG,OG_AdxDiCrossBracketOG,OG,NQ,NQ JUN26,SHORT,1,25019.75,25057.00,-749.36,-753.72,-150.7,LOSS,STOP_HIT,25056.25,730.00,2026-05-07 09:21:28
2026-02-24,2026-02-24 10:10:00,2026-02-24 10:10:00,OG,Backtest,AdxDiCrossBracketOG,OG_AdxDiCrossBracketOG,OG,NQ,NQ JUN26,SHORT,1,25048.00,25093.50,-914.36,-918.72,-183.7,LOSS,STOP_HIT,25092.25,885.00,2026-05-07 09:21:28
2026-02-11,2026-02-11 10:20:00,2026-02-11 10:20:00,OG,Backtest,AdxDiCrossBracketOG,OG_AdxDiCrossBracketOG,OG,NQ,NQ JUN26,SHORT,1,25395.25,25345.50,990.64,986.28,197.3,WIN,TARGET_HIT,25448.50,1065.00,2026-05-07 09:21:28
2026-02-24,2026-02-24 10:10:00,2026-02-24 10:10:00,OG,Backtest,AdxDiCrossBracketOG,OG_AdxDiCrossBracketOG,OG,NQ,NQ JUN26,SHORT,1,25048.00,25093.50,-914.36,-918.72,-183.7,LOSS,STOP_HIT,25092.25,885.00,2026-05-07 09:21:28
2026-02-24,2026-02-24 10:15:00,2026-02-24 10:15:00,OG,Backtest,AdxDiCrossBracketOG,OG_AdxDiCrossBracketOG,OG,NQ,NQ JUN26,LONG,1,25110.00,25063.00,-944.36,-948.72,-189.7,LOSS,STOP_HIT,25064.25,915.00,2026-05-07 09:21:28
2026-01-28,2026-01-28 10:55:00,2026-01-28 11:20:00,OG,Backtest,AdxDiCrossBracketOG,OG_AdxDiCrossBracketOG,OG,NQ,NQ JUN26,SHORT,1,26394.50,26393.75,10.64,6.28,1.3,WIN,STOP_HIT,26429.00,690.00,2026-05-07 09:21:28
2026-01-09,2026-01-09 10:30:00,2026-01-09 10:30:00,OG,Backtest,AdxDiCrossBracketOG,OG_AdxDiCrossBracketOG,OG,NQ,NQ JUN26,LONG,1,26010.00,26057.25,940.64,936.28,187.3,WIN,TARGET_HIT,25959.75,1005.00,2026-05-07 09:21:28
2026-02-13,2026-02-13 10:50:00,2026-02-13 11:05:00,OG,Backtest,AdxDiCrossBracketOG,OG_AdxDiCrossBracketOG,OG,NQ,NQ JUN26,SHORT,1,24982.25,25021.00,-779.36,-783.72,-156.7,LOSS,STOP_HIT,25055.00,1455.00,2026-05-07 09:21:28
2026-03-09,2026-03-09 10:45:00,2026-03-09 10:50:00,OG,Backtest,AdxDiCrossBracketOG,OG_AdxDiCrossBracketOG,OG,NQ,NQ JUN26,LONG,1,24692.75,24762.25,1385.64,1381.28,276.3,WIN,TARGET_HIT,24622.25,1410.00,2026-05-07 09:21:28
2026-01-06,2026-01-06 11:00:00,2026-01-06 11:05:00,OG,Backtest,AdxDiCrossBracketOG,OG_AdxDiCrossBracketOG,OG,NQ,NQ JUN26,SHORT,1,25908.50,25880.75,550.64,546.28,109.3,WIN,TARGET_HIT,25938.25,595.00,2026-05-07 09:21:28
2026-03-27,2026-03-27 11:40:00,2026-03-27 11:45:00,OG,Backtest,AdxDiCrossBracketOG,OG_AdxDiCrossBracketOG,OG,NQ,NQ JUN26,LONG,1,23597.75,23540.25,-1154.36,-1158.72,-231.7,LOSS,STOP_HIT,23541.50,1125.00,2026-05-07 09:21:28
2026-01-23,2026-01-23 10:10:00,2026-01-23 10:15:00,OG,Backtest,AdxDiCrossBracketOG,OG_AdxDiCrossBracketOG,OG,NQ,NQ JUN26,LONG,1,25921.75,25885.00,-739.36,-743.72,-148.7,LOSS,STOP_HIT,25885.50,725.00,2026-05-07 09:21:28
2026-03-12,2026-03-12 11:50:00,2026-03-12 11:50:00,OG,Backtest,AdxDiCrossBracketOG,OG_AdxDiCrossBracketOG,OG,NQ,NQ JUN26,LONG,1,24898.75,24843.25,-1114.36,-1118.72,-223.7,LOSS,STOP_HIT,24844.50,1085.00,2026-05-07 09:21:28
2026-04-10,2026-04-10 11:45:00,2026-04-10 12:00:00,OG,Backtest,AdxDiCrossBracketOG,OG_AdxDiCrossBracketOG,OG,NQ,NQ JUN26,SHORT,1,25300.75,25269.75,615.64,611.28,122.3,WIN,TARGET_HIT,25334.25,670.00,2026-05-07 09:21:28
2026-03-17,2026-03-17 11:15:00,2026-03-17 11:20:00,OG,Backtest,AdxDiCrossBracketOG,OG_AdxDiCrossBracketOG,OG,NQ,NQ JUN26,SHORT,1,25019.75,25057.00,-749.36,-753.72,-150.7,LOSS,STOP_HIT,25056.25,730.00,2026-05-07 09:21:28
2026-02-24,2026-02-24 10:15:00,2026-02-24 10:15:00,OG,Backtest,AdxDiCrossBracketOG,OG_AdxDiCrossBracketOG,OG,NQ,NQ JUN26,LONG,1,25110.00,25063.00,-944.36,-948.72,-189.7,LOSS,STOP_HIT,25064.25,915.00,2026-05-07 09:21:28
2026-01-30,2026-01-30 10:55:00,2026-01-30 10:55:00,OG,Backtest,AdxDiCrossBracketOG,OG_AdxDiCrossBracketOG,OG,NQ,NQ JUN26,LONG,1,26118.00,26058.75,-1189.36,-1193.72,-238.7,LOSS,STOP_HIT,26060.00,1160.00,2026-05-07 09:21:28
2026-02-03,2026-02-03 09:50:00,2026-02-03 09:50:00,OG,Backtest,AdxDiCrossBracketOG,OG_AdxDiCrossBracketOG,OG,NQ,NQ JUN26,SHORT,1,25960.00,25999.25,-789.36,-793.72,-158.7,LOSS,STOP_HIT,25998.00,760.00,2026-05-07 09:21:28
2026-01-09,2026-01-09 09:55:00,2026-01-09 09:55:00,OG,Backtest,AdxDiCrossBracketOG,OG_AdxDiCrossBracketOG,OG,NQ,NQ JUN26,SHORT,1,25912.50,25949.00,-734.36,-738.72,-147.7,LOSS,STOP_HIT,25947.75,705.00,2026-05-07 09:21:28
2026-01-28,2026-01-28 10:55:00,2026-01-28 11:20:00,OG,Backtest,AdxDiCrossBracketOG,OG_AdxDiCrossBracketOG,OG,NQ,NQ JUN26,SHORT,1,26394.50,26393.75,10.64,6.28,1.3,WIN,STOP_HIT,26429.00,690.00,2026-05-07 09:21:28
2026-03-24,2026-03-24 11:00:00,2026-03-24 11:00:00,OG,Backtest,AdxDiCrossBracketOG,OG_AdxDiCrossBracketOG,OG,NQ,NQ JUN26,LONG,1,24282.25,24217.00,-1309.36,-1313.72,-262.7,LOSS,STOP_HIT,24218.25,1280.00,2026-05-07 09:21:28
2026-03-12,2026-03-12 11:50:00,2026-03-12 11:50:00,OG,Backtest,AdxDiCrossBracketOG,OG_AdxDiCrossBracketOG,OG,NQ,NQ JUN26,LONG,1,24898.75,24843.25,-1114.36,-1118.72,-223.7,LOSS,STOP_HIT,24844.50,1085.00,2026-05-07 09:21:28
2026-03-06,2026-03-06 11:10:00,2026-03-06 11:15:00,OG,Backtest,AdxDiCrossBracketOG,OG_AdxDiCrossBracketOG,OG,NQ,NQ JUN26,LONG,1,25102.25,25058.25,-884.36,-888.72,-177.7,LOSS,STOP_HIT,25038.75,1270.00,2026-05-07 09:21:28
2026-03-27,2026-03-27 11:40:00,2026-03-27 11:45:00,OG,Backtest,AdxDiCrossBracketOG,OG_AdxDiCrossBracketOG,OG,NQ,NQ JUN26,LONG,1,23597.75,23540.25,-1154.36,-1158.72,-231.7,LOSS,STOP_HIT,23541.50,1125.00,2026-05-07 09:21:28
2026-04-07,2026-04-07 11:40:00,2026-04-07 12:00:00,OG,Backtest,AdxDiCrossBracketOG,OG_AdxDiCrossBracketOG,OG,NQ,NQ JUN26,LONG,1,24072.25,24117.50,900.64,896.28,179.3,WIN,TARGET_HIT,24025.00,945.00,2026-05-07 09:21:28
2026-02-11,2026-02-11 11:20:00,2026-02-11 11:25:00,OG,Backtest,AdxDiCrossBracketOG,OG_AdxDiCrossBracketOG,OG,NQ,NQ JUN26,LONG,1,25468.75,25457.00,-239.36,-243.72,-48.7,LOSS,STOP_HIT,25406.75,1240.00,2026-05-07 09:21:28
2026-04-06,2026-04-06 10:55:00,2026-04-06 11:00:00,OG,Backtest,AdxDiCrossBracketOG,OG_AdxDiCrossBracketOG,OG,NQ,NQ JUN26,SHORT,1,24269.25,24322.25,-1064.36,-1068.72,-213.7,LOSS,STOP_HIT,24321.00,1035.00,2026-05-07 09:21:28
2026-01-07,2026-01-07 10:10:00,2026-01-07 10:10:00,OG,Backtest,AdxDiCrossBracketOG,OG_AdxDiCrossBracketOG,OG,NQ,NQ JUN26,SHORT,1,26050.00,26073.50,-474.36,-478.72,-95.7,LOSS,STOP_HIT,26072.25,445.00,2026-05-07 09:21:28
2026-01-06,2026-01-06 11:00:00,2026-01-06 11:05:00,OG,Backtest,AdxDiCrossBracketOG,OG_AdxDiCrossBracketOG,OG,NQ,NQ JUN26,SHORT,1,25908.50,25880.75,550.64,546.28,109.3,WIN,TARGET_HIT,25938.25,595.00,2026-05-07 09:21:28
2026-03-24,2026-03-24 11:00:00,2026-03-24 11:00:00,OG,Backtest,AdxDiCrossBracketOG,OG_AdxDiCrossBracketOG,OG,NQ,NQ JUN26,LONG,1,24282.25,24217.00,-1309.36,-1313.72,-262.7,LOSS,STOP_HIT,24218.25,1280.00,2026-05-07 09:21:28
2026-01-09,2026-01-09 09:55:00,2026-01-09 09:55:00,OG,Backtest,AdxDiCrossBracketOG,OG_AdxDiCrossBracketOG,OG,NQ,NQ JUN26,SHORT,1,25912.50,25949.00,-734.36,-738.72,-147.7,LOSS,STOP_HIT,25947.75,705.00,2026-05-07 09:21:28
2026-03-25,2026-03-25 11:20:00,2026-03-25 11:20:00,OG,Backtest,AdxDiCrossBracketOG,OG_AdxDiCrossBracketOG,OG,NQ,NQ JUN26,SHORT,1,24385.25,24336.50,970.64,966.28,193.3,WIN,TARGET_HIT,24438.00,1055.00,2026-05-07 09:21:28
2026-03-19,2026-03-19 11:15:00,2026-03-19 11:25:00,OG,Backtest,AdxDiCrossBracketOG,OG_AdxDiCrossBracketOG,OG,NQ,NQ JUN26,LONG,1,24531.00,24485.50,-914.36,-918.72,-183.7,LOSS,STOP_HIT,24473.00,1160.00,2026-05-07 09:21:28
2026-03-25,2026-03-25 11:20:00,2026-03-25 11:20:00,OG,Backtest,AdxDiCrossBracketOG,OG_AdxDiCrossBracketOG,OG,NQ,NQ JUN26,SHORT,1,24385.25,24336.50,970.64,966.28,193.3,WIN,TARGET_HIT,24438.00,1055.00,2026-05-07 09:21:28
2026-04-07,2026-04-07 11:40:00,2026-04-07 12:00:00,OG,Backtest,AdxDiCrossBracketOG,OG_AdxDiCrossBracketOG,OG,NQ,NQ JUN26,LONG,1,24072.25,24117.50,900.64,896.28,179.3,WIN,TARGET_HIT,24025.00,945.00,2026-05-07 09:21:28
2026-03-09,2026-03-09 10:45:00,2026-03-09 10:50:00,OG,Backtest,AdxDiCrossBracketOG,OG_AdxDiCrossBracketOG,OG,NQ,NQ JUN26,LONG,1,24692.75,24762.25,1385.64,1381.28,276.3,WIN,TARGET_HIT,24622.25,1410.00,2026-05-07 09:21:28
2026-03-20,2026-03-20 11:30:00,2026-03-20 12:05:00,OG,Backtest,AdxDiCrossBracketOG,OG_AdxDiCrossBracketOG,OG,NQ,NQ JUN26,LONG,1,24275.00,24327.75,1050.64,1046.28,209.3,WIN,TARGET_HIT,24219.75,1105.00,2026-05-07 09:21:28
2026-04-06,2026-04-06 10:55:00,2026-04-06 11:00:00,OG,Backtest,AdxDiCrossBracketOG,OG_AdxDiCrossBracketOG,OG,NQ,NQ JUN26,SHORT,1,24269.25,24322.25,-1064.36,-1068.72,-213.7,LOSS,STOP_HIT,24321.00,1035.00,2026-05-07 09:21:28
2026-02-03,2026-02-03 09:50:00,2026-02-03 09:50:00,OG,Backtest,AdxDiCrossBracketOG,OG_AdxDiCrossBracketOG,OG,NQ,NQ JUN26,SHORT,1,25960.00,25999.25,-789.36,-793.72,-158.7,LOSS,STOP_HIT,25998.00,760.00,2026-05-07 09:21:28
2026-01-13,2026-01-13 10:10:00,2026-01-13 10:15:00,OG,Backtest,AdxDiCrossBracketOG,OG_AdxDiCrossBracketOG,OG,NQ,NQ JUN26,SHORT,1,26137.25,26108.00,580.64,576.28,115.3,WIN,TARGET_HIT,26168.00,615.00,2026-05-07 09:21:28
2026-04-06,2026-04-06 11:05:00,2026-04-06 11:35:00,OG,Backtest,AdxDiCrossBracketOG,OG_AdxDiCrossBracketOG,OG,NQ,NQ JUN26,LONG,1,24307.50,24280.00,-554.36,-558.72,-111.7,LOSS,STOP_HIT,24255.50,1040.00,2026-05-07 09:21:28
2026-01-12,2026-01-12 11:25:00,2026-01-12 11:35:00,OG,Backtest,AdxDiCrossBracketOG,OG_AdxDiCrossBracketOG,OG,NQ,NQ JUN26,LONG,1,26159.50,26149.25,-209.36,-213.72,-42.7,LOSS,STOP_HIT,26131.75,555.00,2026-05-07 09:21:28
2026-01-21,2026-01-21 11:45:00,2026-01-21 11:45:00,OG,Backtest,AdxDiCrossBracketOG,OG_AdxDiCrossBracketOG,OG,NQ,NQ JUN26,SHORT,1,25543.00,25505.75,740.64,736.28,147.3,WIN,TARGET_HIT,25582.25,785.00,2026-05-07 09:21:28
2026-03-06,2026-03-06 11:10:00,2026-03-06 11:15:00,OG,Backtest,AdxDiCrossBracketOG,OG_AdxDiCrossBracketOG,OG,NQ,NQ JUN26,LONG,1,25102.25,25058.25,-884.36,-888.72,-177.7,LOSS,STOP_HIT,25038.75,1270.00,2026-05-07 09:21:28
2026-01-09,2026-01-09 10:30:00,2026-01-09 10:30:00,OG,Backtest,AdxDiCrossBracketOG,OG_AdxDiCrossBracketOG,OG,NQ,NQ JUN26,LONG,1,26010.00,26057.25,940.64,936.28,187.3,WIN,TARGET_HIT,25959.75,1005.00,2026-05-07 09:21:28
2026-01-21,2026-01-21 11:45:00,2026-01-21 11:45:00,OG,Backtest,AdxDiCrossBracketOG,OG_AdxDiCrossBracketOG,OG,NQ,NQ JUN26,SHORT,1,25543.00,25505.75,740.64,736.28,147.3,WIN,TARGET_HIT,25582.25,785.00,2026-05-07 09:21:28
2026-01-12,2026-01-12 11:25:00,2026-01-12 11:35:00,OG,Backtest,AdxDiCrossBracketOG,OG_AdxDiCrossBracketOG,OG,NQ,NQ JUN26,LONG,1,26159.50,26149.25,-209.36,-213.72,-42.7,LOSS,STOP_HIT,26131.75,555.00,2026-05-07 09:21:28
2026-01-12,2026-01-12 11:25:00,2026-01-12 11:35:00,OG,Backtest,AdxDiCrossBracketOG,OG_AdxDiCrossBracketOG,OG,NQ,NQ JUN26,LONG,1,26159.50,26149.25,-209.36,-213.72,-42.7,LOSS,STOP_HIT,26131.75,555.00,2026-05-07 09:21:28
2026-03-17,2026-03-17 11:15:00,2026-03-17 11:20:00,OG,Backtest,AdxDiCrossBracketOG,OG_AdxDiCrossBracketOG,OG,NQ,NQ JUN26,SHORT,1,25019.75,25057.00,-749.36,-753.72,-150.7,LOSS,STOP_HIT,25056.25,730.00,2026-05-07 09:21:28
2026-01-16,2026-01-16 11:30:00,2026-01-16 11:35:00,OG,Backtest,AdxDiCrossBracketOG,OG_AdxDiCrossBracketOG,OG,NQ,NQ JUN26,LONG,1,25912.25,25924.50,240.64,236.28,47.3,WIN,STOP_HIT,25874.75,750.00,2026-05-07 09:21:29
2026-01-06,2026-01-06 11:00:00,2026-01-06 11:05:00,OG,Backtest,AdxDiCrossBracketOG,OG_AdxDiCrossBracketOG,OG,NQ,NQ JUN26,SHORT,1,25908.50,25880.75,550.64,546.28,109.3,WIN,TARGET_HIT,25938.25,595.00,2026-05-07 09:21:29
2026-03-20,2026-03-20 11:30:00,2026-03-20 12:05:00,OG,Backtest,AdxDiCrossBracketOG,OG_AdxDiCrossBracketOG,OG,NQ,NQ JUN26,LONG,1,24275.00,24327.75,1050.64,1046.28,209.3,WIN,TARGET_HIT,24219.75,1105.00,2026-05-07 09:21:29
2026-01-09,2026-01-09 09:45:00,2026-01-09 09:50:00,OG,Backtest,AdxDiCrossBracketOG,OG_AdxDiCrossBracketOG,OG,NQ,NQ JUN26,LONG,1,25965.75,25936.75,-584.36,-588.72,-117.7,LOSS,STOP_HIT,25938.00,555.00,2026-05-07 09:21:29
2026-03-24,2026-03-24 11:00:00,2026-03-24 11:00:00,OG,Backtest,AdxDiCrossBracketOG,OG_AdxDiCrossBracketOG,OG,NQ,NQ JUN26,LONG,1,24282.25,24217.00,-1309.36,-1313.72,-262.7,LOSS,STOP_HIT,24218.25,1280.00,2026-05-07 09:21:29
2026-01-07,2026-01-07 10:10:00,2026-01-07 10:10:00,OG,Backtest,AdxDiCrossBracketOG,OG_AdxDiCrossBracketOG,OG,NQ,NQ JUN26,SHORT,1,26050.00,26073.50,-474.36,-478.72,-95.7,LOSS,STOP_HIT,26072.25,445.00,2026-05-07 09:21:29
2026-01-20,2026-01-20 10:50:00,2026-01-20 10:55:00,OG,Backtest,AdxDiCrossBracketOG,OG_AdxDiCrossBracketOG,OG,NQ,NQ JUN26,LONG,1,25598.75,25558.75,-804.36,-808.72,-161.7,LOSS,STOP_HIT,25550.75,960.00,2026-05-07 09:21:29
2026-01-21,2026-01-21 11:45:00,2026-01-21 11:45:00,OG,Backtest,AdxDiCrossBracketOG,OG_AdxDiCrossBracketOG,OG,NQ,NQ JUN26,SHORT,1,25543.00,25505.75,740.64,736.28,147.3,WIN,TARGET_HIT,25582.25,785.00,2026-05-07 09:21:29
2026-03-25,2026-03-25 11:20:00,2026-03-25 11:20:00,OG,Backtest,AdxDiCrossBracketOG,OG_AdxDiCrossBracketOG,OG,NQ,NQ JUN26,SHORT,1,24385.25,24336.50,970.64,966.28,193.3,WIN,TARGET_HIT,24438.00,1055.00,2026-05-07 09:21:29
2026-01-09,2026-01-09 10:30:00,2026-01-09 10:30:00,OG,Backtest,AdxDiCrossBracketOG,OG_AdxDiCrossBracketOG,OG,NQ,NQ JUN26,LONG,1,26010.00,26057.25,940.64,936.28,187.3,WIN,TARGET_HIT,25959.75,1005.00,2026-05-07 09:21:29
2026-01-28,2026-01-28 10:55:00,2026-01-28 11:20:00,OG,Backtest,AdxDiCrossBracketOG,OG_AdxDiCrossBracketOG,OG,NQ,NQ JUN26,SHORT,1,26394.50,26393.75,10.64,6.28,1.3,WIN,STOP_HIT,26429.00,690.00,2026-05-07 09:21:29
2026-02-11,2026-02-11 10:20:00,2026-02-11 10:20:00,OG,Backtest,AdxDiCrossBracketOG,OG_AdxDiCrossBracketOG,OG,NQ,NQ JUN26,SHORT,1,25395.25,25345.50,990.64,986.28,197.3,WIN,TARGET_HIT,25448.50,1065.00,2026-05-07 09:21:29
2026-01-06,2026-01-06 11:00:00,2026-01-06 11:05:00,OG,Backtest,AdxDiCrossBracketOG,OG_AdxDiCrossBracketOG,OG,NQ,NQ JUN26,SHORT,1,25908.50,25880.75,550.64,546.28,109.3,WIN,TARGET_HIT,25938.25,595.00,2026-05-07 09:21:29
2026-03-09,2026-03-09 10:45:00,2026-03-09 10:50:00,OG,Backtest,AdxDiCrossBracketOG,OG_AdxDiCrossBracketOG,OG,NQ,NQ JUN26,LONG,1,24692.75,24762.25,1385.64,1381.28,276.3,WIN,TARGET_HIT,24622.25,1410.00,2026-05-07 09:21:29
2026-01-09,2026-01-09 10:30:00,2026-01-09 10:30:00,OG,Backtest,AdxDiCrossBracketOG,OG_AdxDiCrossBracketOG,OG,NQ,NQ JUN26,LONG,1,26010.00,26057.25,940.64,936.28,187.3,WIN,TARGET_HIT,25959.75,1005.00,2026-05-07 09:21:29
2026-01-16,2026-01-16 11:30:00,2026-01-16 11:35:00,OG,Backtest,AdxDiCrossBracketOG,OG_AdxDiCrossBracketOG,OG,NQ,NQ JUN26,LONG,1,25912.25,25924.50,240.64,236.28,47.3,WIN,STOP_HIT,25874.75,750.00,2026-05-07 09:21:29
2026-01-20,2026-01-20 11:10:00,2026-01-20 11:15:00,OG,Backtest,AdxDiCrossBracketOG,OG_AdxDiCrossBracketOG,OG,NQ,NQ JUN26,LONG,1,25588.25,25600.25,235.64,231.28,46.3,WIN,STOP_HIT,25540.75,950.00,2026-05-07 09:21:29
2026-03-27,2026-03-27 11:40:00,2026-03-27 11:45:00,OG,Backtest,AdxDiCrossBracketOG,OG_AdxDiCrossBracketOG,OG,NQ,NQ JUN26,LONG,1,23597.75,23540.25,-1154.36,-1158.72,-231.7,LOSS,STOP_HIT,23541.50,1125.00,2026-05-07 09:21:29
2026-02-17,2026-02-17 11:10:00,2026-02-17 11:10:00,OG,Backtest,AdxDiCrossBracketOG,OG_AdxDiCrossBracketOG,OG,NQ,NQ JUN26,LONG,1,24862.00,24927.25,1300.64,1296.28,259.3,WIN,TARGET_HIT,24793.75,1365.00,2026-05-07 09:21:29
2026-01-23,2026-01-23 10:10:00,2026-01-23 10:15:00,OG,Backtest,AdxDiCrossBracketOG,OG_AdxDiCrossBracketOG,OG,NQ,NQ JUN26,LONG,1,25921.75,25885.00,-739.36,-743.72,-148.7,LOSS,STOP_HIT,25885.50,725.00,2026-05-07 09:21:29
2026-03-12,2026-03-12 11:50:00,2026-03-12 11:50:00,OG,Backtest,AdxDiCrossBracketOG,OG_AdxDiCrossBracketOG,OG,NQ,NQ JUN26,LONG,1,24898.75,24843.25,-1114.36,-1118.72,-223.7,LOSS,STOP_HIT,24844.50,1085.00,2026-05-07 09:21:29
2026-03-19,2026-03-19 11:15:00,2026-03-19 11:25:00,OG,Backtest,AdxDiCrossBracketOG,OG_AdxDiCrossBracketOG,OG,NQ,NQ JUN26,LONG,1,24531.00,24485.50,-914.36,-918.72,-183.7,LOSS,STOP_HIT,24473.00,1160.00,2026-05-07 09:21:29
2026-02-11,2026-02-11 11:05:00,2026-02-11 11:10:00,OG,Backtest,AdxDiCrossBracketOG,OG_AdxDiCrossBracketOG,OG,NQ,NQ JUN26,LONG,1,25454.25,25417.50,-739.36,-743.72,-148.7,LOSS,STOP_HIT,25393.00,1225.00,2026-05-07 09:21:29
2026-01-23,2026-01-23 10:10:00,2026-01-23 10:15:00,OG,Backtest,AdxDiCrossBracketOG,OG_AdxDiCrossBracketOG,OG,NQ,NQ JUN26,LONG,1,25921.75,25885.00,-739.36,-743.72,-148.7,LOSS,STOP_HIT,25885.50,725.00,2026-05-07 09:21:29
2026-01-09,2026-01-09 10:10:00,2026-01-09 10:10:00,OG,Backtest,AdxDiCrossBracketOG,OG_AdxDiCrossBracketOG,OG,NQ,NQ JUN26,LONG,1,25922.50,25881.00,-834.36,-838.72,-167.7,LOSS,STOP_HIT,25882.25,805.00,2026-05-07 09:21:29
2026-01-30,2026-01-30 10:55:00,2026-01-30 10:55:00,OG,Backtest,AdxDiCrossBracketOG,OG_AdxDiCrossBracketOG,OG,NQ,NQ JUN26,LONG,1,26118.00,26058.75,-1189.36,-1193.72,-238.7,LOSS,STOP_HIT,26060.00,1160.00,2026-05-07 09:21:29
2026-02-11,2026-02-11 11:20:00,2026-02-11 11:25:00,OG,Backtest,AdxDiCrossBracketOG,OG_AdxDiCrossBracketOG,OG,NQ,NQ JUN26,LONG,1,25468.75,25457.00,-239.36,-243.72,-48.7,LOSS,STOP_HIT,25406.75,1240.00,2026-05-07 09:21:29
2026-03-20,2026-03-20 11:30:00,2026-03-20 12:05:00,OG,Backtest,AdxDiCrossBracketOG,OG_AdxDiCrossBracketOG,OG,NQ,NQ JUN26,LONG,1,24275.00,24327.75,1050.64,1046.28,209.3,WIN,TARGET_HIT,24219.75,1105.00,2026-05-07 09:21:29
2026-02-13,2026-02-13 10:50:00,2026-02-13 11:05:00,OG,Backtest,AdxDiCrossBracketOG,OG_AdxDiCrossBracketOG,OG,NQ,NQ JUN26,SHORT,1,24982.25,25021.00,-779.36,-783.72,-156.7,LOSS,STOP_HIT,25055.00,1455.00,2026-05-07 09:21:29
2026-01-07,2026-01-07 10:10:00,2026-01-07 10:10:00,OG,Backtest,AdxDiCrossBracketOG,OG_AdxDiCrossBracketOG,OG,NQ,NQ JUN26,SHORT,1,26050.00,26073.50,-474.36,-478.72,-95.7,LOSS,STOP_HIT,26072.25,445.00,2026-05-07 09:21:29
2026-03-27,2026-03-27 11:40:00,2026-03-27 11:45:00,OG,Backtest,AdxDiCrossBracketOG,OG_AdxDiCrossBracketOG,OG,NQ,NQ JUN26,LONG,1,23597.75,23540.25,-1154.36,-1158.72,-231.7,LOSS,STOP_HIT,23541.50,1125.00,2026-05-07 09:21:29
2026-01-30,2026-01-30 11:00:00,2026-01-30 11:10:00,OG,Backtest,AdxDiCrossBracketOG,OG_AdxDiCrossBracketOG,OG,NQ,NQ JUN26,SHORT,1,26071.50,26048.25,460.64,456.28,91.3,WIN,STOP_HIT,26129.00,1150.00,2026-05-07 09:21:29
2026-02-05,2026-02-05 11:40:00,2026-02-05 11:50:00,OG,Backtest,AdxDiCrossBracketOG,OG_AdxDiCrossBracketOG,OG,NQ,NQ JUN26,LONG,1,25026.25,24991.50,-699.36,-703.72,-140.7,LOSS,STOP_HIT,24938.00,1765.00,2026-05-07 09:21:29
2026-01-20,2026-01-20 10:50:00,2026-01-20 10:55:00,OG,Backtest,AdxDiCrossBracketOG,OG_AdxDiCrossBracketOG,OG,NQ,NQ JUN26,LONG,1,25598.75,25558.75,-804.36,-808.72,-161.7,LOSS,STOP_HIT,25550.75,960.00,2026-05-07 09:21:29
2026-02-17,2026-02-17 11:10:00,2026-02-17 11:10:00,OG,Backtest,AdxDiCrossBracketOG,OG_AdxDiCrossBracketOG,OG,NQ,NQ JUN26,LONG,1,24862.00,24927.25,1300.64,1296.28,259.3,WIN,TARGET_HIT,24793.75,1365.00,2026-05-07 09:21:29
2026-04-02,2026-04-02 10:45:00,2026-04-02 10:45:00,OG,Backtest,AdxDiCrossBracketOG,OG_AdxDiCrossBracketOG,OG,NQ,NQ JUN26,LONG,1,24211.00,24133.25,-1559.36,-1563.72,-312.7,LOSS,STOP_HIT,24134.50,1530.00,2026-05-07 09:21:29
2026-02-11,2026-02-11 11:05:00,2026-02-11 11:10:00,OG,Backtest,AdxDiCrossBracketOG,OG_AdxDiCrossBracketOG,OG,NQ,NQ JUN26,LONG,1,25454.25,25417.50,-739.36,-743.72,-148.7,LOSS,STOP_HIT,25393.00,1225.00,2026-05-07 09:21:29
2026-03-06,2026-03-06 11:10:00,2026-03-06 11:15:00,OG,Backtest,AdxDiCrossBracketOG,OG_AdxDiCrossBracketOG,OG,NQ,NQ JUN26,LONG,1,25102.25,25058.25,-884.36,-888.72,-177.7,LOSS,STOP_HIT,25038.75,1270.00,2026-05-07 09:21:29
2026-02-24,2026-02-24 10:10:00,2026-02-24 10:10:00,OG,Backtest,AdxDiCrossBracketOG,OG_AdxDiCrossBracketOG,OG,NQ,NQ JUN26,SHORT,1,25048.00,25093.50,-914.36,-918.72,-183.7,LOSS,STOP_HIT,25092.25,885.00,2026-05-07 09:21:29
2026-02-11,2026-02-11 10:20:00,2026-02-11 10:20:00,OG,Backtest,AdxDiCrossBracketOG,OG_AdxDiCrossBracketOG,OG,NQ,NQ JUN26,SHORT,1,25395.25,25345.50,990.64,986.28,197.3,WIN,TARGET_HIT,25448.50,1065.00,2026-05-07 09:21:29
2026-02-11,2026-02-11 11:05:00,2026-02-11 11:10:00,OG,Backtest,AdxDiCrossBracketOG,OG_AdxDiCrossBracketOG,OG,NQ,NQ JUN26,LONG,1,25454.25,25417.50,-739.36,-743.72,-148.7,LOSS,STOP_HIT,25393.00,1225.00,2026-05-07 09:21:29
2026-03-09,2026-03-09 10:45:00,2026-03-09 10:50:00,OG,Backtest,AdxDiCrossBracketOG,OG_AdxDiCrossBracketOG,OG,NQ,NQ JUN26,LONG,1,24692.75,24762.25,1385.64,1381.28,276.3,WIN,TARGET_HIT,24622.25,1410.00,2026-05-07 09:21:29
2026-02-11,2026-02-11 11:05:00,2026-02-11 11:10:00,OG,Backtest,AdxDiCrossBracketOG,OG_AdxDiCrossBracketOG,OG,NQ,NQ JUN26,LONG,1,25454.25,25417.50,-739.36,-743.72,-148.7,LOSS,STOP_HIT,25393.00,1225.00,2026-05-07 09:21:29
2026-02-11,2026-02-11 11:20:00,2026-02-11 11:25:00,OG,Backtest,AdxDiCrossBracketOG,OG_AdxDiCrossBracketOG,OG,NQ,NQ JUN26,LONG,1,25468.75,25457.00,-239.36,-243.72,-48.7,LOSS,STOP_HIT,25406.75,1240.00,2026-05-07 09:21:29
2026-02-11,2026-02-11 11:20:00,2026-02-11 11:25:00,OG,Backtest,AdxDiCrossBracketOG,OG_AdxDiCrossBracketOG,OG,NQ,NQ JUN26,LONG,1,25468.75,25457.00,-239.36,-243.72,-48.7,LOSS,STOP_HIT,25406.75,1240.00,2026-05-07 09:21:29
2026-01-20,2026-01-20 11:10:00,2026-01-20 11:15:00,OG,Backtest,AdxDiCrossBracketOG,OG_AdxDiCrossBracketOG,OG,NQ,NQ JUN26,LONG,1,25588.25,25600.25,235.64,231.28,46.3,WIN,STOP_HIT,25540.75,950.00,2026-05-07 09:21:29
2026-02-24,2026-02-24 10:10:00,2026-02-24 10:10:00,OG,Backtest,AdxDiCrossBracketOG,OG_AdxDiCrossBracketOG,OG,NQ,NQ JUN26,SHORT,1,25048.00,25093.50,-914.36,-918.72,-183.7,LOSS,STOP_HIT,25092.25,885.00,2026-05-07 09:21:29
2026-03-27,2026-03-27 11:40:00,2026-03-27 11:45:00,OG,Backtest,AdxDiCrossBracketOG,OG_AdxDiCrossBracketOG,OG,NQ,NQ JUN26,LONG,1,23597.75,23540.25,-1154.36,-1158.72,-231.7,LOSS,STOP_HIT,23541.50,1125.00,2026-05-07 09:21:29
2026-02-03,2026-02-03 09:50:00,2026-02-03 09:50:00,OG,Backtest,AdxDiCrossBracketOG,OG_AdxDiCrossBracketOG,OG,NQ,NQ JUN26,SHORT,1,25960.00,25999.25,-789.36,-793.72,-158.7,LOSS,STOP_HIT,25998.00,760.00,2026-05-07 09:21:29
2026-04-02,2026-04-02 10:45:00,2026-04-02 10:45:00,OG,Backtest,AdxDiCrossBracketOG,OG_AdxDiCrossBracketOG,OG,NQ,NQ JUN26,LONG,1,24211.00,24133.25,-1559.36,-1563.72,-312.7,LOSS,STOP_HIT,24134.50,1530.00,2026-05-07 09:21:29
2026-02-24,2026-02-24 10:15:00,2026-02-24 10:15:00,OG,Backtest,AdxDiCrossBracketOG,OG_AdxDiCrossBracketOG,OG,NQ,NQ JUN26,LONG,1,25110.00,25063.00,-944.36,-948.72,-189.7,LOSS,STOP_HIT,25064.25,915.00,2026-05-07 09:21:29
2026-02-11,2026-02-11 10:20:00,2026-02-11 10:20:00,OG,Backtest,AdxDiCrossBracketOG,OG_AdxDiCrossBracketOG,OG,NQ,NQ JUN26,SHORT,1,25395.25,25345.50,990.64,986.28,197.3,WIN,TARGET_HIT,25448.50,1065.00,2026-05-07 09:21:29
2026-03-25,2026-03-25 11:20:00,2026-03-25 11:20:00,OG,Backtest,AdxDiCrossBracketOG,OG_AdxDiCrossBracketOG,OG,NQ,NQ JUN26,SHORT,1,24385.25,24336.50,970.64,966.28,193.3,WIN,TARGET_HIT,24438.00,1055.00,2026-05-07 09:21:29
2026-03-02,2026-03-02 11:15:00,2026-03-02 11:20:00,OG,Backtest,AdxDiCrossBracketOG,OG_AdxDiCrossBracketOG,OG,NQ,NQ JUN26,LONG,1,25187.75,25180.00,-159.36,-163.72,-32.7,LOSS,STOP_HIT,25129.50,1165.00,2026-05-07 09:21:29
2026-03-27,2026-03-27 11:40:00,2026-03-27 11:45:00,OG,Backtest,AdxDiCrossBracketOG,OG_AdxDiCrossBracketOG,OG,NQ,NQ JUN26,LONG,1,23597.75,23540.25,-1154.36,-1158.72,-231.7,LOSS,STOP_HIT,23541.50,1125.00,2026-05-07 09:21:29
2026-02-24,2026-02-24 10:15:00,2026-02-24 10:15:00,OG,Backtest,AdxDiCrossBracketOG,OG_AdxDiCrossBracketOG,OG,NQ,NQ JUN26,LONG,1,25110.00,25063.00,-944.36,-948.72,-189.7,LOSS,STOP_HIT,25064.25,915.00,2026-05-07 09:21:29
2026-03-24,2026-03-24 11:00:00,2026-03-24 11:00:00,OG,Backtest,AdxDiCrossBracketOG,OG_AdxDiCrossBracketOG,OG,NQ,NQ JUN26,LONG,1,24282.25,24217.00,-1309.36,-1313.72,-262.7,LOSS,STOP_HIT,24218.25,1280.00,2026-05-07 09:21:29
2026-03-25,2026-03-25 11:20:00,2026-03-25 11:20:00,OG,Backtest,AdxDiCrossBracketOG,OG_AdxDiCrossBracketOG,OG,NQ,NQ JUN26,SHORT,1,24385.25,24336.50,970.64,966.28,193.3,WIN,TARGET_HIT,24438.00,1055.00,2026-05-07 09:21:29
2026-01-20,2026-01-20 11:10:00,2026-01-20 11:15:00,OG,Backtest,AdxDiCrossBracketOG,OG_AdxDiCrossBracketOG,OG,NQ,NQ JUN26,LONG,1,25588.25,25600.25,235.64,231.28,46.3,WIN,STOP_HIT,25540.75,950.00,2026-05-07 09:21:29
2026-01-07,2026-01-07 09:50:00,2026-01-07 09:50:00,OG,Backtest,AdxDiCrossBracketOG,OG_AdxDiCrossBracketOG,OG,NQ,NQ JUN26,LONG,1,26064.50,26079.75,300.64,296.28,59.3,WIN,TARGET_HIT,26047.25,345.00,2026-05-07 09:21:29
2026-01-21,2026-01-21 11:45:00,2026-01-21 11:45:00,OG,Backtest,AdxDiCrossBracketOG,OG_AdxDiCrossBracketOG,OG,NQ,NQ JUN26,SHORT,1,25543.00,25505.75,740.64,736.28,147.3,WIN,TARGET_HIT,25582.25,785.00,2026-05-07 09:21:29
2026-03-27,2026-03-27 11:40:00,2026-03-27 11:45:00,OG,Backtest,AdxDiCrossBracketOG,OG_AdxDiCrossBracketOG,OG,NQ,NQ JUN26,LONG,1,23597.75,23540.25,-1154.36,-1158.72,-231.7,LOSS,STOP_HIT,23541.50,1125.00,2026-05-07 09:21:29
2026-01-09,2026-01-09 10:10:00,2026-01-09 10:10:00,OG,Backtest,AdxDiCrossBracketOG,OG_AdxDiCrossBracketOG,OG,NQ,NQ JUN26,LONG,1,25922.50,25881.00,-834.36,-838.72,-167.7,LOSS,STOP_HIT,25882.25,805.00,2026-05-07 09:21:29
2026-03-06,2026-03-06 11:10:00,2026-03-06 11:15:00,OG,Backtest,AdxDiCrossBracketOG,OG_AdxDiCrossBracketOG,OG,NQ,NQ JUN26,LONG,1,25102.25,25058.25,-884.36,-888.72,-177.7,LOSS,STOP_HIT,25038.75,1270.00,2026-05-07 09:21:29
2026-03-13,2026-03-13 10:50:00,2026-03-13 10:50:00,OG,Backtest,AdxDiCrossBracketOG,OG_AdxDiCrossBracketOG,OG,NQ,NQ JUN26,SHORT,1,24804.25,24755.00,980.64,976.28,195.3,WIN,TARGET_HIT,24853.50,985.00,2026-05-07 09:21:29
2026-01-09,2026-01-09 09:45:00,2026-01-09 09:50:00,OG,Backtest,AdxDiCrossBracketOG,OG_AdxDiCrossBracketOG,OG,NQ,NQ JUN26,LONG,1,25965.75,25936.75,-584.36,-588.72,-117.7,LOSS,STOP_HIT,25938.00,555.00,2026-05-07 09:21:29
2026-01-09,2026-01-09 10:10:00,2026-01-09 10:10:00,OG,Backtest,AdxDiCrossBracketOG,OG_AdxDiCrossBracketOG,OG,NQ,NQ JUN26,LONG,1,25922.50,25881.00,-834.36,-838.72,-167.7,LOSS,STOP_HIT,25882.25,805.00,2026-05-07 09:21:29
2026-03-19,2026-03-19 11:15:00,2026-03-19 11:25:00,OG,Backtest,AdxDiCrossBracketOG,OG_AdxDiCrossBracketOG,OG,NQ,NQ JUN26,LONG,1,24531.00,24485.50,-914.36,-918.72,-183.7,LOSS,STOP_HIT,24473.00,1160.00,2026-05-07 09:21:29
2026-03-02,2026-03-02 11:15:00,2026-03-02 11:20:00,OG,Backtest,AdxDiCrossBracketOG,OG_AdxDiCrossBracketOG,OG,NQ,NQ JUN26,LONG,1,25187.75,25180.00,-159.36,-163.72,-32.7,LOSS,STOP_HIT,25129.50,1165.00,2026-05-07 09:21:29
2026-01-30,2026-01-30 11:00:00,2026-01-30 11:10:00,OG,Backtest,AdxDiCrossBracketOG,OG_AdxDiCrossBracketOG,OG,NQ,NQ JUN26,SHORT,1,26071.50,26048.25,460.64,456.28,91.3,WIN,STOP_HIT,26129.00,1150.00,2026-05-07 09:21:29
2026-04-06,2026-04-06 11:05:00,2026-04-06 11:25:00,OG,Backtest,AdxDiCrossBracketOG,OG_AdxDiCrossBracketOG,OG,NQ,NQ JUN26,LONG,1,24307.50,24293.75,-279.36,-283.72,-56.7,LOSS,STOP_HIT,24255.50,1040.00,2026-05-07 09:21:29
2026-01-30,2026-01-30 10:55:00,2026-01-30 10:55:00,OG,Backtest,AdxDiCrossBracketOG,OG_AdxDiCrossBracketOG,OG,NQ,NQ JUN26,LONG,1,26118.00,26058.75,-1189.36,-1193.72,-238.7,LOSS,STOP_HIT,26060.00,1160.00,2026-05-07 09:21:29
2026-04-06,2026-04-06 11:05:00,2026-04-06 11:25:00,OG,Backtest,AdxDiCrossBracketOG,OG_AdxDiCrossBracketOG,OG,NQ,NQ JUN26,LONG,1,24307.50,24293.75,-279.36,-283.72,-56.7,LOSS,STOP_HIT,24255.50,1040.00,2026-05-07 09:21:29
2026-01-09,2026-01-09 10:30:00,2026-01-09 10:30:00,OG,Backtest,AdxDiCrossBracketOG,OG_AdxDiCrossBracketOG,OG,NQ,NQ JUN26,LONG,1,26010.00,26057.25,940.64,936.28,187.3,WIN,TARGET_HIT,25959.75,1005.00,2026-05-07 09:21:29
2026-03-06,2026-03-06 11:10:00,2026-03-06 11:15:00,OG,Backtest,AdxDiCrossBracketOG,OG_AdxDiCrossBracketOG,OG,NQ,NQ JUN26,LONG,1,25102.25,25058.25,-884.36,-888.72,-177.7,LOSS,STOP_HIT,25038.75,1270.00,2026-05-07 09:21:29
2026-03-03,2026-03-03 11:25:00,2026-03-03 11:40:00,OG,Backtest,AdxDiCrossBracketOG,OG_AdxDiCrossBracketOG,OG,NQ,NQ JUN26,LONG,1,24795.25,24816.50,420.64,416.28,83.3,WIN,STOP_HIT,24724.00,1425.00,2026-05-07 09:21:29
2026-04-02,2026-04-02 10:45:00,2026-04-02 10:45:00,OG,Backtest,AdxDiCrossBracketOG,OG_AdxDiCrossBracketOG,OG,NQ,NQ JUN26,LONG,1,24211.00,24133.25,-1559.36,-1563.72,-312.7,LOSS,STOP_HIT,24134.50,1530.00,2026-05-07 09:21:29
2026-04-06,2026-04-06 10:55:00,2026-04-06 11:00:00,OG,Backtest,AdxDiCrossBracketOG,OG_AdxDiCrossBracketOG,OG,NQ,NQ JUN26,SHORT,1,24269.25,24322.25,-1064.36,-1068.72,-213.7,LOSS,STOP_HIT,24321.00,1035.00,2026-05-07 09:21:29
2026-03-13,2026-03-13 10:50:00,2026-03-13 10:50:00,OG,Backtest,AdxDiCrossBracketOG,OG_AdxDiCrossBracketOG,OG,NQ,NQ JUN26,SHORT,1,24804.25,24755.00,980.64,976.28,195.3,WIN,TARGET_HIT,24853.50,985.00,2026-05-07 09:21:29
2026-04-06,2026-04-06 10:55:00,2026-04-06 11:00:00,OG,Backtest,AdxDiCrossBracketOG,OG_AdxDiCrossBracketOG,OG,NQ,NQ JUN26,SHORT,1,24269.25,24322.25,-1064.36,-1068.72,-213.7,LOSS,STOP_HIT,24321.00,1035.00,2026-05-07 09:21:29
2026-03-27,2026-03-27 11:40:00,2026-03-27 11:45:00,OG,Backtest,AdxDiCrossBracketOG,OG_AdxDiCrossBracketOG,OG,NQ,NQ JUN26,LONG,1,23597.75,23540.25,-1154.36,-1158.72,-231.7,LOSS,STOP_HIT,23541.50,1125.00,2026-05-07 09:21:29
2026-01-28,2026-01-28 10:55:00,2026-01-28 11:20:00,OG,Backtest,AdxDiCrossBracketOG,OG_AdxDiCrossBracketOG,OG,NQ,NQ JUN26,SHORT,1,26394.50,26393.75,10.64,6.28,1.3,WIN,STOP_HIT,26429.00,690.00,2026-05-07 09:21:29
2026-01-23,2026-01-23 10:10:00,2026-01-23 10:15:00,OG,Backtest,AdxDiCrossBracketOG,OG_AdxDiCrossBracketOG,OG,NQ,NQ JUN26,LONG,1,25921.75,25885.00,-739.36,-743.72,-148.7,LOSS,STOP_HIT,25885.50,725.00,2026-05-07 09:21:29
2026-04-07,2026-04-07 11:40:00,2026-04-07 12:00:00,OG,Backtest,AdxDiCrossBracketOG,OG_AdxDiCrossBracketOG,OG,NQ,NQ JUN26,LONG,1,24072.25,24117.50,900.64,896.28,179.3,WIN,TARGET_HIT,24025.00,945.00,2026-05-07 09:21:29
2026-01-28,2026-01-28 10:55:00,2026-01-28 11:20:00,OG,Backtest,AdxDiCrossBracketOG,OG_AdxDiCrossBracketOG,OG,NQ,NQ JUN26,SHORT,1,26394.50,26393.75,10.64,6.28,1.3,WIN,STOP_HIT,26429.00,690.00,2026-05-07 09:21:29
2026-03-09,2026-03-09 10:45:00,2026-03-09 10:50:00,OG,Backtest,AdxDiCrossBracketOG,OG_AdxDiCrossBracketOG,OG,NQ,NQ JUN26,LONG,1,24692.75,24762.25,1385.64,1381.28,276.3,WIN,TARGET_HIT,24622.25,1410.00,2026-05-07 09:21:29
2026-02-13,2026-02-13 10:35:00,2026-02-13 10:35:00,OG,Backtest,AdxDiCrossBracketOG,OG_AdxDiCrossBracketOG,OG,NQ,NQ JUN26,LONG,1,25058.75,25127.00,1360.64,1356.28,271.3,WIN,TARGET_HIT,24987.50,1425.00,2026-05-07 09:21:29
2026-02-13,2026-02-13 10:35:00,2026-02-13 10:35:00,OG,Backtest,AdxDiCrossBracketOG,OG_AdxDiCrossBracketOG,OG,NQ,NQ JUN26,LONG,1,25058.75,25127.00,1360.64,1356.28,271.3,WIN,TARGET_HIT,24987.50,1425.00,2026-05-07 09:21:29
2026-03-25,2026-03-25 11:20:00,2026-03-25 11:20:00,OG,Backtest,AdxDiCrossBracketOG,OG_AdxDiCrossBracketOG,OG,NQ,NQ JUN26,SHORT,1,24385.25,24336.50,970.64,966.28,193.3,WIN,TARGET_HIT,24438.00,1055.00,2026-05-07 09:21:29
2026-01-12,2026-01-12 11:25:00,2026-01-12 11:35:00,OG,Backtest,AdxDiCrossBracketOG,OG_AdxDiCrossBracketOG,OG,NQ,NQ JUN26,LONG,1,26159.50,26149.25,-209.36,-213.72,-42.7,LOSS,STOP_HIT,26131.75,555.00,2026-05-07 09:21:29
2026-02-05,2026-02-05 11:40:00,2026-02-05 11:50:00,OG,Backtest,AdxDiCrossBracketOG,OG_AdxDiCrossBracketOG,OG,NQ,NQ JUN26,LONG,1,25026.25,24991.50,-699.36,-703.72,-140.7,LOSS,STOP_HIT,24938.00,1765.00,2026-05-07 09:21:29
2026-03-19,2026-03-19 11:15:00,2026-03-19 11:25:00,OG,Backtest,AdxDiCrossBracketOG,OG_AdxDiCrossBracketOG,OG,NQ,NQ JUN26,LONG,1,24531.00,24485.50,-914.36,-918.72,-183.7,LOSS,STOP_HIT,24473.00,1160.00,2026-05-07 09:21:29
2026-01-07,2026-01-07 10:10:00,2026-01-07 10:10:00,OG,Backtest,AdxDiCrossBracketOG,OG_AdxDiCrossBracketOG,OG,NQ,NQ JUN26,SHORT,1,26050.00,26073.50,-474.36,-478.72,-95.7,LOSS,STOP_HIT,26072.25,445.00,2026-05-07 09:21:29
2026-03-03,2026-03-03 11:25:00,2026-03-03 11:40:00,OG,Backtest,AdxDiCrossBracketOG,OG_AdxDiCrossBracketOG,OG,NQ,NQ JUN26,LONG,1,24795.25,24816.50,420.64,416.28,83.3,WIN,STOP_HIT,24724.00,1425.00,2026-05-07 09:21:29
2026-01-09,2026-01-09 09:45:00,2026-01-09 09:50:00,OG,Backtest,AdxDiCrossBracketOG,OG_AdxDiCrossBracketOG,OG,NQ,NQ JUN26,LONG,1,25965.75,25936.75,-584.36,-588.72,-117.7,LOSS,STOP_HIT,25938.00,555.00,2026-05-07 09:21:29
2026-03-06,2026-03-06 11:10:00,2026-03-06 11:15:00,OG,Backtest,AdxDiCrossBracketOG,OG_AdxDiCrossBracketOG,OG,NQ,NQ JUN26,LONG,1,25102.25,25058.25,-884.36,-888.72,-177.7,LOSS,STOP_HIT,25038.75,1270.00,2026-05-07 09:21:29
2026-02-11,2026-02-11 10:20:00,2026-02-11 10:20:00,OG,Backtest,AdxDiCrossBracketOG,OG_AdxDiCrossBracketOG,OG,NQ,NQ JUN26,SHORT,1,25395.25,25345.50,990.64,986.28,197.3,WIN,TARGET_HIT,25448.50,1065.00,2026-05-07 09:21:29
2026-02-11,2026-02-11 11:20:00,2026-02-11 11:25:00,OG,Backtest,AdxDiCrossBracketOG,OG_AdxDiCrossBracketOG,OG,NQ,NQ JUN26,LONG,1,25468.75,25457.00,-239.36,-243.72,-48.7,LOSS,STOP_HIT,25406.75,1240.00,2026-05-07 09:21:29
2026-04-07,2026-04-07 11:40:00,2026-04-07 12:00:00,OG,Backtest,AdxDiCrossBracketOG,OG_AdxDiCrossBracketOG,OG,NQ,NQ JUN26,LONG,1,24072.25,24117.50,900.64,896.28,179.3,WIN,TARGET_HIT,24025.00,945.00,2026-05-07 09:21:29
2026-04-07,2026-04-07 11:40:00,2026-04-07 12:00:00,OG,Backtest,AdxDiCrossBracketOG,OG_AdxDiCrossBracketOG,OG,NQ,NQ JUN26,LONG,1,24072.25,24117.50,900.64,896.28,179.3,WIN,TARGET_HIT,24025.00,945.00,2026-05-07 09:21:29
2026-03-06,2026-03-06 11:10:00,2026-03-06 11:15:00,OG,Backtest,AdxDiCrossBracketOG,OG_AdxDiCrossBracketOG,OG,NQ,NQ JUN26,LONG,1,25102.25,25058.25,-884.36,-888.72,-177.7,LOSS,STOP_HIT,25038.75,1270.00,2026-05-07 09:21:29
2026-02-17,2026-02-17 11:10:00,2026-02-17 11:10:00,OG,Backtest,AdxDiCrossBracketOG,OG_AdxDiCrossBracketOG,OG,NQ,NQ JUN26,LONG,1,24862.00,24927.25,1300.64,1296.28,259.3,WIN,TARGET_HIT,24793.75,1365.00,2026-05-07 09:21:29
2026-01-09,2026-01-09 09:55:00,2026-01-09 09:55:00,OG,Backtest,AdxDiCrossBracketOG,OG_AdxDiCrossBracketOG,OG,NQ,NQ JUN26,SHORT,1,25912.50,25949.00,-734.36,-738.72,-147.7,LOSS,STOP_HIT,25947.75,705.00,2026-05-07 09:21:29
2026-03-12,2026-03-12 11:50:00,2026-03-12 11:50:00,OG,Backtest,AdxDiCrossBracketOG,OG_AdxDiCrossBracketOG,OG,NQ,NQ JUN26,LONG,1,24898.75,24843.25,-1114.36,-1118.72,-223.7,LOSS,STOP_HIT,24844.50,1085.00,2026-05-07 09:21:29
2026-01-09,2026-01-09 10:10:00,2026-01-09 10:10:00,OG,Backtest,AdxDiCrossBracketOG,OG_AdxDiCrossBracketOG,OG,NQ,NQ JUN26,LONG,1,25922.50,25881.00,-834.36,-838.72,-167.7,LOSS,STOP_HIT,25882.25,805.00,2026-05-07 09:21:29
2026-03-19,2026-03-19 11:15:00,2026-03-19 11:25:00,OG,Backtest,AdxDiCrossBracketOG,OG_AdxDiCrossBracketOG,OG,NQ,NQ JUN26,LONG,1,24531.00,24485.50,-914.36,-918.72,-183.7,LOSS,STOP_HIT,24473.00,1160.00,2026-05-07 09:21:29
2026-04-07,2026-04-07 11:40:00,2026-04-07 12:00:00,OG,Backtest,AdxDiCrossBracketOG,OG_AdxDiCrossBracketOG,OG,NQ,NQ JUN26,LONG,1,24072.25,24117.50,900.64,896.28,179.3,WIN,TARGET_HIT,24025.00,945.00,2026-05-07 09:21:29
2026-03-20,2026-03-20 11:30:00,2026-03-20 12:05:00,OG,Backtest,AdxDiCrossBracketOG,OG_AdxDiCrossBracketOG,OG,NQ,NQ JUN26,LONG,1,24275.00,24327.75,1050.64,1046.28,209.3,WIN,TARGET_HIT,24219.75,1105.00,2026-05-07 09:21:29
2026-01-20,2026-01-20 11:10:00,2026-01-20 11:15:00,OG,Backtest,AdxDiCrossBracketOG,OG_AdxDiCrossBracketOG,OG,NQ,NQ JUN26,LONG,1,25588.25,25600.25,235.64,231.28,46.3,WIN,STOP_HIT,25540.75,950.00,2026-05-07 09:21:29
2026-03-20,2026-03-20 11:30:00,2026-03-20 12:05:00,OG,Backtest,AdxDiCrossBracketOG,OG_AdxDiCrossBracketOG,OG,NQ,NQ JUN26,LONG,1,24275.00,24327.75,1050.64,1046.28,209.3,WIN,TARGET_HIT,24219.75,1105.00,2026-05-07 09:21:29
2026-01-23,2026-01-23 10:10:00,2026-01-23 10:15:00,OG,Backtest,AdxDiCrossBracketOG,OG_AdxDiCrossBracketOG,OG,NQ,NQ JUN26,LONG,1,25921.75,25885.00,-739.36,-743.72,-148.7,LOSS,STOP_HIT,25885.50,725.00,2026-05-07 09:21:29
2026-01-07,2026-01-07 09:50:00,2026-01-07 09:50:00,OG,Backtest,AdxDiCrossBracketOG,OG_AdxDiCrossBracketOG,OG,NQ,NQ JUN26,LONG,1,26064.50,26079.75,300.64,296.28,59.3,WIN,TARGET_HIT,26047.25,345.00,2026-05-07 09:21:29
2026-01-09,2026-01-09 10:15:00,2026-01-09 10:15:00,OG,Backtest,AdxDiCrossBracketOG,OG_AdxDiCrossBracketOG,OG,NQ,NQ JUN26,SHORT,1,25849.75,25897.00,-949.36,-953.72,-190.7,LOSS,STOP_HIT,25895.75,920.00,2026-05-07 09:21:29
2026-03-09,2026-03-09 10:45:00,2026-03-09 10:50:00,OG,Backtest,AdxDiCrossBracketOG,OG_AdxDiCrossBracketOG,OG,NQ,NQ JUN26,LONG,1,24692.75,24762.25,1385.64,1381.28,276.3,WIN,TARGET_HIT,24622.25,1410.00,2026-05-07 09:21:29
2026-01-28,2026-01-28 11:20:00,2026-01-28 11:25:00,OG,Backtest,AdxDiCrossBracketOG,OG_AdxDiCrossBracketOG,OG,NQ,NQ JUN26,LONG,1,26393.75,26378.25,-314.36,-318.72,-63.7,LOSS,STOP_HIT,26363.25,610.00,2026-05-07 09:21:29
2026-01-30,2026-01-30 11:00:00,2026-01-30 11:10:00,OG,Backtest,AdxDiCrossBracketOG,OG_AdxDiCrossBracketOG,OG,NQ,NQ JUN26,SHORT,1,26071.50,26048.25,460.64,456.28,91.3,WIN,STOP_HIT,26129.00,1150.00,2026-05-07 09:21:29
2026-01-06,2026-01-06 11:00:00,2026-01-06 11:05:00,OG,Backtest,AdxDiCrossBracketOG,OG_AdxDiCrossBracketOG,OG,NQ,NQ JUN26,SHORT,1,25908.50,25880.75,550.64,546.28,109.3,WIN,TARGET_HIT,25938.25,595.00,2026-05-07 09:21:29
2026-01-16,2026-01-16 11:30:00,2026-01-16 11:35:00,OG,Backtest,AdxDiCrossBracketOG,OG_AdxDiCrossBracketOG,OG,NQ,NQ JUN26,LONG,1,25912.25,25924.50,240.64,236.28,47.3,WIN,STOP_HIT,25874.75,750.00,2026-05-07 09:21:29
2026-01-20,2026-01-20 10:50:00,2026-01-20 10:55:00,OG,Backtest,AdxDiCrossBracketOG,OG_AdxDiCrossBracketOG,OG,NQ,NQ JUN26,LONG,1,25598.75,25558.75,-804.36,-808.72,-161.7,LOSS,STOP_HIT,25550.75,960.00,2026-05-07 09:21:29
2026-01-06,2026-01-06 11:00:00,2026-01-06 11:05:00,OG,Backtest,AdxDiCrossBracketOG,OG_AdxDiCrossBracketOG,OG,NQ,NQ JUN26,SHORT,1,25908.50,25880.75,550.64,546.28,109.3,WIN,TARGET_HIT,25938.25,595.00,2026-05-07 09:21:29
2026-01-21,2026-01-21 11:45:00,2026-01-21 11:45:00,OG,Backtest,AdxDiCrossBracketOG,OG_AdxDiCrossBracketOG,OG,NQ,NQ JUN26,SHORT,1,25543.00,25505.75,740.64,736.28,147.3,WIN,TARGET_HIT,25582.25,785.00,2026-05-07 09:21:29
2026-01-09,2026-01-09 09:45:00,2026-01-09 09:50:00,OG,Backtest,AdxDiCrossBracketOG,OG_AdxDiCrossBracketOG,OG,NQ,NQ JUN26,LONG,1,25965.75,25936.75,-584.36,-588.72,-117.7,LOSS,STOP_HIT,25938.00,555.00,2026-05-07 09:21:29
2026-01-09,2026-01-09 10:30:00,2026-01-09 10:30:00,OG,Backtest,AdxDiCrossBracketOG,OG_AdxDiCrossBracketOG,OG,NQ,NQ JUN26,LONG,1,26010.00,26057.25,940.64,936.28,187.3,WIN,TARGET_HIT,25959.75,1005.00,2026-05-07 09:21:29
2026-01-07,2026-01-07 10:10:00,2026-01-07 10:10:00,OG,Backtest,AdxDiCrossBracketOG,OG_AdxDiCrossBracketOG,OG,NQ,NQ JUN26,SHORT,1,26050.00,26073.50,-474.36,-478.72,-95.7,LOSS,STOP_HIT,26072.25,445.00,2026-05-07 09:21:29
2026-01-12,2026-01-12 11:25:00,2026-01-12 11:35:00,OG,Backtest,AdxDiCrossBracketOG,OG_AdxDiCrossBracketOG,OG,NQ,NQ JUN26,LONG,1,26159.50,26149.25,-209.36,-213.72,-42.7,LOSS,STOP_HIT,26131.75,555.00,2026-05-07 09:21:29
2026-02-11,2026-02-11 10:20:00,2026-02-11 10:20:00,OG,Backtest,AdxDiCrossBracketOG,OG_AdxDiCrossBracketOG,OG,NQ,NQ JUN26,SHORT,1,25395.25,25345.50,990.64,986.28,197.3,WIN,TARGET_HIT,25448.50,1065.00,2026-05-07 09:21:29
2026-02-03,2026-02-03 09:50:00,2026-02-03 09:50:00,OG,Backtest,AdxDiCrossBracketOG,OG_AdxDiCrossBracketOG,OG,NQ,NQ JUN26,SHORT,1,25960.00,25999.25,-789.36,-793.72,-158.7,LOSS,STOP_HIT,25998.00,760.00,2026-05-07 09:21:29
2026-01-16,2026-01-16 11:30:00,2026-01-16 11:35:00,OG,Backtest,AdxDiCrossBracketOG,OG_AdxDiCrossBracketOG,OG,NQ,NQ JUN26,LONG,1,25912.25,25924.50,240.64,236.28,47.3,WIN,STOP_HIT,25874.75,750.00,2026-05-07 09:21:29
2026-04-06,2026-04-06 10:55:00,2026-04-06 11:00:00,OG,Backtest,AdxDiCrossBracketOG,OG_AdxDiCrossBracketOG,OG,NQ,NQ JUN26,SHORT,1,24269.25,24322.25,-1064.36,-1068.72,-213.7,LOSS,STOP_HIT,24321.00,1035.00,2026-05-07 09:21:29
2026-02-11,2026-02-11 10:20:00,2026-02-11 10:20:00,OG,Backtest,AdxDiCrossBracketOG,OG_AdxDiCrossBracketOG,OG,NQ,NQ JUN26,SHORT,1,25395.25,25345.50,990.64,986.28,197.3,WIN,TARGET_HIT,25448.50,1065.00,2026-05-07 09:21:29
2026-02-03,2026-02-03 09:50:00,2026-02-03 09:50:00,OG,Backtest,AdxDiCrossBracketOG,OG_AdxDiCrossBracketOG,OG,NQ,NQ JUN26,SHORT,1,25960.00,25999.25,-789.36,-793.72,-158.7,LOSS,STOP_HIT,25998.00,760.00,2026-05-07 09:21:29
2026-04-06,2026-04-06 11:05:00,2026-04-06 11:35:00,OG,Backtest,AdxDiCrossBracketOG,OG_AdxDiCrossBracketOG,OG,NQ,NQ JUN26,LONG,1,24307.50,24280.00,-554.36,-558.72,-111.7,LOSS,STOP_HIT,24255.50,1040.00,2026-05-07 09:21:29
2026-02-13,2026-02-13 10:35:00,2026-02-13 10:35:00,OG,Backtest,AdxDiCrossBracketOG,OG_AdxDiCrossBracketOG,OG,NQ,NQ JUN26,LONG,1,25058.75,25127.00,1360.64,1356.28,271.3,WIN,TARGET_HIT,24987.50,1425.00,2026-05-07 09:21:29
2026-03-17,2026-03-17 11:15:00,2026-03-17 11:20:00,OG,Backtest,AdxDiCrossBracketOG,OG_AdxDiCrossBracketOG,OG,NQ,NQ JUN26,SHORT,1,25019.75,25057.00,-749.36,-753.72,-150.7,LOSS,STOP_HIT,25056.25,730.00,2026-05-07 09:21:29
2026-02-10,2026-02-10 09:45:00,2026-02-10 09:45:00,OG,Backtest,AdxDiCrossBracketOG,OG_AdxDiCrossBracketOG,OG,NQ,NQ JUN26,SHORT,1,25534.50,25512.25,440.64,436.28,87.3,WIN,TARGET_HIT,25559.75,505.00,2026-05-07 09:21:29
2026-01-21,2026-01-21 11:45:00,2026-01-21 11:45:00,OG,Backtest,AdxDiCrossBracketOG,OG_AdxDiCrossBracketOG,OG,NQ,NQ JUN26,SHORT,1,25543.00,25505.75,740.64,736.28,147.3,WIN,TARGET_HIT,25582.25,785.00,2026-05-07 09:21:29
2026-01-13,2026-01-13 10:10:00,2026-01-13 10:15:00,OG,Backtest,AdxDiCrossBracketOG,OG_AdxDiCrossBracketOG,OG,NQ,NQ JUN26,SHORT,1,26137.25,26108.00,580.64,576.28,115.3,WIN,TARGET_HIT,26168.00,615.00,2026-05-07 09:21:30
2026-01-20,2026-01-20 11:10:00,2026-01-20 11:15:00,OG,Backtest,AdxDiCrossBracketOG,OG_AdxDiCrossBracketOG,OG,NQ,NQ JUN26,LONG,1,25588.25,25600.25,235.64,231.28,46.3,WIN,STOP_HIT,25540.75,950.00,2026-05-07 09:21:30
2026-01-28,2026-01-28 10:55:00,2026-01-28 11:05:00,OG,Backtest,AdxDiCrossBracketOG,OG_AdxDiCrossBracketOG,OG,NQ,NQ JUN26,SHORT,1,26394.50,26393.50,15.64,11.28,2.3,WIN,STOP_HIT,26429.00,690.00,2026-05-07 09:21:30
2026-01-21,2026-01-21 11:45:00,2026-01-21 11:45:00,OG,Backtest,AdxDiCrossBracketOG,OG_AdxDiCrossBracketOG,OG,NQ,NQ JUN26,SHORT,1,25543.00,25505.75,740.64,736.28,147.3,WIN,TARGET_HIT,25582.25,785.00,2026-05-07 09:21:30
2026-02-03,2026-02-03 09:50:00,2026-02-03 09:50:00,OG,Backtest,AdxDiCrossBracketOG,OG_AdxDiCrossBracketOG,OG,NQ,NQ JUN26,SHORT,1,25960.00,25999.25,-789.36,-793.72,-158.7,LOSS,STOP_HIT,25998.00,760.00,2026-05-07 09:21:30
2026-01-28,2026-01-28 11:20:00,2026-01-28 11:25:00,OG,Backtest,AdxDiCrossBracketOG,OG_AdxDiCrossBracketOG,OG,NQ,NQ JUN26,LONG,1,26393.75,26378.25,-314.36,-318.72,-63.7,LOSS,STOP_HIT,26363.25,610.00,2026-05-07 09:21:30
2026-03-02,2026-03-02 11:15:00,2026-03-02 11:20:00,OG,Backtest,AdxDiCrossBracketOG,OG_AdxDiCrossBracketOG,OG,NQ,NQ JUN26,LONG,1,25187.75,25180.00,-159.36,-163.72,-32.7,LOSS,STOP_HIT,25129.50,1165.00,2026-05-07 09:21:30
2026-01-30,2026-01-30 11:00:00,2026-01-30 11:10:00,OG,Backtest,AdxDiCrossBracketOG,OG_AdxDiCrossBracketOG,OG,NQ,NQ JUN26,SHORT,1,26071.50,26048.25,460.64,456.28,91.3,WIN,STOP_HIT,26129.00,1150.00,2026-05-07 09:21:30
2026-03-03,2026-03-03 11:25:00,2026-03-03 11:35:00,OG,Backtest,AdxDiCrossBracketOG,OG_AdxDiCrossBracketOG,OG,NQ,NQ JUN26,LONG,1,24795.25,24818.25,455.64,451.28,90.3,WIN,STOP_HIT,24724.00,1425.00,2026-05-07 09:21:30
2026-02-24,2026-02-24 09:50:00,2026-02-24 09:50:00,OG,Backtest,AdxDiCrossBracketOG,OG_AdxDiCrossBracketOG,OG,NQ,NQ JUN26,LONG,1,25121.25,25157.50,720.64,716.28,143.3,WIN,TARGET_HIT,25081.50,795.00,2026-05-07 09:21:30
2026-02-17,2026-02-17 11:10:00,2026-02-17 11:10:00,OG,Backtest,AdxDiCrossBracketOG,OG_AdxDiCrossBracketOG,OG,NQ,NQ JUN26,LONG,1,24862.00,24927.25,1300.64,1296.28,259.3,WIN,TARGET_HIT,24793.75,1365.00,2026-05-07 09:21:30
2026-02-24,2026-02-24 10:10:00,2026-02-24 10:10:00,OG,Backtest,AdxDiCrossBracketOG,OG_AdxDiCrossBracketOG,OG,NQ,NQ JUN26,SHORT,1,25048.00,25093.50,-914.36,-918.72,-183.7,LOSS,STOP_HIT,25092.25,885.00,2026-05-07 09:21:30
2026-02-13,2026-02-13 10:35:00,2026-02-13 10:35:00,OG,Backtest,AdxDiCrossBracketOG,OG_AdxDiCrossBracketOG,OG,NQ,NQ JUN26,LONG,1,25058.75,25127.00,1360.64,1356.28,271.3,WIN,TARGET_HIT,24987.50,1425.00,2026-05-07 09:21:30
2026-01-30,2026-01-30 11:00:00,2026-01-30 11:10:00,OG,Backtest,AdxDiCrossBracketOG,OG_AdxDiCrossBracketOG,OG,NQ,NQ JUN26,SHORT,1,26071.50,26048.25,460.64,456.28,91.3,WIN,STOP_HIT,26129.00,1150.00,2026-05-07 09:21:30
2026-02-13,2026-02-13 10:35:00,2026-02-13 10:35:00,OG,Backtest,AdxDiCrossBracketOG,OG_AdxDiCrossBracketOG,OG,NQ,NQ JUN26,LONG,1,25058.75,25127.00,1360.64,1356.28,271.3,WIN,TARGET_HIT,24987.50,1425.00,2026-05-07 09:21:30
2026-02-13,2026-02-13 10:50:00,2026-02-13 11:05:00,OG,Backtest,AdxDiCrossBracketOG,OG_AdxDiCrossBracketOG,OG,NQ,NQ JUN26,SHORT,1,24982.25,25021.00,-779.36,-783.72,-156.7,LOSS,STOP_HIT,25055.00,1455.00,2026-05-07 09:21:30
2026-02-11,2026-02-11 11:20:00,2026-02-11 11:25:00,OG,Backtest,AdxDiCrossBracketOG,OG_AdxDiCrossBracketOG,OG,NQ,NQ JUN26,LONG,1,25468.75,25457.00,-239.36,-243.72,-48.7,LOSS,STOP_HIT,25406.75,1240.00,2026-05-07 09:21:30
2026-01-28,2026-01-28 11:20:00,2026-01-28 11:25:00,OG,Backtest,AdxDiCrossBracketOG,OG_AdxDiCrossBracketOG,OG,NQ,NQ JUN26,LONG,1,26393.75,26378.25,-314.36,-318.72,-63.7,LOSS,STOP_HIT,26363.25,610.00,2026-05-07 09:21:30
2026-03-13,2026-03-13 10:50:00,2026-03-13 10:50:00,OG,Backtest,AdxDiCrossBracketOG,OG_AdxDiCrossBracketOG,OG,NQ,NQ JUN26,SHORT,1,24804.25,24755.00,980.64,976.28,195.3,WIN,TARGET_HIT,24853.50,985.00,2026-05-07 09:21:30
2026-03-24,2026-03-24 11:00:00,2026-03-24 11:00:00,OG,Backtest,AdxDiCrossBracketOG,OG_AdxDiCrossBracketOG,OG,NQ,NQ JUN26,LONG,1,24282.25,24217.00,-1309.36,-1313.72,-262.7,LOSS,STOP_HIT,24218.25,1280.00,2026-05-07 09:21:30
2026-02-13,2026-02-13 10:35:00,2026-02-13 10:35:00,OG,Backtest,AdxDiCrossBracketOG,OG_AdxDiCrossBracketOG,OG,NQ,NQ JUN26,LONG,1,25058.75,25127.00,1360.64,1356.28,271.3,WIN,TARGET_HIT,24987.50,1425.00,2026-05-07 09:21:30
2026-03-09,2026-03-09 10:45:00,2026-03-09 10:50:00,OG,Backtest,AdxDiCrossBracketOG,OG_AdxDiCrossBracketOG,OG,NQ,NQ JUN26,LONG,1,24692.75,24762.25,1385.64,1381.28,276.3,WIN,TARGET_HIT,24622.25,1410.00,2026-05-07 09:21:30
2026-02-17,2026-02-17 11:10:00,2026-02-17 11:10:00,OG,Backtest,AdxDiCrossBracketOG,OG_AdxDiCrossBracketOG,OG,NQ,NQ JUN26,LONG,1,24862.00,24927.25,1300.64,1296.28,259.3,WIN,TARGET_HIT,24793.75,1365.00,2026-05-07 09:21:30
2026-01-09,2026-01-09 09:45:00,2026-01-09 09:50:00,OG,Backtest,AdxDiCrossBracketOG,OG_AdxDiCrossBracketOG,OG,NQ,NQ JUN26,LONG,1,25965.75,25936.75,-584.36,-588.72,-117.7,LOSS,STOP_HIT,25938.00,555.00,2026-05-07 09:21:30
2026-03-09,2026-03-09 10:45:00,2026-03-09 10:50:00,OG,Backtest,AdxDiCrossBracketOG,OG_AdxDiCrossBracketOG,OG,NQ,NQ JUN26,LONG,1,24692.75,24762.25,1385.64,1381.28,276.3,WIN,TARGET_HIT,24622.25,1410.00,2026-05-07 09:21:30
2026-02-24,2026-02-24 10:10:00,2026-02-24 10:10:00,OG,Backtest,AdxDiCrossBracketOG,OG_AdxDiCrossBracketOG,OG,NQ,NQ JUN26,SHORT,1,25048.00,25093.50,-914.36,-918.72,-183.7,LOSS,STOP_HIT,25092.25,885.00,2026-05-07 09:21:30
2026-01-07,2026-01-07 09:50:00,2026-01-07 09:50:00,OG,Backtest,AdxDiCrossBracketOG,OG_AdxDiCrossBracketOG,OG,NQ,NQ JUN26,LONG,1,26064.50,26079.75,300.64,296.28,59.3,WIN,TARGET_HIT,26047.25,345.00,2026-05-07 09:21:30
2026-01-07,2026-01-07 09:50:00,2026-01-07 09:50:00,OG,Backtest,AdxDiCrossBracketOG,OG_AdxDiCrossBracketOG,OG,NQ,NQ JUN26,LONG,1,26064.50,26079.75,300.64,296.28,59.3,WIN,TARGET_HIT,26047.25,345.00,2026-05-07 09:21:30
2026-04-06,2026-04-06 11:05:00,2026-04-06 11:25:00,OG,Backtest,AdxDiCrossBracketOG,OG_AdxDiCrossBracketOG,OG,NQ,NQ JUN26,LONG,1,24307.50,24293.75,-279.36,-283.72,-56.7,LOSS,STOP_HIT,24255.50,1040.00,2026-05-07 09:21:30
2026-01-09,2026-01-09 10:15:00,2026-01-09 10:15:00,OG,Backtest,AdxDiCrossBracketOG,OG_AdxDiCrossBracketOG,OG,NQ,NQ JUN26,SHORT,1,25849.75,25897.00,-949.36,-953.72,-190.7,LOSS,STOP_HIT,25895.75,920.00,2026-05-07 09:21:30
2026-03-12,2026-03-12 11:50:00,2026-03-12 11:50:00,OG,Backtest,AdxDiCrossBracketOG,OG_AdxDiCrossBracketOG,OG,NQ,NQ JUN26,LONG,1,24898.75,24843.25,-1114.36,-1118.72,-223.7,LOSS,STOP_HIT,24844.50,1085.00,2026-05-07 09:21:30
2026-03-17,2026-03-17 11:15:00,2026-03-17 11:20:00,OG,Backtest,AdxDiCrossBracketOG,OG_AdxDiCrossBracketOG,OG,NQ,NQ JUN26,SHORT,1,25019.75,25057.00,-749.36,-753.72,-150.7,LOSS,STOP_HIT,25056.25,730.00,2026-05-07 09:21:30
2026-01-09,2026-01-09 10:15:00,2026-01-09 10:15:00,OG,Backtest,AdxDiCrossBracketOG,OG_AdxDiCrossBracketOG,OG,NQ,NQ JUN26,SHORT,1,25849.75,25897.00,-949.36,-953.72,-190.7,LOSS,STOP_HIT,25895.75,920.00,2026-05-07 09:21:30
2026-04-07,2026-04-07 11:40:00,2026-04-07 12:00:00,OG,Backtest,AdxDiCrossBracketOG,OG_AdxDiCrossBracketOG,OG,NQ,NQ JUN26,LONG,1,24072.25,24117.50,900.64,896.28,179.3,WIN,TARGET_HIT,24025.00,945.00,2026-05-07 09:21:30
2026-01-09,2026-01-09 10:30:00,2026-01-09 10:30:00,OG,Backtest,AdxDiCrossBracketOG,OG_AdxDiCrossBracketOG,OG,NQ,NQ JUN26,LONG,1,26010.00,26057.25,940.64,936.28,187.3,WIN,TARGET_HIT,25959.75,1005.00,2026-05-07 09:21:30
2026-03-17,2026-03-17 11:15:00,2026-03-17 11:20:00,OG,Backtest,AdxDiCrossBracketOG,OG_AdxDiCrossBracketOG,OG,NQ,NQ JUN26,SHORT,1,25019.75,25057.00,-749.36,-753.72,-150.7,LOSS,STOP_HIT,25056.25,730.00,2026-05-07 09:21:30
2026-03-03,2026-03-03 11:25:00,2026-03-03 11:40:00,OG,Backtest,AdxDiCrossBracketOG,OG_AdxDiCrossBracketOG,OG,NQ,NQ JUN26,LONG,1,24795.25,24816.50,420.64,416.28,83.3,WIN,STOP_HIT,24724.00,1425.00,2026-05-07 09:21:30
2026-01-21,2026-01-21 11:45:00,2026-01-21 11:45:00,OG,Backtest,AdxDiCrossBracketOG,OG_AdxDiCrossBracketOG,OG,NQ,NQ JUN26,SHORT,1,25543.00,25505.75,740.64,736.28,147.3,WIN,TARGET_HIT,25582.25,785.00,2026-05-07 09:21:30
2026-01-09,2026-01-09 10:15:00,2026-01-09 10:15:00,OG,Backtest,AdxDiCrossBracketOG,OG_AdxDiCrossBracketOG,OG,NQ,NQ JUN26,SHORT,1,25849.75,25897.00,-949.36,-953.72,-190.7,LOSS,STOP_HIT,25895.75,920.00,2026-05-07 09:21:30
2026-01-09,2026-01-09 10:30:00,2026-01-09 10:30:00,OG,Backtest,AdxDiCrossBracketOG,OG_AdxDiCrossBracketOG,OG,NQ,NQ JUN26,LONG,1,26010.00,26057.25,940.64,936.28,187.3,WIN,TARGET_HIT,25959.75,1005.00,2026-05-07 09:21:30
2026-01-12,2026-01-12 11:25:00,2026-01-12 11:35:00,OG,Backtest,AdxDiCrossBracketOG,OG_AdxDiCrossBracketOG,OG,NQ,NQ JUN26,LONG,1,26159.50,26149.25,-209.36,-213.72,-42.7,LOSS,STOP_HIT,26131.75,555.00,2026-05-07 09:21:30
2026-01-09,2026-01-09 10:30:00,2026-01-09 10:30:00,OG,Backtest,AdxDiCrossBracketOG,OG_AdxDiCrossBracketOG,OG,NQ,NQ JUN26,LONG,1,26010.00,26057.25,940.64,936.28,187.3,WIN,TARGET_HIT,25959.75,1005.00,2026-05-07 09:21:30
2026-03-24,2026-03-24 11:00:00,2026-03-24 11:00:00,OG,Backtest,AdxDiCrossBracketOG,OG_AdxDiCrossBracketOG,OG,NQ,NQ JUN26,LONG,1,24282.25,24217.00,-1309.36,-1313.72,-262.7,LOSS,STOP_HIT,24218.25,1280.00,2026-05-07 09:21:30
2026-03-13,2026-03-13 10:50:00,2026-03-13 10:50:00,OG,Backtest,AdxDiCrossBracketOG,OG_AdxDiCrossBracketOG,OG,NQ,NQ JUN26,SHORT,1,24804.25,24755.00,980.64,976.28,195.3,WIN,TARGET_HIT,24853.50,985.00,2026-05-07 09:21:30
2026-01-30,2026-01-30 10:55:00,2026-01-30 10:55:00,OG,Backtest,AdxDiCrossBracketOG,OG_AdxDiCrossBracketOG,OG,NQ,NQ JUN26,LONG,1,26118.00,26058.75,-1189.36,-1193.72,-238.7,LOSS,STOP_HIT,26060.00,1160.00,2026-05-07 09:21:30
2026-03-03,2026-03-03 11:40:00,2026-03-03 11:50:00,OG,Backtest,AdxDiCrossBracketOG,OG_AdxDiCrossBracketOG,OG,NQ,NQ JUN26,SHORT,1,24816.50,24865.00,-974.36,-978.72,-195.7,LOSS,STOP_HIT,24882.75,1325.00,2026-05-07 09:21:30
2026-01-16,2026-01-16 11:30:00,2026-01-16 11:35:00,OG,Backtest,AdxDiCrossBracketOG,OG_AdxDiCrossBracketOG,OG,NQ,NQ JUN26,LONG,1,25912.25,25924.50,240.64,236.28,47.3,WIN,STOP_HIT,25874.75,750.00,2026-05-07 09:21:30
2026-04-07,2026-04-07 11:40:00,2026-04-07 12:00:00,OG,Backtest,AdxDiCrossBracketOG,OG_AdxDiCrossBracketOG,OG,NQ,NQ JUN26,LONG,1,24072.25,24117.50,900.64,896.28,179.3,WIN,TARGET_HIT,24025.00,945.00,2026-05-07 09:21:30
2026-03-19,2026-03-19 11:15:00,2026-03-19 11:25:00,OG,Backtest,AdxDiCrossBracketOG,OG_AdxDiCrossBracketOG,OG,NQ,NQ JUN26,LONG,1,24531.00,24485.50,-914.36,-918.72,-183.7,LOSS,STOP_HIT,24473.00,1160.00,2026-05-07 09:21:30
2026-04-02,2026-04-02 10:45:00,2026-04-02 10:45:00,OG,Backtest,AdxDiCrossBracketOG,OG_AdxDiCrossBracketOG,OG,NQ,NQ JUN26,LONG,1,24211.00,24133.25,-1559.36,-1563.72,-312.7,LOSS,STOP_HIT,24134.50,1530.00,2026-05-07 09:21:30
2026-04-10,2026-04-10 11:45:00,2026-04-10 12:00:00,OG,Backtest,AdxDiCrossBracketOG,OG_AdxDiCrossBracketOG,OG,NQ,NQ JUN26,SHORT,1,25300.75,25269.75,615.64,611.28,122.3,WIN,TARGET_HIT,25334.25,670.00,2026-05-07 09:21:30
2026-04-06,2026-04-06 10:55:00,2026-04-06 11:00:00,OG,Backtest,AdxDiCrossBracketOG,OG_AdxDiCrossBracketOG,OG,NQ,NQ JUN26,SHORT,1,24269.25,24322.25,-1064.36,-1068.72,-213.7,LOSS,STOP_HIT,24321.00,1035.00,2026-05-07 09:21:30
2026-04-06,2026-04-06 10:55:00,2026-04-06 11:00:00,OG,Backtest,AdxDiCrossBracketOG,OG_AdxDiCrossBracketOG,OG,NQ,NQ JUN26,SHORT,1,24269.25,24322.25,-1064.36,-1068.72,-213.7,LOSS,STOP_HIT,24321.00,1035.00,2026-05-07 09:21:30
2026-03-20,2026-03-20 11:30:00,2026-03-20 12:05:00,OG,Backtest,AdxDiCrossBracketOG,OG_AdxDiCrossBracketOG,OG,NQ,NQ JUN26,LONG,1,24275.00,24327.75,1050.64,1046.28,209.3,WIN,TARGET_HIT,24219.75,1105.00,2026-05-07 09:21:30
2026-01-28,2026-01-28 11:20:00,2026-01-28 11:25:00,OG,Backtest,AdxDiCrossBracketOG,OG_AdxDiCrossBracketOG,OG,NQ,NQ JUN26,LONG,1,26393.75,26378.25,-314.36,-318.72,-63.7,LOSS,STOP_HIT,26363.25,610.00,2026-05-07 09:21:30
2026-04-06,2026-04-06 11:05:00,2026-04-06 11:25:00,OG,Backtest,AdxDiCrossBracketOG,OG_AdxDiCrossBracketOG,OG,NQ,NQ JUN26,LONG,1,24307.50,24293.75,-279.36,-283.72,-56.7,LOSS,STOP_HIT,24255.50,1040.00,2026-05-07 09:21:30
2026-02-05,2026-02-05 11:40:00,2026-02-05 11:50:00,OG,Backtest,AdxDiCrossBracketOG,OG_AdxDiCrossBracketOG,OG,NQ,NQ JUN26,LONG,1,25026.25,24991.50,-699.36,-703.72,-140.7,LOSS,STOP_HIT,24938.00,1765.00,2026-05-07 09:21:30
2026-01-30,2026-01-30 10:55:00,2026-01-30 10:55:00,OG,Backtest,AdxDiCrossBracketOG,OG_AdxDiCrossBracketOG,OG,NQ,NQ JUN26,LONG,1,26118.00,26058.75,-1189.36,-1193.72,-238.7,LOSS,STOP_HIT,26060.00,1160.00,2026-05-07 09:21:30
2026-01-30,2026-01-30 11:00:00,2026-01-30 11:10:00,OG,Backtest,AdxDiCrossBracketOG,OG_AdxDiCrossBracketOG,OG,NQ,NQ JUN26,SHORT,1,26071.50,26048.25,460.64,456.28,91.3,WIN,STOP_HIT,26129.00,1150.00,2026-05-07 09:21:30
2026-02-03,2026-02-03 09:50:00,2026-02-03 09:50:00,OG,Backtest,AdxDiCrossBracketOG,OG_AdxDiCrossBracketOG,OG,NQ,NQ JUN26,SHORT,1,25960.00,25999.25,-789.36,-793.72,-158.7,LOSS,STOP_HIT,25998.00,760.00,2026-05-07 09:21:30
2026-04-06,2026-04-06 11:05:00,2026-04-06 11:35:00,OG,Backtest,AdxDiCrossBracketOG,OG_AdxDiCrossBracketOG,OG,NQ,NQ JUN26,LONG,1,24307.50,24280.00,-554.36,-558.72,-111.7,LOSS,STOP_HIT,24255.50,1040.00,2026-05-07 09:21:30
2026-04-02,2026-04-02 10:45:00,2026-04-02 10:45:00,OG,Backtest,AdxDiCrossBracketOG,OG_AdxDiCrossBracketOG,OG,NQ,NQ JUN26,LONG,1,24211.00,24133.25,-1559.36,-1563.72,-312.7,LOSS,STOP_HIT,24134.50,1530.00,2026-05-07 09:21:30
2026-02-17,2026-02-17 11:10:00,2026-02-17 11:10:00,OG,Backtest,AdxDiCrossBracketOG,OG_AdxDiCrossBracketOG,OG,NQ,NQ JUN26,LONG,1,24862.00,24927.25,1300.64,1296.28,259.3,WIN,TARGET_HIT,24793.75,1365.00,2026-05-07 09:21:30
2026-01-09,2026-01-09 10:10:00,2026-01-09 10:10:00,OG,Backtest,AdxDiCrossBracketOG,OG_AdxDiCrossBracketOG,OG,NQ,NQ JUN26,LONG,1,25922.50,25881.00,-834.36,-838.72,-167.7,LOSS,STOP_HIT,25882.25,805.00,2026-05-07 09:21:30
2026-01-09,2026-01-09 09:55:00,2026-01-09 09:55:00,OG,Backtest,AdxDiCrossBracketOG,OG_AdxDiCrossBracketOG,OG,NQ,NQ JUN26,SHORT,1,25912.50,25949.00,-734.36,-738.72,-147.7,LOSS,STOP_HIT,25947.75,705.00,2026-05-07 09:21:30
2026-01-09,2026-01-09 10:10:00,2026-01-09 10:10:00,OG,Backtest,AdxDiCrossBracketOG,OG_AdxDiCrossBracketOG,OG,NQ,NQ JUN26,LONG,1,25922.50,25881.00,-834.36,-838.72,-167.7,LOSS,STOP_HIT,25882.25,805.00,2026-05-07 09:21:30
2026-02-13,2026-02-13 10:35:00,2026-02-13 10:35:00,OG,Backtest,AdxDiCrossBracketOG,OG_AdxDiCrossBracketOG,OG,NQ,NQ JUN26,LONG,1,25058.75,25127.00,1360.64,1356.28,271.3,WIN,TARGET_HIT,24987.50,1425.00,2026-05-07 09:21:30
2026-01-07,2026-01-07 10:10:00,2026-01-07 10:10:00,OG,Backtest,AdxDiCrossBracketOG,OG_AdxDiCrossBracketOG,OG,NQ,NQ JUN26,SHORT,1,26050.00,26073.50,-474.36,-478.72,-95.7,LOSS,STOP_HIT,26072.25,445.00,2026-05-07 09:21:30
2026-04-06,2026-04-06 10:55:00,2026-04-06 11:00:00,OG,Backtest,AdxDiCrossBracketOG,OG_AdxDiCrossBracketOG,OG,NQ,NQ JUN26,SHORT,1,24269.25,24322.25,-1064.36,-1068.72,-213.7,LOSS,STOP_HIT,24321.00,1035.00,2026-05-07 09:21:30
2026-01-12,2026-01-12 11:25:00,2026-01-12 11:35:00,OG,Backtest,AdxDiCrossBracketOG,OG_AdxDiCrossBracketOG,OG,NQ,NQ JUN26,LONG,1,26159.50,26149.25,-209.36,-213.72,-42.7,LOSS,STOP_HIT,26131.75,555.00,2026-05-07 09:21:30
2026-01-09,2026-01-09 10:30:00,2026-01-09 10:30:00,OG,Backtest,AdxDiCrossBracketOG,OG_AdxDiCrossBracketOG,OG,NQ,NQ JUN26,LONG,1,26010.00,26057.25,940.64,936.28,187.3,WIN,TARGET_HIT,25959.75,1005.00,2026-05-07 09:21:30
2026-02-17,2026-02-17 11:10:00,2026-02-17 11:10:00,OG,Backtest,AdxDiCrossBracketOG,OG_AdxDiCrossBracketOG,OG,NQ,NQ JUN26,LONG,1,24862.00,24927.25,1300.64,1296.28,259.3,WIN,TARGET_HIT,24793.75,1365.00,2026-05-07 09:21:30
2026-01-16,2026-01-16 11:30:00,2026-01-16 11:35:00,OG,Backtest,AdxDiCrossBracketOG,OG_AdxDiCrossBracketOG,OG,NQ,NQ JUN26,LONG,1,25912.25,25924.50,240.64,236.28,47.3,WIN,STOP_HIT,25874.75,750.00,2026-05-07 09:21:30
2026-02-24,2026-02-24 10:15:00,2026-02-24 10:15:00,OG,Backtest,AdxDiCrossBracketOG,OG_AdxDiCrossBracketOG,OG,NQ,NQ JUN26,LONG,1,25110.00,25063.00,-944.36,-948.72,-189.7,LOSS,STOP_HIT,25064.25,915.00,2026-05-07 09:21:30
2026-01-20,2026-01-20 10:50:00,2026-01-20 10:55:00,OG,Backtest,AdxDiCrossBracketOG,OG_AdxDiCrossBracketOG,OG,NQ,NQ JUN26,LONG,1,25598.75,25558.75,-804.36,-808.72,-161.7,LOSS,STOP_HIT,25550.75,960.00,2026-05-07 09:21:30
2026-01-07,2026-01-07 10:10:00,2026-01-07 10:10:00,OG,Backtest,AdxDiCrossBracketOG,OG_AdxDiCrossBracketOG,OG,NQ,NQ JUN26,SHORT,1,26050.00,26073.50,-474.36,-478.72,-95.7,LOSS,STOP_HIT,26072.25,445.00,2026-05-07 09:21:30
2026-03-09,2026-03-09 10:45:00,2026-03-09 10:50:00,OG,Backtest,AdxDiCrossBracketOG,OG_AdxDiCrossBracketOG,OG,NQ,NQ JUN26,LONG,1,24692.75,24762.25,1385.64,1381.28,276.3,WIN,TARGET_HIT,24622.25,1410.00,2026-05-07 09:21:30
2026-01-20,2026-01-20 11:10:00,2026-01-20 11:15:00,OG,Backtest,AdxDiCrossBracketOG,OG_AdxDiCrossBracketOG,OG,NQ,NQ JUN26,LONG,1,25588.25,25600.25,235.64,231.28,46.3,WIN,STOP_HIT,25540.75,950.00,2026-05-07 09:21:30
2026-01-20,2026-01-20 11:10:00,2026-01-20 11:15:00,OG,Backtest,AdxDiCrossBracketOG,OG_AdxDiCrossBracketOG,OG,NQ,NQ JUN26,LONG,1,25588.25,25600.25,235.64,231.28,46.3,WIN,STOP_HIT,25540.75,950.00,2026-05-07 09:21:30
2026-03-17,2026-03-17 11:15:00,2026-03-17 11:20:00,OG,Backtest,AdxDiCrossBracketOG,OG_AdxDiCrossBracketOG,OG,NQ,NQ JUN26,SHORT,1,25019.75,25057.00,-749.36,-753.72,-150.7,LOSS,STOP_HIT,25056.25,730.00,2026-05-07 09:21:30
2026-01-21,2026-01-21 11:45:00,2026-01-21 11:45:00,OG,Backtest,AdxDiCrossBracketOG,OG_AdxDiCrossBracketOG,OG,NQ,NQ JUN26,SHORT,1,25543.00,25505.75,740.64,736.28,147.3,WIN,TARGET_HIT,25582.25,785.00,2026-05-07 09:21:30
2026-03-17,2026-03-17 11:15:00,2026-03-17 11:20:00,OG,Backtest,AdxDiCrossBracketOG,OG_AdxDiCrossBracketOG,OG,NQ,NQ JUN26,SHORT,1,25019.75,25057.00,-749.36,-753.72,-150.7,LOSS,STOP_HIT,25056.25,730.00,2026-05-07 09:21:30
2026-03-06,2026-03-06 11:10:00,2026-03-06 11:15:00,OG,Backtest,AdxDiCrossBracketOG,OG_AdxDiCrossBracketOG,OG,NQ,NQ JUN26,LONG,1,25102.25,25058.25,-884.36,-888.72,-177.7,LOSS,STOP_HIT,25038.75,1270.00,2026-05-07 09:21:30
2026-01-21,2026-01-21 11:45:00,2026-01-21 11:45:00,OG,Backtest,AdxDiCrossBracketOG,OG_AdxDiCrossBracketOG,OG,NQ,NQ JUN26,SHORT,1,25543.00,25505.75,740.64,736.28,147.3,WIN,TARGET_HIT,25582.25,785.00,2026-05-07 09:21:30
2026-01-28,2026-01-28 10:55:00,2026-01-28 11:05:00,OG,Backtest,AdxDiCrossBracketOG,OG_AdxDiCrossBracketOG,OG,NQ,NQ JUN26,SHORT,1,26394.50,26393.50,15.64,11.28,2.3,WIN,STOP_HIT,26429.00,690.00,2026-05-07 09:21:30
2026-01-06,2026-01-06 11:00:00,2026-01-06 11:05:00,OG,Backtest,AdxDiCrossBracketOG,OG_AdxDiCrossBracketOG,OG,NQ,NQ JUN26,SHORT,1,25908.50,25880.75,550.64,546.28,109.3,WIN,TARGET_HIT,25938.25,595.00,2026-05-07 09:21:30
2026-03-24,2026-03-24 11:00:00,2026-03-24 11:00:00,OG,Backtest,AdxDiCrossBracketOG,OG_AdxDiCrossBracketOG,OG,NQ,NQ JUN26,LONG,1,24282.25,24217.00,-1309.36,-1313.72,-262.7,LOSS,STOP_HIT,24218.25,1280.00,2026-05-07 09:21:30
2026-01-28,2026-01-28 10:55:00,2026-01-28 11:20:00,OG,Backtest,AdxDiCrossBracketOG,OG_AdxDiCrossBracketOG,OG,NQ,NQ JUN26,SHORT,1,26394.50,26393.75,10.64,6.28,1.3,WIN,STOP_HIT,26429.00,690.00,2026-05-07 09:21:30
2026-01-09,2026-01-09 10:10:00,2026-01-09 10:10:00,OG,Backtest,AdxDiCrossBracketOG,OG_AdxDiCrossBracketOG,OG,NQ,NQ JUN26,LONG,1,25922.50,25881.00,-834.36,-838.72,-167.7,LOSS,STOP_HIT,25882.25,805.00,2026-05-07 09:21:30
2026-01-30,2026-01-30 11:00:00,2026-01-30 11:10:00,OG,Backtest,AdxDiCrossBracketOG,OG_AdxDiCrossBracketOG,OG,NQ,NQ JUN26,SHORT,1,26071.50,26048.25,460.64,456.28,91.3,WIN,STOP_HIT,26129.00,1150.00,2026-05-07 09:21:30
2026-01-06,2026-01-06 11:00:00,2026-01-06 11:05:00,OG,Backtest,AdxDiCrossBracketOG,OG_AdxDiCrossBracketOG,OG,NQ,NQ JUN26,SHORT,1,25908.50,25880.75,550.64,546.28,109.3,WIN,TARGET_HIT,25938.25,595.00,2026-05-07 09:21:30
2026-01-12,2026-01-12 11:25:00,2026-01-12 11:35:00,OG,Backtest,AdxDiCrossBracketOG,OG_AdxDiCrossBracketOG,OG,NQ,NQ JUN26,LONG,1,26159.50,26149.25,-209.36,-213.72,-42.7,LOSS,STOP_HIT,26131.75,555.00,2026-05-07 09:21:30
2026-01-09,2026-01-09 10:10:00,2026-01-09 10:10:00,OG,Backtest,AdxDiCrossBracketOG,OG_AdxDiCrossBracketOG,OG,NQ,NQ JUN26,LONG,1,25922.50,25881.00,-834.36,-838.72,-167.7,LOSS,STOP_HIT,25882.25,805.00,2026-05-07 09:21:30
2026-01-09,2026-01-09 09:55:00,2026-01-09 09:55:00,OG,Backtest,AdxDiCrossBracketOG,OG_AdxDiCrossBracketOG,OG,NQ,NQ JUN26,SHORT,1,25912.50,25949.00,-734.36,-738.72,-147.7,LOSS,STOP_HIT,25947.75,705.00,2026-05-07 09:21:30
2026-03-20,2026-03-20 11:30:00,2026-03-20 12:05:00,OG,Backtest,AdxDiCrossBracketOG,OG_AdxDiCrossBracketOG,OG,NQ,NQ JUN26,LONG,1,24275.00,24327.75,1050.64,1046.28,209.3,WIN,TARGET_HIT,24219.75,1105.00,2026-05-07 09:21:30
2026-01-09,2026-01-09 10:10:00,2026-01-09 10:10:00,OG,Backtest,AdxDiCrossBracketOG,OG_AdxDiCrossBracketOG,OG,NQ,NQ JUN26,LONG,1,25922.50,25881.00,-834.36,-838.72,-167.7,LOSS,STOP_HIT,25882.25,805.00,2026-05-07 09:21:30
2026-01-12,2026-01-12 11:25:00,2026-01-12 11:35:00,OG,Backtest,AdxDiCrossBracketOG,OG_AdxDiCrossBracketOG,OG,NQ,NQ JUN26,LONG,1,26159.50,26149.25,-209.36,-213.72,-42.7,LOSS,STOP_HIT,26131.75,555.00,2026-05-07 09:21:30
2026-01-30,2026-01-30 10:55:00,2026-01-30 10:55:00,OG,Backtest,AdxDiCrossBracketOG,OG_AdxDiCrossBracketOG,OG,NQ,NQ JUN26,LONG,1,26118.00,26058.75,-1189.36,-1193.72,-238.7,LOSS,STOP_HIT,26060.00,1160.00,2026-05-07 09:21:30
2026-01-21,2026-01-21 11:45:00,2026-01-21 11:45:00,OG,Backtest,AdxDiCrossBracketOG,OG_AdxDiCrossBracketOG,OG,NQ,NQ JUN26,SHORT,1,25543.00,25505.75,740.64,736.28,147.3,WIN,TARGET_HIT,25582.25,785.00,2026-05-07 09:21:30
2026-03-27,2026-03-27 11:40:00,2026-03-27 11:45:00,OG,Backtest,AdxDiCrossBracketOG,OG_AdxDiCrossBracketOG,OG,NQ,NQ JUN26,LONG,1,23597.75,23540.25,-1154.36,-1158.72,-231.7,LOSS,STOP_HIT,23541.50,1125.00,2026-05-07 09:21:30
2026-01-09,2026-01-09 10:30:00,2026-01-09 10:30:00,OG,Backtest,AdxDiCrossBracketOG,OG_AdxDiCrossBracketOG,OG,NQ,NQ JUN26,LONG,1,26010.00,26057.25,940.64,936.28,187.3,WIN,TARGET_HIT,25959.75,1005.00,2026-05-07 09:21:30
2026-04-06,2026-04-06 11:35:00,2026-04-06 11:45:00,OG,Backtest,AdxDiCrossBracketOG,OG_AdxDiCrossBracketOG,OG,NQ,NQ JUN26,SHORT,1,24280.00,24290.75,-219.36,-223.72,-44.7,LOSS,STOP_HIT,24325.50,910.00,2026-05-07 09:21:30
2026-02-13,2026-02-13 10:35:00,2026-02-13 10:35:00,OG,Backtest,AdxDiCrossBracketOG,OG_AdxDiCrossBracketOG,OG,NQ,NQ JUN26,LONG,1,25058.75,25127.00,1360.64,1356.28,271.3,WIN,TARGET_HIT,24987.50,1425.00,2026-05-07 09:21:30
2026-01-28,2026-01-28 10:55:00,2026-01-28 11:05:00,OG,Backtest,AdxDiCrossBracketOG,OG_AdxDiCrossBracketOG,OG,NQ,NQ JUN26,SHORT,1,26394.50,26393.50,15.64,11.28,2.3,WIN,STOP_HIT,26429.00,690.00,2026-05-07 09:21:30
2026-02-10,2026-02-10 09:45:00,2026-02-10 09:45:00,OG,Backtest,AdxDiCrossBracketOG,OG_AdxDiCrossBracketOG,OG,NQ,NQ JUN26,SHORT,1,25534.50,25512.25,440.64,436.28,87.3,WIN,TARGET_HIT,25559.75,505.00,2026-05-07 09:21:30
2026-04-10,2026-04-10 11:45:00,2026-04-10 12:00:00,OG,Backtest,AdxDiCrossBracketOG,OG_AdxDiCrossBracketOG,OG,NQ,NQ JUN26,SHORT,1,25300.75,25269.75,615.64,611.28,122.3,WIN,TARGET_HIT,25334.25,670.00,2026-05-07 09:21:30
2026-02-11,2026-02-11 10:20:00,2026-02-11 10:20:00,OG,Backtest,AdxDiCrossBracketOG,OG_AdxDiCrossBracketOG,OG,NQ,NQ JUN26,SHORT,1,25395.25,25345.50,990.64,986.28,197.3,WIN,TARGET_HIT,25448.50,1065.00,2026-05-07 09:21:30
2026-02-11,2026-02-11 10:20:00,2026-02-11 10:20:00,OG,Backtest,AdxDiCrossBracketOG,OG_AdxDiCrossBracketOG,OG,NQ,NQ JUN26,SHORT,1,25395.25,25345.50,990.64,986.28,197.3,WIN,TARGET_HIT,25448.50,1065.00,2026-05-07 09:21:30
2026-01-30,2026-01-30 10:55:00,2026-01-30 10:55:00,OG,Backtest,AdxDiCrossBracketOG,OG_AdxDiCrossBracketOG,OG,NQ,NQ JUN26,LONG,1,26118.00,26058.75,-1189.36,-1193.72,-238.7,LOSS,STOP_HIT,26060.00,1160.00,2026-05-07 09:21:30
2026-01-09,2026-01-09 10:15:00,2026-01-09 10:15:00,OG,Backtest,AdxDiCrossBracketOG,OG_AdxDiCrossBracketOG,OG,NQ,NQ JUN26,SHORT,1,25849.75,25897.00,-949.36,-953.72,-190.7,LOSS,STOP_HIT,25895.75,920.00,2026-05-07 09:21:30
2026-01-28,2026-01-28 10:55:00,2026-01-28 11:05:00,OG,Backtest,AdxDiCrossBracketOG,OG_AdxDiCrossBracketOG,OG,NQ,NQ JUN26,SHORT,1,26394.50,26393.50,15.64,11.28,2.3,WIN,STOP_HIT,26429.00,690.00,2026-05-07 09:21:30
2026-01-30,2026-01-30 11:00:00,2026-01-30 11:10:00,OG,Backtest,AdxDiCrossBracketOG,OG_AdxDiCrossBracketOG,OG,NQ,NQ JUN26,SHORT,1,26071.50,26048.25,460.64,456.28,91.3,WIN,STOP_HIT,26129.00,1150.00,2026-05-07 09:21:30
2026-01-09,2026-01-09 10:30:00,2026-01-09 10:30:00,OG,Backtest,AdxDiCrossBracketOG,OG_AdxDiCrossBracketOG,OG,NQ,NQ JUN26,LONG,1,26010.00,26057.25,940.64,936.28,187.3,WIN,TARGET_HIT,25959.75,1005.00,2026-05-07 09:21:30
2026-01-30,2026-01-30 10:55:00,2026-01-30 10:55:00,OG,Backtest,AdxDiCrossBracketOG,OG_AdxDiCrossBracketOG,OG,NQ,NQ JUN26,LONG,1,26118.00,26058.75,-1189.36,-1193.72,-238.7,LOSS,STOP_HIT,26060.00,1160.00,2026-05-07 09:21:30
2026-03-12,2026-03-12 11:50:00,2026-03-12 11:50:00,OG,Backtest,AdxDiCrossBracketOG,OG_AdxDiCrossBracketOG,OG,NQ,NQ JUN26,LONG,1,24898.75,24843.25,-1114.36,-1118.72,-223.7,LOSS,STOP_HIT,24844.50,1085.00,2026-05-07 09:21:30
2026-02-11,2026-02-11 10:20:00,2026-02-11 10:20:00,OG,Backtest,AdxDiCrossBracketOG,OG_AdxDiCrossBracketOG,OG,NQ,NQ JUN26,SHORT,1,25395.25,25345.50,990.64,986.28,197.3,WIN,TARGET_HIT,25448.50,1065.00,2026-05-07 09:21:30
2026-03-02,2026-03-02 11:15:00,2026-03-02 11:20:00,OG,Backtest,AdxDiCrossBracketOG,OG_AdxDiCrossBracketOG,OG,NQ,NQ JUN26,LONG,1,25187.75,25180.00,-159.36,-163.72,-32.7,LOSS,STOP_HIT,25129.50,1165.00,2026-05-07 09:21:30
2026-01-30,2026-01-30 11:00:00,2026-01-30 11:10:00,OG,Backtest,AdxDiCrossBracketOG,OG_AdxDiCrossBracketOG,OG,NQ,NQ JUN26,SHORT,1,26071.50,26048.25,460.64,456.28,91.3,WIN,STOP_HIT,26129.00,1150.00,2026-05-07 09:21:30
2026-03-03,2026-03-03 11:25:00,2026-03-03 11:35:00,OG,Backtest,AdxDiCrossBracketOG,OG_AdxDiCrossBracketOG,OG,NQ,NQ JUN26,LONG,1,24795.25,24818.25,455.64,451.28,90.3,WIN,STOP_HIT,24724.00,1425.00,2026-05-07 09:21:30
2026-01-20,2026-01-20 10:50:00,2026-01-20 10:55:00,OG,Backtest,AdxDiCrossBracketOG,OG_AdxDiCrossBracketOG,OG,NQ,NQ JUN26,LONG,1,25598.75,25558.75,-804.36,-808.72,-161.7,LOSS,STOP_HIT,25550.75,960.00,2026-05-07 09:21:30
2026-03-03,2026-03-03 11:40:00,2026-03-03 11:50:00,OG,Backtest,AdxDiCrossBracketOG,OG_AdxDiCrossBracketOG,OG,NQ,NQ JUN26,SHORT,1,24816.50,24865.00,-974.36,-978.72,-195.7,LOSS,STOP_HIT,24882.75,1325.00,2026-05-07 09:21:30
2026-01-13,2026-01-13 10:10:00,2026-01-13 10:15:00,OG,Backtest,AdxDiCrossBracketOG,OG_AdxDiCrossBracketOG,OG,NQ,NQ JUN26,SHORT,1,26137.25,26108.00,580.64,576.28,115.3,WIN,TARGET_HIT,26168.00,615.00,2026-05-07 09:21:30
2026-03-09,2026-03-09 10:45:00,2026-03-09 10:50:00,OG,Backtest,AdxDiCrossBracketOG,OG_AdxDiCrossBracketOG,OG,NQ,NQ JUN26,LONG,1,24692.75,24762.25,1385.64,1381.28,276.3,WIN,TARGET_HIT,24622.25,1410.00,2026-05-07 09:21:30
2026-02-13,2026-02-13 10:35:00,2026-02-13 10:35:00,OG,Backtest,AdxDiCrossBracketOG,OG_AdxDiCrossBracketOG,OG,NQ,NQ JUN26,LONG,1,25058.75,25127.00,1360.64,1356.28,271.3,WIN,TARGET_HIT,24987.50,1425.00,2026-05-07 09:21:30
2026-03-02,2026-03-02 11:15:00,2026-03-02 11:20:00,OG,Backtest,AdxDiCrossBracketOG,OG_AdxDiCrossBracketOG,OG,NQ,NQ JUN26,LONG,1,25187.75,25180.00,-159.36,-163.72,-32.7,LOSS,STOP_HIT,25129.50,1165.00,2026-05-07 09:21:30
2026-03-02,2026-03-02 11:15:00,2026-03-02 11:20:00,OG,Backtest,AdxDiCrossBracketOG,OG_AdxDiCrossBracketOG,OG,NQ,NQ JUN26,LONG,1,25187.75,25180.00,-159.36,-163.72,-32.7,LOSS,STOP_HIT,25129.50,1165.00,2026-05-07 09:21:30
2026-03-03,2026-03-03 11:25:00,2026-03-03 11:40:00,OG,Backtest,AdxDiCrossBracketOG,OG_AdxDiCrossBracketOG,OG,NQ,NQ JUN26,LONG,1,24795.25,24816.50,420.64,416.28,83.3,WIN,STOP_HIT,24724.00,1425.00,2026-05-07 09:21:30
2026-03-12,2026-03-12 11:50:00,2026-03-12 11:50:00,OG,Backtest,AdxDiCrossBracketOG,OG_AdxDiCrossBracketOG,OG,NQ,NQ JUN26,LONG,1,24898.75,24843.25,-1114.36,-1118.72,-223.7,LOSS,STOP_HIT,24844.50,1085.00,2026-05-07 09:21:30
2026-02-11,2026-02-11 11:05:00,2026-02-11 11:10:00,OG,Backtest,AdxDiCrossBracketOG,OG_AdxDiCrossBracketOG,OG,NQ,NQ JUN26,LONG,1,25454.25,25417.50,-739.36,-743.72,-148.7,LOSS,STOP_HIT,25393.00,1225.00,2026-05-07 09:21:30
2026-02-11,2026-02-11 11:20:00,2026-02-11 11:25:00,OG,Backtest,AdxDiCrossBracketOG,OG_AdxDiCrossBracketOG,OG,NQ,NQ JUN26,LONG,1,25468.75,25457.00,-239.36,-243.72,-48.7,LOSS,STOP_HIT,25406.75,1240.00,2026-05-07 09:21:30
2026-03-17,2026-03-17 11:15:00,2026-03-17 11:20:00,OG,Backtest,AdxDiCrossBracketOG,OG_AdxDiCrossBracketOG,OG,NQ,NQ JUN26,SHORT,1,25019.75,25057.00,-749.36,-753.72,-150.7,LOSS,STOP_HIT,25056.25,730.00,2026-05-07 09:21:30
2026-02-11,2026-02-11 10:20:00,2026-02-11 10:20:00,OG,Backtest,AdxDiCrossBracketOG,OG_AdxDiCrossBracketOG,OG,NQ,NQ JUN26,SHORT,1,25395.25,25345.50,990.64,986.28,197.3,WIN,TARGET_HIT,25448.50,1065.00,2026-05-07 09:21:31
2026-02-10,2026-02-10 09:45:00,2026-02-10 09:45:00,OG,Backtest,AdxDiCrossBracketOG,OG_AdxDiCrossBracketOG,OG,NQ,NQ JUN26,SHORT,1,25534.50,25512.25,440.64,436.28,87.3,WIN,TARGET_HIT,25559.75,505.00,2026-05-07 09:21:31
2026-04-02,2026-04-02 10:45:00,2026-04-02 10:45:00,OG,Backtest,AdxDiCrossBracketOG,OG_AdxDiCrossBracketOG,OG,NQ,NQ JUN26,LONG,1,24211.00,24133.25,-1559.36,-1563.72,-312.7,LOSS,STOP_HIT,24134.50,1530.00,2026-05-07 09:21:31
2026-04-06,2026-04-06 11:35:00,2026-04-06 11:45:00,OG,Backtest,AdxDiCrossBracketOG,OG_AdxDiCrossBracketOG,OG,NQ,NQ JUN26,SHORT,1,24280.00,24290.75,-219.36,-223.72,-44.7,LOSS,STOP_HIT,24325.50,910.00,2026-05-07 09:21:31
2026-02-11,2026-02-11 10:20:00,2026-02-11 10:20:00,OG,Backtest,AdxDiCrossBracketOG,OG_AdxDiCrossBracketOG,OG,NQ,NQ JUN26,SHORT,1,25395.25,25345.50,990.64,986.28,197.3,WIN,TARGET_HIT,25448.50,1065.00,2026-05-07 09:21:31
2026-03-24,2026-03-24 11:00:00,2026-03-24 11:00:00,OG,Backtest,AdxDiCrossBracketOG,OG_AdxDiCrossBracketOG,OG,NQ,NQ JUN26,LONG,1,24282.25,24217.00,-1309.36,-1313.72,-262.7,LOSS,STOP_HIT,24218.25,1280.00,2026-05-07 09:21:31
2026-01-13,2026-01-13 10:10:00,2026-01-13 10:15:00,OG,Backtest,AdxDiCrossBracketOG,OG_AdxDiCrossBracketOG,OG,NQ,NQ JUN26,SHORT,1,26137.25,26108.00,580.64,576.28,115.3,WIN,TARGET_HIT,26168.00,615.00,2026-05-07 09:21:31
2026-01-12,2026-01-12 11:25:00,2026-01-12 11:35:00,OG,Backtest,AdxDiCrossBracketOG,OG_AdxDiCrossBracketOG,OG,NQ,NQ JUN26,LONG,1,26159.50,26149.25,-209.36,-213.72,-42.7,LOSS,STOP_HIT,26131.75,555.00,2026-05-07 09:21:31
2026-02-03,2026-02-03 09:50:00,2026-02-03 09:50:00,OG,Backtest,AdxDiCrossBracketOG,OG_AdxDiCrossBracketOG,OG,NQ,NQ JUN26,SHORT,1,25960.00,25999.25,-789.36,-793.72,-158.7,LOSS,STOP_HIT,25998.00,760.00,2026-05-07 09:21:31
2026-02-24,2026-02-24 10:10:00,2026-02-24 10:10:00,OG,Backtest,AdxDiCrossBracketOG,OG_AdxDiCrossBracketOG,OG,NQ,NQ JUN26,SHORT,1,25048.00,25093.50,-914.36,-918.72,-183.7,LOSS,STOP_HIT,25092.25,885.00,2026-05-07 09:21:31
2026-03-20,2026-03-20 11:30:00,2026-03-20 12:05:00,OG,Backtest,AdxDiCrossBracketOG,OG_AdxDiCrossBracketOG,OG,NQ,NQ JUN26,LONG,1,24275.00,24327.75,1050.64,1046.28,209.3,WIN,TARGET_HIT,24219.75,1105.00,2026-05-07 09:21:31
2026-02-24,2026-02-24 09:50:00,2026-02-24 09:50:00,OG,Backtest,AdxDiCrossBracketOG,OG_AdxDiCrossBracketOG,OG,NQ,NQ JUN26,LONG,1,25121.25,25157.50,720.64,716.28,143.3,WIN,TARGET_HIT,25081.50,795.00,2026-05-07 09:21:31
2026-01-20,2026-01-20 11:10:00,2026-01-20 11:15:00,OG,Backtest,AdxDiCrossBracketOG,OG_AdxDiCrossBracketOG,OG,NQ,NQ JUN26,LONG,1,25588.25,25600.25,235.64,231.28,46.3,WIN,STOP_HIT,25540.75,950.00,2026-05-07 09:21:31
2026-03-06,2026-03-06 11:10:00,2026-03-06 11:15:00,OG,Backtest,AdxDiCrossBracketOG,OG_AdxDiCrossBracketOG,OG,NQ,NQ JUN26,LONG,1,25102.25,25058.25,-884.36,-888.72,-177.7,LOSS,STOP_HIT,25038.75,1270.00,2026-05-07 09:21:31
2026-01-21,2026-01-21 11:45:00,2026-01-21 11:45:00,OG,Backtest,AdxDiCrossBracketOG,OG_AdxDiCrossBracketOG,OG,NQ,NQ JUN26,SHORT,1,25543.00,25505.75,740.64,736.28,147.3,WIN,TARGET_HIT,25582.25,785.00,2026-05-07 09:21:31
2026-03-03,2026-03-03 11:25:00,2026-03-03 11:40:00,OG,Backtest,AdxDiCrossBracketOG,OG_AdxDiCrossBracketOG,OG,NQ,NQ JUN26,LONG,1,24795.25,24816.50,420.64,416.28,83.3,WIN,STOP_HIT,24724.00,1425.00,2026-05-07 09:21:31
2026-03-13,2026-03-13 10:50:00,2026-03-13 10:50:00,OG,Backtest,AdxDiCrossBracketOG,OG_AdxDiCrossBracketOG,OG,NQ,NQ JUN26,SHORT,1,24804.25,24755.00,980.64,976.28,195.3,WIN,TARGET_HIT,24853.50,985.00,2026-05-07 09:21:31
2026-02-11,2026-02-11 11:20:00,2026-02-11 11:25:00,OG,Backtest,AdxDiCrossBracketOG,OG_AdxDiCrossBracketOG,OG,NQ,NQ JUN26,LONG,1,25468.75,25457.00,-239.36,-243.72,-48.7,LOSS,STOP_HIT,25406.75,1240.00,2026-05-07 09:21:31
2026-03-13,2026-03-13 10:50:00,2026-03-13 10:50:00,OG,Backtest,AdxDiCrossBracketOG,OG_AdxDiCrossBracketOG,OG,NQ,NQ JUN26,SHORT,1,24804.25,24755.00,980.64,976.28,195.3,WIN,TARGET_HIT,24853.50,985.00,2026-05-07 09:21:31
2026-03-06,2026-03-06 11:10:00,2026-03-06 11:15:00,OG,Backtest,AdxDiCrossBracketOG,OG_AdxDiCrossBracketOG,OG,NQ,NQ JUN26,LONG,1,25102.25,25058.25,-884.36,-888.72,-177.7,LOSS,STOP_HIT,25038.75,1270.00,2026-05-07 09:21:31
2026-01-23,2026-01-23 10:10:00,2026-01-23 10:15:00,OG,Backtest,AdxDiCrossBracketOG,OG_AdxDiCrossBracketOG,OG,NQ,NQ JUN26,LONG,1,25921.75,25885.00,-739.36,-743.72,-148.7,LOSS,STOP_HIT,25885.50,725.00,2026-05-07 09:21:31
2026-01-16,2026-01-16 11:30:00,2026-01-16 11:35:00,OG,Backtest,AdxDiCrossBracketOG,OG_AdxDiCrossBracketOG,OG,NQ,NQ JUN26,LONG,1,25912.25,25924.50,240.64,236.28,47.3,WIN,STOP_HIT,25874.75,750.00,2026-05-07 09:21:31
2026-01-30,2026-01-30 11:00:00,2026-01-30 11:10:00,OG,Backtest,AdxDiCrossBracketOG,OG_AdxDiCrossBracketOG,OG,NQ,NQ JUN26,SHORT,1,26071.50,26048.25,460.64,456.28,91.3,WIN,STOP_HIT,26129.00,1150.00,2026-05-07 09:21:31
2026-04-07,2026-04-07 11:40:00,2026-04-07 12:00:00,OG,Backtest,AdxDiCrossBracketOG,OG_AdxDiCrossBracketOG,OG,NQ,NQ JUN26,LONG,1,24072.25,24117.50,900.64,896.28,179.3,WIN,TARGET_HIT,24025.00,945.00,2026-05-07 09:21:31
2026-02-03,2026-02-03 09:50:00,2026-02-03 09:50:00,OG,Backtest,AdxDiCrossBracketOG,OG_AdxDiCrossBracketOG,OG,NQ,NQ JUN26,SHORT,1,25960.00,25999.25,-789.36,-793.72,-158.7,LOSS,STOP_HIT,25998.00,760.00,2026-05-07 09:21:31
2026-03-24,2026-03-24 11:00:00,2026-03-24 11:00:00,OG,Backtest,AdxDiCrossBracketOG,OG_AdxDiCrossBracketOG,OG,NQ,NQ JUN26,LONG,1,24282.25,24217.00,-1309.36,-1313.72,-262.7,LOSS,STOP_HIT,24218.25,1280.00,2026-05-07 09:21:31
2026-03-19,2026-03-19 11:15:00,2026-03-19 11:25:00,OG,Backtest,AdxDiCrossBracketOG,OG_AdxDiCrossBracketOG,OG,NQ,NQ JUN26,LONG,1,24531.00,24485.50,-914.36,-918.72,-183.7,LOSS,STOP_HIT,24473.00,1160.00,2026-05-07 09:21:31
2026-03-19,2026-03-19 11:15:00,2026-03-19 11:25:00,OG,Backtest,AdxDiCrossBracketOG,OG_AdxDiCrossBracketOG,OG,NQ,NQ JUN26,LONG,1,24531.00,24485.50,-914.36,-918.72,-183.7,LOSS,STOP_HIT,24473.00,1160.00,2026-05-07 09:21:31
2026-01-28,2026-01-28 10:55:00,2026-01-28 11:05:00,OG,Backtest,AdxDiCrossBracketOG,OG_AdxDiCrossBracketOG,OG,NQ,NQ JUN26,SHORT,1,26394.50,26393.50,15.64,11.28,2.3,WIN,STOP_HIT,26429.00,690.00,2026-05-07 09:21:31
2026-01-21,2026-01-21 11:45:00,2026-01-21 11:45:00,OG,Backtest,AdxDiCrossBracketOG,OG_AdxDiCrossBracketOG,OG,NQ,NQ JUN26,SHORT,1,25543.00,25505.75,740.64,736.28,147.3,WIN,TARGET_HIT,25582.25,785.00,2026-05-07 09:21:31
2026-03-19,2026-03-19 11:15:00,2026-03-19 11:25:00,OG,Backtest,AdxDiCrossBracketOG,OG_AdxDiCrossBracketOG,OG,NQ,NQ JUN26,LONG,1,24531.00,24485.50,-914.36,-918.72,-183.7,LOSS,STOP_HIT,24473.00,1160.00,2026-05-07 09:21:31
2026-01-23,2026-01-23 10:10:00,2026-01-23 10:15:00,OG,Backtest,AdxDiCrossBracketOG,OG_AdxDiCrossBracketOG,OG,NQ,NQ JUN26,LONG,1,25921.75,25885.00,-739.36,-743.72,-148.7,LOSS,STOP_HIT,25885.50,725.00,2026-05-07 09:21:31
2026-02-11,2026-02-11 10:20:00,2026-02-11 10:20:00,OG,Backtest,AdxDiCrossBracketOG,OG_AdxDiCrossBracketOG,OG,NQ,NQ JUN26,SHORT,1,25395.25,25345.50,990.64,986.28,197.3,WIN,TARGET_HIT,25448.50,1065.00,2026-05-07 09:21:31
2026-02-11,2026-02-11 11:20:00,2026-02-11 11:25:00,OG,Backtest,AdxDiCrossBracketOG,OG_AdxDiCrossBracketOG,OG,NQ,NQ JUN26,LONG,1,25468.75,25457.00,-239.36,-243.72,-48.7,LOSS,STOP_HIT,25406.75,1240.00,2026-05-07 09:21:31
2026-03-03,2026-03-03 11:40:00,2026-03-03 11:50:00,OG,Backtest,AdxDiCrossBracketOG,OG_AdxDiCrossBracketOG,OG,NQ,NQ JUN26,SHORT,1,24816.50,24865.00,-974.36,-978.72,-195.7,LOSS,STOP_HIT,24882.75,1325.00,2026-05-07 09:21:31
2026-04-06,2026-04-06 10:55:00,2026-04-06 11:00:00,OG,Backtest,AdxDiCrossBracketOG,OG_AdxDiCrossBracketOG,OG,NQ,NQ JUN26,SHORT,1,24269.25,24322.25,-1064.36,-1068.72,-213.7,LOSS,STOP_HIT,24321.00,1035.00,2026-05-07 09:21:31
2026-01-07,2026-01-07 09:50:00,2026-01-07 09:50:00,OG,Backtest,AdxDiCrossBracketOG,OG_AdxDiCrossBracketOG,OG,NQ,NQ JUN26,LONG,1,26064.50,26079.75,300.64,296.28,59.3,WIN,TARGET_HIT,26047.25,345.00,2026-05-07 09:21:31
2026-04-10,2026-04-10 11:45:00,2026-04-10 12:00:00,OG,Backtest,AdxDiCrossBracketOG,OG_AdxDiCrossBracketOG,OG,NQ,NQ JUN26,SHORT,1,25300.75,25269.75,615.64,611.28,122.3,WIN,TARGET_HIT,25334.25,670.00,2026-05-07 09:21:31
2026-01-09,2026-01-09 09:55:00,2026-01-09 09:55:00,OG,Backtest,AdxDiCrossBracketOG,OG_AdxDiCrossBracketOG,OG,NQ,NQ JUN26,SHORT,1,25912.50,25949.00,-734.36,-738.72,-147.7,LOSS,STOP_HIT,25947.75,705.00,2026-05-07 09:21:31
2026-01-09,2026-01-09 10:30:00,2026-01-09 10:30:00,OG,Backtest,AdxDiCrossBracketOG,OG_AdxDiCrossBracketOG,OG,NQ,NQ JUN26,LONG,1,26010.00,26057.25,940.64,936.28,187.3,WIN,TARGET_HIT,25959.75,1005.00,2026-05-07 09:21:31
2026-04-02,2026-04-02 10:45:00,2026-04-02 10:45:00,OG,Backtest,AdxDiCrossBracketOG,OG_AdxDiCrossBracketOG,OG,NQ,NQ JUN26,LONG,1,24211.00,24133.25,-1559.36,-1563.72,-312.7,LOSS,STOP_HIT,24134.50,1530.00,2026-05-07 09:21:31
2026-02-24,2026-02-24 09:50:00,2026-02-24 09:50:00,OG,Backtest,AdxDiCrossBracketOG,OG_AdxDiCrossBracketOG,OG,NQ,NQ JUN26,LONG,1,25121.25,25157.50,720.64,716.28,143.3,WIN,TARGET_HIT,25081.50,795.00,2026-05-07 09:21:31
2026-01-09,2026-01-09 10:15:00,2026-01-09 10:15:00,OG,Backtest,AdxDiCrossBracketOG,OG_AdxDiCrossBracketOG,OG,NQ,NQ JUN26,SHORT,1,25849.75,25897.00,-949.36,-953.72,-190.7,LOSS,STOP_HIT,25895.75,920.00,2026-05-07 09:21:31
2026-04-10,2026-04-10 11:45:00,2026-04-10 12:00:00,OG,Backtest,AdxDiCrossBracketOG,OG_AdxDiCrossBracketOG,OG,NQ,NQ JUN26,SHORT,1,25300.75,25269.75,615.64,611.28,122.3,WIN,TARGET_HIT,25334.25,670.00,2026-05-07 09:21:31
2026-02-24,2026-02-24 10:15:00,2026-02-24 10:15:00,OG,Backtest,AdxDiCrossBracketOG,OG_AdxDiCrossBracketOG,OG,NQ,NQ JUN26,LONG,1,25110.00,25063.00,-944.36,-948.72,-189.7,LOSS,STOP_HIT,25064.25,915.00,2026-05-07 09:21:31
2026-02-24,2026-02-24 10:15:00,2026-02-24 10:15:00,OG,Backtest,AdxDiCrossBracketOG,OG_AdxDiCrossBracketOG,OG,NQ,NQ JUN26,LONG,1,25110.00,25063.00,-944.36,-948.72,-189.7,LOSS,STOP_HIT,25064.25,915.00,2026-05-07 09:21:31
2026-02-11,2026-02-11 11:05:00,2026-02-11 11:10:00,OG,Backtest,AdxDiCrossBracketOG,OG_AdxDiCrossBracketOG,OG,NQ,NQ JUN26,LONG,1,25454.25,25417.50,-739.36,-743.72,-148.7,LOSS,STOP_HIT,25393.00,1225.00,2026-05-07 09:21:31
2026-04-07,2026-04-07 11:40:00,2026-04-07 12:00:00,OG,Backtest,AdxDiCrossBracketOG,OG_AdxDiCrossBracketOG,OG,NQ,NQ JUN26,LONG,1,24072.25,24117.50,900.64,896.28,179.3,WIN,TARGET_HIT,24025.00,945.00,2026-05-07 09:21:31
2026-01-06,2026-01-06 11:00:00,2026-01-06 11:05:00,OG,Backtest,AdxDiCrossBracketOG,OG_AdxDiCrossBracketOG,OG,NQ,NQ JUN26,SHORT,1,25908.50,25880.75,550.64,546.28,109.3,WIN,TARGET_HIT,25938.25,595.00,2026-05-07 09:21:31
2026-02-24,2026-02-24 10:10:00,2026-02-24 10:10:00,OG,Backtest,AdxDiCrossBracketOG,OG_AdxDiCrossBracketOG,OG,NQ,NQ JUN26,SHORT,1,25048.00,25093.50,-914.36,-918.72,-183.7,LOSS,STOP_HIT,25092.25,885.00,2026-05-07 09:21:31
2026-04-10,2026-04-10 11:45:00,2026-04-10 12:00:00,OG,Backtest,AdxDiCrossBracketOG,OG_AdxDiCrossBracketOG,OG,NQ,NQ JUN26,SHORT,1,25300.75,25269.75,615.64,611.28,122.3,WIN,TARGET_HIT,25334.25,670.00,2026-05-07 09:21:31
2026-02-13,2026-02-13 10:50:00,2026-02-13 11:00:00,OG,Backtest,AdxDiCrossBracketOG,OG_AdxDiCrossBracketOG,OG,NQ,NQ JUN26,SHORT,1,24982.25,25030.75,-974.36,-978.72,-195.7,LOSS,STOP_HIT,25055.00,1455.00,2026-05-07 09:21:31
2026-03-09,2026-03-09 10:45:00,2026-03-09 10:50:00,OG,Backtest,AdxDiCrossBracketOG,OG_AdxDiCrossBracketOG,OG,NQ,NQ JUN26,LONG,1,24692.75,24762.25,1385.64,1381.28,276.3,WIN,TARGET_HIT,24622.25,1410.00,2026-05-07 09:21:31
2026-03-03,2026-03-03 11:25:00,2026-03-03 11:40:00,OG,Backtest,AdxDiCrossBracketOG,OG_AdxDiCrossBracketOG,OG,NQ,NQ JUN26,LONG,1,24795.25,24816.50,420.64,416.28,83.3,WIN,STOP_HIT,24724.00,1425.00,2026-05-07 09:21:31
2026-02-17,2026-02-17 11:10:00,2026-02-17 11:10:00,OG,Backtest,AdxDiCrossBracketOG,OG_AdxDiCrossBracketOG,OG,NQ,NQ JUN26,LONG,1,24862.00,24927.25,1300.64,1296.28,259.3,WIN,TARGET_HIT,24793.75,1365.00,2026-05-07 09:21:31
2026-03-09,2026-03-09 10:45:00,2026-03-09 10:50:00,OG,Backtest,AdxDiCrossBracketOG,OG_AdxDiCrossBracketOG,OG,NQ,NQ JUN26,LONG,1,24692.75,24762.25,1385.64,1381.28,276.3,WIN,TARGET_HIT,24622.25,1410.00,2026-05-07 09:21:31
2026-04-02,2026-04-02 10:45:00,2026-04-02 10:45:00,OG,Backtest,AdxDiCrossBracketOG,OG_AdxDiCrossBracketOG,OG,NQ,NQ JUN26,LONG,1,24211.00,24133.25,-1559.36,-1563.72,-312.7,LOSS,STOP_HIT,24134.50,1530.00,2026-05-07 09:21:31
2026-01-21,2026-01-21 11:45:00,2026-01-21 11:45:00,OG,Backtest,AdxDiCrossBracketOG,OG_AdxDiCrossBracketOG,OG,NQ,NQ JUN26,SHORT,1,25543.00,25505.75,740.64,736.28,147.3,WIN,TARGET_HIT,25582.25,785.00,2026-05-07 09:21:31
2026-01-09,2026-01-09 09:55:00,2026-01-09 09:55:00,OG,Backtest,AdxDiCrossBracketOG,OG_AdxDiCrossBracketOG,OG,NQ,NQ JUN26,SHORT,1,25912.50,25949.00,-734.36,-738.72,-147.7,LOSS,STOP_HIT,25947.75,705.00,2026-05-07 09:21:31
2026-02-10,2026-02-10 09:45:00,2026-02-10 09:45:00,OG,Backtest,AdxDiCrossBracketOG,OG_AdxDiCrossBracketOG,OG,NQ,NQ JUN26,SHORT,1,25534.50,25512.25,440.64,436.28,87.3,WIN,TARGET_HIT,25559.75,505.00,2026-05-07 09:21:31
2026-01-28,2026-01-28 10:55:00,2026-01-28 11:20:00,OG,Backtest,AdxDiCrossBracketOG,OG_AdxDiCrossBracketOG,OG,NQ,NQ JUN26,SHORT,1,26394.50,26393.75,10.64,6.28,1.3,WIN,STOP_HIT,26429.00,690.00,2026-05-07 09:21:31
2026-03-03,2026-03-03 11:40:00,2026-03-03 11:50:00,OG,Backtest,AdxDiCrossBracketOG,OG_AdxDiCrossBracketOG,OG,NQ,NQ JUN26,SHORT,1,24816.50,24865.00,-974.36,-978.72,-195.7,LOSS,STOP_HIT,24882.75,1325.00,2026-05-07 09:21:31
2026-03-20,2026-03-20 11:30:00,2026-03-20 12:05:00,OG,Backtest,AdxDiCrossBracketOG,OG_AdxDiCrossBracketOG,OG,NQ,NQ JUN26,LONG,1,24275.00,24327.75,1050.64,1046.28,209.3,WIN,TARGET_HIT,24219.75,1105.00,2026-05-07 09:21:31
2026-01-09,2026-01-09 10:30:00,2026-01-09 10:30:00,OG,Backtest,AdxDiCrossBracketOG,OG_AdxDiCrossBracketOG,OG,NQ,NQ JUN26,LONG,1,26010.00,26057.25,940.64,936.28,187.3,WIN,TARGET_HIT,25959.75,1005.00,2026-05-07 09:21:31
2026-01-07,2026-01-07 10:10:00,2026-01-07 10:10:00,OG,Backtest,AdxDiCrossBracketOG,OG_AdxDiCrossBracketOG,OG,NQ,NQ JUN26,SHORT,1,26050.00,26073.50,-474.36,-478.72,-95.7,LOSS,STOP_HIT,26072.25,445.00,2026-05-07 09:21:31
2026-03-03,2026-03-03 11:40:00,2026-03-03 11:50:00,OG,Backtest,AdxDiCrossBracketOG,OG_AdxDiCrossBracketOG,OG,NQ,NQ JUN26,SHORT,1,24816.50,24865.00,-974.36,-978.72,-195.7,LOSS,STOP_HIT,24882.75,1325.00,2026-05-07 09:21:31
2026-03-24,2026-03-24 11:00:00,2026-03-24 11:00:00,OG,Backtest,AdxDiCrossBracketOG,OG_AdxDiCrossBracketOG,OG,NQ,NQ JUN26,LONG,1,24282.25,24217.00,-1309.36,-1313.72,-262.7,LOSS,STOP_HIT,24218.25,1280.00,2026-05-07 09:21:31
2026-01-09,2026-01-09 09:55:00,2026-01-09 09:55:00,OG,Backtest,AdxDiCrossBracketOG,OG_AdxDiCrossBracketOG,OG,NQ,NQ JUN26,SHORT,1,25912.50,25949.00,-734.36,-738.72,-147.7,LOSS,STOP_HIT,25947.75,705.00,2026-05-07 09:21:31
2026-03-06,2026-03-06 11:10:00,2026-03-06 11:15:00,OG,Backtest,AdxDiCrossBracketOG,OG_AdxDiCrossBracketOG,OG,NQ,NQ JUN26,LONG,1,25102.25,25058.25,-884.36,-888.72,-177.7,LOSS,STOP_HIT,25038.75,1270.00,2026-05-07 09:21:31
2026-04-02,2026-04-02 10:45:00,2026-04-02 10:45:00,OG,Backtest,AdxDiCrossBracketOG,OG_AdxDiCrossBracketOG,OG,NQ,NQ JUN26,LONG,1,24211.00,24133.25,-1559.36,-1563.72,-312.7,LOSS,STOP_HIT,24134.50,1530.00,2026-05-07 09:21:31
2026-02-13,2026-02-13 10:35:00,2026-02-13 10:35:00,OG,Backtest,AdxDiCrossBracketOG,OG_AdxDiCrossBracketOG,OG,NQ,NQ JUN26,LONG,1,25058.75,25127.00,1360.64,1356.28,271.3,WIN,TARGET_HIT,24987.50,1425.00,2026-05-07 09:21:31
2026-01-09,2026-01-09 10:30:00,2026-01-09 10:30:00,OG,Backtest,AdxDiCrossBracketOG,OG_AdxDiCrossBracketOG,OG,NQ,NQ JUN26,LONG,1,26010.00,26057.25,940.64,936.28,187.3,WIN,TARGET_HIT,25959.75,1005.00,2026-05-07 09:21:31
2026-01-09,2026-01-09 09:55:00,2026-01-09 09:55:00,OG,Backtest,AdxDiCrossBracketOG,OG_AdxDiCrossBracketOG,OG,NQ,NQ JUN26,SHORT,1,25912.50,25949.00,-734.36,-738.72,-147.7,LOSS,STOP_HIT,25947.75,705.00,2026-05-07 09:21:31
2026-01-07,2026-01-07 09:50:00,2026-01-07 09:50:00,OG,Backtest,AdxDiCrossBracketOG,OG_AdxDiCrossBracketOG,OG,NQ,NQ JUN26,LONG,1,26064.50,26079.75,300.64,296.28,59.3,WIN,TARGET_HIT,26047.25,345.00,2026-05-07 09:21:31
2026-01-13,2026-01-13 10:10:00,2026-01-13 10:15:00,OG,Backtest,AdxDiCrossBracketOG,OG_AdxDiCrossBracketOG,OG,NQ,NQ JUN26,SHORT,1,26137.25,26108.00,580.64,576.28,115.3,WIN,TARGET_HIT,26168.00,615.00,2026-05-07 09:21:31
2026-02-17,2026-02-17 11:10:00,2026-02-17 11:10:00,OG,Backtest,AdxDiCrossBracketOG,OG_AdxDiCrossBracketOG,OG,NQ,NQ JUN26,LONG,1,24862.00,24927.25,1300.64,1296.28,259.3,WIN,TARGET_HIT,24793.75,1365.00,2026-05-07 09:21:31
2026-03-19,2026-03-19 11:15:00,2026-03-19 11:25:00,OG,Backtest,AdxDiCrossBracketOG,OG_AdxDiCrossBracketOG,OG,NQ,NQ JUN26,LONG,1,24531.00,24485.50,-914.36,-918.72,-183.7,LOSS,STOP_HIT,24473.00,1160.00,2026-05-07 09:21:31
2026-02-03,2026-02-03 09:50:00,2026-02-03 09:50:00,OG,Backtest,AdxDiCrossBracketOG,OG_AdxDiCrossBracketOG,OG,NQ,NQ JUN26,SHORT,1,25960.00,25999.25,-789.36,-793.72,-158.7,LOSS,STOP_HIT,25998.00,760.00,2026-05-07 09:21:31
2026-01-30,2026-01-30 11:00:00,2026-01-30 11:10:00,OG,Backtest,AdxDiCrossBracketOG,OG_AdxDiCrossBracketOG,OG,NQ,NQ JUN26,SHORT,1,26071.50,26048.25,460.64,456.28,91.3,WIN,STOP_HIT,26129.00,1150.00,2026-05-07 09:21:31
2026-01-21,2026-01-21 11:45:00,2026-01-21 11:45:00,OG,Backtest,AdxDiCrossBracketOG,OG_AdxDiCrossBracketOG,OG,NQ,NQ JUN26,SHORT,1,25543.00,25505.75,740.64,736.28,147.3,WIN,TARGET_HIT,25582.25,785.00,2026-05-07 09:21:31
2026-01-09,2026-01-09 10:10:00,2026-01-09 10:10:00,OG,Backtest,AdxDiCrossBracketOG,OG_AdxDiCrossBracketOG,OG,NQ,NQ JUN26,LONG,1,25922.50,25881.00,-834.36,-838.72,-167.7,LOSS,STOP_HIT,25882.25,805.00,2026-05-07 09:21:31
2026-01-09,2026-01-09 09:55:00,2026-01-09 09:55:00,OG,Backtest,AdxDiCrossBracketOG,OG_AdxDiCrossBracketOG,OG,NQ,NQ JUN26,SHORT,1,25912.50,25949.00,-734.36,-738.72,-147.7,LOSS,STOP_HIT,25947.75,705.00,2026-05-07 09:21:31
2026-01-21,2026-01-21 11:45:00,2026-01-21 11:45:00,OG,Backtest,AdxDiCrossBracketOG,OG_AdxDiCrossBracketOG,OG,NQ,NQ JUN26,SHORT,1,25543.00,25505.75,740.64,736.28,147.3,WIN,TARGET_HIT,25582.25,785.00,2026-05-07 09:21:31
2026-01-09,2026-01-09 09:55:00,2026-01-09 09:55:00,OG,Backtest,AdxDiCrossBracketOG,OG_AdxDiCrossBracketOG,OG,NQ,NQ JUN26,SHORT,1,25912.50,25949.00,-734.36,-738.72,-147.7,LOSS,STOP_HIT,25947.75,705.00,2026-05-07 09:21:31
2026-04-06,2026-04-06 11:35:00,2026-04-06 11:45:00,OG,Backtest,AdxDiCrossBracketOG,OG_AdxDiCrossBracketOG,OG,NQ,NQ JUN26,SHORT,1,24280.00,24290.75,-219.36,-223.72,-44.7,LOSS,STOP_HIT,24325.50,910.00,2026-05-07 09:21:31
2026-03-13,2026-03-13 10:50:00,2026-03-13 10:50:00,OG,Backtest,AdxDiCrossBracketOG,OG_AdxDiCrossBracketOG,OG,NQ,NQ JUN26,SHORT,1,24804.25,24755.00,980.64,976.28,195.3,WIN,TARGET_HIT,24853.50,985.00,2026-05-07 09:21:31
2026-02-10,2026-02-10 09:45:00,2026-02-10 09:45:00,OG,Backtest,AdxDiCrossBracketOG,OG_AdxDiCrossBracketOG,OG,NQ,NQ JUN26,SHORT,1,25534.50,25512.25,440.64,436.28,87.3,WIN,TARGET_HIT,25559.75,505.00,2026-05-07 09:21:31
2026-01-09,2026-01-09 09:45:00,2026-01-09 09:50:00,OG,Backtest,AdxDiCrossBracketOG,OG_AdxDiCrossBracketOG,OG,NQ,NQ JUN26,LONG,1,25965.75,25936.75,-584.36,-588.72,-117.7,LOSS,STOP_HIT,25938.00,555.00,2026-05-07 09:21:31
2026-01-30,2026-01-30 10:55:00,2026-01-30 10:55:00,OG,Backtest,AdxDiCrossBracketOG,OG_AdxDiCrossBracketOG,OG,NQ,NQ JUN26,LONG,1,26118.00,26058.75,-1189.36,-1193.72,-238.7,LOSS,STOP_HIT,26060.00,1160.00,2026-05-07 09:21:31
2026-02-13,2026-02-13 10:50:00,2026-02-13 11:05:00,OG,Backtest,AdxDiCrossBracketOG,OG_AdxDiCrossBracketOG,OG,NQ,NQ JUN26,SHORT,1,24982.25,25021.00,-779.36,-783.72,-156.7,LOSS,STOP_HIT,25055.00,1455.00,2026-05-07 09:21:31
2026-03-09,2026-03-09 10:45:00,2026-03-09 10:50:00,OG,Backtest,AdxDiCrossBracketOG,OG_AdxDiCrossBracketOG,OG,NQ,NQ JUN26,LONG,1,24692.75,24762.25,1385.64,1381.28,276.3,WIN,TARGET_HIT,24622.25,1410.00,2026-05-07 09:21:31
2026-02-03,2026-02-03 09:50:00,2026-02-03 09:50:00,OG,Backtest,AdxDiCrossBracketOG,OG_AdxDiCrossBracketOG,OG,NQ,NQ JUN26,SHORT,1,25960.00,25999.25,-789.36,-793.72,-158.7,LOSS,STOP_HIT,25998.00,760.00,2026-05-07 09:21:31
2026-03-09,2026-03-09 10:45:00,2026-03-09 10:50:00,OG,Backtest,AdxDiCrossBracketOG,OG_AdxDiCrossBracketOG,OG,NQ,NQ JUN26,LONG,1,24692.75,24762.25,1385.64,1381.28,276.3,WIN,TARGET_HIT,24622.25,1410.00,2026-05-07 09:21:31
2026-01-12,2026-01-12 11:25:00,2026-01-12 11:35:00,OG,Backtest,AdxDiCrossBracketOG,OG_AdxDiCrossBracketOG,OG,NQ,NQ JUN26,LONG,1,26159.50,26149.25,-209.36,-213.72,-42.7,LOSS,STOP_HIT,26131.75,555.00,2026-05-07 09:21:31
2026-01-30,2026-01-30 11:00:00,2026-01-30 11:10:00,OG,Backtest,AdxDiCrossBracketOG,OG_AdxDiCrossBracketOG,OG,NQ,NQ JUN26,SHORT,1,26071.50,26048.25,460.64,456.28,91.3,WIN,STOP_HIT,26129.00,1150.00,2026-05-07 09:21:31
2026-02-13,2026-02-13 10:35:00,2026-02-13 10:35:00,OG,Backtest,AdxDiCrossBracketOG,OG_AdxDiCrossBracketOG,OG,NQ,NQ JUN26,LONG,1,25058.75,25127.00,1360.64,1356.28,271.3,WIN,TARGET_HIT,24987.50,1425.00,2026-05-07 09:21:31
2026-02-03,2026-02-03 09:50:00,2026-02-03 09:50:00,OG,Backtest,AdxDiCrossBracketOG,OG_AdxDiCrossBracketOG,OG,NQ,NQ JUN26,SHORT,1,25960.00,25999.25,-789.36,-793.72,-158.7,LOSS,STOP_HIT,25998.00,760.00,2026-05-07 09:21:31
2026-01-30,2026-01-30 11:00:00,2026-01-30 11:10:00,OG,Backtest,AdxDiCrossBracketOG,OG_AdxDiCrossBracketOG,OG,NQ,NQ JUN26,SHORT,1,26071.50,26048.25,460.64,456.28,91.3,WIN,STOP_HIT,26129.00,1150.00,2026-05-07 09:21:31
2026-01-23,2026-01-23 10:10:00,2026-01-23 10:15:00,OG,Backtest,AdxDiCrossBracketOG,OG_AdxDiCrossBracketOG,OG,NQ,NQ JUN26,LONG,1,25921.75,25885.00,-739.36,-743.72,-148.7,LOSS,STOP_HIT,25885.50,725.00,2026-05-07 09:21:31
2026-02-13,2026-02-13 10:35:00,2026-02-13 10:35:00,OG,Backtest,AdxDiCrossBracketOG,OG_AdxDiCrossBracketOG,OG,NQ,NQ JUN26,LONG,1,25058.75,25127.00,1360.64,1356.28,271.3,WIN,TARGET_HIT,24987.50,1425.00,2026-05-07 09:21:31
2026-03-19,2026-03-19 11:15:00,2026-03-19 11:25:00,OG,Backtest,AdxDiCrossBracketOG,OG_AdxDiCrossBracketOG,OG,NQ,NQ JUN26,LONG,1,24531.00,24485.50,-914.36,-918.72,-183.7,LOSS,STOP_HIT,24473.00,1160.00,2026-05-07 09:21:31
2026-02-05,2026-02-05 11:40:00,2026-02-05 11:50:00,OG,Backtest,AdxDiCrossBracketOG,OG_AdxDiCrossBracketOG,OG,NQ,NQ JUN26,LONG,1,25026.25,24991.50,-699.36,-703.72,-140.7,LOSS,STOP_HIT,24938.00,1765.00,2026-05-07 09:21:31
2026-01-28,2026-01-28 11:20:00,2026-01-28 11:25:00,OG,Backtest,AdxDiCrossBracketOG,OG_AdxDiCrossBracketOG,OG,NQ,NQ JUN26,LONG,1,26393.75,26378.25,-314.36,-318.72,-63.7,LOSS,STOP_HIT,26363.25,610.00,2026-05-07 09:21:31
2026-01-30,2026-01-30 10:55:00,2026-01-30 10:55:00,OG,Backtest,AdxDiCrossBracketOG,OG_AdxDiCrossBracketOG,OG,NQ,NQ JUN26,LONG,1,26118.00,26058.75,-1189.36,-1193.72,-238.7,LOSS,STOP_HIT,26060.00,1160.00,2026-05-07 09:21:31
2026-03-25,2026-03-25 11:20:00,2026-03-25 11:20:00,OG,Backtest,AdxDiCrossBracketOG,OG_AdxDiCrossBracketOG,OG,NQ,NQ JUN26,SHORT,1,24385.25,24336.50,970.64,966.28,193.3,WIN,TARGET_HIT,24438.00,1055.00,2026-05-07 09:21:31
2026-02-10,2026-02-10 09:45:00,2026-02-10 09:45:00,OG,Backtest,AdxDiCrossBracketOG,OG_AdxDiCrossBracketOG,OG,NQ,NQ JUN26,SHORT,1,25534.50,25512.25,440.64,436.28,87.3,WIN,TARGET_HIT,25559.75,505.00,2026-05-07 09:21:31
2026-02-24,2026-02-24 09:50:00,2026-02-24 09:50:00,OG,Backtest,AdxDiCrossBracketOG,OG_AdxDiCrossBracketOG,OG,NQ,NQ JUN26,LONG,1,25121.25,25157.50,720.64,716.28,143.3,WIN,TARGET_HIT,25081.50,795.00,2026-05-07 09:21:31
2026-01-30,2026-01-30 11:00:00,2026-01-30 11:10:00,OG,Backtest,AdxDiCrossBracketOG,OG_AdxDiCrossBracketOG,OG,NQ,NQ JUN26,SHORT,1,26071.50,26048.25,460.64,456.28,91.3,WIN,STOP_HIT,26129.00,1150.00,2026-05-07 09:21:31
2026-02-11,2026-02-11 11:20:00,2026-02-11 11:25:00,OG,Backtest,AdxDiCrossBracketOG,OG_AdxDiCrossBracketOG,OG,NQ,NQ JUN26,LONG,1,25468.75,25457.00,-239.36,-243.72,-48.7,LOSS,STOP_HIT,25406.75,1240.00,2026-05-07 09:21:31
2026-01-09,2026-01-09 09:45:00,2026-01-09 09:50:00,OG,Backtest,AdxDiCrossBracketOG,OG_AdxDiCrossBracketOG,OG,NQ,NQ JUN26,LONG,1,25965.75,25936.75,-584.36,-588.72,-117.7,LOSS,STOP_HIT,25938.00,555.00,2026-05-07 09:21:31
2026-02-10,2026-02-10 09:45:00,2026-02-10 09:45:00,OG,Backtest,AdxDiCrossBracketOG,OG_AdxDiCrossBracketOG,OG,NQ,NQ JUN26,SHORT,1,25534.50,25512.25,440.64,436.28,87.3,WIN,TARGET_HIT,25559.75,505.00,2026-05-07 09:21:31
2026-03-17,2026-03-17 11:15:00,2026-03-17 11:20:00,OG,Backtest,AdxDiCrossBracketOG,OG_AdxDiCrossBracketOG,OG,NQ,NQ JUN26,SHORT,1,25019.75,25057.00,-749.36,-753.72,-150.7,LOSS,STOP_HIT,25056.25,730.00,2026-05-07 09:21:31
2026-02-11,2026-02-11 11:20:00,2026-02-11 11:25:00,OG,Backtest,AdxDiCrossBracketOG,OG_AdxDiCrossBracketOG,OG,NQ,NQ JUN26,LONG,1,25468.75,25457.00,-239.36,-243.72,-48.7,LOSS,STOP_HIT,25406.75,1240.00,2026-05-07 09:21:31
2026-03-09,2026-03-09 10:45:00,2026-03-09 10:50:00,OG,Backtest,AdxDiCrossBracketOG,OG_AdxDiCrossBracketOG,OG,NQ,NQ JUN26,LONG,1,24692.75,24762.25,1385.64,1381.28,276.3,WIN,TARGET_HIT,24622.25,1410.00,2026-05-07 09:21:31
2026-02-11,2026-02-11 11:05:00,2026-02-11 11:10:00,OG,Backtest,AdxDiCrossBracketOG,OG_AdxDiCrossBracketOG,OG,NQ,NQ JUN26,LONG,1,25454.25,25417.50,-739.36,-743.72,-148.7,LOSS,STOP_HIT,25393.00,1225.00,2026-05-07 09:21:31
2026-04-10,2026-04-10 11:45:00,2026-04-10 12:00:00,OG,Backtest,AdxDiCrossBracketOG,OG_AdxDiCrossBracketOG,OG,NQ,NQ JUN26,SHORT,1,25300.75,25269.75,615.64,611.28,122.3,WIN,TARGET_HIT,25334.25,670.00,2026-05-07 09:21:31
2026-02-11,2026-02-11 11:05:00,2026-02-11 11:10:00,OG,Backtest,AdxDiCrossBracketOG,OG_AdxDiCrossBracketOG,OG,NQ,NQ JUN26,LONG,1,25454.25,25417.50,-739.36,-743.72,-148.7,LOSS,STOP_HIT,25393.00,1225.00,2026-05-07 09:21:31
2026-02-03,2026-02-03 09:50:00,2026-02-03 09:50:00,OG,Backtest,AdxDiCrossBracketOG,OG_AdxDiCrossBracketOG,OG,NQ,NQ JUN26,SHORT,1,25960.00,25999.25,-789.36,-793.72,-158.7,LOSS,STOP_HIT,25998.00,760.00,2026-05-07 09:21:31
2026-01-30,2026-01-30 10:55:00,2026-01-30 10:55:00,OG,Backtest,AdxDiCrossBracketOG,OG_AdxDiCrossBracketOG,OG,NQ,NQ JUN26,LONG,1,26118.00,26058.75,-1189.36,-1193.72,-238.7,LOSS,STOP_HIT,26060.00,1160.00,2026-05-07 09:21:31
2026-03-24,2026-03-24 11:00:00,2026-03-24 11:00:00,OG,Backtest,AdxDiCrossBracketOG,OG_AdxDiCrossBracketOG,OG,NQ,NQ JUN26,LONG,1,24282.25,24217.00,-1309.36,-1313.72,-262.7,LOSS,STOP_HIT,24218.25,1280.00,2026-05-07 09:21:31
2026-04-10,2026-04-10 11:45:00,2026-04-10 12:00:00,OG,Backtest,AdxDiCrossBracketOG,OG_AdxDiCrossBracketOG,OG,NQ,NQ JUN26,SHORT,1,25300.75,25269.75,615.64,611.28,122.3,WIN,TARGET_HIT,25334.25,670.00,2026-05-07 09:21:31
2026-02-13,2026-02-13 10:50:00,2026-02-13 11:00:00,OG,Backtest,AdxDiCrossBracketOG,OG_AdxDiCrossBracketOG,OG,NQ,NQ JUN26,SHORT,1,24982.25,25030.75,-974.36,-978.72,-195.7,LOSS,STOP_HIT,25055.00,1455.00,2026-05-07 09:21:31
2026-02-17,2026-02-17 11:10:00,2026-02-17 11:10:00,OG,Backtest,AdxDiCrossBracketOG,OG_AdxDiCrossBracketOG,OG,NQ,NQ JUN26,LONG,1,24862.00,24927.25,1300.64,1296.28,259.3,WIN,TARGET_HIT,24793.75,1365.00,2026-05-07 09:21:31
2026-02-11,2026-02-11 11:05:00,2026-02-11 11:10:00,OG,Backtest,AdxDiCrossBracketOG,OG_AdxDiCrossBracketOG,OG,NQ,NQ JUN26,LONG,1,25454.25,25417.50,-739.36,-743.72,-148.7,LOSS,STOP_HIT,25393.00,1225.00,2026-05-07 09:21:31
2026-02-11,2026-02-11 11:05:00,2026-02-11 11:10:00,OG,Backtest,AdxDiCrossBracketOG,OG_AdxDiCrossBracketOG,OG,NQ,NQ JUN26,LONG,1,25454.25,25417.50,-739.36,-743.72,-148.7,LOSS,STOP_HIT,25393.00,1225.00,2026-05-07 09:21:31
2026-03-03,2026-03-03 11:25:00,2026-03-03 11:40:00,OG,Backtest,AdxDiCrossBracketOG,OG_AdxDiCrossBracketOG,OG,NQ,NQ JUN26,LONG,1,24795.25,24816.50,420.64,416.28,83.3,WIN,STOP_HIT,24724.00,1425.00,2026-05-07 09:21:31
2026-02-05,2026-02-05 11:40:00,2026-02-05 11:50:00,OG,Backtest,AdxDiCrossBracketOG,OG_AdxDiCrossBracketOG,OG,NQ,NQ JUN26,LONG,1,25026.25,24991.50,-699.36,-703.72,-140.7,LOSS,STOP_HIT,24938.00,1765.00,2026-05-07 09:21:31
2026-04-07,2026-04-07 11:40:00,2026-04-07 12:00:00,OG,Backtest,AdxDiCrossBracketOG,OG_AdxDiCrossBracketOG,OG,NQ,NQ JUN26,LONG,1,24072.25,24117.50,900.64,896.28,179.3,WIN,TARGET_HIT,24025.00,945.00,2026-05-07 09:21:31
2026-02-10,2026-02-10 09:45:00,2026-02-10 09:45:00,OG,Backtest,AdxDiCrossBracketOG,OG_AdxDiCrossBracketOG,OG,NQ,NQ JUN26,SHORT,1,25534.50,25512.25,440.64,436.28,87.3,WIN,TARGET_HIT,25559.75,505.00,2026-05-07 09:21:31
2026-03-19,2026-03-19 11:15:00,2026-03-19 11:25:00,OG,Backtest,AdxDiCrossBracketOG,OG_AdxDiCrossBracketOG,OG,NQ,NQ JUN26,LONG,1,24531.00,24485.50,-914.36,-918.72,-183.7,LOSS,STOP_HIT,24473.00,1160.00,2026-05-07 09:21:31
2026-03-02,2026-03-02 11:15:00,2026-03-02 11:20:00,OG,Backtest,AdxDiCrossBracketOG,OG_AdxDiCrossBracketOG,OG,NQ,NQ JUN26,LONG,1,25187.75,25180.00,-159.36,-163.72,-32.7,LOSS,STOP_HIT,25129.50,1165.00,2026-05-07 09:21:31
2026-02-24,2026-02-24 10:15:00,2026-02-24 10:15:00,OG,Backtest,AdxDiCrossBracketOG,OG_AdxDiCrossBracketOG,OG,NQ,NQ JUN26,LONG,1,25110.00,25063.00,-944.36,-948.72,-189.7,LOSS,STOP_HIT,25064.25,915.00,2026-05-07 09:21:31
2026-03-03,2026-03-03 11:40:00,2026-03-03 11:50:00,OG,Backtest,AdxDiCrossBracketOG,OG_AdxDiCrossBracketOG,OG,NQ,NQ JUN26,SHORT,1,24816.50,24865.00,-974.36,-978.72,-195.7,LOSS,STOP_HIT,24882.75,1325.00,2026-05-07 09:21:31
2026-01-09,2026-01-09 10:15:00,2026-01-09 10:15:00,OG,Backtest,AdxDiCrossBracketOG,OG_AdxDiCrossBracketOG,OG,NQ,NQ JUN26,SHORT,1,25849.75,25897.00,-949.36,-953.72,-190.7,LOSS,STOP_HIT,25895.75,920.00,2026-05-07 09:21:31
2026-01-09,2026-01-09 10:30:00,2026-01-09 10:30:00,OG,Backtest,AdxDiCrossBracketOG,OG_AdxDiCrossBracketOG,OG,NQ,NQ JUN26,LONG,1,26010.00,26057.25,940.64,936.28,187.3,WIN,TARGET_HIT,25959.75,1005.00,2026-05-07 09:21:31
2026-03-25,2026-03-25 11:20:00,2026-03-25 11:20:00,OG,Backtest,AdxDiCrossBracketOG,OG_AdxDiCrossBracketOG,OG,NQ,NQ JUN26,SHORT,1,24385.25,24336.50,970.64,966.28,193.3,WIN,TARGET_HIT,24438.00,1055.00,2026-05-07 09:21:31
2026-03-03,2026-03-03 11:40:00,2026-03-03 11:50:00,OG,Backtest,AdxDiCrossBracketOG,OG_AdxDiCrossBracketOG,OG,NQ,NQ JUN26,SHORT,1,24816.50,24865.00,-974.36,-978.72,-195.7,LOSS,STOP_HIT,24882.75,1325.00,2026-05-07 09:21:31
2026-02-05,2026-02-05 11:40:00,2026-02-05 11:50:00,OG,Backtest,AdxDiCrossBracketOG,OG_AdxDiCrossBracketOG,OG,NQ,NQ JUN26,LONG,1,25026.25,24991.50,-699.36,-703.72,-140.7,LOSS,STOP_HIT,24938.00,1765.00,2026-05-07 09:21:31
2026-03-02,2026-03-02 11:15:00,2026-03-02 11:20:00,OG,Backtest,AdxDiCrossBracketOG,OG_AdxDiCrossBracketOG,OG,NQ,NQ JUN26,LONG,1,25187.75,25180.00,-159.36,-163.72,-32.7,LOSS,STOP_HIT,25129.50,1165.00,2026-05-07 09:21:31
2026-01-13,2026-01-13 10:10:00,2026-01-13 10:15:00,OG,Backtest,AdxDiCrossBracketOG,OG_AdxDiCrossBracketOG,OG,NQ,NQ JUN26,SHORT,1,26137.25,26108.00,580.64,576.28,115.3,WIN,TARGET_HIT,26168.00,615.00,2026-05-07 09:21:31
2026-03-03,2026-03-03 11:40:00,2026-03-03 11:50:00,OG,Backtest,AdxDiCrossBracketOG,OG_AdxDiCrossBracketOG,OG,NQ,NQ JUN26,SHORT,1,24816.50,24865.00,-974.36,-978.72,-195.7,LOSS,STOP_HIT,24882.75,1325.00,2026-05-07 09:21:31
2026-04-06,2026-04-06 11:35:00,2026-04-06 11:45:00,OG,Backtest,AdxDiCrossBracketOG,OG_AdxDiCrossBracketOG,OG,NQ,NQ JUN26,SHORT,1,24280.00,24290.75,-219.36,-223.72,-44.7,LOSS,STOP_HIT,24325.50,910.00,2026-05-07 09:21:31
2026-02-11,2026-02-11 11:20:00,2026-02-11 11:25:00,OG,Backtest,AdxDiCrossBracketOG,OG_AdxDiCrossBracketOG,OG,NQ,NQ JUN26,LONG,1,25468.75,25457.00,-239.36,-243.72,-48.7,LOSS,STOP_HIT,25406.75,1240.00,2026-05-07 09:21:31
2026-02-24,2026-02-24 10:15:00,2026-02-24 10:15:00,OG,Backtest,AdxDiCrossBracketOG,OG_AdxDiCrossBracketOG,OG,NQ,NQ JUN26,LONG,1,25110.00,25063.00,-944.36,-948.72,-189.7,LOSS,STOP_HIT,25064.25,915.00,2026-05-07 09:21:31
2026-03-09,2026-03-09 10:45:00,2026-03-09 10:50:00,OG,Backtest,AdxDiCrossBracketOG,OG_AdxDiCrossBracketOG,OG,NQ,NQ JUN26,LONG,1,24692.75,24762.25,1385.64,1381.28,276.3,WIN,TARGET_HIT,24622.25,1410.00,2026-05-07 09:21:31
2026-01-20,2026-01-20 11:10:00,2026-01-20 11:15:00,OG,Backtest,AdxDiCrossBracketOG,OG_AdxDiCrossBracketOG,OG,NQ,NQ JUN26,LONG,1,25588.25,25600.25,235.64,231.28,46.3,WIN,STOP_HIT,25540.75,950.00,2026-05-07 09:21:31
2026-03-09,2026-03-09 10:45:00,2026-03-09 10:50:00,OG,Backtest,AdxDiCrossBracketOG,OG_AdxDiCrossBracketOG,OG,NQ,NQ JUN26,LONG,1,24692.75,24762.25,1385.64,1381.28,276.3,WIN,TARGET_HIT,24622.25,1410.00,2026-05-07 09:21:31
2026-03-09,2026-03-09 10:45:00,2026-03-09 10:50:00,OG,Backtest,AdxDiCrossBracketOG,OG_AdxDiCrossBracketOG,OG,NQ,NQ JUN26,LONG,1,24692.75,24762.25,1385.64,1381.28,276.3,WIN,TARGET_HIT,24622.25,1410.00,2026-05-07 09:21:31
2026-03-27,2026-03-27 11:40:00,2026-03-27 11:45:00,OG,Backtest,AdxDiCrossBracketOG,OG_AdxDiCrossBracketOG,OG,NQ,NQ JUN26,LONG,1,23597.75,23540.25,-1154.36,-1158.72,-231.7,LOSS,STOP_HIT,23541.50,1125.00,2026-05-07 09:21:31
2026-03-24,2026-03-24 11:00:00,2026-03-24 11:00:00,OG,Backtest,AdxDiCrossBracketOG,OG_AdxDiCrossBracketOG,OG,NQ,NQ JUN26,LONG,1,24282.25,24217.00,-1309.36,-1313.72,-262.7,LOSS,STOP_HIT,24218.25,1280.00,2026-05-07 09:21:31
2026-01-23,2026-01-23 10:10:00,2026-01-23 10:15:00,OG,Backtest,AdxDiCrossBracketOG,OG_AdxDiCrossBracketOG,OG,NQ,NQ JUN26,LONG,1,25921.75,25885.00,-739.36,-743.72,-148.7,LOSS,STOP_HIT,25885.50,725.00,2026-05-07 09:21:31
2026-03-24,2026-03-24 11:00:00,2026-03-24 11:00:00,OG,Backtest,AdxDiCrossBracketOG,OG_AdxDiCrossBracketOG,OG,NQ,NQ JUN26,LONG,1,24282.25,24217.00,-1309.36,-1313.72,-262.7,LOSS,STOP_HIT,24218.25,1280.00,2026-05-07 09:21:31
2026-04-02,2026-04-02 10:45:00,2026-04-02 10:45:00,OG,Backtest,AdxDiCrossBracketOG,OG_AdxDiCrossBracketOG,OG,NQ,NQ JUN26,LONG,1,24211.00,24133.25,-1559.36,-1563.72,-312.7,LOSS,STOP_HIT,24134.50,1530.00,2026-05-07 09:21:31
2026-01-09,2026-01-09 09:45:00,2026-01-09 09:50:00,OG,Backtest,AdxDiCrossBracketOG,OG_AdxDiCrossBracketOG,OG,NQ,NQ JUN26,LONG,1,25965.75,25936.75,-584.36,-588.72,-117.7,LOSS,STOP_HIT,25938.00,555.00,2026-05-07 09:21:31
2026-03-02,2026-03-02 11:15:00,2026-03-02 11:20:00,OG,Backtest,AdxDiCrossBracketOG,OG_AdxDiCrossBracketOG,OG,NQ,NQ JUN26,LONG,1,25187.75,25180.00,-159.36,-163.72,-32.7,LOSS,STOP_HIT,25129.50,1165.00,2026-05-07 09:21:31
2026-03-02,2026-03-02 11:15:00,2026-03-02 11:20:00,OG,Backtest,AdxDiCrossBracketOG,OG_AdxDiCrossBracketOG,OG,NQ,NQ JUN26,LONG,1,25187.75,25180.00,-159.36,-163.72,-32.7,LOSS,STOP_HIT,25129.50,1165.00,2026-05-07 09:21:31
2026-04-07,2026-04-07 11:40:00,2026-04-07 12:00:00,OG,Backtest,AdxDiCrossBracketOG,OG_AdxDiCrossBracketOG,OG,NQ,NQ JUN26,LONG,1,24072.25,24117.50,900.64,896.28,179.3,WIN,TARGET_HIT,24025.00,945.00,2026-05-07 09:21:31
2026-01-30,2026-01-30 11:00:00,2026-01-30 11:10:00,OG,Backtest,AdxDiCrossBracketOG,OG_AdxDiCrossBracketOG,OG,NQ,NQ JUN26,SHORT,1,26071.50,26048.25,460.64,456.28,91.3,WIN,STOP_HIT,26129.00,1150.00,2026-05-07 09:21:32
2026-02-24,2026-02-24 10:15:00,2026-02-24 10:15:00,OG,Backtest,AdxDiCrossBracketOG,OG_AdxDiCrossBracketOG,OG,NQ,NQ JUN26,LONG,1,25110.00,25063.00,-944.36,-948.72,-189.7,LOSS,STOP_HIT,25064.25,915.00,2026-05-07 09:21:32
2026-03-03,2026-03-03 11:25:00,2026-03-03 11:35:00,OG,Backtest,AdxDiCrossBracketOG,OG_AdxDiCrossBracketOG,OG,NQ,NQ JUN26,LONG,1,24795.25,24818.25,455.64,451.28,90.3,WIN,STOP_HIT,24724.00,1425.00,2026-05-07 09:21:32
2026-01-06,2026-01-06 11:00:00,2026-01-06 11:05:00,OG,Backtest,AdxDiCrossBracketOG,OG_AdxDiCrossBracketOG,OG,NQ,NQ JUN26,SHORT,1,25908.50,25880.75,550.64,546.28,109.3,WIN,TARGET_HIT,25938.25,595.00,2026-05-07 09:21:32
2026-04-07,2026-04-07 11:40:00,2026-04-07 12:00:00,OG,Backtest,AdxDiCrossBracketOG,OG_AdxDiCrossBracketOG,OG,NQ,NQ JUN26,LONG,1,24072.25,24117.50,900.64,896.28,179.3,WIN,TARGET_HIT,24025.00,945.00,2026-05-07 09:21:32
2026-03-03,2026-03-03 11:40:00,2026-03-03 11:50:00,OG,Backtest,AdxDiCrossBracketOG,OG_AdxDiCrossBracketOG,OG,NQ,NQ JUN26,SHORT,1,24816.50,24865.00,-974.36,-978.72,-195.7,LOSS,STOP_HIT,24882.75,1325.00,2026-05-07 09:21:32
2026-02-05,2026-02-05 11:40:00,2026-02-05 11:50:00,OG,Backtest,AdxDiCrossBracketOG,OG_AdxDiCrossBracketOG,OG,NQ,NQ JUN26,LONG,1,25026.25,24991.50,-699.36,-703.72,-140.7,LOSS,STOP_HIT,24938.00,1765.00,2026-05-07 09:21:32
2026-04-10,2026-04-10 11:45:00,2026-04-10 12:00:00,OG,Backtest,AdxDiCrossBracketOG,OG_AdxDiCrossBracketOG,OG,NQ,NQ JUN26,SHORT,1,25300.75,25269.75,615.64,611.28,122.3,WIN,TARGET_HIT,25334.25,670.00,2026-05-07 09:21:32
2026-03-25,2026-03-25 11:20:00,2026-03-25 11:20:00,OG,Backtest,AdxDiCrossBracketOG,OG_AdxDiCrossBracketOG,OG,NQ,NQ JUN26,SHORT,1,24385.25,24336.50,970.64,966.28,193.3,WIN,TARGET_HIT,24438.00,1055.00,2026-05-07 09:21:32
2026-03-12,2026-03-12 11:50:00,2026-03-12 11:50:00,OG,Backtest,AdxDiCrossBracketOG,OG_AdxDiCrossBracketOG,OG,NQ,NQ JUN26,LONG,1,24898.75,24843.25,-1114.36,-1118.72,-223.7,LOSS,STOP_HIT,24844.50,1085.00,2026-05-07 09:21:32
2026-02-03,2026-02-03 09:50:00,2026-02-03 09:50:00,OG,Backtest,AdxDiCrossBracketOG,OG_AdxDiCrossBracketOG,OG,NQ,NQ JUN26,SHORT,1,25960.00,25999.25,-789.36,-793.72,-158.7,LOSS,STOP_HIT,25998.00,760.00,2026-05-07 09:21:32
2026-01-07,2026-01-07 09:50:00,2026-01-07 09:50:00,OG,Backtest,AdxDiCrossBracketOG,OG_AdxDiCrossBracketOG,OG,NQ,NQ JUN26,LONG,1,26064.50,26079.75,300.64,296.28,59.3,WIN,TARGET_HIT,26047.25,345.00,2026-05-07 09:21:32
2026-04-02,2026-04-02 10:45:00,2026-04-02 10:45:00,OG,Backtest,AdxDiCrossBracketOG,OG_AdxDiCrossBracketOG,OG,NQ,NQ JUN26,LONG,1,24211.00,24133.25,-1559.36,-1563.72,-312.7,LOSS,STOP_HIT,24134.50,1530.00,2026-05-07 09:21:32
2026-01-06,2026-01-06 11:00:00,2026-01-06 11:05:00,OG,Backtest,AdxDiCrossBracketOG,OG_AdxDiCrossBracketOG,OG,NQ,NQ JUN26,SHORT,1,25908.50,25880.75,550.64,546.28,109.3,WIN,TARGET_HIT,25938.25,595.00,2026-05-07 09:21:32
2026-01-09,2026-01-09 10:15:00,2026-01-09 10:15:00,OG,Backtest,AdxDiCrossBracketOG,OG_AdxDiCrossBracketOG,OG,NQ,NQ JUN26,SHORT,1,25849.75,25897.00,-949.36,-953.72,-190.7,LOSS,STOP_HIT,25895.75,920.00,2026-05-07 09:21:32
2026-01-09,2026-01-09 09:45:00,2026-01-09 09:50:00,OG,Backtest,AdxDiCrossBracketOG,OG_AdxDiCrossBracketOG,OG,NQ,NQ JUN26,LONG,1,25965.75,25936.75,-584.36,-588.72,-117.7,LOSS,STOP_HIT,25938.00,555.00,2026-05-07 09:21:32
2026-01-12,2026-01-12 11:25:00,2026-01-12 11:35:00,OG,Backtest,AdxDiCrossBracketOG,OG_AdxDiCrossBracketOG,OG,NQ,NQ JUN26,LONG,1,26159.50,26149.25,-209.36,-213.72,-42.7,LOSS,STOP_HIT,26131.75,555.00,2026-05-07 09:21:32
2026-02-11,2026-02-11 11:05:00,2026-02-11 11:10:00,OG,Backtest,AdxDiCrossBracketOG,OG_AdxDiCrossBracketOG,OG,NQ,NQ JUN26,LONG,1,25454.25,25417.50,-739.36,-743.72,-148.7,LOSS,STOP_HIT,25393.00,1225.00,2026-05-07 09:21:32
2026-01-09,2026-01-09 10:30:00,2026-01-09 10:30:00,OG,Backtest,AdxDiCrossBracketOG,OG_AdxDiCrossBracketOG,OG,NQ,NQ JUN26,LONG,1,26010.00,26057.25,940.64,936.28,187.3,WIN,TARGET_HIT,25959.75,1005.00,2026-05-07 09:21:32
2026-02-24,2026-02-24 09:50:00,2026-02-24 09:50:00,OG,Backtest,AdxDiCrossBracketOG,OG_AdxDiCrossBracketOG,OG,NQ,NQ JUN26,LONG,1,25121.25,25157.50,720.64,716.28,143.3,WIN,TARGET_HIT,25081.50,795.00,2026-05-07 09:21:32
2026-02-17,2026-02-17 11:10:00,2026-02-17 11:10:00,OG,Backtest,AdxDiCrossBracketOG,OG_AdxDiCrossBracketOG,OG,NQ,NQ JUN26,LONG,1,24862.00,24927.25,1300.64,1296.28,259.3,WIN,TARGET_HIT,24793.75,1365.00,2026-05-07 09:21:32
2026-03-24,2026-03-24 11:00:00,2026-03-24 11:00:00,OG,Backtest,AdxDiCrossBracketOG,OG_AdxDiCrossBracketOG,OG,NQ,NQ JUN26,LONG,1,24282.25,24217.00,-1309.36,-1313.72,-262.7,LOSS,STOP_HIT,24218.25,1280.00,2026-05-07 09:21:32
2026-03-27,2026-03-27 11:40:00,2026-03-27 11:45:00,OG,Backtest,AdxDiCrossBracketOG,OG_AdxDiCrossBracketOG,OG,NQ,NQ JUN26,LONG,1,23597.75,23540.25,-1154.36,-1158.72,-231.7,LOSS,STOP_HIT,23541.50,1125.00,2026-05-07 09:21:32
2026-01-06,2026-01-06 11:00:00,2026-01-06 11:05:00,OG,Backtest,AdxDiCrossBracketOG,OG_AdxDiCrossBracketOG,OG,NQ,NQ JUN26,SHORT,1,25908.50,25880.75,550.64,546.28,109.3,WIN,TARGET_HIT,25938.25,595.00,2026-05-07 09:21:32
2026-02-24,2026-02-24 09:50:00,2026-02-24 09:50:00,OG,Backtest,AdxDiCrossBracketOG,OG_AdxDiCrossBracketOG,OG,NQ,NQ JUN26,LONG,1,25121.25,25157.50,720.64,716.28,143.3,WIN,TARGET_HIT,25081.50,795.00,2026-05-07 09:21:32
2026-03-03,2026-03-03 11:40:00,2026-03-03 11:50:00,OG,Backtest,AdxDiCrossBracketOG,OG_AdxDiCrossBracketOG,OG,NQ,NQ JUN26,SHORT,1,24816.50,24865.00,-974.36,-978.72,-195.7,LOSS,STOP_HIT,24882.75,1325.00,2026-05-07 09:21:32
2026-01-23,2026-01-23 10:10:00,2026-01-23 10:15:00,OG,Backtest,AdxDiCrossBracketOG,OG_AdxDiCrossBracketOG,OG,NQ,NQ JUN26,LONG,1,25921.75,25885.00,-739.36,-743.72,-148.7,LOSS,STOP_HIT,25885.50,725.00,2026-05-07 09:21:32
2026-01-20,2026-01-20 10:50:00,2026-01-20 10:55:00,OG,Backtest,AdxDiCrossBracketOG,OG_AdxDiCrossBracketOG,OG,NQ,NQ JUN26,LONG,1,25598.75,25558.75,-804.36,-808.72,-161.7,LOSS,STOP_HIT,25550.75,960.00,2026-05-07 09:21:32
2026-01-06,2026-01-06 11:00:00,2026-01-06 11:05:00,OG,Backtest,AdxDiCrossBracketOG,OG_AdxDiCrossBracketOG,OG,NQ,NQ JUN26,SHORT,1,25908.50,25880.75,550.64,546.28,109.3,WIN,TARGET_HIT,25938.25,595.00,2026-05-07 09:21:32
2026-01-16,2026-01-16 11:30:00,2026-01-16 11:35:00,OG,Backtest,AdxDiCrossBracketOG,OG_AdxDiCrossBracketOG,OG,NQ,NQ JUN26,LONG,1,25912.25,25924.50,240.64,236.28,47.3,WIN,STOP_HIT,25874.75,750.00,2026-05-07 09:21:32
2026-04-07,2026-04-07 11:40:00,2026-04-07 12:00:00,OG,Backtest,AdxDiCrossBracketOG,OG_AdxDiCrossBracketOG,OG,NQ,NQ JUN26,LONG,1,24072.25,24117.50,900.64,896.28,179.3,WIN,TARGET_HIT,24025.00,945.00,2026-05-07 09:21:32
2026-04-06,2026-04-06 11:35:00,2026-04-06 11:45:00,OG,Backtest,AdxDiCrossBracketOG,OG_AdxDiCrossBracketOG,OG,NQ,NQ JUN26,SHORT,1,24280.00,24290.75,-219.36,-223.72,-44.7,LOSS,STOP_HIT,24325.50,910.00,2026-05-07 09:21:32
2026-02-13,2026-02-13 10:50:00,2026-02-13 11:00:00,OG,Backtest,AdxDiCrossBracketOG,OG_AdxDiCrossBracketOG,OG,NQ,NQ JUN26,SHORT,1,24982.25,25030.75,-974.36,-978.72,-195.7,LOSS,STOP_HIT,25055.00,1455.00,2026-05-07 09:21:32
2026-03-03,2026-03-03 11:25:00,2026-03-03 11:35:00,OG,Backtest,AdxDiCrossBracketOG,OG_AdxDiCrossBracketOG,OG,NQ,NQ JUN26,LONG,1,24795.25,24818.25,455.64,451.28,90.3,WIN,STOP_HIT,24724.00,1425.00,2026-05-07 09:21:32
2026-01-09,2026-01-09 09:55:00,2026-01-09 09:55:00,OG,Backtest,AdxDiCrossBracketOG,OG_AdxDiCrossBracketOG,OG,NQ,NQ JUN26,SHORT,1,25912.50,25949.00,-734.36,-738.72,-147.7,LOSS,STOP_HIT,25947.75,705.00,2026-05-07 09:21:32
2026-01-09,2026-01-09 09:45:00,2026-01-09 09:50:00,OG,Backtest,AdxDiCrossBracketOG,OG_AdxDiCrossBracketOG,OG,NQ,NQ JUN26,LONG,1,25965.75,25936.75,-584.36,-588.72,-117.7,LOSS,STOP_HIT,25938.00,555.00,2026-05-07 09:21:32
2026-02-03,2026-02-03 09:50:00,2026-02-03 09:50:00,OG,Backtest,AdxDiCrossBracketOG,OG_AdxDiCrossBracketOG,OG,NQ,NQ JUN26,SHORT,1,25960.00,25999.25,-789.36,-793.72,-158.7,LOSS,STOP_HIT,25998.00,760.00,2026-05-07 09:21:32
2026-01-28,2026-01-28 10:55:00,2026-01-28 11:05:00,OG,Backtest,AdxDiCrossBracketOG,OG_AdxDiCrossBracketOG,OG,NQ,NQ JUN26,SHORT,1,26394.50,26393.50,15.64,11.28,2.3,WIN,STOP_HIT,26429.00,690.00,2026-05-07 09:21:32
2026-03-13,2026-03-13 10:50:00,2026-03-13 10:50:00,OG,Backtest,AdxDiCrossBracketOG,OG_AdxDiCrossBracketOG,OG,NQ,NQ JUN26,SHORT,1,24804.25,24755.00,980.64,976.28,195.3,WIN,TARGET_HIT,24853.50,985.00,2026-05-07 09:21:32
2026-03-17,2026-03-17 11:15:00,2026-03-17 11:20:00,OG,Backtest,AdxDiCrossBracketOG,OG_AdxDiCrossBracketOG,OG,NQ,NQ JUN26,SHORT,1,25019.75,25057.00,-749.36,-753.72,-150.7,LOSS,STOP_HIT,25056.25,730.00,2026-05-07 09:21:32
2026-01-09,2026-01-09 10:30:00,2026-01-09 10:30:00,OG,Backtest,AdxDiCrossBracketOG,OG_AdxDiCrossBracketOG,OG,NQ,NQ JUN26,LONG,1,26010.00,26057.25,940.64,936.28,187.3,WIN,TARGET_HIT,25959.75,1005.00,2026-05-07 09:21:32
2026-02-03,2026-02-03 09:50:00,2026-02-03 09:50:00,OG,Backtest,AdxDiCrossBracketOG,OG_AdxDiCrossBracketOG,OG,NQ,NQ JUN26,SHORT,1,25960.00,25999.25,-789.36,-793.72,-158.7,LOSS,STOP_HIT,25998.00,760.00,2026-05-07 09:21:32
2026-03-24,2026-03-24 11:00:00,2026-03-24 11:00:00,OG,Backtest,AdxDiCrossBracketOG,OG_AdxDiCrossBracketOG,OG,NQ,NQ JUN26,LONG,1,24282.25,24217.00,-1309.36,-1313.72,-262.7,LOSS,STOP_HIT,24218.25,1280.00,2026-05-07 09:21:32
2026-01-20,2026-01-20 10:50:00,2026-01-20 10:55:00,OG,Backtest,AdxDiCrossBracketOG,OG_AdxDiCrossBracketOG,OG,NQ,NQ JUN26,LONG,1,25598.75,25558.75,-804.36,-808.72,-161.7,LOSS,STOP_HIT,25550.75,960.00,2026-05-07 09:21:32
2026-01-07,2026-01-07 09:50:00,2026-01-07 09:50:00,OG,Backtest,AdxDiCrossBracketOG,OG_AdxDiCrossBracketOG,OG,NQ,NQ JUN26,LONG,1,26064.50,26079.75,300.64,296.28,59.3,WIN,TARGET_HIT,26047.25,345.00,2026-05-07 09:21:32
2026-02-10,2026-02-10 09:45:00,2026-02-10 09:45:00,OG,Backtest,AdxDiCrossBracketOG,OG_AdxDiCrossBracketOG,OG,NQ,NQ JUN26,SHORT,1,25534.50,25512.25,440.64,436.28,87.3,WIN,TARGET_HIT,25559.75,505.00,2026-05-07 09:21:32
2026-03-24,2026-03-24 11:00:00,2026-03-24 11:00:00,OG,Backtest,AdxDiCrossBracketOG,OG_AdxDiCrossBracketOG,OG,NQ,NQ JUN26,LONG,1,24282.25,24217.00,-1309.36,-1313.72,-262.7,LOSS,STOP_HIT,24218.25,1280.00,2026-05-07 09:21:32
2026-01-20,2026-01-20 10:50:00,2026-01-20 10:55:00,OG,Backtest,AdxDiCrossBracketOG,OG_AdxDiCrossBracketOG,OG,NQ,NQ JUN26,LONG,1,25598.75,25558.75,-804.36,-808.72,-161.7,LOSS,STOP_HIT,25550.75,960.00,2026-05-07 09:21:32
2026-04-06,2026-04-06 10:55:00,2026-04-06 11:00:00,OG,Backtest,AdxDiCrossBracketOG,OG_AdxDiCrossBracketOG,OG,NQ,NQ JUN26,SHORT,1,24269.25,24322.25,-1064.36,-1068.72,-213.7,LOSS,STOP_HIT,24321.00,1035.00,2026-05-07 09:21:32
2026-02-11,2026-02-11 11:05:00,2026-02-11 11:10:00,OG,Backtest,AdxDiCrossBracketOG,OG_AdxDiCrossBracketOG,OG,NQ,NQ JUN26,LONG,1,25454.25,25417.50,-739.36,-743.72,-148.7,LOSS,STOP_HIT,25393.00,1225.00,2026-05-07 09:21:32
2026-01-09,2026-01-09 09:55:00,2026-01-09 09:55:00,OG,Backtest,AdxDiCrossBracketOG,OG_AdxDiCrossBracketOG,OG,NQ,NQ JUN26,SHORT,1,25912.50,25949.00,-734.36,-738.72,-147.7,LOSS,STOP_HIT,25947.75,705.00,2026-05-07 09:21:32
2026-01-09,2026-01-09 09:55:00,2026-01-09 09:55:00,OG,Backtest,AdxDiCrossBracketOG,OG_AdxDiCrossBracketOG,OG,NQ,NQ JUN26,SHORT,1,25912.50,25949.00,-734.36,-738.72,-147.7,LOSS,STOP_HIT,25947.75,705.00,2026-05-07 09:21:32
2026-01-28,2026-01-28 10:55:00,2026-01-28 11:05:00,OG,Backtest,AdxDiCrossBracketOG,OG_AdxDiCrossBracketOG,OG,NQ,NQ JUN26,SHORT,1,26394.50,26393.50,15.64,11.28,2.3,WIN,STOP_HIT,26429.00,690.00,2026-05-07 09:21:32
2026-02-13,2026-02-13 10:50:00,2026-02-13 11:00:00,OG,Backtest,AdxDiCrossBracketOG,OG_AdxDiCrossBracketOG,OG,NQ,NQ JUN26,SHORT,1,24982.25,25030.75,-974.36,-978.72,-195.7,LOSS,STOP_HIT,25055.00,1455.00,2026-05-07 09:21:32
2026-04-06,2026-04-06 10:55:00,2026-04-06 11:00:00,OG,Backtest,AdxDiCrossBracketOG,OG_AdxDiCrossBracketOG,OG,NQ,NQ JUN26,SHORT,1,24269.25,24322.25,-1064.36,-1068.72,-213.7,LOSS,STOP_HIT,24321.00,1035.00,2026-05-07 09:21:32
2026-04-06,2026-04-06 11:05:00,2026-04-06 11:25:00,OG,Backtest,AdxDiCrossBracketOG,OG_AdxDiCrossBracketOG,OG,NQ,NQ JUN26,LONG,1,24307.50,24293.75,-279.36,-283.72,-56.7,LOSS,STOP_HIT,24255.50,1040.00,2026-05-07 09:21:32
2026-01-30,2026-01-30 11:00:00,2026-01-30 11:10:00,OG,Backtest,AdxDiCrossBracketOG,OG_AdxDiCrossBracketOG,OG,NQ,NQ JUN26,SHORT,1,26071.50,26048.25,460.64,456.28,91.3,WIN,STOP_HIT,26129.00,1150.00,2026-05-07 09:21:32
2026-02-13,2026-02-13 10:50:00,2026-02-13 11:05:00,OG,Backtest,AdxDiCrossBracketOG,OG_AdxDiCrossBracketOG,OG,NQ,NQ JUN26,SHORT,1,24982.25,25021.00,-779.36,-783.72,-156.7,LOSS,STOP_HIT,25055.00,1455.00,2026-05-07 09:21:32
2026-01-09,2026-01-09 10:30:00,2026-01-09 10:30:00,OG,Backtest,AdxDiCrossBracketOG,OG_AdxDiCrossBracketOG,OG,NQ,NQ JUN26,LONG,1,26010.00,26057.25,940.64,936.28,187.3,WIN,TARGET_HIT,25959.75,1005.00,2026-05-07 09:21:32
2026-04-07,2026-04-07 11:40:00,2026-04-07 12:00:00,OG,Backtest,AdxDiCrossBracketOG,OG_AdxDiCrossBracketOG,OG,NQ,NQ JUN26,LONG,1,24072.25,24117.50,900.64,896.28,179.3,WIN,TARGET_HIT,24025.00,945.00,2026-05-07 09:21:32
2026-01-09,2026-01-09 10:10:00,2026-01-09 10:10:00,OG,Backtest,AdxDiCrossBracketOG,OG_AdxDiCrossBracketOG,OG,NQ,NQ JUN26,LONG,1,25922.50,25881.00,-834.36,-838.72,-167.7,LOSS,STOP_HIT,25882.25,805.00,2026-05-07 09:21:32
2026-01-06,2026-01-06 11:00:00,2026-01-06 11:05:00,OG,Backtest,AdxDiCrossBracketOG,OG_AdxDiCrossBracketOG,OG,NQ,NQ JUN26,SHORT,1,25908.50,25880.75,550.64,546.28,109.3,WIN,TARGET_HIT,25938.25,595.00,2026-05-07 09:21:32
2026-01-16,2026-01-16 11:30:00,2026-01-16 11:35:00,OG,Backtest,AdxDiCrossBracketOG,OG_AdxDiCrossBracketOG,OG,NQ,NQ JUN26,LONG,1,25912.25,25924.50,240.64,236.28,47.3,WIN,STOP_HIT,25874.75,750.00,2026-05-07 09:21:32
2026-01-30,2026-01-30 11:00:00,2026-01-30 11:10:00,OG,Backtest,AdxDiCrossBracketOG,OG_AdxDiCrossBracketOG,OG,NQ,NQ JUN26,SHORT,1,26071.50,26048.25,460.64,456.28,91.3,WIN,STOP_HIT,26129.00,1150.00,2026-05-07 09:21:32
2026-01-09,2026-01-09 09:55:00,2026-01-09 09:55:00,OG,Backtest,AdxDiCrossBracketOG,OG_AdxDiCrossBracketOG,OG,NQ,NQ JUN26,SHORT,1,25912.50,25949.00,-734.36,-738.72,-147.7,LOSS,STOP_HIT,25947.75,705.00,2026-05-07 09:21:32
2026-01-09,2026-01-09 09:55:00,2026-01-09 09:55:00,OG,Backtest,AdxDiCrossBracketOG,OG_AdxDiCrossBracketOG,OG,NQ,NQ JUN26,SHORT,1,25912.50,25949.00,-734.36,-738.72,-147.7,LOSS,STOP_HIT,25947.75,705.00,2026-05-07 09:21:32
2026-02-10,2026-02-10 09:45:00,2026-02-10 09:45:00,OG,Backtest,AdxDiCrossBracketOG,OG_AdxDiCrossBracketOG,OG,NQ,NQ JUN26,SHORT,1,25534.50,25512.25,440.64,436.28,87.3,WIN,TARGET_HIT,25559.75,505.00,2026-05-07 09:21:32
2026-02-03,2026-02-03 09:50:00,2026-02-03 09:50:00,OG,Backtest,AdxDiCrossBracketOG,OG_AdxDiCrossBracketOG,OG,NQ,NQ JUN26,SHORT,1,25960.00,25999.25,-789.36,-793.72,-158.7,LOSS,STOP_HIT,25998.00,760.00,2026-05-07 09:21:32
2026-02-11,2026-02-11 10:20:00,2026-02-11 10:20:00,OG,Backtest,AdxDiCrossBracketOG,OG_AdxDiCrossBracketOG,OG,NQ,NQ JUN26,SHORT,1,25395.25,25345.50,990.64,986.28,197.3,WIN,TARGET_HIT,25448.50,1065.00,2026-05-07 09:21:32
2026-02-11,2026-02-11 10:20:00,2026-02-11 10:20:00,OG,Backtest,AdxDiCrossBracketOG,OG_AdxDiCrossBracketOG,OG,NQ,NQ JUN26,SHORT,1,25395.25,25345.50,990.64,986.28,197.3,WIN,TARGET_HIT,25448.50,1065.00,2026-05-07 09:21:32
2026-01-28,2026-01-28 10:55:00,2026-01-28 11:05:00,OG,Backtest,AdxDiCrossBracketOG,OG_AdxDiCrossBracketOG,OG,NQ,NQ JUN26,SHORT,1,26394.50,26393.50,15.64,11.28,2.3,WIN,STOP_HIT,26429.00,690.00,2026-05-07 09:21:32
2026-02-05,2026-02-05 11:40:00,2026-02-05 11:50:00,OG,Backtest,AdxDiCrossBracketOG,OG_AdxDiCrossBracketOG,OG,NQ,NQ JUN26,LONG,1,25026.25,24991.50,-699.36,-703.72,-140.7,LOSS,STOP_HIT,24938.00,1765.00,2026-05-07 09:21:32
2026-02-11,2026-02-11 10:20:00,2026-02-11 10:20:00,OG,Backtest,AdxDiCrossBracketOG,OG_AdxDiCrossBracketOG,OG,NQ,NQ JUN26,SHORT,1,25395.25,25345.50,990.64,986.28,197.3,WIN,TARGET_HIT,25448.50,1065.00,2026-05-07 09:21:32
2026-02-11,2026-02-11 11:20:00,2026-02-11 11:25:00,OG,Backtest,AdxDiCrossBracketOG,OG_AdxDiCrossBracketOG,OG,NQ,NQ JUN26,LONG,1,25468.75,25457.00,-239.36,-243.72,-48.7,LOSS,STOP_HIT,25406.75,1240.00,2026-05-07 09:21:32
2026-01-20,2026-01-20 10:50:00,2026-01-20 10:55:00,OG,Backtest,AdxDiCrossBracketOG,OG_AdxDiCrossBracketOG,OG,NQ,NQ JUN26,LONG,1,25598.75,25558.75,-804.36,-808.72,-161.7,LOSS,STOP_HIT,25550.75,960.00,2026-05-07 09:21:32
2026-01-16,2026-01-16 11:30:00,2026-01-16 11:35:00,OG,Backtest,AdxDiCrossBracketOG,OG_AdxDiCrossBracketOG,OG,NQ,NQ JUN26,LONG,1,25912.25,25924.50,240.64,236.28,47.3,WIN,STOP_HIT,25874.75,750.00,2026-05-07 09:21:32
2026-03-17,2026-03-17 11:15:00,2026-03-17 11:20:00,OG,Backtest,AdxDiCrossBracketOG,OG_AdxDiCrossBracketOG,OG,NQ,NQ JUN26,SHORT,1,25019.75,25057.00,-749.36,-753.72,-150.7,LOSS,STOP_HIT,25056.25,730.00,2026-05-07 09:21:32
2026-03-13,2026-03-13 10:50:00,2026-03-13 10:50:00,OG,Backtest,AdxDiCrossBracketOG,OG_AdxDiCrossBracketOG,OG,NQ,NQ JUN26,SHORT,1,24804.25,24755.00,980.64,976.28,195.3,WIN,TARGET_HIT,24853.50,985.00,2026-05-07 09:21:32
2026-01-30,2026-01-30 11:00:00,2026-01-30 11:10:00,OG,Backtest,AdxDiCrossBracketOG,OG_AdxDiCrossBracketOG,OG,NQ,NQ JUN26,SHORT,1,26071.50,26048.25,460.64,456.28,91.3,WIN,STOP_HIT,26129.00,1150.00,2026-05-07 09:21:32
2026-02-17,2026-02-17 11:10:00,2026-02-17 11:10:00,OG,Backtest,AdxDiCrossBracketOG,OG_AdxDiCrossBracketOG,OG,NQ,NQ JUN26,LONG,1,24862.00,24927.25,1300.64,1296.28,259.3,WIN,TARGET_HIT,24793.75,1365.00,2026-05-07 09:21:32
2026-02-24,2026-02-24 10:10:00,2026-02-24 10:10:00,OG,Backtest,AdxDiCrossBracketOG,OG_AdxDiCrossBracketOG,OG,NQ,NQ JUN26,SHORT,1,25048.00,25093.50,-914.36,-918.72,-183.7,LOSS,STOP_HIT,25092.25,885.00,2026-05-07 09:21:32
2026-01-23,2026-01-23 10:10:00,2026-01-23 10:15:00,OG,Backtest,AdxDiCrossBracketOG,OG_AdxDiCrossBracketOG,OG,NQ,NQ JUN26,LONG,1,25921.75,25885.00,-739.36,-743.72,-148.7,LOSS,STOP_HIT,25885.50,725.00,2026-05-07 09:21:32
2026-02-10,2026-02-10 09:45:00,2026-02-10 09:45:00,OG,Backtest,AdxDiCrossBracketOG,OG_AdxDiCrossBracketOG,OG,NQ,NQ JUN26,SHORT,1,25534.50,25512.25,440.64,436.28,87.3,WIN,TARGET_HIT,25559.75,505.00,2026-05-07 09:21:32
2026-03-25,2026-03-25 11:20:00,2026-03-25 11:20:00,OG,Backtest,AdxDiCrossBracketOG,OG_AdxDiCrossBracketOG,OG,NQ,NQ JUN26,SHORT,1,24385.25,24336.50,970.64,966.28,193.3,WIN,TARGET_HIT,24438.00,1055.00,2026-05-07 09:21:32
2026-01-09,2026-01-09 09:45:00,2026-01-09 09:50:00,OG,Backtest,AdxDiCrossBracketOG,OG_AdxDiCrossBracketOG,OG,NQ,NQ JUN26,LONG,1,25965.75,25936.75,-584.36,-588.72,-117.7,LOSS,STOP_HIT,25938.00,555.00,2026-05-07 09:21:32
2026-04-06,2026-04-06 10:55:00,2026-04-06 11:00:00,OG,Backtest,AdxDiCrossBracketOG,OG_AdxDiCrossBracketOG,OG,NQ,NQ JUN26,SHORT,1,24269.25,24322.25,-1064.36,-1068.72,-213.7,LOSS,STOP_HIT,24321.00,1035.00,2026-05-07 09:21:32
2026-01-28,2026-01-28 10:55:00,2026-01-28 11:05:00,OG,Backtest,AdxDiCrossBracketOG,OG_AdxDiCrossBracketOG,OG,NQ,NQ JUN26,SHORT,1,26394.50,26393.50,15.64,11.28,2.3,WIN,STOP_HIT,26429.00,690.00,2026-05-07 09:21:32
2026-02-24,2026-02-24 09:50:00,2026-02-24 09:50:00,OG,Backtest,AdxDiCrossBracketOG,OG_AdxDiCrossBracketOG,OG,NQ,NQ JUN26,LONG,1,25121.25,25157.50,720.64,716.28,143.3,WIN,TARGET_HIT,25081.50,795.00,2026-05-07 09:21:32
2026-01-09,2026-01-09 10:10:00,2026-01-09 10:10:00,OG,Backtest,AdxDiCrossBracketOG,OG_AdxDiCrossBracketOG,OG,NQ,NQ JUN26,LONG,1,25922.50,25881.00,-834.36,-838.72,-167.7,LOSS,STOP_HIT,25882.25,805.00,2026-05-07 09:21:32
2026-03-25,2026-03-25 11:20:00,2026-03-25 11:20:00,OG,Backtest,AdxDiCrossBracketOG,OG_AdxDiCrossBracketOG,OG,NQ,NQ JUN26,SHORT,1,24385.25,24336.50,970.64,966.28,193.3,WIN,TARGET_HIT,24438.00,1055.00,2026-05-07 09:21:32
2026-01-09,2026-01-09 10:15:00,2026-01-09 10:15:00,OG,Backtest,AdxDiCrossBracketOG,OG_AdxDiCrossBracketOG,OG,NQ,NQ JUN26,SHORT,1,25849.75,25897.00,-949.36,-953.72,-190.7,LOSS,STOP_HIT,25895.75,920.00,2026-05-07 09:21:32
2026-02-11,2026-02-11 11:20:00,2026-02-11 11:25:00,OG,Backtest,AdxDiCrossBracketOG,OG_AdxDiCrossBracketOG,OG,NQ,NQ JUN26,LONG,1,25468.75,25457.00,-239.36,-243.72,-48.7,LOSS,STOP_HIT,25406.75,1240.00,2026-05-07 09:21:32
2026-04-06,2026-04-06 11:05:00,2026-04-06 11:25:00,OG,Backtest,AdxDiCrossBracketOG,OG_AdxDiCrossBracketOG,OG,NQ,NQ JUN26,LONG,1,24307.50,24293.75,-279.36,-283.72,-56.7,LOSS,STOP_HIT,24255.50,1040.00,2026-05-07 09:21:32
2026-01-30,2026-01-30 10:55:00,2026-01-30 10:55:00,OG,Backtest,AdxDiCrossBracketOG,OG_AdxDiCrossBracketOG,OG,NQ,NQ JUN26,LONG,1,26118.00,26058.75,-1189.36,-1193.72,-238.7,LOSS,STOP_HIT,26060.00,1160.00,2026-05-07 09:21:32
2026-03-27,2026-03-27 11:40:00,2026-03-27 11:45:00,OG,Backtest,AdxDiCrossBracketOG,OG_AdxDiCrossBracketOG,OG,NQ,NQ JUN26,LONG,1,23597.75,23540.25,-1154.36,-1158.72,-231.7,LOSS,STOP_HIT,23541.50,1125.00,2026-05-07 09:21:32
2026-01-07,2026-01-07 10:10:00,2026-01-07 10:10:00,OG,Backtest,AdxDiCrossBracketOG,OG_AdxDiCrossBracketOG,OG,NQ,NQ JUN26,SHORT,1,26050.00,26073.50,-474.36,-478.72,-95.7,LOSS,STOP_HIT,26072.25,445.00,2026-05-07 09:21:32
2026-03-13,2026-03-13 10:50:00,2026-03-13 10:50:00,OG,Backtest,AdxDiCrossBracketOG,OG_AdxDiCrossBracketOG,OG,NQ,NQ JUN26,SHORT,1,24804.25,24755.00,980.64,976.28,195.3,WIN,TARGET_HIT,24853.50,985.00,2026-05-07 09:21:32
2026-04-10,2026-04-10 11:45:00,2026-04-10 12:00:00,OG,Backtest,AdxDiCrossBracketOG,OG_AdxDiCrossBracketOG,OG,NQ,NQ JUN26,SHORT,1,25300.75,25269.75,615.64,611.28,122.3,WIN,TARGET_HIT,25334.25,670.00,2026-05-07 09:21:32
2026-01-16,2026-01-16 11:30:00,2026-01-16 11:35:00,OG,Backtest,AdxDiCrossBracketOG,OG_AdxDiCrossBracketOG,OG,NQ,NQ JUN26,LONG,1,25912.25,25924.50,240.64,236.28,47.3,WIN,STOP_HIT,25874.75,750.00,2026-05-07 09:21:32
2026-02-11,2026-02-11 10:20:00,2026-02-11 10:20:00,OG,Backtest,AdxDiCrossBracketOG,OG_AdxDiCrossBracketOG,OG,NQ,NQ JUN26,SHORT,1,25395.25,25345.50,990.64,986.28,197.3,WIN,TARGET_HIT,25448.50,1065.00,2026-05-07 09:21:32
2026-03-17,2026-03-17 11:15:00,2026-03-17 11:20:00,OG,Backtest,AdxDiCrossBracketOG,OG_AdxDiCrossBracketOG,OG,NQ,NQ JUN26,SHORT,1,25019.75,25057.00,-749.36,-753.72,-150.7,LOSS,STOP_HIT,25056.25,730.00,2026-05-07 09:21:32
2026-03-03,2026-03-03 11:40:00,2026-03-03 11:50:00,OG,Backtest,AdxDiCrossBracketOG,OG_AdxDiCrossBracketOG,OG,NQ,NQ JUN26,SHORT,1,24816.50,24865.00,-974.36,-978.72,-195.7,LOSS,STOP_HIT,24882.75,1325.00,2026-05-07 09:21:32
2026-02-11,2026-02-11 11:05:00,2026-02-11 11:10:00,OG,Backtest,AdxDiCrossBracketOG,OG_AdxDiCrossBracketOG,OG,NQ,NQ JUN26,LONG,1,25454.25,25417.50,-739.36,-743.72,-148.7,LOSS,STOP_HIT,25393.00,1225.00,2026-05-07 09:21:32
2026-02-11,2026-02-11 11:20:00,2026-02-11 11:25:00,OG,Backtest,AdxDiCrossBracketOG,OG_AdxDiCrossBracketOG,OG,NQ,NQ JUN26,LONG,1,25468.75,25457.00,-239.36,-243.72,-48.7,LOSS,STOP_HIT,25406.75,1240.00,2026-05-07 09:21:32
2026-03-25,2026-03-25 11:20:00,2026-03-25 11:20:00,OG,Backtest,AdxDiCrossBracketOG,OG_AdxDiCrossBracketOG,OG,NQ,NQ JUN26,SHORT,1,24385.25,24336.50,970.64,966.28,193.3,WIN,TARGET_HIT,24438.00,1055.00,2026-05-07 09:21:32
2026-03-20,2026-03-20 11:30:00,2026-03-20 12:05:00,OG,Backtest,AdxDiCrossBracketOG,OG_AdxDiCrossBracketOG,OG,NQ,NQ JUN26,LONG,1,24275.00,24327.75,1050.64,1046.28,209.3,WIN,TARGET_HIT,24219.75,1105.00,2026-05-07 09:21:32
2026-03-19,2026-03-19 11:15:00,2026-03-19 11:25:00,OG,Backtest,AdxDiCrossBracketOG,OG_AdxDiCrossBracketOG,OG,NQ,NQ JUN26,LONG,1,24531.00,24485.50,-914.36,-918.72,-183.7,LOSS,STOP_HIT,24473.00,1160.00,2026-05-07 09:21:32
2026-03-27,2026-03-27 11:40:00,2026-03-27 11:45:00,OG,Backtest,AdxDiCrossBracketOG,OG_AdxDiCrossBracketOG,OG,NQ,NQ JUN26,LONG,1,23597.75,23540.25,-1154.36,-1158.72,-231.7,LOSS,STOP_HIT,23541.50,1125.00,2026-05-07 09:21:32
2026-02-13,2026-02-13 10:50:00,2026-02-13 11:00:00,OG,Backtest,AdxDiCrossBracketOG,OG_AdxDiCrossBracketOG,OG,NQ,NQ JUN26,SHORT,1,24982.25,25030.75,-974.36,-978.72,-195.7,LOSS,STOP_HIT,25055.00,1455.00,2026-05-07 09:21:32
2026-03-12,2026-03-12 11:50:00,2026-03-12 11:50:00,OG,Backtest,AdxDiCrossBracketOG,OG_AdxDiCrossBracketOG,OG,NQ,NQ JUN26,LONG,1,24898.75,24843.25,-1114.36,-1118.72,-223.7,LOSS,STOP_HIT,24844.50,1085.00,2026-05-07 09:21:32
2026-03-27,2026-03-27 11:40:00,2026-03-27 11:45:00,OG,Backtest,AdxDiCrossBracketOG,OG_AdxDiCrossBracketOG,OG,NQ,NQ JUN26,LONG,1,23597.75,23540.25,-1154.36,-1158.72,-231.7,LOSS,STOP_HIT,23541.50,1125.00,2026-05-07 09:21:32
2026-03-12,2026-03-12 11:50:00,2026-03-12 11:50:00,OG,Backtest,AdxDiCrossBracketOG,OG_AdxDiCrossBracketOG,OG,NQ,NQ JUN26,LONG,1,24898.75,24843.25,-1114.36,-1118.72,-223.7,LOSS,STOP_HIT,24844.50,1085.00,2026-05-07 09:21:32
2026-04-06,2026-04-06 11:05:00,2026-04-06 11:25:00,OG,Backtest,AdxDiCrossBracketOG,OG_AdxDiCrossBracketOG,OG,NQ,NQ JUN26,LONG,1,24307.50,24293.75,-279.36,-283.72,-56.7,LOSS,STOP_HIT,24255.50,1040.00,2026-05-07 09:21:32
2026-01-28,2026-01-28 11:20:00,2026-01-28 11:25:00,OG,Backtest,AdxDiCrossBracketOG,OG_AdxDiCrossBracketOG,OG,NQ,NQ JUN26,LONG,1,26393.75,26378.25,-314.36,-318.72,-63.7,LOSS,STOP_HIT,26363.25,610.00,2026-05-07 09:21:32
2026-04-07,2026-04-07 11:40:00,2026-04-07 12:00:00,OG,Backtest,AdxDiCrossBracketOG,OG_AdxDiCrossBracketOG,OG,NQ,NQ JUN26,LONG,1,24072.25,24117.50,900.64,896.28,179.3,WIN,TARGET_HIT,24025.00,945.00,2026-05-07 09:21:32
2026-04-06,2026-04-06 11:05:00,2026-04-06 11:25:00,OG,Backtest,AdxDiCrossBracketOG,OG_AdxDiCrossBracketOG,OG,NQ,NQ JUN26,LONG,1,24307.50,24293.75,-279.36,-283.72,-56.7,LOSS,STOP_HIT,24255.50,1040.00,2026-05-07 09:21:32
2026-03-06,2026-03-06 11:10:00,2026-03-06 11:15:00,OG,Backtest,AdxDiCrossBracketOG,OG_AdxDiCrossBracketOG,OG,NQ,NQ JUN26,LONG,1,25102.25,25058.25,-884.36,-888.72,-177.7,LOSS,STOP_HIT,25038.75,1270.00,2026-05-07 09:21:32
2026-04-10,2026-04-10 11:45:00,2026-04-10 12:00:00,OG,Backtest,AdxDiCrossBracketOG,OG_AdxDiCrossBracketOG,OG,NQ,NQ JUN26,SHORT,1,25300.75,25269.75,615.64,611.28,122.3,WIN,TARGET_HIT,25334.25,670.00,2026-05-07 09:21:32
2026-01-07,2026-01-07 09:50:00,2026-01-07 09:50:00,OG,Backtest,AdxDiCrossBracketOG,OG_AdxDiCrossBracketOG,OG,NQ,NQ JUN26,LONG,1,26064.50,26079.75,300.64,296.28,59.3,WIN,TARGET_HIT,26047.25,345.00,2026-05-07 09:21:32
2026-03-27,2026-03-27 11:40:00,2026-03-27 11:45:00,OG,Backtest,AdxDiCrossBracketOG,OG_AdxDiCrossBracketOG,OG,NQ,NQ JUN26,LONG,1,23597.75,23540.25,-1154.36,-1158.72,-231.7,LOSS,STOP_HIT,23541.50,1125.00,2026-05-07 09:21:32
2026-01-30,2026-01-30 10:55:00,2026-01-30 10:55:00,OG,Backtest,AdxDiCrossBracketOG,OG_AdxDiCrossBracketOG,OG,NQ,NQ JUN26,LONG,1,26118.00,26058.75,-1189.36,-1193.72,-238.7,LOSS,STOP_HIT,26060.00,1160.00,2026-05-07 09:21:32
2026-01-09,2026-01-09 09:55:00,2026-01-09 09:55:00,OG,Backtest,AdxDiCrossBracketOG,OG_AdxDiCrossBracketOG,OG,NQ,NQ JUN26,SHORT,1,25912.50,25949.00,-734.36,-738.72,-147.7,LOSS,STOP_HIT,25947.75,705.00,2026-05-07 09:21:32
2026-03-25,2026-03-25 11:20:00,2026-03-25 11:20:00,OG,Backtest,AdxDiCrossBracketOG,OG_AdxDiCrossBracketOG,OG,NQ,NQ JUN26,SHORT,1,24385.25,24336.50,970.64,966.28,193.3,WIN,TARGET_HIT,24438.00,1055.00,2026-05-07 09:21:32
2026-02-13,2026-02-13 10:35:00,2026-02-13 10:35:00,OG,Backtest,AdxDiCrossBracketOG,OG_AdxDiCrossBracketOG,OG,NQ,NQ JUN26,LONG,1,25058.75,25127.00,1360.64,1356.28,271.3,WIN,TARGET_HIT,24987.50,1425.00,2026-05-07 09:21:32
2026-03-27,2026-03-27 11:40:00,2026-03-27 11:45:00,OG,Backtest,AdxDiCrossBracketOG,OG_AdxDiCrossBracketOG,OG,NQ,NQ JUN26,LONG,1,23597.75,23540.25,-1154.36,-1158.72,-231.7,LOSS,STOP_HIT,23541.50,1125.00,2026-05-07 09:21:32
2026-01-09,2026-01-09 10:15:00,2026-01-09 10:15:00,OG,Backtest,AdxDiCrossBracketOG,OG_AdxDiCrossBracketOG,OG,NQ,NQ JUN26,SHORT,1,25849.75,25897.00,-949.36,-953.72,-190.7,LOSS,STOP_HIT,25895.75,920.00,2026-05-07 09:21:32
2026-03-09,2026-03-09 10:45:00,2026-03-09 10:50:00,OG,Backtest,AdxDiCrossBracketOG,OG_AdxDiCrossBracketOG,OG,NQ,NQ JUN26,LONG,1,24692.75,24762.25,1385.64,1381.28,276.3,WIN,TARGET_HIT,24622.25,1410.00,2026-05-07 09:21:32
2026-01-09,2026-01-09 10:15:00,2026-01-09 10:15:00,OG,Backtest,AdxDiCrossBracketOG,OG_AdxDiCrossBracketOG,OG,NQ,NQ JUN26,SHORT,1,25849.75,25897.00,-949.36,-953.72,-190.7,LOSS,STOP_HIT,25895.75,920.00,2026-05-07 09:21:32
2026-04-06,2026-04-06 10:55:00,2026-04-06 11:00:00,OG,Backtest,AdxDiCrossBracketOG,OG_AdxDiCrossBracketOG,OG,NQ,NQ JUN26,SHORT,1,24269.25,24322.25,-1064.36,-1068.72,-213.7,LOSS,STOP_HIT,24321.00,1035.00,2026-05-07 09:21:32
2026-01-28,2026-01-28 11:20:00,2026-01-28 11:25:00,OG,Backtest,AdxDiCrossBracketOG,OG_AdxDiCrossBracketOG,OG,NQ,NQ JUN26,LONG,1,26393.75,26378.25,-314.36,-318.72,-63.7,LOSS,STOP_HIT,26363.25,610.00,2026-05-07 09:21:32
2026-01-09,2026-01-09 10:30:00,2026-01-09 10:30:00,OG,Backtest,AdxDiCrossBracketOG,OG_AdxDiCrossBracketOG,OG,NQ,NQ JUN26,LONG,1,26010.00,26057.25,940.64,936.28,187.3,WIN,TARGET_HIT,25959.75,1005.00,2026-05-07 09:21:32
2026-01-30,2026-01-30 10:55:00,2026-01-30 10:55:00,OG,Backtest,AdxDiCrossBracketOG,OG_AdxDiCrossBracketOG,OG,NQ,NQ JUN26,LONG,1,26118.00,26058.75,-1189.36,-1193.72,-238.7,LOSS,STOP_HIT,26060.00,1160.00,2026-05-07 09:21:32
2026-01-16,2026-01-16 11:30:00,2026-01-16 11:35:00,OG,Backtest,AdxDiCrossBracketOG,OG_AdxDiCrossBracketOG,OG,NQ,NQ JUN26,LONG,1,25912.25,25924.50,240.64,236.28,47.3,WIN,STOP_HIT,25874.75,750.00,2026-05-07 09:21:32
2026-03-24,2026-03-24 11:00:00,2026-03-24 11:00:00,OG,Backtest,AdxDiCrossBracketOG,OG_AdxDiCrossBracketOG,OG,NQ,NQ JUN26,LONG,1,24282.25,24217.00,-1309.36,-1313.72,-262.7,LOSS,STOP_HIT,24218.25,1280.00,2026-05-07 09:21:32
2026-04-02,2026-04-02 10:45:00,2026-04-02 10:45:00,OG,Backtest,AdxDiCrossBracketOG,OG_AdxDiCrossBracketOG,OG,NQ,NQ JUN26,LONG,1,24211.00,24133.25,-1559.36,-1563.72,-312.7,LOSS,STOP_HIT,24134.50,1530.00,2026-05-07 09:21:32
2026-01-20,2026-01-20 10:50:00,2026-01-20 10:55:00,OG,Backtest,AdxDiCrossBracketOG,OG_AdxDiCrossBracketOG,OG,NQ,NQ JUN26,LONG,1,25598.75,25558.75,-804.36,-808.72,-161.7,LOSS,STOP_HIT,25550.75,960.00,2026-05-07 09:21:32
2026-04-10,2026-04-10 11:45:00,2026-04-10 12:00:00,OG,Backtest,AdxDiCrossBracketOG,OG_AdxDiCrossBracketOG,OG,NQ,NQ JUN26,SHORT,1,25300.75,25269.75,615.64,611.28,122.3,WIN,TARGET_HIT,25334.25,670.00,2026-05-07 09:21:32
2026-03-03,2026-03-03 11:25:00,2026-03-03 11:35:00,OG,Backtest,AdxDiCrossBracketOG,OG_AdxDiCrossBracketOG,OG,NQ,NQ JUN26,LONG,1,24795.25,24818.25,455.64,451.28,90.3,WIN,STOP_HIT,24724.00,1425.00,2026-05-07 09:21:32
2026-04-02,2026-04-02 10:45:00,2026-04-02 10:45:00,OG,Backtest,AdxDiCrossBracketOG,OG_AdxDiCrossBracketOG,OG,NQ,NQ JUN26,LONG,1,24211.00,24133.25,-1559.36,-1563.72,-312.7,LOSS,STOP_HIT,24134.50,1530.00,2026-05-07 09:21:32
2026-03-03,2026-03-03 11:40:00,2026-03-03 11:50:00,OG,Backtest,AdxDiCrossBracketOG,OG_AdxDiCrossBracketOG,OG,NQ,NQ JUN26,SHORT,1,24816.50,24865.00,-974.36,-978.72,-195.7,LOSS,STOP_HIT,24882.75,1325.00,2026-05-07 09:21:32
2026-04-06,2026-04-06 10:55:00,2026-04-06 11:00:00,OG,Backtest,AdxDiCrossBracketOG,OG_AdxDiCrossBracketOG,OG,NQ,NQ JUN26,SHORT,1,24269.25,24322.25,-1064.36,-1068.72,-213.7,LOSS,STOP_HIT,24321.00,1035.00,2026-05-07 09:21:32
2026-04-06,2026-04-06 10:55:00,2026-04-06 11:00:00,OG,Backtest,AdxDiCrossBracketOG,OG_AdxDiCrossBracketOG,OG,NQ,NQ JUN26,SHORT,1,24269.25,24322.25,-1064.36,-1068.72,-213.7,LOSS,STOP_HIT,24321.00,1035.00,2026-05-07 09:21:32
2026-04-10,2026-04-10 11:45:00,2026-04-10 12:00:00,OG,Backtest,AdxDiCrossBracketOG,OG_AdxDiCrossBracketOG,OG,NQ,NQ JUN26,SHORT,1,25300.75,25269.75,615.64,611.28,122.3,WIN,TARGET_HIT,25334.25,670.00,2026-05-07 09:21:32
2026-01-07,2026-01-07 10:10:00,2026-01-07 10:10:00,OG,Backtest,AdxDiCrossBracketOG,OG_AdxDiCrossBracketOG,OG,NQ,NQ JUN26,SHORT,1,26050.00,26073.50,-474.36,-478.72,-95.7,LOSS,STOP_HIT,26072.25,445.00,2026-05-07 09:21:32
2026-02-11,2026-02-11 11:20:00,2026-02-11 11:25:00,OG,Backtest,AdxDiCrossBracketOG,OG_AdxDiCrossBracketOG,OG,NQ,NQ JUN26,LONG,1,25468.75,25457.00,-239.36,-243.72,-48.7,LOSS,STOP_HIT,25406.75,1240.00,2026-05-07 09:21:33
2026-02-03,2026-02-03 09:50:00,2026-02-03 09:50:00,OG,Backtest,AdxDiCrossBracketOG,OG_AdxDiCrossBracketOG,OG,NQ,NQ JUN26,SHORT,1,25960.00,25999.25,-789.36,-793.72,-158.7,LOSS,STOP_HIT,25998.00,760.00,2026-05-07 09:21:33
2026-03-12,2026-03-12 11:50:00,2026-03-12 11:50:00,OG,Backtest,AdxDiCrossBracketOG,OG_AdxDiCrossBracketOG,OG,NQ,NQ JUN26,LONG,1,24898.75,24843.25,-1114.36,-1118.72,-223.7,LOSS,STOP_HIT,24844.50,1085.00,2026-05-07 09:21:33
2026-01-30,2026-01-30 10:55:00,2026-01-30 10:55:00,OG,Backtest,AdxDiCrossBracketOG,OG_AdxDiCrossBracketOG,OG,NQ,NQ JUN26,LONG,1,26118.00,26058.75,-1189.36,-1193.72,-238.7,LOSS,STOP_HIT,26060.00,1160.00,2026-05-07 09:21:33
2026-01-07,2026-01-07 10:10:00,2026-01-07 10:10:00,OG,Backtest,AdxDiCrossBracketOG,OG_AdxDiCrossBracketOG,OG,NQ,NQ JUN26,SHORT,1,26050.00,26073.50,-474.36,-478.72,-95.7,LOSS,STOP_HIT,26072.25,445.00,2026-05-07 09:21:33
2026-01-09,2026-01-09 10:10:00,2026-01-09 10:10:00,OG,Backtest,AdxDiCrossBracketOG,OG_AdxDiCrossBracketOG,OG,NQ,NQ JUN26,LONG,1,25922.50,25881.00,-834.36,-838.72,-167.7,LOSS,STOP_HIT,25882.25,805.00,2026-05-07 09:21:33
2026-01-07,2026-01-07 09:50:00,2026-01-07 09:50:00,OG,Backtest,AdxDiCrossBracketOG,OG_AdxDiCrossBracketOG,OG,NQ,NQ JUN26,LONG,1,26064.50,26079.75,300.64,296.28,59.3,WIN,TARGET_HIT,26047.25,345.00,2026-05-07 09:21:33
2026-02-11,2026-02-11 10:20:00,2026-02-11 10:20:00,OG,Backtest,AdxDiCrossBracketOG,OG_AdxDiCrossBracketOG,OG,NQ,NQ JUN26,SHORT,1,25395.25,25345.50,990.64,986.28,197.3,WIN,TARGET_HIT,25448.50,1065.00,2026-05-07 09:21:33
2026-03-13,2026-03-13 10:50:00,2026-03-13 10:50:00,OG,Backtest,AdxDiCrossBracketOG,OG_AdxDiCrossBracketOG,OG,NQ,NQ JUN26,SHORT,1,24804.25,24755.00,980.64,976.28,195.3,WIN,TARGET_HIT,24853.50,985.00,2026-05-07 09:21:33
2026-04-10,2026-04-10 11:45:00,2026-04-10 12:00:00,OG,Backtest,AdxDiCrossBracketOG,OG_AdxDiCrossBracketOG,OG,NQ,NQ JUN26,SHORT,1,25300.75,25269.75,615.64,611.28,122.3,WIN,TARGET_HIT,25334.25,670.00,2026-05-07 09:21:33
2026-02-05,2026-02-05 11:40:00,2026-02-05 11:50:00,OG,Backtest,AdxDiCrossBracketOG,OG_AdxDiCrossBracketOG,OG,NQ,NQ JUN26,LONG,1,25026.25,24991.50,-699.36,-703.72,-140.7,LOSS,STOP_HIT,24938.00,1765.00,2026-05-07 09:21:33
2026-01-09,2026-01-09 09:45:00,2026-01-09 09:50:00,OG,Backtest,AdxDiCrossBracketOG,OG_AdxDiCrossBracketOG,OG,NQ,NQ JUN26,LONG,1,25965.75,25936.75,-584.36,-588.72,-117.7,LOSS,STOP_HIT,25938.00,555.00,2026-05-07 09:21:33
2026-02-10,2026-02-10 09:45:00,2026-02-10 09:45:00,OG,Backtest,AdxDiCrossBracketOG,OG_AdxDiCrossBracketOG,OG,NQ,NQ JUN26,SHORT,1,25534.50,25512.25,440.64,436.28,87.3,WIN,TARGET_HIT,25559.75,505.00,2026-05-07 09:21:33
2026-02-24,2026-02-24 10:15:00,2026-02-24 10:15:00,OG,Backtest,AdxDiCrossBracketOG,OG_AdxDiCrossBracketOG,OG,NQ,NQ JUN26,LONG,1,25110.00,25063.00,-944.36,-948.72,-189.7,LOSS,STOP_HIT,25064.25,915.00,2026-05-07 09:21:33
2026-01-09,2026-01-09 09:45:00,2026-01-09 09:50:00,OG,Backtest,AdxDiCrossBracketOG,OG_AdxDiCrossBracketOG,OG,NQ,NQ JUN26,LONG,1,25965.75,25936.75,-584.36,-588.72,-117.7,LOSS,STOP_HIT,25938.00,555.00,2026-05-07 09:21:33
2026-01-20,2026-01-20 10:50:00,2026-01-20 10:55:00,OG,Backtest,AdxDiCrossBracketOG,OG_AdxDiCrossBracketOG,OG,NQ,NQ JUN26,LONG,1,25598.75,25558.75,-804.36,-808.72,-161.7,LOSS,STOP_HIT,25550.75,960.00,2026-05-07 09:21:33
2026-04-06,2026-04-06 10:55:00,2026-04-06 11:00:00,OG,Backtest,AdxDiCrossBracketOG,OG_AdxDiCrossBracketOG,OG,NQ,NQ JUN26,SHORT,1,24269.25,24322.25,-1064.36,-1068.72,-213.7,LOSS,STOP_HIT,24321.00,1035.00,2026-05-07 09:21:33
2026-01-09,2026-01-09 10:30:00,2026-01-09 10:30:00,OG,Backtest,AdxDiCrossBracketOG,OG_AdxDiCrossBracketOG,OG,NQ,NQ JUN26,LONG,1,26010.00,26057.25,940.64,936.28,187.3,WIN,TARGET_HIT,25959.75,1005.00,2026-05-07 09:21:33
2026-01-06,2026-01-06 11:00:00,2026-01-06 11:05:00,OG,Backtest,AdxDiCrossBracketOG,OG_AdxDiCrossBracketOG,OG,NQ,NQ JUN26,SHORT,1,25908.50,25880.75,550.64,546.28,109.3,WIN,TARGET_HIT,25938.25,595.00,2026-05-07 09:21:33
2026-01-13,2026-01-13 10:10:00,2026-01-13 10:15:00,OG,Backtest,AdxDiCrossBracketOG,OG_AdxDiCrossBracketOG,OG,NQ,NQ JUN26,SHORT,1,26137.25,26108.00,580.64,576.28,115.3,WIN,TARGET_HIT,26168.00,615.00,2026-05-07 09:21:33
2026-04-06,2026-04-06 11:05:00,2026-04-06 11:25:00,OG,Backtest,AdxDiCrossBracketOG,OG_AdxDiCrossBracketOG,OG,NQ,NQ JUN26,LONG,1,24307.50,24293.75,-279.36,-283.72,-56.7,LOSS,STOP_HIT,24255.50,1040.00,2026-05-07 09:21:33
2026-01-12,2026-01-12 11:25:00,2026-01-12 11:35:00,OG,Backtest,AdxDiCrossBracketOG,OG_AdxDiCrossBracketOG,OG,NQ,NQ JUN26,LONG,1,26159.50,26149.25,-209.36,-213.72,-42.7,LOSS,STOP_HIT,26131.75,555.00,2026-05-07 09:21:33
2026-02-11,2026-02-11 10:20:00,2026-02-11 10:20:00,OG,Backtest,AdxDiCrossBracketOG,OG_AdxDiCrossBracketOG,OG,NQ,NQ JUN26,SHORT,1,25395.25,25345.50,990.64,986.28,197.3,WIN,TARGET_HIT,25448.50,1065.00,2026-05-07 09:21:33
2026-04-10,2026-04-10 11:45:00,2026-04-10 12:00:00,OG,Backtest,AdxDiCrossBracketOG,OG_AdxDiCrossBracketOG,OG,NQ,NQ JUN26,SHORT,1,25300.75,25269.75,615.64,611.28,122.3,WIN,TARGET_HIT,25334.25,670.00,2026-05-07 09:21:33
2026-01-16,2026-01-16 11:30:00,2026-01-16 11:35:00,OG,Backtest,AdxDiCrossBracketOG,OG_AdxDiCrossBracketOG,OG,NQ,NQ JUN26,LONG,1,25912.25,25924.50,240.64,236.28,47.3,WIN,STOP_HIT,25874.75,750.00,2026-05-07 09:21:33
2026-01-20,2026-01-20 10:50:00,2026-01-20 10:55:00,OG,Backtest,AdxDiCrossBracketOG,OG_AdxDiCrossBracketOG,OG,NQ,NQ JUN26,LONG,1,25598.75,25558.75,-804.36,-808.72,-161.7,LOSS,STOP_HIT,25550.75,960.00,2026-05-07 09:21:33
2026-01-09,2026-01-09 09:55:00,2026-01-09 09:55:00,OG,Backtest,AdxDiCrossBracketOG,OG_AdxDiCrossBracketOG,OG,NQ,NQ JUN26,SHORT,1,25912.50,25949.00,-734.36,-738.72,-147.7,LOSS,STOP_HIT,25947.75,705.00,2026-05-07 09:21:33
2026-01-20,2026-01-20 10:50:00,2026-01-20 10:55:00,OG,Backtest,AdxDiCrossBracketOG,OG_AdxDiCrossBracketOG,OG,NQ,NQ JUN26,LONG,1,25598.75,25558.75,-804.36,-808.72,-161.7,LOSS,STOP_HIT,25550.75,960.00,2026-05-07 09:21:33
2026-03-17,2026-03-17 11:15:00,2026-03-17 11:20:00,OG,Backtest,AdxDiCrossBracketOG,OG_AdxDiCrossBracketOG,OG,NQ,NQ JUN26,SHORT,1,25019.75,25057.00,-749.36,-753.72,-150.7,LOSS,STOP_HIT,25056.25,730.00,2026-05-07 09:21:33
2026-02-24,2026-02-24 10:15:00,2026-02-24 10:15:00,OG,Backtest,AdxDiCrossBracketOG,OG_AdxDiCrossBracketOG,OG,NQ,NQ JUN26,LONG,1,25110.00,25063.00,-944.36,-948.72,-189.7,LOSS,STOP_HIT,25064.25,915.00,2026-05-07 09:21:33
2026-01-09,2026-01-09 09:45:00,2026-01-09 09:50:00,OG,Backtest,AdxDiCrossBracketOG,OG_AdxDiCrossBracketOG,OG,NQ,NQ JUN26,LONG,1,25965.75,25936.75,-584.36,-588.72,-117.7,LOSS,STOP_HIT,25938.00,555.00,2026-05-07 09:21:33
2026-01-20,2026-01-20 11:10:00,2026-01-20 11:15:00,OG,Backtest,AdxDiCrossBracketOG,OG_AdxDiCrossBracketOG,OG,NQ,NQ JUN26,LONG,1,25588.25,25600.25,235.64,231.28,46.3,WIN,STOP_HIT,25540.75,950.00,2026-05-07 09:21:33
2026-02-13,2026-02-13 10:50:00,2026-02-13 11:00:00,OG,Backtest,AdxDiCrossBracketOG,OG_AdxDiCrossBracketOG,OG,NQ,NQ JUN26,SHORT,1,24982.25,25030.75,-974.36,-978.72,-195.7,LOSS,STOP_HIT,25055.00,1455.00,2026-05-07 09:21:33
2026-01-23,2026-01-23 10:10:00,2026-01-23 10:15:00,OG,Backtest,AdxDiCrossBracketOG,OG_AdxDiCrossBracketOG,OG,NQ,NQ JUN26,LONG,1,25921.75,25885.00,-739.36,-743.72,-148.7,LOSS,STOP_HIT,25885.50,725.00,2026-05-07 09:21:33
2026-02-05,2026-02-05 11:40:00,2026-02-05 11:50:00,OG,Backtest,AdxDiCrossBracketOG,OG_AdxDiCrossBracketOG,OG,NQ,NQ JUN26,LONG,1,25026.25,24991.50,-699.36,-703.72,-140.7,LOSS,STOP_HIT,24938.00,1765.00,2026-05-07 09:21:33
2026-03-03,2026-03-03 11:40:00,2026-03-03 11:50:00,OG,Backtest,AdxDiCrossBracketOG,OG_AdxDiCrossBracketOG,OG,NQ,NQ JUN26,SHORT,1,24816.50,24865.00,-974.36,-978.72,-195.7,LOSS,STOP_HIT,24882.75,1325.00,2026-05-07 09:21:33
2026-03-25,2026-03-25 11:20:00,2026-03-25 11:20:00,OG,Backtest,AdxDiCrossBracketOG,OG_AdxDiCrossBracketOG,OG,NQ,NQ JUN26,SHORT,1,24385.25,24336.50,970.64,966.28,193.3,WIN,TARGET_HIT,24438.00,1055.00,2026-05-07 09:21:33
2026-01-12,2026-01-12 11:25:00,2026-01-12 11:35:00,OG,Backtest,AdxDiCrossBracketOG,OG_AdxDiCrossBracketOG,OG,NQ,NQ JUN26,LONG,1,26159.50,26149.25,-209.36,-213.72,-42.7,LOSS,STOP_HIT,26131.75,555.00,2026-05-07 09:21:33
2026-02-11,2026-02-11 10:20:00,2026-02-11 10:20:00,OG,Backtest,AdxDiCrossBracketOG,OG_AdxDiCrossBracketOG,OG,NQ,NQ JUN26,SHORT,1,25395.25,25345.50,990.64,986.28,197.3,WIN,TARGET_HIT,25448.50,1065.00,2026-05-07 09:21:33
2026-03-17,2026-03-17 11:15:00,2026-03-17 11:20:00,OG,Backtest,AdxDiCrossBracketOG,OG_AdxDiCrossBracketOG,OG,NQ,NQ JUN26,SHORT,1,25019.75,25057.00,-749.36,-753.72,-150.7,LOSS,STOP_HIT,25056.25,730.00,2026-05-07 09:21:33
2026-02-11,2026-02-11 11:05:00,2026-02-11 11:10:00,OG,Backtest,AdxDiCrossBracketOG,OG_AdxDiCrossBracketOG,OG,NQ,NQ JUN26,LONG,1,25454.25,25417.50,-739.36,-743.72,-148.7,LOSS,STOP_HIT,25393.00,1225.00,2026-05-07 09:21:33
2026-02-11,2026-02-11 11:20:00,2026-02-11 11:25:00,OG,Backtest,AdxDiCrossBracketOG,OG_AdxDiCrossBracketOG,OG,NQ,NQ JUN26,LONG,1,25468.75,25457.00,-239.36,-243.72,-48.7,LOSS,STOP_HIT,25406.75,1240.00,2026-05-07 09:21:33
2026-02-13,2026-02-13 10:35:00,2026-02-13 10:35:00,OG,Backtest,AdxDiCrossBracketOG,OG_AdxDiCrossBracketOG,OG,NQ,NQ JUN26,LONG,1,25058.75,25127.00,1360.64,1356.28,271.3,WIN,TARGET_HIT,24987.50,1425.00,2026-05-07 09:21:33
2026-01-06,2026-01-06 11:00:00,2026-01-06 11:05:00,OG,Backtest,AdxDiCrossBracketOG,OG_AdxDiCrossBracketOG,OG,NQ,NQ JUN26,SHORT,1,25908.50,25880.75,550.64,546.28,109.3,WIN,TARGET_HIT,25938.25,595.00,2026-05-07 09:21:33
2026-03-27,2026-03-27 11:40:00,2026-03-27 11:45:00,OG,Backtest,AdxDiCrossBracketOG,OG_AdxDiCrossBracketOG,OG,NQ,NQ JUN26,LONG,1,23597.75,23540.25,-1154.36,-1158.72,-231.7,LOSS,STOP_HIT,23541.50,1125.00,2026-05-07 09:21:33
2026-02-13,2026-02-13 10:50:00,2026-02-13 11:00:00,OG,Backtest,AdxDiCrossBracketOG,OG_AdxDiCrossBracketOG,OG,NQ,NQ JUN26,SHORT,1,24982.25,25030.75,-974.36,-978.72,-195.7,LOSS,STOP_HIT,25055.00,1455.00,2026-05-07 09:21:33
2026-01-09,2026-01-09 09:45:00,2026-01-09 09:50:00,OG,Backtest,AdxDiCrossBracketOG,OG_AdxDiCrossBracketOG,OG,NQ,NQ JUN26,LONG,1,25965.75,25936.75,-584.36,-588.72,-117.7,LOSS,STOP_HIT,25938.00,555.00,2026-05-07 09:21:33
2026-02-13,2026-02-13 10:35:00,2026-02-13 10:35:00,OG,Backtest,AdxDiCrossBracketOG,OG_AdxDiCrossBracketOG,OG,NQ,NQ JUN26,LONG,1,25058.75,25127.00,1360.64,1356.28,271.3,WIN,TARGET_HIT,24987.50,1425.00,2026-05-07 09:21:33
2026-02-11,2026-02-11 11:05:00,2026-02-11 11:10:00,OG,Backtest,AdxDiCrossBracketOG,OG_AdxDiCrossBracketOG,OG,NQ,NQ JUN26,LONG,1,25454.25,25417.50,-739.36,-743.72,-148.7,LOSS,STOP_HIT,25393.00,1225.00,2026-05-07 09:21:33
2026-01-09,2026-01-09 09:45:00,2026-01-09 09:50:00,OG,Backtest,AdxDiCrossBracketOG,OG_AdxDiCrossBracketOG,OG,NQ,NQ JUN26,LONG,1,25965.75,25936.75,-584.36,-588.72,-117.7,LOSS,STOP_HIT,25938.00,555.00,2026-05-07 09:21:33
2026-01-09,2026-01-09 10:10:00,2026-01-09 10:10:00,OG,Backtest,AdxDiCrossBracketOG,OG_AdxDiCrossBracketOG,OG,NQ,NQ JUN26,LONG,1,25922.50,25881.00,-834.36,-838.72,-167.7,LOSS,STOP_HIT,25882.25,805.00,2026-05-07 09:21:33
2026-02-13,2026-02-13 10:50:00,2026-02-13 11:00:00,OG,Backtest,AdxDiCrossBracketOG,OG_AdxDiCrossBracketOG,OG,NQ,NQ JUN26,SHORT,1,24982.25,25030.75,-974.36,-978.72,-195.7,LOSS,STOP_HIT,25055.00,1455.00,2026-05-07 09:21:33
2026-02-24,2026-02-24 10:15:00,2026-02-24 10:15:00,OG,Backtest,AdxDiCrossBracketOG,OG_AdxDiCrossBracketOG,OG,NQ,NQ JUN26,LONG,1,25110.00,25063.00,-944.36,-948.72,-189.7,LOSS,STOP_HIT,25064.25,915.00,2026-05-07 09:21:33
2026-03-06,2026-03-06 11:10:00,2026-03-06 11:15:00,OG,Backtest,AdxDiCrossBracketOG,OG_AdxDiCrossBracketOG,OG,NQ,NQ JUN26,LONG,1,25102.25,25058.25,-884.36,-888.72,-177.7,LOSS,STOP_HIT,25038.75,1270.00,2026-05-07 09:21:33
2026-02-17,2026-02-17 11:10:00,2026-02-17 11:10:00,OG,Backtest,AdxDiCrossBracketOG,OG_AdxDiCrossBracketOG,OG,NQ,NQ JUN26,LONG,1,24862.00,24927.25,1300.64,1296.28,259.3,WIN,TARGET_HIT,24793.75,1365.00,2026-05-07 09:21:33
2026-04-02,2026-04-02 10:45:00,2026-04-02 10:45:00,OG,Backtest,AdxDiCrossBracketOG,OG_AdxDiCrossBracketOG,OG,NQ,NQ JUN26,LONG,1,24211.00,24133.25,-1559.36,-1563.72,-312.7,LOSS,STOP_HIT,24134.50,1530.00,2026-05-07 09:21:33
2026-01-30,2026-01-30 11:00:00,2026-01-30 11:10:00,OG,Backtest,AdxDiCrossBracketOG,OG_AdxDiCrossBracketOG,OG,NQ,NQ JUN26,SHORT,1,26071.50,26048.25,460.64,456.28,91.3,WIN,STOP_HIT,26129.00,1150.00,2026-05-07 09:21:33
2026-03-02,2026-03-02 11:15:00,2026-03-02 11:20:00,OG,Backtest,AdxDiCrossBracketOG,OG_AdxDiCrossBracketOG,OG,NQ,NQ JUN26,LONG,1,25187.75,25180.00,-159.36,-163.72,-32.7,LOSS,STOP_HIT,25129.50,1165.00,2026-05-07 09:21:33
2026-02-24,2026-02-24 10:10:00,2026-02-24 10:10:00,OG,Backtest,AdxDiCrossBracketOG,OG_AdxDiCrossBracketOG,OG,NQ,NQ JUN26,SHORT,1,25048.00,25093.50,-914.36,-918.72,-183.7,LOSS,STOP_HIT,25092.25,885.00,2026-05-07 09:21:33
2026-02-11,2026-02-11 11:20:00,2026-02-11 11:25:00,OG,Backtest,AdxDiCrossBracketOG,OG_AdxDiCrossBracketOG,OG,NQ,NQ JUN26,LONG,1,25468.75,25457.00,-239.36,-243.72,-48.7,LOSS,STOP_HIT,25406.75,1240.00,2026-05-07 09:21:33
2026-03-02,2026-03-02 11:15:00,2026-03-02 11:20:00,OG,Backtest,AdxDiCrossBracketOG,OG_AdxDiCrossBracketOG,OG,NQ,NQ JUN26,LONG,1,25187.75,25180.00,-159.36,-163.72,-32.7,LOSS,STOP_HIT,25129.50,1165.00,2026-05-07 09:21:33
2026-04-07,2026-04-07 11:40:00,2026-04-07 12:00:00,OG,Backtest,AdxDiCrossBracketOG,OG_AdxDiCrossBracketOG,OG,NQ,NQ JUN26,LONG,1,24072.25,24117.50,900.64,896.28,179.3,WIN,TARGET_HIT,24025.00,945.00,2026-05-07 09:21:33
2026-01-20,2026-01-20 10:50:00,2026-01-20 10:55:00,OG,Backtest,AdxDiCrossBracketOG,OG_AdxDiCrossBracketOG,OG,NQ,NQ JUN26,LONG,1,25598.75,25558.75,-804.36,-808.72,-161.7,LOSS,STOP_HIT,25550.75,960.00,2026-05-07 09:21:33
2026-03-06,2026-03-06 11:10:00,2026-03-06 11:15:00,OG,Backtest,AdxDiCrossBracketOG,OG_AdxDiCrossBracketOG,OG,NQ,NQ JUN26,LONG,1,25102.25,25058.25,-884.36,-888.72,-177.7,LOSS,STOP_HIT,25038.75,1270.00,2026-05-07 09:21:33
2026-02-13,2026-02-13 10:50:00,2026-02-13 11:00:00,OG,Backtest,AdxDiCrossBracketOG,OG_AdxDiCrossBracketOG,OG,NQ,NQ JUN26,SHORT,1,24982.25,25030.75,-974.36,-978.72,-195.7,LOSS,STOP_HIT,25055.00,1455.00,2026-05-07 09:21:33
2026-02-13,2026-02-13 10:35:00,2026-02-13 10:35:00,OG,Backtest,AdxDiCrossBracketOG,OG_AdxDiCrossBracketOG,OG,NQ,NQ JUN26,LONG,1,25058.75,25127.00,1360.64,1356.28,271.3,WIN,TARGET_HIT,24987.50,1425.00,2026-05-07 09:21:33
2026-01-07,2026-01-07 10:10:00,2026-01-07 10:10:00,OG,Backtest,AdxDiCrossBracketOG,OG_AdxDiCrossBracketOG,OG,NQ,NQ JUN26,SHORT,1,26050.00,26073.50,-474.36,-478.72,-95.7,LOSS,STOP_HIT,26072.25,445.00,2026-05-07 09:21:33
2026-02-13,2026-02-13 10:35:00,2026-02-13 10:35:00,OG,Backtest,AdxDiCrossBracketOG,OG_AdxDiCrossBracketOG,OG,NQ,NQ JUN26,LONG,1,25058.75,25127.00,1360.64,1356.28,271.3,WIN,TARGET_HIT,24987.50,1425.00,2026-05-07 09:21:33
2026-03-13,2026-03-13 10:50:00,2026-03-13 10:50:00,OG,Backtest,AdxDiCrossBracketOG,OG_AdxDiCrossBracketOG,OG,NQ,NQ JUN26,SHORT,1,24804.25,24755.00,980.64,976.28,195.3,WIN,TARGET_HIT,24853.50,985.00,2026-05-07 09:21:33
2026-02-13,2026-02-13 10:50:00,2026-02-13 11:00:00,OG,Backtest,AdxDiCrossBracketOG,OG_AdxDiCrossBracketOG,OG,NQ,NQ JUN26,SHORT,1,24982.25,25030.75,-974.36,-978.72,-195.7,LOSS,STOP_HIT,25055.00,1455.00,2026-05-07 09:21:33
2026-02-24,2026-02-24 10:15:00,2026-02-24 10:15:00,OG,Backtest,AdxDiCrossBracketOG,OG_AdxDiCrossBracketOG,OG,NQ,NQ JUN26,LONG,1,25110.00,25063.00,-944.36,-948.72,-189.7,LOSS,STOP_HIT,25064.25,915.00,2026-05-07 09:21:33
2026-03-25,2026-03-25 11:20:00,2026-03-25 11:20:00,OG,Backtest,AdxDiCrossBracketOG,OG_AdxDiCrossBracketOG,OG,NQ,NQ JUN26,SHORT,1,24385.25,24336.50,970.64,966.28,193.3,WIN,TARGET_HIT,24438.00,1055.00,2026-05-07 09:21:33
2026-04-02,2026-04-02 10:45:00,2026-04-02 10:45:00,OG,Backtest,AdxDiCrossBracketOG,OG_AdxDiCrossBracketOG,OG,NQ,NQ JUN26,LONG,1,24211.00,24133.25,-1559.36,-1563.72,-312.7,LOSS,STOP_HIT,24134.50,1530.00,2026-05-07 09:21:33
2026-01-30,2026-01-30 11:00:00,2026-01-30 11:10:00,OG,Backtest,AdxDiCrossBracketOG,OG_AdxDiCrossBracketOG,OG,NQ,NQ JUN26,SHORT,1,26071.50,26048.25,460.64,456.28,91.3,WIN,STOP_HIT,26129.00,1150.00,2026-05-07 09:21:33
2026-03-20,2026-03-20 11:30:00,2026-03-20 12:05:00,OG,Backtest,AdxDiCrossBracketOG,OG_AdxDiCrossBracketOG,OG,NQ,NQ JUN26,LONG,1,24275.00,24327.75,1050.64,1046.28,209.3,WIN,TARGET_HIT,24219.75,1105.00,2026-05-07 09:21:33
2026-03-24,2026-03-24 11:00:00,2026-03-24 11:00:00,OG,Backtest,AdxDiCrossBracketOG,OG_AdxDiCrossBracketOG,OG,NQ,NQ JUN26,LONG,1,24282.25,24217.00,-1309.36,-1313.72,-262.7,LOSS,STOP_HIT,24218.25,1280.00,2026-05-07 09:21:33
2026-02-05,2026-02-05 11:40:00,2026-02-05 11:50:00,OG,Backtest,AdxDiCrossBracketOG,OG_AdxDiCrossBracketOG,OG,NQ,NQ JUN26,LONG,1,25026.25,24991.50,-699.36,-703.72,-140.7,LOSS,STOP_HIT,24938.00,1765.00,2026-05-07 09:21:33
2026-03-25,2026-03-25 11:20:00,2026-03-25 11:20:00,OG,Backtest,AdxDiCrossBracketOG,OG_AdxDiCrossBracketOG,OG,NQ,NQ JUN26,SHORT,1,24385.25,24336.50,970.64,966.28,193.3,WIN,TARGET_HIT,24438.00,1055.00,2026-05-07 09:21:33
2026-04-10,2026-04-10 11:45:00,2026-04-10 12:00:00,OG,Backtest,AdxDiCrossBracketOG,OG_AdxDiCrossBracketOG,OG,NQ,NQ JUN26,SHORT,1,25300.75,25269.75,615.64,611.28,122.3,WIN,TARGET_HIT,25334.25,670.00,2026-05-07 09:21:33
2026-02-11,2026-02-11 11:05:00,2026-02-11 11:10:00,OG,Backtest,AdxDiCrossBracketOG,OG_AdxDiCrossBracketOG,OG,NQ,NQ JUN26,LONG,1,25454.25,25417.50,-739.36,-743.72,-148.7,LOSS,STOP_HIT,25393.00,1225.00,2026-05-07 09:21:33
2026-03-17,2026-03-17 11:15:00,2026-03-17 11:20:00,OG,Backtest,AdxDiCrossBracketOG,OG_AdxDiCrossBracketOG,OG,NQ,NQ JUN26,SHORT,1,25019.75,25057.00,-749.36,-753.72,-150.7,LOSS,STOP_HIT,25056.25,730.00,2026-05-07 09:21:33
2026-03-25,2026-03-25 11:20:00,2026-03-25 11:20:00,OG,Backtest,AdxDiCrossBracketOG,OG_AdxDiCrossBracketOG,OG,NQ,NQ JUN26,SHORT,1,24385.25,24336.50,970.64,966.28,193.3,WIN,TARGET_HIT,24438.00,1055.00,2026-05-07 09:21:33
2026-04-10,2026-04-10 11:45:00,2026-04-10 12:00:00,OG,Backtest,AdxDiCrossBracketOG,OG_AdxDiCrossBracketOG,OG,NQ,NQ JUN26,SHORT,1,25300.75,25269.75,615.64,611.28,122.3,WIN,TARGET_HIT,25334.25,670.00,2026-05-07 09:21:33
2026-04-02,2026-04-02 10:45:00,2026-04-02 10:45:00,OG,Backtest,AdxDiCrossBracketOG,OG_AdxDiCrossBracketOG,OG,NQ,NQ JUN26,LONG,1,24211.00,24133.25,-1559.36,-1563.72,-312.7,LOSS,STOP_HIT,24134.50,1530.00,2026-05-07 09:21:33
2026-04-06,2026-04-06 11:35:00,2026-04-06 11:45:00,OG,Backtest,AdxDiCrossBracketOG,OG_AdxDiCrossBracketOG,OG,NQ,NQ JUN26,SHORT,1,24280.00,24290.75,-219.36,-223.72,-44.7,LOSS,STOP_HIT,24325.50,910.00,2026-05-07 09:21:33
2026-04-06,2026-04-06 11:05:00,2026-04-06 11:25:00,OG,Backtest,AdxDiCrossBracketOG,OG_AdxDiCrossBracketOG,OG,NQ,NQ JUN26,LONG,1,24307.50,24293.75,-279.36,-283.72,-56.7,LOSS,STOP_HIT,24255.50,1040.00,2026-05-07 09:21:33
2026-01-12,2026-01-12 11:25:00,2026-01-12 11:35:00,OG,Backtest,AdxDiCrossBracketOG,OG_AdxDiCrossBracketOG,OG,NQ,NQ JUN26,LONG,1,26159.50,26149.25,-209.36,-213.72,-42.7,LOSS,STOP_HIT,26131.75,555.00,2026-05-07 09:21:33
2026-04-07,2026-04-07 11:40:00,2026-04-07 12:00:00,OG,Backtest,AdxDiCrossBracketOG,OG_AdxDiCrossBracketOG,OG,NQ,NQ JUN26,LONG,1,24072.25,24117.50,900.64,896.28,179.3,WIN,TARGET_HIT,24025.00,945.00,2026-05-07 09:21:33
2026-01-07,2026-01-07 10:10:00,2026-01-07 10:10:00,OG,Backtest,AdxDiCrossBracketOG,OG_AdxDiCrossBracketOG,OG,NQ,NQ JUN26,SHORT,1,26050.00,26073.50,-474.36,-478.72,-95.7,LOSS,STOP_HIT,26072.25,445.00,2026-05-07 09:21:33
2026-03-13,2026-03-13 10:50:00,2026-03-13 10:50:00,OG,Backtest,AdxDiCrossBracketOG,OG_AdxDiCrossBracketOG,OG,NQ,NQ JUN26,SHORT,1,24804.25,24755.00,980.64,976.28,195.3,WIN,TARGET_HIT,24853.50,985.00,2026-05-07 09:21:33
2026-03-19,2026-03-19 11:15:00,2026-03-19 11:25:00,OG,Backtest,AdxDiCrossBracketOG,OG_AdxDiCrossBracketOG,OG,NQ,NQ JUN26,LONG,1,24531.00,24485.50,-914.36,-918.72,-183.7,LOSS,STOP_HIT,24473.00,1160.00,2026-05-07 09:21:33
2026-03-25,2026-03-25 11:20:00,2026-03-25 11:20:00,OG,Backtest,AdxDiCrossBracketOG,OG_AdxDiCrossBracketOG,OG,NQ,NQ JUN26,SHORT,1,24385.25,24336.50,970.64,966.28,193.3,WIN,TARGET_HIT,24438.00,1055.00,2026-05-07 09:21:33
2026-04-07,2026-04-07 11:40:00,2026-04-07 12:00:00,OG,Backtest,AdxDiCrossBracketOG,OG_AdxDiCrossBracketOG,OG,NQ,NQ JUN26,LONG,1,24072.25,24117.50,900.64,896.28,179.3,WIN,TARGET_HIT,24025.00,945.00,2026-05-07 09:21:33
2026-01-09,2026-01-09 09:45:00,2026-01-09 09:50:00,OG,Backtest,AdxDiCrossBracketOG,OG_AdxDiCrossBracketOG,OG,NQ,NQ JUN26,LONG,1,25965.75,25936.75,-584.36,-588.72,-117.7,LOSS,STOP_HIT,25938.00,555.00,2026-05-07 09:21:33
2026-03-27,2026-03-27 11:40:00,2026-03-27 11:45:00,OG,Backtest,AdxDiCrossBracketOG,OG_AdxDiCrossBracketOG,OG,NQ,NQ JUN26,LONG,1,23597.75,23540.25,-1154.36,-1158.72,-231.7,LOSS,STOP_HIT,23541.50,1125.00,2026-05-07 09:21:33
2026-01-09,2026-01-09 09:55:00,2026-01-09 09:55:00,OG,Backtest,AdxDiCrossBracketOG,OG_AdxDiCrossBracketOG,OG,NQ,NQ JUN26,SHORT,1,25912.50,25949.00,-734.36,-738.72,-147.7,LOSS,STOP_HIT,25947.75,705.00,2026-05-07 09:21:33
2026-03-03,2026-03-03 11:25:00,2026-03-03 11:35:00,OG,Backtest,AdxDiCrossBracketOG,OG_AdxDiCrossBracketOG,OG,NQ,NQ JUN26,LONG,1,24795.25,24818.25,455.64,451.28,90.3,WIN,STOP_HIT,24724.00,1425.00,2026-05-07 09:21:33
2026-01-09,2026-01-09 10:15:00,2026-01-09 10:15:00,OG,Backtest,AdxDiCrossBracketOG,OG_AdxDiCrossBracketOG,OG,NQ,NQ JUN26,SHORT,1,25849.75,25897.00,-949.36,-953.72,-190.7,LOSS,STOP_HIT,25895.75,920.00,2026-05-07 09:21:33
2026-03-25,2026-03-25 11:20:00,2026-03-25 11:20:00,OG,Backtest,AdxDiCrossBracketOG,OG_AdxDiCrossBracketOG,OG,NQ,NQ JUN26,SHORT,1,24385.25,24336.50,970.64,966.28,193.3,WIN,TARGET_HIT,24438.00,1055.00,2026-05-07 09:21:33
2026-04-06,2026-04-06 11:05:00,2026-04-06 11:25:00,OG,Backtest,AdxDiCrossBracketOG,OG_AdxDiCrossBracketOG,OG,NQ,NQ JUN26,LONG,1,24307.50,24293.75,-279.36,-283.72,-56.7,LOSS,STOP_HIT,24255.50,1040.00,2026-05-07 09:21:33
2026-01-13,2026-01-13 10:10:00,2026-01-13 10:15:00,OG,Backtest,AdxDiCrossBracketOG,OG_AdxDiCrossBracketOG,OG,NQ,NQ JUN26,SHORT,1,26137.25,26108.00,580.64,576.28,115.3,WIN,TARGET_HIT,26168.00,615.00,2026-05-07 09:21:33
2026-04-06,2026-04-06 11:35:00,2026-04-06 11:45:00,OG,Backtest,AdxDiCrossBracketOG,OG_AdxDiCrossBracketOG,OG,NQ,NQ JUN26,SHORT,1,24280.00,24290.75,-219.36,-223.72,-44.7,LOSS,STOP_HIT,24325.50,910.00,2026-05-07 09:21:33
2026-01-28,2026-01-28 11:20:00,2026-01-28 11:25:00,OG,Backtest,AdxDiCrossBracketOG,OG_AdxDiCrossBracketOG,OG,NQ,NQ JUN26,LONG,1,26393.75,26378.25,-314.36,-318.72,-63.7,LOSS,STOP_HIT,26363.25,610.00,2026-05-07 09:21:33
2026-03-17,2026-03-17 11:15:00,2026-03-17 11:20:00,OG,Backtest,AdxDiCrossBracketOG,OG_AdxDiCrossBracketOG,OG,NQ,NQ JUN26,SHORT,1,25019.75,25057.00,-749.36,-753.72,-150.7,LOSS,STOP_HIT,25056.25,730.00,2026-05-07 09:21:33
2026-04-07,2026-04-07 11:40:00,2026-04-07 12:00:00,OG,Backtest,AdxDiCrossBracketOG,OG_AdxDiCrossBracketOG,OG,NQ,NQ JUN26,LONG,1,24072.25,24117.50,900.64,896.28,179.3,WIN,TARGET_HIT,24025.00,945.00,2026-05-07 09:21:33
2026-03-13,2026-03-13 10:50:00,2026-03-13 10:50:00,OG,Backtest,AdxDiCrossBracketOG,OG_AdxDiCrossBracketOG,OG,NQ,NQ JUN26,SHORT,1,24804.25,24755.00,980.64,976.28,195.3,WIN,TARGET_HIT,24853.50,985.00,2026-05-07 09:21:33
2026-02-05,2026-02-05 11:40:00,2026-02-05 11:50:00,OG,Backtest,AdxDiCrossBracketOG,OG_AdxDiCrossBracketOG,OG,NQ,NQ JUN26,LONG,1,25026.25,24991.50,-699.36,-703.72,-140.7,LOSS,STOP_HIT,24938.00,1765.00,2026-05-07 09:21:33
2026-04-06,2026-04-06 11:35:00,2026-04-06 11:45:00,OG,Backtest,AdxDiCrossBracketOG,OG_AdxDiCrossBracketOG,OG,NQ,NQ JUN26,SHORT,1,24280.00,24290.75,-219.36,-223.72,-44.7,LOSS,STOP_HIT,24325.50,910.00,2026-05-07 09:21:33
2026-01-21,2026-01-21 11:45:00,2026-01-21 11:45:00,OG,Backtest,AdxDiCrossBracketOG,OG_AdxDiCrossBracketOG,OG,NQ,NQ JUN26,SHORT,1,25543.00,25505.75,740.64,736.28,147.3,WIN,TARGET_HIT,25582.25,785.00,2026-05-07 09:21:33
2026-01-09,2026-01-09 09:55:00,2026-01-09 09:55:00,OG,Backtest,AdxDiCrossBracketOG,OG_AdxDiCrossBracketOG,OG,NQ,NQ JUN26,SHORT,1,25912.50,25949.00,-734.36,-738.72,-147.7,LOSS,STOP_HIT,25947.75,705.00,2026-05-07 09:21:33
2026-03-24,2026-03-24 11:00:00,2026-03-24 11:00:00,OG,Backtest,AdxDiCrossBracketOG,OG_AdxDiCrossBracketOG,OG,NQ,NQ JUN26,LONG,1,24282.25,24217.00,-1309.36,-1313.72,-262.7,LOSS,STOP_HIT,24218.25,1280.00,2026-05-07 09:21:33
2026-02-13,2026-02-13 10:35:00,2026-02-13 10:35:00,OG,Backtest,AdxDiCrossBracketOG,OG_AdxDiCrossBracketOG,OG,NQ,NQ JUN26,LONG,1,25058.75,25127.00,1360.64,1356.28,271.3,WIN,TARGET_HIT,24987.50,1425.00,2026-05-07 09:21:33
2026-01-07,2026-01-07 09:50:00,2026-01-07 09:50:00,OG,Backtest,AdxDiCrossBracketOG,OG_AdxDiCrossBracketOG,OG,NQ,NQ JUN26,LONG,1,26064.50,26079.75,300.64,296.28,59.3,WIN,TARGET_HIT,26047.25,345.00,2026-05-07 09:21:33
2026-02-13,2026-02-13 10:50:00,2026-02-13 11:00:00,OG,Backtest,AdxDiCrossBracketOG,OG_AdxDiCrossBracketOG,OG,NQ,NQ JUN26,SHORT,1,24982.25,25030.75,-974.36,-978.72,-195.7,LOSS,STOP_HIT,25055.00,1455.00,2026-05-07 09:21:33
2026-01-09,2026-01-09 10:30:00,2026-01-09 10:30:00,OG,Backtest,AdxDiCrossBracketOG,OG_AdxDiCrossBracketOG,OG,NQ,NQ JUN26,LONG,1,26010.00,26057.25,940.64,936.28,187.3,WIN,TARGET_HIT,25959.75,1005.00,2026-05-07 09:21:33
2026-01-09,2026-01-09 09:55:00,2026-01-09 09:55:00,OG,Backtest,AdxDiCrossBracketOG,OG_AdxDiCrossBracketOG,OG,NQ,NQ JUN26,SHORT,1,25912.50,25949.00,-734.36,-738.72,-147.7,LOSS,STOP_HIT,25947.75,705.00,2026-05-07 09:21:33
2026-04-07,2026-04-07 11:40:00,2026-04-07 12:00:00,OG,Backtest,AdxDiCrossBracketOG,OG_AdxDiCrossBracketOG,OG,NQ,NQ JUN26,LONG,1,24072.25,24117.50,900.64,896.28,179.3,WIN,TARGET_HIT,24025.00,945.00,2026-05-07 09:21:33
2026-04-06,2026-04-06 11:05:00,2026-04-06 11:25:00,OG,Backtest,AdxDiCrossBracketOG,OG_AdxDiCrossBracketOG,OG,NQ,NQ JUN26,LONG,1,24307.50,24293.75,-279.36,-283.72,-56.7,LOSS,STOP_HIT,24255.50,1040.00,2026-05-07 09:21:33
2026-01-09,2026-01-09 10:15:00,2026-01-09 10:15:00,OG,Backtest,AdxDiCrossBracketOG,OG_AdxDiCrossBracketOG,OG,NQ,NQ JUN26,SHORT,1,25849.75,25897.00,-949.36,-953.72,-190.7,LOSS,STOP_HIT,25895.75,920.00,2026-05-07 09:21:33
2026-01-07,2026-01-07 09:50:00,2026-01-07 09:50:00,OG,Backtest,AdxDiCrossBracketOG,OG_AdxDiCrossBracketOG,OG,NQ,NQ JUN26,LONG,1,26064.50,26079.75,300.64,296.28,59.3,WIN,TARGET_HIT,26047.25,345.00,2026-05-07 09:21:33
2026-01-06,2026-01-06 11:00:00,2026-01-06 11:05:00,OG,Backtest,AdxDiCrossBracketOG,OG_AdxDiCrossBracketOG,OG,NQ,NQ JUN26,SHORT,1,25908.50,25880.75,550.64,546.28,109.3,WIN,TARGET_HIT,25938.25,595.00,2026-05-07 09:21:33
2026-01-09,2026-01-09 09:45:00,2026-01-09 09:50:00,OG,Backtest,AdxDiCrossBracketOG,OG_AdxDiCrossBracketOG,OG,NQ,NQ JUN26,LONG,1,25965.75,25936.75,-584.36,-588.72,-117.7,LOSS,STOP_HIT,25938.00,555.00,2026-05-07 09:21:33
2026-01-09,2026-01-09 09:45:00,2026-01-09 09:50:00,OG,Backtest,AdxDiCrossBracketOG,OG_AdxDiCrossBracketOG,OG,NQ,NQ JUN26,LONG,1,25965.75,25936.75,-584.36,-588.72,-117.7,LOSS,STOP_HIT,25938.00,555.00,2026-05-07 09:21:33
2026-03-03,2026-03-03 11:25:00,2026-03-03 11:35:00,OG,Backtest,AdxDiCrossBracketOG,OG_AdxDiCrossBracketOG,OG,NQ,NQ JUN26,LONG,1,24795.25,24818.25,455.64,451.28,90.3,WIN,STOP_HIT,24724.00,1425.00,2026-05-07 09:21:33
2026-02-11,2026-02-11 11:20:00,2026-02-11 11:25:00,OG,Backtest,AdxDiCrossBracketOG,OG_AdxDiCrossBracketOG,OG,NQ,NQ JUN26,LONG,1,25468.75,25457.00,-239.36,-243.72,-48.7,LOSS,STOP_HIT,25406.75,1240.00,2026-05-07 09:21:33
2026-01-16,2026-01-16 11:30:00,2026-01-16 11:35:00,OG,Backtest,AdxDiCrossBracketOG,OG_AdxDiCrossBracketOG,OG,NQ,NQ JUN26,LONG,1,25912.25,25924.50,240.64,236.28,47.3,WIN,STOP_HIT,25874.75,750.00,2026-05-07 09:21:33
2026-01-09,2026-01-09 10:15:00,2026-01-09 10:15:00,OG,Backtest,AdxDiCrossBracketOG,OG_AdxDiCrossBracketOG,OG,NQ,NQ JUN26,SHORT,1,25849.75,25897.00,-949.36,-953.72,-190.7,LOSS,STOP_HIT,25895.75,920.00,2026-05-07 09:21:33
2026-01-28,2026-01-28 11:20:00,2026-01-28 11:25:00,OG,Backtest,AdxDiCrossBracketOG,OG_AdxDiCrossBracketOG,OG,NQ,NQ JUN26,LONG,1,26393.75,26378.25,-314.36,-318.72,-63.7,LOSS,STOP_HIT,26363.25,610.00,2026-05-07 09:21:33
2026-01-09,2026-01-09 10:30:00,2026-01-09 10:30:00,OG,Backtest,AdxDiCrossBracketOG,OG_AdxDiCrossBracketOG,OG,NQ,NQ JUN26,LONG,1,26010.00,26057.25,940.64,936.28,187.3,WIN,TARGET_HIT,25959.75,1005.00,2026-05-07 09:21:33
2026-01-30,2026-01-30 10:55:00,2026-01-30 10:55:00,OG,Backtest,AdxDiCrossBracketOG,OG_AdxDiCrossBracketOG,OG,NQ,NQ JUN26,LONG,1,26118.00,26058.75,-1189.36,-1193.72,-238.7,LOSS,STOP_HIT,26060.00,1160.00,2026-05-07 09:21:33
2026-01-21,2026-01-21 11:45:00,2026-01-21 11:45:00,OG,Backtest,AdxDiCrossBracketOG,OG_AdxDiCrossBracketOG,OG,NQ,NQ JUN26,SHORT,1,25543.00,25505.75,740.64,736.28,147.3,WIN,TARGET_HIT,25582.25,785.00,2026-05-07 09:21:33
2026-01-21,2026-01-21 11:45:00,2026-01-21 11:45:00,OG,Backtest,AdxDiCrossBracketOG,OG_AdxDiCrossBracketOG,OG,NQ,NQ JUN26,SHORT,1,25543.00,25505.75,740.64,736.28,147.3,WIN,TARGET_HIT,25582.25,785.00,2026-05-07 09:21:33
2026-03-17,2026-03-17 11:15:00,2026-03-17 11:20:00,OG,Backtest,AdxDiCrossBracketOG,OG_AdxDiCrossBracketOG,OG,NQ,NQ JUN26,SHORT,1,25019.75,25057.00,-749.36,-753.72,-150.7,LOSS,STOP_HIT,25056.25,730.00,2026-05-07 09:21:33
2026-01-13,2026-01-13 10:10:00,2026-01-13 10:15:00,OG,Backtest,AdxDiCrossBracketOG,OG_AdxDiCrossBracketOG,OG,NQ,NQ JUN26,SHORT,1,26137.25,26108.00,580.64,576.28,115.3,WIN,TARGET_HIT,26168.00,615.00,2026-05-07 09:21:33
2026-01-28,2026-01-28 10:55:00,2026-01-28 11:05:00,OG,Backtest,AdxDiCrossBracketOG,OG_AdxDiCrossBracketOG,OG,NQ,NQ JUN26,SHORT,1,26394.50,26393.50,15.64,11.28,2.3,WIN,STOP_HIT,26429.00,690.00,2026-05-07 09:21:33
2026-01-28,2026-01-28 11:20:00,2026-01-28 11:25:00,OG,Backtest,AdxDiCrossBracketOG,OG_AdxDiCrossBracketOG,OG,NQ,NQ JUN26,LONG,1,26393.75,26378.25,-314.36,-318.72,-63.7,LOSS,STOP_HIT,26363.25,610.00,2026-05-07 09:21:33
2026-02-13,2026-02-13 10:35:00,2026-02-13 10:35:00,OG,Backtest,AdxDiCrossBracketOG,OG_AdxDiCrossBracketOG,OG,NQ,NQ JUN26,LONG,1,25058.75,25127.00,1360.64,1356.28,271.3,WIN,TARGET_HIT,24987.50,1425.00,2026-05-07 09:21:33
2026-01-21,2026-01-21 11:45:00,2026-01-21 11:45:00,OG,Backtest,AdxDiCrossBracketOG,OG_AdxDiCrossBracketOG,OG,NQ,NQ JUN26,SHORT,1,25543.00,25505.75,740.64,736.28,147.3,WIN,TARGET_HIT,25582.25,785.00,2026-05-07 09:21:33
2026-01-30,2026-01-30 11:00:00,2026-01-30 11:10:00,OG,Backtest,AdxDiCrossBracketOG,OG_AdxDiCrossBracketOG,OG,NQ,NQ JUN26,SHORT,1,26071.50,26048.25,460.64,456.28,91.3,WIN,STOP_HIT,26129.00,1150.00,2026-05-07 09:21:33
2026-01-07,2026-01-07 10:10:00,2026-01-07 10:10:00,OG,Backtest,AdxDiCrossBracketOG,OG_AdxDiCrossBracketOG,OG,NQ,NQ JUN26,SHORT,1,26050.00,26073.50,-474.36,-478.72,-95.7,LOSS,STOP_HIT,26072.25,445.00,2026-05-07 09:21:33
2026-01-06,2026-01-06 11:00:00,2026-01-06 11:05:00,OG,Backtest,AdxDiCrossBracketOG,OG_AdxDiCrossBracketOG,OG,NQ,NQ JUN26,SHORT,1,25908.50,25880.75,550.64,546.28,109.3,WIN,TARGET_HIT,25938.25,595.00,2026-05-07 09:21:33
2026-02-13,2026-02-13 10:50:00,2026-02-13 11:00:00,OG,Backtest,AdxDiCrossBracketOG,OG_AdxDiCrossBracketOG,OG,NQ,NQ JUN26,SHORT,1,24982.25,25030.75,-974.36,-978.72,-195.7,LOSS,STOP_HIT,25055.00,1455.00,2026-05-07 09:21:33
2026-03-06,2026-03-06 11:10:00,2026-03-06 11:15:00,OG,Backtest,AdxDiCrossBracketOG,OG_AdxDiCrossBracketOG,OG,NQ,NQ JUN26,LONG,1,25102.25,25058.25,-884.36,-888.72,-177.7,LOSS,STOP_HIT,25038.75,1270.00,2026-05-07 09:21:33
2026-01-23,2026-01-23 10:10:00,2026-01-23 10:15:00,OG,Backtest,AdxDiCrossBracketOG,OG_AdxDiCrossBracketOG,OG,NQ,NQ JUN26,LONG,1,25921.75,25885.00,-739.36,-743.72,-148.7,LOSS,STOP_HIT,25885.50,725.00,2026-05-07 09:21:33
2026-02-11,2026-02-11 11:05:00,2026-02-11 11:10:00,OG,Backtest,AdxDiCrossBracketOG,OG_AdxDiCrossBracketOG,OG,NQ,NQ JUN26,LONG,1,25454.25,25417.50,-739.36,-743.72,-148.7,LOSS,STOP_HIT,25393.00,1225.00,2026-05-07 09:21:33
2026-01-09,2026-01-09 10:15:00,2026-01-09 10:15:00,OG,Backtest,AdxDiCrossBracketOG,OG_AdxDiCrossBracketOG,OG,NQ,NQ JUN26,SHORT,1,25849.75,25897.00,-949.36,-953.72,-190.7,LOSS,STOP_HIT,25895.75,920.00,2026-05-07 09:21:33
2026-02-24,2026-02-24 09:50:00,2026-02-24 09:50:00,OG,Backtest,AdxDiCrossBracketOG,OG_AdxDiCrossBracketOG,OG,NQ,NQ JUN26,LONG,1,25121.25,25157.50,720.64,716.28,143.3,WIN,TARGET_HIT,25081.50,795.00,2026-05-07 09:21:33
2026-02-11,2026-02-11 10:20:00,2026-02-11 10:20:00,OG,Backtest,AdxDiCrossBracketOG,OG_AdxDiCrossBracketOG,OG,NQ,NQ JUN26,SHORT,1,25395.25,25345.50,990.64,986.28,197.3,WIN,TARGET_HIT,25448.50,1065.00,2026-05-07 09:21:33
2026-01-28,2026-01-28 11:20:00,2026-01-28 11:25:00,OG,Backtest,AdxDiCrossBracketOG,OG_AdxDiCrossBracketOG,OG,NQ,NQ JUN26,LONG,1,26393.75,26378.25,-314.36,-318.72,-63.7,LOSS,STOP_HIT,26363.25,610.00,2026-05-07 09:21:33
2026-02-13,2026-02-13 10:50:00,2026-02-13 11:00:00,OG,Backtest,AdxDiCrossBracketOG,OG_AdxDiCrossBracketOG,OG,NQ,NQ JUN26,SHORT,1,24982.25,25030.75,-974.36,-978.72,-195.7,LOSS,STOP_HIT,25055.00,1455.00,2026-05-07 09:21:33
2026-02-13,2026-02-13 10:35:00,2026-02-13 10:35:00,OG,Backtest,AdxDiCrossBracketOG,OG_AdxDiCrossBracketOG,OG,NQ,NQ JUN26,LONG,1,25058.75,25127.00,1360.64,1356.28,271.3,WIN,TARGET_HIT,24987.50,1425.00,2026-05-07 09:21:33
2026-02-11,2026-02-11 10:20:00,2026-02-11 10:20:00,OG,Backtest,AdxDiCrossBracketOG,OG_AdxDiCrossBracketOG,OG,NQ,NQ JUN26,SHORT,1,25395.25,25345.50,990.64,986.28,197.3,WIN,TARGET_HIT,25448.50,1065.00,2026-05-07 09:21:33
2026-01-30,2026-01-30 10:55:00,2026-01-30 10:55:00,OG,Backtest,AdxDiCrossBracketOG,OG_AdxDiCrossBracketOG,OG,NQ,NQ JUN26,LONG,1,26118.00,26058.75,-1189.36,-1193.72,-238.7,LOSS,STOP_HIT,26060.00,1160.00,2026-05-07 09:21:33
2026-03-06,2026-03-06 11:10:00,2026-03-06 11:15:00,OG,Backtest,AdxDiCrossBracketOG,OG_AdxDiCrossBracketOG,OG,NQ,NQ JUN26,LONG,1,25102.25,25058.25,-884.36,-888.72,-177.7,LOSS,STOP_HIT,25038.75,1270.00,2026-05-07 09:21:33
2026-02-13,2026-02-13 10:50:00,2026-02-13 11:00:00,OG,Backtest,AdxDiCrossBracketOG,OG_AdxDiCrossBracketOG,OG,NQ,NQ JUN26,SHORT,1,24982.25,25030.75,-974.36,-978.72,-195.7,LOSS,STOP_HIT,25055.00,1455.00,2026-05-07 09:21:33
2026-03-24,2026-03-24 11:00:00,2026-03-24 11:00:00,OG,Backtest,AdxDiCrossBracketOG,OG_AdxDiCrossBracketOG,OG,NQ,NQ JUN26,LONG,1,24282.25,24217.00,-1309.36,-1313.72,-262.7,LOSS,STOP_HIT,24218.25,1280.00,2026-05-07 09:21:33
2026-02-13,2026-02-13 10:35:00,2026-02-13 10:35:00,OG,Backtest,AdxDiCrossBracketOG,OG_AdxDiCrossBracketOG,OG,NQ,NQ JUN26,LONG,1,25058.75,25127.00,1360.64,1356.28,271.3,WIN,TARGET_HIT,24987.50,1425.00,2026-05-07 09:21:33
2026-04-06,2026-04-06 10:55:00,2026-04-06 11:00:00,OG,Backtest,AdxDiCrossBracketOG,OG_AdxDiCrossBracketOG,OG,NQ,NQ JUN26,SHORT,1,24269.25,24322.25,-1064.36,-1068.72,-213.7,LOSS,STOP_HIT,24321.00,1035.00,2026-05-07 09:21:33
2026-01-16,2026-01-16 11:30:00,2026-01-16 11:35:00,OG,Backtest,AdxDiCrossBracketOG,OG_AdxDiCrossBracketOG,OG,NQ,NQ JUN26,LONG,1,25912.25,25924.50,240.64,236.28,47.3,WIN,STOP_HIT,25874.75,750.00,2026-05-07 09:21:33
2026-02-13,2026-02-13 10:50:00,2026-02-13 11:00:00,OG,Backtest,AdxDiCrossBracketOG,OG_AdxDiCrossBracketOG,OG,NQ,NQ JUN26,SHORT,1,24982.25,25030.75,-974.36,-978.72,-195.7,LOSS,STOP_HIT,25055.00,1455.00,2026-05-07 09:21:34
2026-02-24,2026-02-24 10:10:00,2026-02-24 10:10:00,OG,Backtest,AdxDiCrossBracketOG,OG_AdxDiCrossBracketOG,OG,NQ,NQ JUN26,SHORT,1,25048.00,25093.50,-914.36,-918.72,-183.7,LOSS,STOP_HIT,25092.25,885.00,2026-05-07 09:21:34
2026-02-24,2026-02-24 10:10:00,2026-02-24 10:10:00,OG,Backtest,AdxDiCrossBracketOG,OG_AdxDiCrossBracketOG,OG,NQ,NQ JUN26,SHORT,1,25048.00,25093.50,-914.36,-918.72,-183.7,LOSS,STOP_HIT,25092.25,885.00,2026-05-07 09:21:34
2026-03-09,2026-03-09 10:45:00,2026-03-09 10:50:00,OG,Backtest,AdxDiCrossBracketOG,OG_AdxDiCrossBracketOG,OG,NQ,NQ JUN26,LONG,1,24692.75,24762.25,1385.64,1381.28,276.3,WIN,TARGET_HIT,24622.25,1410.00,2026-05-07 09:21:34
2026-02-13,2026-02-13 10:50:00,2026-02-13 11:00:00,OG,Backtest,AdxDiCrossBracketOG,OG_AdxDiCrossBracketOG,OG,NQ,NQ JUN26,SHORT,1,24982.25,25030.75,-974.36,-978.72,-195.7,LOSS,STOP_HIT,25055.00,1455.00,2026-05-07 09:21:34
2026-02-05,2026-02-05 11:40:00,2026-02-05 11:50:00,OG,Backtest,AdxDiCrossBracketOG,OG_AdxDiCrossBracketOG,OG,NQ,NQ JUN26,LONG,1,25026.25,24991.50,-699.36,-703.72,-140.7,LOSS,STOP_HIT,24938.00,1765.00,2026-05-07 09:21:34
2026-03-02,2026-03-02 11:15:00,2026-03-02 11:20:00,OG,Backtest,AdxDiCrossBracketOG,OG_AdxDiCrossBracketOG,OG,NQ,NQ JUN26,LONG,1,25187.75,25180.00,-159.36,-163.72,-32.7,LOSS,STOP_HIT,25129.50,1165.00,2026-05-07 09:21:34
2026-01-30,2026-01-30 11:00:00,2026-01-30 11:10:00,OG,Backtest,AdxDiCrossBracketOG,OG_AdxDiCrossBracketOG,OG,NQ,NQ JUN26,SHORT,1,26071.50,26048.25,460.64,456.28,91.3,WIN,STOP_HIT,26129.00,1150.00,2026-05-07 09:21:34
2026-01-30,2026-01-30 10:55:00,2026-01-30 10:55:00,OG,Backtest,AdxDiCrossBracketOG,OG_AdxDiCrossBracketOG,OG,NQ,NQ JUN26,LONG,1,26118.00,26058.75,-1189.36,-1193.72,-238.7,LOSS,STOP_HIT,26060.00,1160.00,2026-05-07 09:21:34
2026-01-23,2026-01-23 10:10:00,2026-01-23 10:15:00,OG,Backtest,AdxDiCrossBracketOG,OG_AdxDiCrossBracketOG,OG,NQ,NQ JUN26,LONG,1,25921.75,25885.00,-739.36,-743.72,-148.7,LOSS,STOP_HIT,25885.50,725.00,2026-05-07 09:21:34
2026-01-09,2026-01-09 09:45:00,2026-01-09 09:50:00,OG,Backtest,AdxDiCrossBracketOG,OG_AdxDiCrossBracketOG,OG,NQ,NQ JUN26,LONG,1,25965.75,25936.75,-584.36,-588.72,-117.7,LOSS,STOP_HIT,25938.00,555.00,2026-05-07 09:21:34
2026-03-03,2026-03-03 11:25:00,2026-03-03 11:35:00,OG,Backtest,AdxDiCrossBracketOG,OG_AdxDiCrossBracketOG,OG,NQ,NQ JUN26,LONG,1,24795.25,24818.25,455.64,451.28,90.3,WIN,STOP_HIT,24724.00,1425.00,2026-05-07 09:21:34
2026-03-20,2026-03-20 11:30:00,2026-03-20 12:05:00,OG,Backtest,AdxDiCrossBracketOG,OG_AdxDiCrossBracketOG,OG,NQ,NQ JUN26,LONG,1,24275.00,24327.75,1050.64,1046.28,209.3,WIN,TARGET_HIT,24219.75,1105.00,2026-05-07 09:21:34
2026-03-03,2026-03-03 11:40:00,2026-03-03 11:50:00,OG,Backtest,AdxDiCrossBracketOG,OG_AdxDiCrossBracketOG,OG,NQ,NQ JUN26,SHORT,1,24816.50,24865.00,-974.36,-978.72,-195.7,LOSS,STOP_HIT,24882.75,1325.00,2026-05-07 09:21:34
2026-01-30,2026-01-30 10:55:00,2026-01-30 10:55:00,OG,Backtest,AdxDiCrossBracketOG,OG_AdxDiCrossBracketOG,OG,NQ,NQ JUN26,LONG,1,26118.00,26058.75,-1189.36,-1193.72,-238.7,LOSS,STOP_HIT,26060.00,1160.00,2026-05-07 09:21:34
2026-03-06,2026-03-06 11:10:00,2026-03-06 11:15:00,OG,Backtest,AdxDiCrossBracketOG,OG_AdxDiCrossBracketOG,OG,NQ,NQ JUN26,LONG,1,25102.25,25058.25,-884.36,-888.72,-177.7,LOSS,STOP_HIT,25038.75,1270.00,2026-05-07 09:21:34
2026-03-13,2026-03-13 10:50:00,2026-03-13 10:50:00,OG,Backtest,AdxDiCrossBracketOG,OG_AdxDiCrossBracketOG,OG,NQ,NQ JUN26,SHORT,1,24804.25,24755.00,980.64,976.28,195.3,WIN,TARGET_HIT,24853.50,985.00,2026-05-07 09:21:34
2026-01-30,2026-01-30 11:00:00,2026-01-30 11:10:00,OG,Backtest,AdxDiCrossBracketOG,OG_AdxDiCrossBracketOG,OG,NQ,NQ JUN26,SHORT,1,26071.50,26048.25,460.64,456.28,91.3,WIN,STOP_HIT,26129.00,1150.00,2026-05-07 09:21:34
2026-03-17,2026-03-17 11:15:00,2026-03-17 11:20:00,OG,Backtest,AdxDiCrossBracketOG,OG_AdxDiCrossBracketOG,OG,NQ,NQ JUN26,SHORT,1,25019.75,25057.00,-749.36,-753.72,-150.7,LOSS,STOP_HIT,25056.25,730.00,2026-05-07 09:21:34
2026-04-07,2026-04-07 11:40:00,2026-04-07 12:00:00,OG,Backtest,AdxDiCrossBracketOG,OG_AdxDiCrossBracketOG,OG,NQ,NQ JUN26,LONG,1,24072.25,24117.50,900.64,896.28,179.3,WIN,TARGET_HIT,24025.00,945.00,2026-05-07 09:21:34
2026-03-13,2026-03-13 10:50:00,2026-03-13 10:50:00,OG,Backtest,AdxDiCrossBracketOG,OG_AdxDiCrossBracketOG,OG,NQ,NQ JUN26,SHORT,1,24804.25,24755.00,980.64,976.28,195.3,WIN,TARGET_HIT,24853.50,985.00,2026-05-07 09:21:34
2026-02-11,2026-02-11 10:20:00,2026-02-11 10:20:00,OG,Backtest,AdxDiCrossBracketOG,OG_AdxDiCrossBracketOG,OG,NQ,NQ JUN26,SHORT,1,25395.25,25345.50,990.64,986.28,197.3,WIN,TARGET_HIT,25448.50,1065.00,2026-05-07 09:21:34
2026-03-03,2026-03-03 11:40:00,2026-03-03 11:50:00,OG,Backtest,AdxDiCrossBracketOG,OG_AdxDiCrossBracketOG,OG,NQ,NQ JUN26,SHORT,1,24816.50,24865.00,-974.36,-978.72,-195.7,LOSS,STOP_HIT,24882.75,1325.00,2026-05-07 09:21:34
2026-01-06,2026-01-06 11:00:00,2026-01-06 11:05:00,OG,Backtest,AdxDiCrossBracketOG,OG_AdxDiCrossBracketOG,OG,NQ,NQ JUN26,SHORT,1,25908.50,25880.75,550.64,546.28,109.3,WIN,TARGET_HIT,25938.25,595.00,2026-05-07 09:21:34
2026-03-19,2026-03-19 11:15:00,2026-03-19 11:25:00,OG,Backtest,AdxDiCrossBracketOG,OG_AdxDiCrossBracketOG,OG,NQ,NQ JUN26,LONG,1,24531.00,24485.50,-914.36,-918.72,-183.7,LOSS,STOP_HIT,24473.00,1160.00,2026-05-07 09:21:34
2026-02-17,2026-02-17 11:10:00,2026-02-17 11:10:00,OG,Backtest,AdxDiCrossBracketOG,OG_AdxDiCrossBracketOG,OG,NQ,NQ JUN26,LONG,1,24862.00,24927.25,1300.64,1296.28,259.3,WIN,TARGET_HIT,24793.75,1365.00,2026-05-07 09:21:34
2026-01-20,2026-01-20 11:10:00,2026-01-20 11:15:00,OG,Backtest,AdxDiCrossBracketOG,OG_AdxDiCrossBracketOG,OG,NQ,NQ JUN26,LONG,1,25588.25,25600.25,235.64,231.28,46.3,WIN,STOP_HIT,25540.75,950.00,2026-05-07 09:21:34
2026-03-20,2026-03-20 11:30:00,2026-03-20 12:05:00,OG,Backtest,AdxDiCrossBracketOG,OG_AdxDiCrossBracketOG,OG,NQ,NQ JUN26,LONG,1,24275.00,24327.75,1050.64,1046.28,209.3,WIN,TARGET_HIT,24219.75,1105.00,2026-05-07 09:21:34
2026-02-24,2026-02-24 10:15:00,2026-02-24 10:15:00,OG,Backtest,AdxDiCrossBracketOG,OG_AdxDiCrossBracketOG,OG,NQ,NQ JUN26,LONG,1,25110.00,25063.00,-944.36,-948.72,-189.7,LOSS,STOP_HIT,25064.25,915.00,2026-05-07 09:21:34
2026-02-13,2026-02-13 10:35:00,2026-02-13 10:35:00,OG,Backtest,AdxDiCrossBracketOG,OG_AdxDiCrossBracketOG,OG,NQ,NQ JUN26,LONG,1,25058.75,25127.00,1360.64,1356.28,271.3,WIN,TARGET_HIT,24987.50,1425.00,2026-05-07 09:21:34
2026-04-10,2026-04-10 11:45:00,2026-04-10 12:00:00,OG,Backtest,AdxDiCrossBracketOG,OG_AdxDiCrossBracketOG,OG,NQ,NQ JUN26,SHORT,1,25300.75,25269.75,615.64,611.28,122.3,WIN,TARGET_HIT,25334.25,670.00,2026-05-07 09:21:34
2026-03-19,2026-03-19 11:15:00,2026-03-19 11:25:00,OG,Backtest,AdxDiCrossBracketOG,OG_AdxDiCrossBracketOG,OG,NQ,NQ JUN26,LONG,1,24531.00,24485.50,-914.36,-918.72,-183.7,LOSS,STOP_HIT,24473.00,1160.00,2026-05-07 09:21:34
2026-04-06,2026-04-06 10:55:00,2026-04-06 11:00:00,OG,Backtest,AdxDiCrossBracketOG,OG_AdxDiCrossBracketOG,OG,NQ,NQ JUN26,SHORT,1,24269.25,24322.25,-1064.36,-1068.72,-213.7,LOSS,STOP_HIT,24321.00,1035.00,2026-05-07 09:21:34
2026-02-24,2026-02-24 10:15:00,2026-02-24 10:15:00,OG,Backtest,AdxDiCrossBracketOG,OG_AdxDiCrossBracketOG,OG,NQ,NQ JUN26,LONG,1,25110.00,25063.00,-944.36,-948.72,-189.7,LOSS,STOP_HIT,25064.25,915.00,2026-05-07 09:21:34
2026-01-09,2026-01-09 10:30:00,2026-01-09 10:30:00,OG,Backtest,AdxDiCrossBracketOG,OG_AdxDiCrossBracketOG,OG,NQ,NQ JUN26,LONG,1,26010.00,26057.25,940.64,936.28,187.3,WIN,TARGET_HIT,25959.75,1005.00,2026-05-07 09:21:34
2026-03-12,2026-03-12 11:50:00,2026-03-12 11:50:00,OG,Backtest,AdxDiCrossBracketOG,OG_AdxDiCrossBracketOG,OG,NQ,NQ JUN26,LONG,1,24898.75,24843.25,-1114.36,-1118.72,-223.7,LOSS,STOP_HIT,24844.50,1085.00,2026-05-07 09:21:34
2026-04-02,2026-04-02 10:45:00,2026-04-02 10:45:00,OG,Backtest,AdxDiCrossBracketOG,OG_AdxDiCrossBracketOG,OG,NQ,NQ JUN26,LONG,1,24211.00,24133.25,-1559.36,-1563.72,-312.7,LOSS,STOP_HIT,24134.50,1530.00,2026-05-07 09:21:34
2026-04-06,2026-04-06 11:35:00,2026-04-06 11:45:00,OG,Backtest,AdxDiCrossBracketOG,OG_AdxDiCrossBracketOG,OG,NQ,NQ JUN26,SHORT,1,24280.00,24290.75,-219.36,-223.72,-44.7,LOSS,STOP_HIT,24325.50,910.00,2026-05-07 09:21:34
2026-01-09,2026-01-09 10:30:00,2026-01-09 10:30:00,OG,Backtest,AdxDiCrossBracketOG,OG_AdxDiCrossBracketOG,OG,NQ,NQ JUN26,LONG,1,26010.00,26057.25,940.64,936.28,187.3,WIN,TARGET_HIT,25959.75,1005.00,2026-05-07 09:21:34
2026-03-27,2026-03-27 11:40:00,2026-03-27 11:45:00,OG,Backtest,AdxDiCrossBracketOG,OG_AdxDiCrossBracketOG,OG,NQ,NQ JUN26,LONG,1,23597.75,23540.25,-1154.36,-1158.72,-231.7,LOSS,STOP_HIT,23541.50,1125.00,2026-05-07 09:21:34
2026-02-03,2026-02-03 09:50:00,2026-02-03 09:50:00,OG,Backtest,AdxDiCrossBracketOG,OG_AdxDiCrossBracketOG,OG,NQ,NQ JUN26,SHORT,1,25960.00,25999.25,-789.36,-793.72,-158.7,LOSS,STOP_HIT,25998.00,760.00,2026-05-07 09:21:34
2026-04-06,2026-04-06 11:05:00,2026-04-06 11:25:00,OG,Backtest,AdxDiCrossBracketOG,OG_AdxDiCrossBracketOG,OG,NQ,NQ JUN26,LONG,1,24307.50,24293.75,-279.36,-283.72,-56.7,LOSS,STOP_HIT,24255.50,1040.00,2026-05-07 09:21:34
2026-04-06,2026-04-06 11:35:00,2026-04-06 11:45:00,OG,Backtest,AdxDiCrossBracketOG,OG_AdxDiCrossBracketOG,OG,NQ,NQ JUN26,SHORT,1,24280.00,24290.75,-219.36,-223.72,-44.7,LOSS,STOP_HIT,24325.50,910.00,2026-05-07 09:21:34
2026-04-06,2026-04-06 11:35:00,2026-04-06 11:45:00,OG,Backtest,AdxDiCrossBracketOG,OG_AdxDiCrossBracketOG,OG,NQ,NQ JUN26,SHORT,1,24280.00,24290.75,-219.36,-223.72,-44.7,LOSS,STOP_HIT,24325.50,910.00,2026-05-07 09:21:34
2026-01-07,2026-01-07 09:50:00,2026-01-07 09:50:00,OG,Backtest,AdxDiCrossBracketOG,OG_AdxDiCrossBracketOG,OG,NQ,NQ JUN26,LONG,1,26064.50,26079.75,300.64,296.28,59.3,WIN,TARGET_HIT,26047.25,345.00,2026-05-07 09:21:34
2026-01-21,2026-01-21 11:45:00,2026-01-21 11:45:00,OG,Backtest,AdxDiCrossBracketOG,OG_AdxDiCrossBracketOG,OG,NQ,NQ JUN26,SHORT,1,25543.00,25505.75,740.64,736.28,147.3,WIN,TARGET_HIT,25582.25,785.00,2026-05-07 09:21:34
2026-04-10,2026-04-10 11:45:00,2026-04-10 12:00:00,OG,Backtest,AdxDiCrossBracketOG,OG_AdxDiCrossBracketOG,OG,NQ,NQ JUN26,SHORT,1,25300.75,25269.75,615.64,611.28,122.3,WIN,TARGET_HIT,25334.25,670.00,2026-05-07 09:21:34
2026-01-09,2026-01-09 09:55:00,2026-01-09 09:55:00,OG,Backtest,AdxDiCrossBracketOG,OG_AdxDiCrossBracketOG,OG,NQ,NQ JUN26,SHORT,1,25912.50,25949.00,-734.36,-738.72,-147.7,LOSS,STOP_HIT,25947.75,705.00,2026-05-07 09:21:34
2026-03-09,2026-03-09 10:45:00,2026-03-09 10:50:00,OG,Backtest,AdxDiCrossBracketOG,OG_AdxDiCrossBracketOG,OG,NQ,NQ JUN26,LONG,1,24692.75,24762.25,1385.64,1381.28,276.3,WIN,TARGET_HIT,24622.25,1410.00,2026-05-07 09:21:34
2026-01-09,2026-01-09 10:10:00,2026-01-09 10:10:00,OG,Backtest,AdxDiCrossBracketOG,OG_AdxDiCrossBracketOG,OG,NQ,NQ JUN26,LONG,1,25922.50,25881.00,-834.36,-838.72,-167.7,LOSS,STOP_HIT,25882.25,805.00,2026-05-07 09:21:34
2026-01-28,2026-01-28 11:20:00,2026-01-28 11:25:00,OG,Backtest,AdxDiCrossBracketOG,OG_AdxDiCrossBracketOG,OG,NQ,NQ JUN26,LONG,1,26393.75,26378.25,-314.36,-318.72,-63.7,LOSS,STOP_HIT,26363.25,610.00,2026-05-07 09:21:34
2026-01-09,2026-01-09 10:15:00,2026-01-09 10:15:00,OG,Backtest,AdxDiCrossBracketOG,OG_AdxDiCrossBracketOG,OG,NQ,NQ JUN26,SHORT,1,25849.75,25897.00,-949.36,-953.72,-190.7,LOSS,STOP_HIT,25895.75,920.00,2026-05-07 09:21:34
2026-01-09,2026-01-09 10:15:00,2026-01-09 10:15:00,OG,Backtest,AdxDiCrossBracketOG,OG_AdxDiCrossBracketOG,OG,NQ,NQ JUN26,SHORT,1,25849.75,25897.00,-949.36,-953.72,-190.7,LOSS,STOP_HIT,25895.75,920.00,2026-05-07 09:21:34
2026-01-30,2026-01-30 11:00:00,2026-01-30 11:10:00,OG,Backtest,AdxDiCrossBracketOG,OG_AdxDiCrossBracketOG,OG,NQ,NQ JUN26,SHORT,1,26071.50,26048.25,460.64,456.28,91.3,WIN,STOP_HIT,26129.00,1150.00,2026-05-07 09:21:34
2026-01-21,2026-01-21 11:45:00,2026-01-21 11:45:00,OG,Backtest,AdxDiCrossBracketOG,OG_AdxDiCrossBracketOG,OG,NQ,NQ JUN26,SHORT,1,25543.00,25505.75,740.64,736.28,147.3,WIN,TARGET_HIT,25582.25,785.00,2026-05-07 09:21:34
2026-01-09,2026-01-09 10:30:00,2026-01-09 10:30:00,OG,Backtest,AdxDiCrossBracketOG,OG_AdxDiCrossBracketOG,OG,NQ,NQ JUN26,LONG,1,26010.00,26057.25,940.64,936.28,187.3,WIN,TARGET_HIT,25959.75,1005.00,2026-05-07 09:21:34
2026-01-28,2026-01-28 10:55:00,2026-01-28 11:05:00,OG,Backtest,AdxDiCrossBracketOG,OG_AdxDiCrossBracketOG,OG,NQ,NQ JUN26,SHORT,1,26394.50,26393.50,15.64,11.28,2.3,WIN,STOP_HIT,26429.00,690.00,2026-05-07 09:21:34
2026-01-20,2026-01-20 11:10:00,2026-01-20 11:15:00,OG,Backtest,AdxDiCrossBracketOG,OG_AdxDiCrossBracketOG,OG,NQ,NQ JUN26,LONG,1,25588.25,25600.25,235.64,231.28,46.3,WIN,STOP_HIT,25540.75,950.00,2026-05-07 09:21:34
2026-04-06,2026-04-06 11:05:00,2026-04-06 11:25:00,OG,Backtest,AdxDiCrossBracketOG,OG_AdxDiCrossBracketOG,OG,NQ,NQ JUN26,LONG,1,24307.50,24293.75,-279.36,-283.72,-56.7,LOSS,STOP_HIT,24255.50,1040.00,2026-05-07 09:21:34
2026-03-02,2026-03-02 11:15:00,2026-03-02 11:20:00,OG,Backtest,AdxDiCrossBracketOG,OG_AdxDiCrossBracketOG,OG,NQ,NQ JUN26,LONG,1,25187.75,25180.00,-159.36,-163.72,-32.7,LOSS,STOP_HIT,25129.50,1165.00,2026-05-07 09:21:34
2026-01-20,2026-01-20 10:50:00,2026-01-20 10:55:00,OG,Backtest,AdxDiCrossBracketOG,OG_AdxDiCrossBracketOG,OG,NQ,NQ JUN26,LONG,1,25598.75,25558.75,-804.36,-808.72,-161.7,LOSS,STOP_HIT,25550.75,960.00,2026-05-07 09:21:34
2026-01-09,2026-01-09 10:15:00,2026-01-09 10:15:00,OG,Backtest,AdxDiCrossBracketOG,OG_AdxDiCrossBracketOG,OG,NQ,NQ JUN26,SHORT,1,25849.75,25897.00,-949.36,-953.72,-190.7,LOSS,STOP_HIT,25895.75,920.00,2026-05-07 09:21:34
2026-01-20,2026-01-20 11:10:00,2026-01-20 11:15:00,OG,Backtest,AdxDiCrossBracketOG,OG_AdxDiCrossBracketOG,OG,NQ,NQ JUN26,LONG,1,25588.25,25600.25,235.64,231.28,46.3,WIN,STOP_HIT,25540.75,950.00,2026-05-07 09:21:34
2026-02-11,2026-02-11 11:20:00,2026-02-11 11:25:00,OG,Backtest,AdxDiCrossBracketOG,OG_AdxDiCrossBracketOG,OG,NQ,NQ JUN26,LONG,1,25468.75,25457.00,-239.36,-243.72,-48.7,LOSS,STOP_HIT,25406.75,1240.00,2026-05-07 09:21:34
2026-03-06,2026-03-06 11:10:00,2026-03-06 11:15:00,OG,Backtest,AdxDiCrossBracketOG,OG_AdxDiCrossBracketOG,OG,NQ,NQ JUN26,LONG,1,25102.25,25058.25,-884.36,-888.72,-177.7,LOSS,STOP_HIT,25038.75,1270.00,2026-05-07 09:21:34
2026-02-11,2026-02-11 11:05:00,2026-02-11 11:10:00,OG,Backtest,AdxDiCrossBracketOG,OG_AdxDiCrossBracketOG,OG,NQ,NQ JUN26,LONG,1,25454.25,25417.50,-739.36,-743.72,-148.7,LOSS,STOP_HIT,25393.00,1225.00,2026-05-07 09:21:34
2026-02-05,2026-02-05 11:40:00,2026-02-05 11:50:00,OG,Backtest,AdxDiCrossBracketOG,OG_AdxDiCrossBracketOG,OG,NQ,NQ JUN26,LONG,1,25026.25,24991.50,-699.36,-703.72,-140.7,LOSS,STOP_HIT,24938.00,1765.00,2026-05-07 09:21:34
2026-01-09,2026-01-09 09:55:00,2026-01-09 09:55:00,OG,Backtest,AdxDiCrossBracketOG,OG_AdxDiCrossBracketOG,OG,NQ,NQ JUN26,SHORT,1,25912.50,25949.00,-734.36,-738.72,-147.7,LOSS,STOP_HIT,25947.75,705.00,2026-05-07 09:21:34
2026-02-24,2026-02-24 09:50:00,2026-02-24 09:50:00,OG,Backtest,AdxDiCrossBracketOG,OG_AdxDiCrossBracketOG,OG,NQ,NQ JUN26,LONG,1,25121.25,25157.50,720.64,716.28,143.3,WIN,TARGET_HIT,25081.50,795.00,2026-05-07 09:21:34
2026-04-07,2026-04-07 11:40:00,2026-04-07 12:00:00,OG,Backtest,AdxDiCrossBracketOG,OG_AdxDiCrossBracketOG,OG,NQ,NQ JUN26,LONG,1,24072.25,24117.50,900.64,896.28,179.3,WIN,TARGET_HIT,24025.00,945.00,2026-05-07 09:21:34
2026-01-09,2026-01-09 10:10:00,2026-01-09 10:10:00,OG,Backtest,AdxDiCrossBracketOG,OG_AdxDiCrossBracketOG,OG,NQ,NQ JUN26,LONG,1,25922.50,25881.00,-834.36,-838.72,-167.7,LOSS,STOP_HIT,25882.25,805.00,2026-05-07 09:21:34
2026-04-10,2026-04-10 11:45:00,2026-04-10 12:00:00,OG,Backtest,AdxDiCrossBracketOG,OG_AdxDiCrossBracketOG,OG,NQ,NQ JUN26,SHORT,1,25300.75,25269.75,615.64,611.28,122.3,WIN,TARGET_HIT,25334.25,670.00,2026-05-07 09:21:34
2026-01-23,2026-01-23 10:10:00,2026-01-23 10:15:00,OG,Backtest,AdxDiCrossBracketOG,OG_AdxDiCrossBracketOG,OG,NQ,NQ JUN26,LONG,1,25921.75,25885.00,-739.36,-743.72,-148.7,LOSS,STOP_HIT,25885.50,725.00,2026-05-07 09:21:34
2026-02-13,2026-02-13 10:50:00,2026-02-13 11:00:00,OG,Backtest,AdxDiCrossBracketOG,OG_AdxDiCrossBracketOG,OG,NQ,NQ JUN26,SHORT,1,24982.25,25030.75,-974.36,-978.72,-195.7,LOSS,STOP_HIT,25055.00,1455.00,2026-05-07 09:21:34
2026-01-09,2026-01-09 10:30:00,2026-01-09 10:30:00,OG,Backtest,AdxDiCrossBracketOG,OG_AdxDiCrossBracketOG,OG,NQ,NQ JUN26,LONG,1,26010.00,26057.25,940.64,936.28,187.3,WIN,TARGET_HIT,25959.75,1005.00,2026-05-07 09:21:34
2026-01-28,2026-01-28 11:20:00,2026-01-28 11:25:00,OG,Backtest,AdxDiCrossBracketOG,OG_AdxDiCrossBracketOG,OG,NQ,NQ JUN26,LONG,1,26393.75,26378.25,-314.36,-318.72,-63.7,LOSS,STOP_HIT,26363.25,610.00,2026-05-07 09:21:34
2026-02-17,2026-02-17 11:10:00,2026-02-17 11:10:00,OG,Backtest,AdxDiCrossBracketOG,OG_AdxDiCrossBracketOG,OG,NQ,NQ JUN26,LONG,1,24862.00,24927.25,1300.64,1296.28,259.3,WIN,TARGET_HIT,24793.75,1365.00,2026-05-07 09:21:34
2026-01-13,2026-01-13 10:10:00,2026-01-13 10:15:00,OG,Backtest,AdxDiCrossBracketOG,OG_AdxDiCrossBracketOG,OG,NQ,NQ JUN26,SHORT,1,26137.25,26108.00,580.64,576.28,115.3,WIN,TARGET_HIT,26168.00,615.00,2026-05-07 09:21:34
2026-02-11,2026-02-11 10:20:00,2026-02-11 10:20:00,OG,Backtest,AdxDiCrossBracketOG,OG_AdxDiCrossBracketOG,OG,NQ,NQ JUN26,SHORT,1,25395.25,25345.50,990.64,986.28,197.3,WIN,TARGET_HIT,25448.50,1065.00,2026-05-07 09:21:34
2026-03-13,2026-03-13 10:50:00,2026-03-13 10:50:00,OG,Backtest,AdxDiCrossBracketOG,OG_AdxDiCrossBracketOG,OG,NQ,NQ JUN26,SHORT,1,24804.25,24755.00,980.64,976.28,195.3,WIN,TARGET_HIT,24853.50,985.00,2026-05-07 09:21:34
2026-02-24,2026-02-24 10:10:00,2026-02-24 10:10:00,OG,Backtest,AdxDiCrossBracketOG,OG_AdxDiCrossBracketOG,OG,NQ,NQ JUN26,SHORT,1,25048.00,25093.50,-914.36,-918.72,-183.7,LOSS,STOP_HIT,25092.25,885.00,2026-05-07 09:21:34
2026-01-07,2026-01-07 09:50:00,2026-01-07 09:50:00,OG,Backtest,AdxDiCrossBracketOG,OG_AdxDiCrossBracketOG,OG,NQ,NQ JUN26,LONG,1,26064.50,26079.75,300.64,296.28,59.3,WIN,TARGET_HIT,26047.25,345.00,2026-05-07 09:21:34
2026-03-03,2026-03-03 11:25:00,2026-03-03 11:35:00,OG,Backtest,AdxDiCrossBracketOG,OG_AdxDiCrossBracketOG,OG,NQ,NQ JUN26,LONG,1,24795.25,24818.25,455.64,451.28,90.3,WIN,STOP_HIT,24724.00,1425.00,2026-05-07 09:21:34
2026-01-12,2026-01-12 11:25:00,2026-01-12 11:35:00,OG,Backtest,AdxDiCrossBracketOG,OG_AdxDiCrossBracketOG,OG,NQ,NQ JUN26,LONG,1,26159.50,26149.25,-209.36,-213.72,-42.7,LOSS,STOP_HIT,26131.75,555.00,2026-05-07 09:21:34
2026-02-13,2026-02-13 10:50:00,2026-02-13 11:00:00,OG,Backtest,AdxDiCrossBracketOG,OG_AdxDiCrossBracketOG,OG,NQ,NQ JUN26,SHORT,1,24982.25,25030.75,-974.36,-978.72,-195.7,LOSS,STOP_HIT,25055.00,1455.00,2026-05-07 09:21:34
2026-01-13,2026-01-13 10:10:00,2026-01-13 10:15:00,OG,Backtest,AdxDiCrossBracketOG,OG_AdxDiCrossBracketOG,OG,NQ,NQ JUN26,SHORT,1,26137.25,26108.00,580.64,576.28,115.3,WIN,TARGET_HIT,26168.00,615.00,2026-05-07 09:21:34
2026-03-20,2026-03-20 11:30:00,2026-03-20 12:05:00,OG,Backtest,AdxDiCrossBracketOG,OG_AdxDiCrossBracketOG,OG,NQ,NQ JUN26,LONG,1,24275.00,24327.75,1050.64,1046.28,209.3,WIN,TARGET_HIT,24219.75,1105.00,2026-05-07 09:21:34
2026-01-28,2026-01-28 10:55:00,2026-01-28 11:05:00,OG,Backtest,AdxDiCrossBracketOG,OG_AdxDiCrossBracketOG,OG,NQ,NQ JUN26,SHORT,1,26394.50,26393.50,15.64,11.28,2.3,WIN,STOP_HIT,26429.00,690.00,2026-05-07 09:21:34
2026-01-16,2026-01-16 11:30:00,2026-01-16 11:35:00,OG,Backtest,AdxDiCrossBracketOG,OG_AdxDiCrossBracketOG,OG,NQ,NQ JUN26,LONG,1,25912.25,25924.50,240.64,236.28,47.3,WIN,STOP_HIT,25874.75,750.00,2026-05-07 09:21:34
2026-01-20,2026-01-20 11:10:00,2026-01-20 11:15:00,OG,Backtest,AdxDiCrossBracketOG,OG_AdxDiCrossBracketOG,OG,NQ,NQ JUN26,LONG,1,25588.25,25600.25,235.64,231.28,46.3,WIN,STOP_HIT,25540.75,950.00,2026-05-07 09:21:34
2026-01-23,2026-01-23 10:10:00,2026-01-23 10:15:00,OG,Backtest,AdxDiCrossBracketOG,OG_AdxDiCrossBracketOG,OG,NQ,NQ JUN26,LONG,1,25921.75,25885.00,-739.36,-743.72,-148.7,LOSS,STOP_HIT,25885.50,725.00,2026-05-07 09:21:34
2026-02-13,2026-02-13 10:35:00,2026-02-13 10:35:00,OG,Backtest,AdxDiCrossBracketOG,OG_AdxDiCrossBracketOG,OG,NQ,NQ JUN26,LONG,1,25058.75,25127.00,1360.64,1356.28,271.3,WIN,TARGET_HIT,24987.50,1425.00,2026-05-07 09:21:34
2026-02-13,2026-02-13 10:35:00,2026-02-13 10:35:00,OG,Backtest,AdxDiCrossBracketOG,OG_AdxDiCrossBracketOG,OG,NQ,NQ JUN26,LONG,1,25058.75,25127.00,1360.64,1356.28,271.3,WIN,TARGET_HIT,24987.50,1425.00,2026-05-07 09:21:34
2026-03-06,2026-03-06 11:10:00,2026-03-06 11:15:00,OG,Backtest,AdxDiCrossBracketOG,OG_AdxDiCrossBracketOG,OG,NQ,NQ JUN26,LONG,1,25102.25,25058.25,-884.36,-888.72,-177.7,LOSS,STOP_HIT,25038.75,1270.00,2026-05-07 09:21:34
2026-02-10,2026-02-10 09:45:00,2026-02-10 09:45:00,OG,Backtest,AdxDiCrossBracketOG,OG_AdxDiCrossBracketOG,OG,NQ,NQ JUN26,SHORT,1,25534.50,25512.25,440.64,436.28,87.3,WIN,TARGET_HIT,25559.75,505.00,2026-05-07 09:21:34
2026-02-17,2026-02-17 11:10:00,2026-02-17 11:10:00,OG,Backtest,AdxDiCrossBracketOG,OG_AdxDiCrossBracketOG,OG,NQ,NQ JUN26,LONG,1,24862.00,24927.25,1300.64,1296.28,259.3,WIN,TARGET_HIT,24793.75,1365.00,2026-05-07 09:21:34
2026-02-17,2026-02-17 11:10:00,2026-02-17 11:10:00,OG,Backtest,AdxDiCrossBracketOG,OG_AdxDiCrossBracketOG,OG,NQ,NQ JUN26,LONG,1,24862.00,24927.25,1300.64,1296.28,259.3,WIN,TARGET_HIT,24793.75,1365.00,2026-05-07 09:21:34
2026-01-09,2026-01-09 10:10:00,2026-01-09 10:10:00,OG,Backtest,AdxDiCrossBracketOG,OG_AdxDiCrossBracketOG,OG,NQ,NQ JUN26,LONG,1,25922.50,25881.00,-834.36,-838.72,-167.7,LOSS,STOP_HIT,25882.25,805.00,2026-05-07 09:21:34
2026-01-13,2026-01-13 10:10:00,2026-01-13 10:15:00,OG,Backtest,AdxDiCrossBracketOG,OG_AdxDiCrossBracketOG,OG,NQ,NQ JUN26,SHORT,1,26137.25,26108.00,580.64,576.28,115.3,WIN,TARGET_HIT,26168.00,615.00,2026-05-07 09:21:34
2026-03-17,2026-03-17 11:15:00,2026-03-17 11:20:00,OG,Backtest,AdxDiCrossBracketOG,OG_AdxDiCrossBracketOG,OG,NQ,NQ JUN26,SHORT,1,25019.75,25057.00,-749.36,-753.72,-150.7,LOSS,STOP_HIT,25056.25,730.00,2026-05-07 09:21:34
2026-02-11,2026-02-11 11:20:00,2026-02-11 11:25:00,OG,Backtest,AdxDiCrossBracketOG,OG_AdxDiCrossBracketOG,OG,NQ,NQ JUN26,LONG,1,25468.75,25457.00,-239.36,-243.72,-48.7,LOSS,STOP_HIT,25406.75,1240.00,2026-05-07 09:21:34
2026-01-28,2026-01-28 11:20:00,2026-01-28 11:25:00,OG,Backtest,AdxDiCrossBracketOG,OG_AdxDiCrossBracketOG,OG,NQ,NQ JUN26,LONG,1,26393.75,26378.25,-314.36,-318.72,-63.7,LOSS,STOP_HIT,26363.25,610.00,2026-05-07 09:21:34
2026-02-03,2026-02-03 09:50:00,2026-02-03 09:50:00,OG,Backtest,AdxDiCrossBracketOG,OG_AdxDiCrossBracketOG,OG,NQ,NQ JUN26,SHORT,1,25960.00,25999.25,-789.36,-793.72,-158.7,LOSS,STOP_HIT,25998.00,760.00,2026-05-07 09:21:34
2026-02-03,2026-02-03 09:50:00,2026-02-03 09:50:00,OG,Backtest,AdxDiCrossBracketOG,OG_AdxDiCrossBracketOG,OG,NQ,NQ JUN26,SHORT,1,25960.00,25999.25,-789.36,-793.72,-158.7,LOSS,STOP_HIT,25998.00,760.00,2026-05-07 09:21:34
2026-04-10,2026-04-10 11:45:00,2026-04-10 12:00:00,OG,Backtest,AdxDiCrossBracketOG,OG_AdxDiCrossBracketOG,OG,NQ,NQ JUN26,SHORT,1,25300.75,25269.75,615.64,611.28,122.3,WIN,TARGET_HIT,25334.25,670.00,2026-05-07 09:21:34
2026-01-09,2026-01-09 10:10:00,2026-01-09 10:10:00,OG,Backtest,AdxDiCrossBracketOG,OG_AdxDiCrossBracketOG,OG,NQ,NQ JUN26,LONG,1,25922.50,25881.00,-834.36,-838.72,-167.7,LOSS,STOP_HIT,25882.25,805.00,2026-05-07 09:21:34
2026-01-13,2026-01-13 10:10:00,2026-01-13 10:15:00,OG,Backtest,AdxDiCrossBracketOG,OG_AdxDiCrossBracketOG,OG,NQ,NQ JUN26,SHORT,1,26137.25,26108.00,580.64,576.28,115.3,WIN,TARGET_HIT,26168.00,615.00,2026-05-07 09:21:34
2026-01-20,2026-01-20 10:50:00,2026-01-20 10:55:00,OG,Backtest,AdxDiCrossBracketOG,OG_AdxDiCrossBracketOG,OG,NQ,NQ JUN26,LONG,1,25598.75,25558.75,-804.36,-808.72,-161.7,LOSS,STOP_HIT,25550.75,960.00,2026-05-07 09:21:34
2026-02-11,2026-02-11 11:05:00,2026-02-11 11:10:00,OG,Backtest,AdxDiCrossBracketOG,OG_AdxDiCrossBracketOG,OG,NQ,NQ JUN26,LONG,1,25454.25,25417.50,-739.36,-743.72,-148.7,LOSS,STOP_HIT,25393.00,1225.00,2026-05-07 09:21:34
2026-02-03,2026-02-03 09:50:00,2026-02-03 09:50:00,OG,Backtest,AdxDiCrossBracketOG,OG_AdxDiCrossBracketOG,OG,NQ,NQ JUN26,SHORT,1,25960.00,25999.25,-789.36,-793.72,-158.7,LOSS,STOP_HIT,25998.00,760.00,2026-05-07 09:21:34
2026-01-20,2026-01-20 10:50:00,2026-01-20 10:55:00,OG,Backtest,AdxDiCrossBracketOG,OG_AdxDiCrossBracketOG,OG,NQ,NQ JUN26,LONG,1,25598.75,25558.75,-804.36,-808.72,-161.7,LOSS,STOP_HIT,25550.75,960.00,2026-05-07 09:21:34
2026-02-03,2026-02-03 09:50:00,2026-02-03 09:50:00,OG,Backtest,AdxDiCrossBracketOG,OG_AdxDiCrossBracketOG,OG,NQ,NQ JUN26,SHORT,1,25960.00,25999.25,-789.36,-793.72,-158.7,LOSS,STOP_HIT,25998.00,760.00,2026-05-07 09:21:34
2026-02-11,2026-02-11 11:20:00,2026-02-11 11:25:00,OG,Backtest,AdxDiCrossBracketOG,OG_AdxDiCrossBracketOG,OG,NQ,NQ JUN26,LONG,1,25468.75,25457.00,-239.36,-243.72,-48.7,LOSS,STOP_HIT,25406.75,1240.00,2026-05-07 09:21:34
2026-01-09,2026-01-09 09:45:00,2026-01-09 09:50:00,OG,Backtest,AdxDiCrossBracketOG,OG_AdxDiCrossBracketOG,OG,NQ,NQ JUN26,LONG,1,25965.75,25936.75,-584.36,-588.72,-117.7,LOSS,STOP_HIT,25938.00,555.00,2026-05-07 09:21:34
2026-02-11,2026-02-11 11:20:00,2026-02-11 11:25:00,OG,Backtest,AdxDiCrossBracketOG,OG_AdxDiCrossBracketOG,OG,NQ,NQ JUN26,LONG,1,25468.75,25457.00,-239.36,-243.72,-48.7,LOSS,STOP_HIT,25406.75,1240.00,2026-05-07 09:21:34
2026-02-24,2026-02-24 10:15:00,2026-02-24 10:15:00,OG,Backtest,AdxDiCrossBracketOG,OG_AdxDiCrossBracketOG,OG,NQ,NQ JUN26,LONG,1,25110.00,25063.00,-944.36,-948.72,-189.7,LOSS,STOP_HIT,25064.25,915.00,2026-05-07 09:21:34
2026-03-27,2026-03-27 11:40:00,2026-03-27 11:45:00,OG,Backtest,AdxDiCrossBracketOG,OG_AdxDiCrossBracketOG,OG,NQ,NQ JUN26,LONG,1,23597.75,23540.25,-1154.36,-1158.72,-231.7,LOSS,STOP_HIT,23541.50,1125.00,2026-05-07 09:21:34
2026-04-10,2026-04-10 11:45:00,2026-04-10 12:00:00,OG,Backtest,AdxDiCrossBracketOG,OG_AdxDiCrossBracketOG,OG,NQ,NQ JUN26,SHORT,1,25300.75,25269.75,615.64,611.28,122.3,WIN,TARGET_HIT,25334.25,670.00,2026-05-07 09:21:34
2026-03-19,2026-03-19 11:15:00,2026-03-19 11:25:00,OG,Backtest,AdxDiCrossBracketOG,OG_AdxDiCrossBracketOG,OG,NQ,NQ JUN26,LONG,1,24531.00,24485.50,-914.36,-918.72,-183.7,LOSS,STOP_HIT,24473.00,1160.00,2026-05-07 09:21:34
2026-03-19,2026-03-19 11:15:00,2026-03-19 11:25:00,OG,Backtest,AdxDiCrossBracketOG,OG_AdxDiCrossBracketOG,OG,NQ,NQ JUN26,LONG,1,24531.00,24485.50,-914.36,-918.72,-183.7,LOSS,STOP_HIT,24473.00,1160.00,2026-05-07 09:21:34
2026-02-13,2026-02-13 10:50:00,2026-02-13 11:00:00,OG,Backtest,AdxDiCrossBracketOG,OG_AdxDiCrossBracketOG,OG,NQ,NQ JUN26,SHORT,1,24982.25,25030.75,-974.36,-978.72,-195.7,LOSS,STOP_HIT,25055.00,1455.00,2026-05-07 09:21:34
2026-01-30,2026-01-30 10:55:00,2026-01-30 10:55:00,OG,Backtest,AdxDiCrossBracketOG,OG_AdxDiCrossBracketOG,OG,NQ,NQ JUN26,LONG,1,26118.00,26058.75,-1189.36,-1193.72,-238.7,LOSS,STOP_HIT,26060.00,1160.00,2026-05-07 09:21:34
2026-01-07,2026-01-07 09:50:00,2026-01-07 09:50:00,OG,Backtest,AdxDiCrossBracketOG,OG_AdxDiCrossBracketOG,OG,NQ,NQ JUN26,LONG,1,26064.50,26079.75,300.64,296.28,59.3,WIN,TARGET_HIT,26047.25,345.00,2026-05-07 09:21:34
2026-02-24,2026-02-24 10:10:00,2026-02-24 10:10:00,OG,Backtest,AdxDiCrossBracketOG,OG_AdxDiCrossBracketOG,OG,NQ,NQ JUN26,SHORT,1,25048.00,25093.50,-914.36,-918.72,-183.7,LOSS,STOP_HIT,25092.25,885.00,2026-05-07 09:21:34
2026-02-03,2026-02-03 09:50:00,2026-02-03 09:50:00,OG,Backtest,AdxDiCrossBracketOG,OG_AdxDiCrossBracketOG,OG,NQ,NQ JUN26,SHORT,1,25960.00,25999.25,-789.36,-793.72,-158.7,LOSS,STOP_HIT,25998.00,760.00,2026-05-07 09:21:34
2026-03-09,2026-03-09 10:45:00,2026-03-09 10:50:00,OG,Backtest,AdxDiCrossBracketOG,OG_AdxDiCrossBracketOG,OG,NQ,NQ JUN26,LONG,1,24692.75,24762.25,1385.64,1381.28,276.3,WIN,TARGET_HIT,24622.25,1410.00,2026-05-07 09:21:34
2026-02-11,2026-02-11 11:20:00,2026-02-11 11:25:00,OG,Backtest,AdxDiCrossBracketOG,OG_AdxDiCrossBracketOG,OG,NQ,NQ JUN26,LONG,1,25468.75,25457.00,-239.36,-243.72,-48.7,LOSS,STOP_HIT,25406.75,1240.00,2026-05-07 09:21:34
2026-01-20,2026-01-20 11:10:00,2026-01-20 11:15:00,OG,Backtest,AdxDiCrossBracketOG,OG_AdxDiCrossBracketOG,OG,NQ,NQ JUN26,LONG,1,25588.25,25600.25,235.64,231.28,46.3,WIN,STOP_HIT,25540.75,950.00,2026-05-07 09:21:34
2026-03-17,2026-03-17 11:15:00,2026-03-17 11:20:00,OG,Backtest,AdxDiCrossBracketOG,OG_AdxDiCrossBracketOG,OG,NQ,NQ JUN26,SHORT,1,25019.75,25057.00,-749.36,-753.72,-150.7,LOSS,STOP_HIT,25056.25,730.00,2026-05-07 09:21:34
2026-03-02,2026-03-02 11:15:00,2026-03-02 11:20:00,OG,Backtest,AdxDiCrossBracketOG,OG_AdxDiCrossBracketOG,OG,NQ,NQ JUN26,LONG,1,25187.75,25180.00,-159.36,-163.72,-32.7,LOSS,STOP_HIT,25129.50,1165.00,2026-05-07 09:21:34
2026-02-10,2026-02-10 09:45:00,2026-02-10 09:45:00,OG,Backtest,AdxDiCrossBracketOG,OG_AdxDiCrossBracketOG,OG,NQ,NQ JUN26,SHORT,1,25534.50,25512.25,440.64,436.28,87.3,WIN,TARGET_HIT,25559.75,505.00,2026-05-07 09:21:34
2026-02-03,2026-02-03 09:50:00,2026-02-03 09:50:00,OG,Backtest,AdxDiCrossBracketOG,OG_AdxDiCrossBracketOG,OG,NQ,NQ JUN26,SHORT,1,25960.00,25999.25,-789.36,-793.72,-158.7,LOSS,STOP_HIT,25998.00,760.00,2026-05-07 09:21:34
2026-03-09,2026-03-09 10:45:00,2026-03-09 10:50:00,OG,Backtest,AdxDiCrossBracketOG,OG_AdxDiCrossBracketOG,OG,NQ,NQ JUN26,LONG,1,24692.75,24762.25,1385.64,1381.28,276.3,WIN,TARGET_HIT,24622.25,1410.00,2026-05-07 09:21:34
2026-04-06,2026-04-06 11:05:00,2026-04-06 11:25:00,OG,Backtest,AdxDiCrossBracketOG,OG_AdxDiCrossBracketOG,OG,NQ,NQ JUN26,LONG,1,24307.50,24293.75,-279.36,-283.72,-56.7,LOSS,STOP_HIT,24255.50,1040.00,2026-05-07 09:21:34
2026-03-03,2026-03-03 11:40:00,2026-03-03 11:50:00,OG,Backtest,AdxDiCrossBracketOG,OG_AdxDiCrossBracketOG,OG,NQ,NQ JUN26,SHORT,1,24816.50,24865.00,-974.36,-978.72,-195.7,LOSS,STOP_HIT,24882.75,1325.00,2026-05-07 09:21:34
2026-03-09,2026-03-09 10:45:00,2026-03-09 10:50:00,OG,Backtest,AdxDiCrossBracketOG,OG_AdxDiCrossBracketOG,OG,NQ,NQ JUN26,LONG,1,24692.75,24762.25,1385.64,1381.28,276.3,WIN,TARGET_HIT,24622.25,1410.00,2026-05-07 09:21:34
2026-01-16,2026-01-16 11:30:00,2026-01-16 11:35:00,OG,Backtest,AdxDiCrossBracketOG,OG_AdxDiCrossBracketOG,OG,NQ,NQ JUN26,LONG,1,25912.25,25924.50,240.64,236.28,47.3,WIN,STOP_HIT,25874.75,750.00,2026-05-07 09:21:34
2026-03-12,2026-03-12 11:50:00,2026-03-12 11:50:00,OG,Backtest,AdxDiCrossBracketOG,OG_AdxDiCrossBracketOG,OG,NQ,NQ JUN26,LONG,1,24898.75,24843.25,-1114.36,-1118.72,-223.7,LOSS,STOP_HIT,24844.50,1085.00,2026-05-07 09:21:34
2026-02-11,2026-02-11 11:05:00,2026-02-11 11:10:00,OG,Backtest,AdxDiCrossBracketOG,OG_AdxDiCrossBracketOG,OG,NQ,NQ JUN26,LONG,1,25454.25,25417.50,-739.36,-743.72,-148.7,LOSS,STOP_HIT,25393.00,1225.00,2026-05-07 09:21:34
2026-01-09,2026-01-09 09:45:00,2026-01-09 09:50:00,OG,Backtest,AdxDiCrossBracketOG,OG_AdxDiCrossBracketOG,OG,NQ,NQ JUN26,LONG,1,25965.75,25936.75,-584.36,-588.72,-117.7,LOSS,STOP_HIT,25938.00,555.00,2026-05-07 09:21:34
2026-03-17,2026-03-17 11:15:00,2026-03-17 11:20:00,OG,Backtest,AdxDiCrossBracketOG,OG_AdxDiCrossBracketOG,OG,NQ,NQ JUN26,SHORT,1,25019.75,25057.00,-749.36,-753.72,-150.7,LOSS,STOP_HIT,25056.25,730.00,2026-05-07 09:21:34
2026-03-03,2026-03-03 11:25:00,2026-03-03 11:35:00,OG,Backtest,AdxDiCrossBracketOG,OG_AdxDiCrossBracketOG,OG,NQ,NQ JUN26,LONG,1,24795.25,24818.25,455.64,451.28,90.3,WIN,STOP_HIT,24724.00,1425.00,2026-05-07 09:21:34
2026-01-23,2026-01-23 10:10:00,2026-01-23 10:15:00,OG,Backtest,AdxDiCrossBracketOG,OG_AdxDiCrossBracketOG,OG,NQ,NQ JUN26,LONG,1,25921.75,25885.00,-739.36,-743.72,-148.7,LOSS,STOP_HIT,25885.50,725.00,2026-05-07 09:21:34
2026-04-06,2026-04-06 10:55:00,2026-04-06 11:00:00,OG,Backtest,AdxDiCrossBracketOG,OG_AdxDiCrossBracketOG,OG,NQ,NQ JUN26,SHORT,1,24269.25,24322.25,-1064.36,-1068.72,-213.7,LOSS,STOP_HIT,24321.00,1035.00,2026-05-07 09:21:34
2026-01-20,2026-01-20 11:10:00,2026-01-20 11:15:00,OG,Backtest,AdxDiCrossBracketOG,OG_AdxDiCrossBracketOG,OG,NQ,NQ JUN26,LONG,1,25588.25,25600.25,235.64,231.28,46.3,WIN,STOP_HIT,25540.75,950.00,2026-05-07 09:21:34
2026-04-06,2026-04-06 11:05:00,2026-04-06 11:25:00,OG,Backtest,AdxDiCrossBracketOG,OG_AdxDiCrossBracketOG,OG,NQ,NQ JUN26,LONG,1,24307.50,24293.75,-279.36,-283.72,-56.7,LOSS,STOP_HIT,24255.50,1040.00,2026-05-07 09:21:34
2026-04-06,2026-04-06 10:55:00,2026-04-06 11:00:00,OG,Backtest,AdxDiCrossBracketOG,OG_AdxDiCrossBracketOG,OG,NQ,NQ JUN26,SHORT,1,24269.25,24322.25,-1064.36,-1068.72,-213.7,LOSS,STOP_HIT,24321.00,1035.00,2026-05-07 09:21:34
2026-03-03,2026-03-03 11:25:00,2026-03-03 11:35:00,OG,Backtest,AdxDiCrossBracketOG,OG_AdxDiCrossBracketOG,OG,NQ,NQ JUN26,LONG,1,24795.25,24818.25,455.64,451.28,90.3,WIN,STOP_HIT,24724.00,1425.00,2026-05-07 09:21:34
2026-03-25,2026-03-25 11:20:00,2026-03-25 11:20:00,OG,Backtest,AdxDiCrossBracketOG,OG_AdxDiCrossBracketOG,OG,NQ,NQ JUN26,SHORT,1,24385.25,24336.50,970.64,966.28,193.3,WIN,TARGET_HIT,24438.00,1055.00,2026-05-07 09:21:34
2026-01-09,2026-01-09 09:45:00,2026-01-09 09:50:00,OG,Backtest,AdxDiCrossBracketOG,OG_AdxDiCrossBracketOG,OG,NQ,NQ JUN26,LONG,1,25965.75,25936.75,-584.36,-588.72,-117.7,LOSS,STOP_HIT,25938.00,555.00,2026-05-07 09:21:34
2026-03-25,2026-03-25 11:20:00,2026-03-25 11:20:00,OG,Backtest,AdxDiCrossBracketOG,OG_AdxDiCrossBracketOG,OG,NQ,NQ JUN26,SHORT,1,24385.25,24336.50,970.64,966.28,193.3,WIN,TARGET_HIT,24438.00,1055.00,2026-05-07 09:21:34
2026-04-06,2026-04-06 11:05:00,2026-04-06 11:25:00,OG,Backtest,AdxDiCrossBracketOG,OG_AdxDiCrossBracketOG,OG,NQ,NQ JUN26,LONG,1,24307.50,24293.75,-279.36,-283.72,-56.7,LOSS,STOP_HIT,24255.50,1040.00,2026-05-07 09:21:34
2026-03-20,2026-03-20 11:30:00,2026-03-20 12:05:00,OG,Backtest,AdxDiCrossBracketOG,OG_AdxDiCrossBracketOG,OG,NQ,NQ JUN26,LONG,1,24275.00,24327.75,1050.64,1046.28,209.3,WIN,TARGET_HIT,24219.75,1105.00,2026-05-07 09:21:34
2026-02-10,2026-02-10 09:45:00,2026-02-10 09:45:00,OG,Backtest,AdxDiCrossBracketOG,OG_AdxDiCrossBracketOG,OG,NQ,NQ JUN26,SHORT,1,25534.50,25512.25,440.64,436.28,87.3,WIN,TARGET_HIT,25559.75,505.00,2026-05-07 09:21:34
2026-01-20,2026-01-20 11:10:00,2026-01-20 11:15:00,OG,Backtest,AdxDiCrossBracketOG,OG_AdxDiCrossBracketOG,OG,NQ,NQ JUN26,LONG,1,25588.25,25600.25,235.64,231.28,46.3,WIN,STOP_HIT,25540.75,950.00,2026-05-07 09:21:34
2026-03-24,2026-03-24 11:00:00,2026-03-24 11:00:00,OG,Backtest,AdxDiCrossBracketOG,OG_AdxDiCrossBracketOG,OG,NQ,NQ JUN26,LONG,1,24282.25,24217.00,-1309.36,-1313.72,-262.7,LOSS,STOP_HIT,24218.25,1280.00,2026-05-07 09:21:34
2026-01-21,2026-01-21 11:45:00,2026-01-21 11:45:00,OG,Backtest,AdxDiCrossBracketOG,OG_AdxDiCrossBracketOG,OG,NQ,NQ JUN26,SHORT,1,25543.00,25505.75,740.64,736.28,147.3,WIN,TARGET_HIT,25582.25,785.00,2026-05-07 09:21:34
2026-03-06,2026-03-06 11:10:00,2026-03-06 11:15:00,OG,Backtest,AdxDiCrossBracketOG,OG_AdxDiCrossBracketOG,OG,NQ,NQ JUN26,LONG,1,25102.25,25058.25,-884.36,-888.72,-177.7,LOSS,STOP_HIT,25038.75,1270.00,2026-05-07 09:21:34
2026-01-06,2026-01-06 11:00:00,2026-01-06 11:05:00,OG,Backtest,AdxDiCrossBracketOG,OG_AdxDiCrossBracketOG,OG,NQ,NQ JUN26,SHORT,1,25908.50,25880.75,550.64,546.28,109.3,WIN,TARGET_HIT,25938.25,595.00,2026-05-07 09:21:34
2026-01-13,2026-01-13 10:10:00,2026-01-13 10:15:00,OG,Backtest,AdxDiCrossBracketOG,OG_AdxDiCrossBracketOG,OG,NQ,NQ JUN26,SHORT,1,26137.25,26108.00,580.64,576.28,115.3,WIN,TARGET_HIT,26168.00,615.00,2026-05-07 09:21:34
2026-01-28,2026-01-28 11:20:00,2026-01-28 11:25:00,OG,Backtest,AdxDiCrossBracketOG,OG_AdxDiCrossBracketOG,OG,NQ,NQ JUN26,LONG,1,26393.75,26378.25,-314.36,-318.72,-63.7,LOSS,STOP_HIT,26363.25,610.00,2026-05-07 09:21:34
2026-03-27,2026-03-27 11:40:00,2026-03-27 11:45:00,OG,Backtest,AdxDiCrossBracketOG,OG_AdxDiCrossBracketOG,OG,NQ,NQ JUN26,LONG,1,23597.75,23540.25,-1154.36,-1158.72,-231.7,LOSS,STOP_HIT,23541.50,1125.00,2026-05-07 09:21:34
2026-01-30,2026-01-30 10:55:00,2026-01-30 10:55:00,OG,Backtest,AdxDiCrossBracketOG,OG_AdxDiCrossBracketOG,OG,NQ,NQ JUN26,LONG,1,26118.00,26058.75,-1189.36,-1193.72,-238.7,LOSS,STOP_HIT,26060.00,1160.00,2026-05-07 09:21:34
2026-03-24,2026-03-24 11:00:00,2026-03-24 11:00:00,OG,Backtest,AdxDiCrossBracketOG,OG_AdxDiCrossBracketOG,OG,NQ,NQ JUN26,LONG,1,24282.25,24217.00,-1309.36,-1313.72,-262.7,LOSS,STOP_HIT,24218.25,1280.00,2026-05-07 09:21:34
2026-02-11,2026-02-11 11:05:00,2026-02-11 11:10:00,OG,Backtest,AdxDiCrossBracketOG,OG_AdxDiCrossBracketOG,OG,NQ,NQ JUN26,LONG,1,25454.25,25417.50,-739.36,-743.72,-148.7,LOSS,STOP_HIT,25393.00,1225.00,2026-05-07 09:21:34
2026-03-12,2026-03-12 11:50:00,2026-03-12 11:50:00,OG,Backtest,AdxDiCrossBracketOG,OG_AdxDiCrossBracketOG,OG,NQ,NQ JUN26,LONG,1,24898.75,24843.25,-1114.36,-1118.72,-223.7,LOSS,STOP_HIT,24844.50,1085.00,2026-05-07 09:21:35
2026-03-27,2026-03-27 11:40:00,2026-03-27 11:45:00,OG,Backtest,AdxDiCrossBracketOG,OG_AdxDiCrossBracketOG,OG,NQ,NQ JUN26,LONG,1,23597.75,23540.25,-1154.36,-1158.72,-231.7,LOSS,STOP_HIT,23541.50,1125.00,2026-05-07 09:21:35
2026-04-06,2026-04-06 11:05:00,2026-04-06 11:25:00,OG,Backtest,AdxDiCrossBracketOG,OG_AdxDiCrossBracketOG,OG,NQ,NQ JUN26,LONG,1,24307.50,24293.75,-279.36,-283.72,-56.7,LOSS,STOP_HIT,24255.50,1040.00,2026-05-07 09:21:35
2026-03-27,2026-03-27 11:40:00,2026-03-27 11:45:00,OG,Backtest,AdxDiCrossBracketOG,OG_AdxDiCrossBracketOG,OG,NQ,NQ JUN26,LONG,1,23597.75,23540.25,-1154.36,-1158.72,-231.7,LOSS,STOP_HIT,23541.50,1125.00,2026-05-07 09:21:35
2026-04-06,2026-04-06 11:35:00,2026-04-06 11:45:00,OG,Backtest,AdxDiCrossBracketOG,OG_AdxDiCrossBracketOG,OG,NQ,NQ JUN26,SHORT,1,24280.00,24290.75,-219.36,-223.72,-44.7,LOSS,STOP_HIT,24325.50,910.00,2026-05-07 09:21:35
2026-02-11,2026-02-11 11:05:00,2026-02-11 11:10:00,OG,Backtest,AdxDiCrossBracketOG,OG_AdxDiCrossBracketOG,OG,NQ,NQ JUN26,LONG,1,25454.25,25417.50,-739.36,-743.72,-148.7,LOSS,STOP_HIT,25393.00,1225.00,2026-05-07 09:21:35
2026-02-03,2026-02-03 09:50:00,2026-02-03 09:50:00,OG,Backtest,AdxDiCrossBracketOG,OG_AdxDiCrossBracketOG,OG,NQ,NQ JUN26,SHORT,1,25960.00,25999.25,-789.36,-793.72,-158.7,LOSS,STOP_HIT,25998.00,760.00,2026-05-07 09:21:35
2026-04-07,2026-04-07 11:40:00,2026-04-07 12:00:00,OG,Backtest,AdxDiCrossBracketOG,OG_AdxDiCrossBracketOG,OG,NQ,NQ JUN26,LONG,1,24072.25,24117.50,900.64,896.28,179.3,WIN,TARGET_HIT,24025.00,945.00,2026-05-07 09:21:35
2026-03-19,2026-03-19 11:15:00,2026-03-19 11:25:00,OG,Backtest,AdxDiCrossBracketOG,OG_AdxDiCrossBracketOG,OG,NQ,NQ JUN26,LONG,1,24531.00,24485.50,-914.36,-918.72,-183.7,LOSS,STOP_HIT,24473.00,1160.00,2026-05-07 09:21:35
2026-02-11,2026-02-11 11:05:00,2026-02-11 11:10:00,OG,Backtest,AdxDiCrossBracketOG,OG_AdxDiCrossBracketOG,OG,NQ,NQ JUN26,LONG,1,25454.25,25417.50,-739.36,-743.72,-148.7,LOSS,STOP_HIT,25393.00,1225.00,2026-05-07 09:21:35
2026-03-03,2026-03-03 11:25:00,2026-03-03 11:35:00,OG,Backtest,AdxDiCrossBracketOG,OG_AdxDiCrossBracketOG,OG,NQ,NQ JUN26,LONG,1,24795.25,24818.25,455.64,451.28,90.3,WIN,STOP_HIT,24724.00,1425.00,2026-05-07 09:21:35
2026-02-13,2026-02-13 10:50:00,2026-02-13 11:00:00,OG,Backtest,AdxDiCrossBracketOG,OG_AdxDiCrossBracketOG,OG,NQ,NQ JUN26,SHORT,1,24982.25,25030.75,-974.36,-978.72,-195.7,LOSS,STOP_HIT,25055.00,1455.00,2026-05-07 09:21:35
2026-02-11,2026-02-11 11:05:00,2026-02-11 11:10:00,OG,Backtest,AdxDiCrossBracketOG,OG_AdxDiCrossBracketOG,OG,NQ,NQ JUN26,LONG,1,25454.25,25417.50,-739.36,-743.72,-148.7,LOSS,STOP_HIT,25393.00,1225.00,2026-05-07 09:21:35
2026-03-02,2026-03-02 11:15:00,2026-03-02 11:20:00,OG,Backtest,AdxDiCrossBracketOG,OG_AdxDiCrossBracketOG,OG,NQ,NQ JUN26,LONG,1,25187.75,25180.00,-159.36,-163.72,-32.7,LOSS,STOP_HIT,25129.50,1165.00,2026-05-07 09:21:35
2026-01-30,2026-01-30 11:00:00,2026-01-30 11:10:00,OG,Backtest,AdxDiCrossBracketOG,OG_AdxDiCrossBracketOG,OG,NQ,NQ JUN26,SHORT,1,26071.50,26048.25,460.64,456.28,91.3,WIN,STOP_HIT,26129.00,1150.00,2026-05-07 09:21:35
2026-02-10,2026-02-10 09:45:00,2026-02-10 09:45:00,OG,Backtest,AdxDiCrossBracketOG,OG_AdxDiCrossBracketOG,OG,NQ,NQ JUN26,SHORT,1,25534.50,25512.25,440.64,436.28,87.3,WIN,TARGET_HIT,25559.75,505.00,2026-05-07 09:21:35
2026-03-03,2026-03-03 11:25:00,2026-03-03 11:35:00,OG,Backtest,AdxDiCrossBracketOG,OG_AdxDiCrossBracketOG,OG,NQ,NQ JUN26,LONG,1,24795.25,24818.25,455.64,451.28,90.3,WIN,STOP_HIT,24724.00,1425.00,2026-05-07 09:21:35
2026-01-07,2026-01-07 09:50:00,2026-01-07 09:50:00,OG,Backtest,AdxDiCrossBracketOG,OG_AdxDiCrossBracketOG,OG,NQ,NQ JUN26,LONG,1,26064.50,26079.75,300.64,296.28,59.3,WIN,TARGET_HIT,26047.25,345.00,2026-05-07 09:21:35
2026-01-07,2026-01-07 10:10:00,2026-01-07 10:10:00,OG,Backtest,AdxDiCrossBracketOG,OG_AdxDiCrossBracketOG,OG,NQ,NQ JUN26,SHORT,1,26050.00,26073.50,-474.36,-478.72,-95.7,LOSS,STOP_HIT,26072.25,445.00,2026-05-07 09:21:35
2026-02-24,2026-02-24 10:10:00,2026-02-24 10:10:00,OG,Backtest,AdxDiCrossBracketOG,OG_AdxDiCrossBracketOG,OG,NQ,NQ JUN26,SHORT,1,25048.00,25093.50,-914.36,-918.72,-183.7,LOSS,STOP_HIT,25092.25,885.00,2026-05-07 09:21:35
2026-02-17,2026-02-17 11:10:00,2026-02-17 11:10:00,OG,Backtest,AdxDiCrossBracketOG,OG_AdxDiCrossBracketOG,OG,NQ,NQ JUN26,LONG,1,24862.00,24927.25,1300.64,1296.28,259.3,WIN,TARGET_HIT,24793.75,1365.00,2026-05-07 09:21:35
2026-01-09,2026-01-09 09:55:00,2026-01-09 09:55:00,OG,Backtest,AdxDiCrossBracketOG,OG_AdxDiCrossBracketOG,OG,NQ,NQ JUN26,SHORT,1,25912.50,25949.00,-734.36,-738.72,-147.7,LOSS,STOP_HIT,25947.75,705.00,2026-05-07 09:21:35
2026-01-09,2026-01-09 10:15:00,2026-01-09 10:15:00,OG,Backtest,AdxDiCrossBracketOG,OG_AdxDiCrossBracketOG,OG,NQ,NQ JUN26,SHORT,1,25849.75,25897.00,-949.36,-953.72,-190.7,LOSS,STOP_HIT,25895.75,920.00,2026-05-07 09:21:35
2026-04-07,2026-04-07 11:40:00,2026-04-07 12:00:00,OG,Backtest,AdxDiCrossBracketOG,OG_AdxDiCrossBracketOG,OG,NQ,NQ JUN26,LONG,1,24072.25,24117.50,900.64,896.28,179.3,WIN,TARGET_HIT,24025.00,945.00,2026-05-07 09:21:35
2026-02-05,2026-02-05 11:40:00,2026-02-05 11:50:00,OG,Backtest,AdxDiCrossBracketOG,OG_AdxDiCrossBracketOG,OG,NQ,NQ JUN26,LONG,1,25026.25,24991.50,-699.36,-703.72,-140.7,LOSS,STOP_HIT,24938.00,1765.00,2026-05-07 09:21:35
2026-01-09,2026-01-09 10:30:00,2026-01-09 10:30:00,OG,Backtest,AdxDiCrossBracketOG,OG_AdxDiCrossBracketOG,OG,NQ,NQ JUN26,LONG,1,26010.00,26057.25,940.64,936.28,187.3,WIN,TARGET_HIT,25959.75,1005.00,2026-05-07 09:21:35
2026-01-09,2026-01-09 10:30:00,2026-01-09 10:30:00,OG,Backtest,AdxDiCrossBracketOG,OG_AdxDiCrossBracketOG,OG,NQ,NQ JUN26,LONG,1,26010.00,26057.25,940.64,936.28,187.3,WIN,TARGET_HIT,25959.75,1005.00,2026-05-07 09:21:35
2026-01-23,2026-01-23 10:10:00,2026-01-23 10:15:00,OG,Backtest,AdxDiCrossBracketOG,OG_AdxDiCrossBracketOG,OG,NQ,NQ JUN26,LONG,1,25921.75,25885.00,-739.36,-743.72,-148.7,LOSS,STOP_HIT,25885.50,725.00,2026-05-07 09:21:35
2026-03-12,2026-03-12 11:50:00,2026-03-12 11:50:00,OG,Backtest,AdxDiCrossBracketOG,OG_AdxDiCrossBracketOG,OG,NQ,NQ JUN26,LONG,1,24898.75,24843.25,-1114.36,-1118.72,-223.7,LOSS,STOP_HIT,24844.50,1085.00,2026-05-07 09:21:35
2026-01-20,2026-01-20 10:50:00,2026-01-20 10:55:00,OG,Backtest,AdxDiCrossBracketOG,OG_AdxDiCrossBracketOG,OG,NQ,NQ JUN26,LONG,1,25598.75,25558.75,-804.36,-808.72,-161.7,LOSS,STOP_HIT,25550.75,960.00,2026-05-07 09:21:35
2026-02-11,2026-02-11 10:20:00,2026-02-11 10:20:00,OG,Backtest,AdxDiCrossBracketOG,OG_AdxDiCrossBracketOG,OG,NQ,NQ JUN26,SHORT,1,25395.25,25345.50,990.64,986.28,197.3,WIN,TARGET_HIT,25448.50,1065.00,2026-05-07 09:21:35
2026-02-24,2026-02-24 10:15:00,2026-02-24 10:15:00,OG,Backtest,AdxDiCrossBracketOG,OG_AdxDiCrossBracketOG,OG,NQ,NQ JUN26,LONG,1,25110.00,25063.00,-944.36,-948.72,-189.7,LOSS,STOP_HIT,25064.25,915.00,2026-05-07 09:21:35
2026-02-24,2026-02-24 09:50:00,2026-02-24 09:50:00,OG,Backtest,AdxDiCrossBracketOG,OG_AdxDiCrossBracketOG,OG,NQ,NQ JUN26,LONG,1,25121.25,25157.50,720.64,716.28,143.3,WIN,TARGET_HIT,25081.50,795.00,2026-05-07 09:21:35
2026-01-13,2026-01-13 10:10:00,2026-01-13 10:15:00,OG,Backtest,AdxDiCrossBracketOG,OG_AdxDiCrossBracketOG,OG,NQ,NQ JUN26,SHORT,1,26137.25,26108.00,580.64,576.28,115.3,WIN,TARGET_HIT,26168.00,615.00,2026-05-07 09:21:35
2026-03-19,2026-03-19 11:15:00,2026-03-19 11:25:00,OG,Backtest,AdxDiCrossBracketOG,OG_AdxDiCrossBracketOG,OG,NQ,NQ JUN26,LONG,1,24531.00,24485.50,-914.36,-918.72,-183.7,LOSS,STOP_HIT,24473.00,1160.00,2026-05-07 09:21:35
2026-03-06,2026-03-06 11:10:00,2026-03-06 11:15:00,OG,Backtest,AdxDiCrossBracketOG,OG_AdxDiCrossBracketOG,OG,NQ,NQ JUN26,LONG,1,25102.25,25058.25,-884.36,-888.72,-177.7,LOSS,STOP_HIT,25038.75,1270.00,2026-05-07 09:21:35
2026-01-09,2026-01-09 10:10:00,2026-01-09 10:10:00,OG,Backtest,AdxDiCrossBracketOG,OG_AdxDiCrossBracketOG,OG,NQ,NQ JUN26,LONG,1,25922.50,25881.00,-834.36,-838.72,-167.7,LOSS,STOP_HIT,25882.25,805.00,2026-05-07 09:21:35
2026-01-09,2026-01-09 10:10:00,2026-01-09 10:10:00,OG,Backtest,AdxDiCrossBracketOG,OG_AdxDiCrossBracketOG,OG,NQ,NQ JUN26,LONG,1,25922.50,25881.00,-834.36,-838.72,-167.7,LOSS,STOP_HIT,25882.25,805.00,2026-05-07 09:21:35
2026-01-28,2026-01-28 10:55:00,2026-01-28 11:05:00,OG,Backtest,AdxDiCrossBracketOG,OG_AdxDiCrossBracketOG,OG,NQ,NQ JUN26,SHORT,1,26394.50,26393.50,15.64,11.28,2.3,WIN,STOP_HIT,26429.00,690.00,2026-05-07 09:21:35
2026-01-09,2026-01-09 10:10:00,2026-01-09 10:10:00,OG,Backtest,AdxDiCrossBracketOG,OG_AdxDiCrossBracketOG,OG,NQ,NQ JUN26,LONG,1,25922.50,25881.00,-834.36,-838.72,-167.7,LOSS,STOP_HIT,25882.25,805.00,2026-05-07 09:21:35
2026-03-12,2026-03-12 11:50:00,2026-03-12 11:50:00,OG,Backtest,AdxDiCrossBracketOG,OG_AdxDiCrossBracketOG,OG,NQ,NQ JUN26,LONG,1,24898.75,24843.25,-1114.36,-1118.72,-223.7,LOSS,STOP_HIT,24844.50,1085.00,2026-05-07 09:21:35
2026-01-28,2026-01-28 10:55:00,2026-01-28 11:05:00,OG,Backtest,AdxDiCrossBracketOG,OG_AdxDiCrossBracketOG,OG,NQ,NQ JUN26,SHORT,1,26394.50,26393.50,15.64,11.28,2.3,WIN,STOP_HIT,26429.00,690.00,2026-05-07 09:21:35
2026-01-21,2026-01-21 11:45:00,2026-01-21 11:45:00,OG,Backtest,AdxDiCrossBracketOG,OG_AdxDiCrossBracketOG,OG,NQ,NQ JUN26,SHORT,1,25543.00,25505.75,740.64,736.28,147.3,WIN,TARGET_HIT,25582.25,785.00,2026-05-07 09:21:35
2026-02-24,2026-02-24 10:15:00,2026-02-24 10:15:00,OG,Backtest,AdxDiCrossBracketOG,OG_AdxDiCrossBracketOG,OG,NQ,NQ JUN26,LONG,1,25110.00,25063.00,-944.36,-948.72,-189.7,LOSS,STOP_HIT,25064.25,915.00,2026-05-07 09:21:35
2026-01-13,2026-01-13 10:10:00,2026-01-13 10:15:00,OG,Backtest,AdxDiCrossBracketOG,OG_AdxDiCrossBracketOG,OG,NQ,NQ JUN26,SHORT,1,26137.25,26108.00,580.64,576.28,115.3,WIN,TARGET_HIT,26168.00,615.00,2026-05-07 09:21:35
2026-01-30,2026-01-30 11:00:00,2026-01-30 11:10:00,OG,Backtest,AdxDiCrossBracketOG,OG_AdxDiCrossBracketOG,OG,NQ,NQ JUN26,SHORT,1,26071.50,26048.25,460.64,456.28,91.3,WIN,STOP_HIT,26129.00,1150.00,2026-05-07 09:21:35
2026-02-05,2026-02-05 11:40:00,2026-02-05 11:50:00,OG,Backtest,AdxDiCrossBracketOG,OG_AdxDiCrossBracketOG,OG,NQ,NQ JUN26,LONG,1,25026.25,24991.50,-699.36,-703.72,-140.7,LOSS,STOP_HIT,24938.00,1765.00,2026-05-07 09:21:35
2026-01-07,2026-01-07 10:10:00,2026-01-07 10:10:00,OG,Backtest,AdxDiCrossBracketOG,OG_AdxDiCrossBracketOG,OG,NQ,NQ JUN26,SHORT,1,26050.00,26073.50,-474.36,-478.72,-95.7,LOSS,STOP_HIT,26072.25,445.00,2026-05-07 09:21:35
2026-02-13,2026-02-13 10:50:00,2026-02-13 11:00:00,OG,Backtest,AdxDiCrossBracketOG,OG_AdxDiCrossBracketOG,OG,NQ,NQ JUN26,SHORT,1,24982.25,25030.75,-974.36,-978.72,-195.7,LOSS,STOP_HIT,25055.00,1455.00,2026-05-07 09:21:35
2026-01-16,2026-01-16 11:30:00,2026-01-16 11:35:00,OG,Backtest,AdxDiCrossBracketOG,OG_AdxDiCrossBracketOG,OG,NQ,NQ JUN26,LONG,1,25912.25,25924.50,240.64,236.28,47.3,WIN,STOP_HIT,25874.75,750.00,2026-05-07 09:21:35
2026-01-30,2026-01-30 11:00:00,2026-01-30 11:10:00,OG,Backtest,AdxDiCrossBracketOG,OG_AdxDiCrossBracketOG,OG,NQ,NQ JUN26,SHORT,1,26071.50,26048.25,460.64,456.28,91.3,WIN,STOP_HIT,26129.00,1150.00,2026-05-07 09:21:35
2026-04-06,2026-04-06 10:55:00,2026-04-06 11:00:00,OG,Backtest,AdxDiCrossBracketOG,OG_AdxDiCrossBracketOG,OG,NQ,NQ JUN26,SHORT,1,24269.25,24322.25,-1064.36,-1068.72,-213.7,LOSS,STOP_HIT,24321.00,1035.00,2026-05-07 09:21:35
2026-04-06,2026-04-06 11:35:00,2026-04-06 11:45:00,OG,Backtest,AdxDiCrossBracketOG,OG_AdxDiCrossBracketOG,OG,NQ,NQ JUN26,SHORT,1,24280.00,24290.75,-219.36,-223.72,-44.7,LOSS,STOP_HIT,24325.50,910.00,2026-05-07 09:21:35
2026-01-30,2026-01-30 11:00:00,2026-01-30 11:10:00,OG,Backtest,AdxDiCrossBracketOG,OG_AdxDiCrossBracketOG,OG,NQ,NQ JUN26,SHORT,1,26071.50,26048.25,460.64,456.28,91.3,WIN,STOP_HIT,26129.00,1150.00,2026-05-07 09:21:35
2026-01-23,2026-01-23 10:10:00,2026-01-23 10:15:00,OG,Backtest,AdxDiCrossBracketOG,OG_AdxDiCrossBracketOG,OG,NQ,NQ JUN26,LONG,1,25921.75,25885.00,-739.36,-743.72,-148.7,LOSS,STOP_HIT,25885.50,725.00,2026-05-07 09:21:35
2026-01-20,2026-01-20 11:10:00,2026-01-20 11:15:00,OG,Backtest,AdxDiCrossBracketOG,OG_AdxDiCrossBracketOG,OG,NQ,NQ JUN26,LONG,1,25588.25,25600.25,235.64,231.28,46.3,WIN,STOP_HIT,25540.75,950.00,2026-05-07 09:21:35
2026-02-05,2026-02-05 11:40:00,2026-02-05 11:50:00,OG,Backtest,AdxDiCrossBracketOG,OG_AdxDiCrossBracketOG,OG,NQ,NQ JUN26,LONG,1,25026.25,24991.50,-699.36,-703.72,-140.7,LOSS,STOP_HIT,24938.00,1765.00,2026-05-07 09:21:35
2026-02-03,2026-02-03 09:50:00,2026-02-03 09:50:00,OG,Backtest,AdxDiCrossBracketOG,OG_AdxDiCrossBracketOG,OG,NQ,NQ JUN26,SHORT,1,25960.00,25999.25,-789.36,-793.72,-158.7,LOSS,STOP_HIT,25998.00,760.00,2026-05-07 09:21:35
2026-03-12,2026-03-12 11:50:00,2026-03-12 11:50:00,OG,Backtest,AdxDiCrossBracketOG,OG_AdxDiCrossBracketOG,OG,NQ,NQ JUN26,LONG,1,24898.75,24843.25,-1114.36,-1118.72,-223.7,LOSS,STOP_HIT,24844.50,1085.00,2026-05-07 09:21:35
2026-02-11,2026-02-11 11:05:00,2026-02-11 11:10:00,OG,Backtest,AdxDiCrossBracketOG,OG_AdxDiCrossBracketOG,OG,NQ,NQ JUN26,LONG,1,25454.25,25417.50,-739.36,-743.72,-148.7,LOSS,STOP_HIT,25393.00,1225.00,2026-05-07 09:21:35
2026-01-28,2026-01-28 11:20:00,2026-01-28 11:25:00,OG,Backtest,AdxDiCrossBracketOG,OG_AdxDiCrossBracketOG,OG,NQ,NQ JUN26,LONG,1,26393.75,26378.25,-314.36,-318.72,-63.7,LOSS,STOP_HIT,26363.25,610.00,2026-05-07 09:21:35
2026-02-10,2026-02-10 09:45:00,2026-02-10 09:45:00,OG,Backtest,AdxDiCrossBracketOG,OG_AdxDiCrossBracketOG,OG,NQ,NQ JUN26,SHORT,1,25534.50,25512.25,440.64,436.28,87.3,WIN,TARGET_HIT,25559.75,505.00,2026-05-07 09:21:35
2026-02-11,2026-02-11 10:20:00,2026-02-11 10:20:00,OG,Backtest,AdxDiCrossBracketOG,OG_AdxDiCrossBracketOG,OG,NQ,NQ JUN26,SHORT,1,25395.25,25345.50,990.64,986.28,197.3,WIN,TARGET_HIT,25448.50,1065.00,2026-05-07 09:21:35
2026-03-03,2026-03-03 11:25:00,2026-03-03 11:35:00,OG,Backtest,AdxDiCrossBracketOG,OG_AdxDiCrossBracketOG,OG,NQ,NQ JUN26,LONG,1,24795.25,24818.25,455.64,451.28,90.3,WIN,STOP_HIT,24724.00,1425.00,2026-05-07 09:21:35
2026-01-07,2026-01-07 10:10:00,2026-01-07 10:10:00,OG,Backtest,AdxDiCrossBracketOG,OG_AdxDiCrossBracketOG,OG,NQ,NQ JUN26,SHORT,1,26050.00,26073.50,-474.36,-478.72,-95.7,LOSS,STOP_HIT,26072.25,445.00,2026-05-07 09:21:35
2026-01-30,2026-01-30 11:00:00,2026-01-30 11:10:00,OG,Backtest,AdxDiCrossBracketOG,OG_AdxDiCrossBracketOG,OG,NQ,NQ JUN26,SHORT,1,26071.50,26048.25,460.64,456.28,91.3,WIN,STOP_HIT,26129.00,1150.00,2026-05-07 09:21:35
2026-01-09,2026-01-09 10:15:00,2026-01-09 10:15:00,OG,Backtest,AdxDiCrossBracketOG,OG_AdxDiCrossBracketOG,OG,NQ,NQ JUN26,SHORT,1,25849.75,25897.00,-949.36,-953.72,-190.7,LOSS,STOP_HIT,25895.75,920.00,2026-05-07 09:21:35
2026-02-11,2026-02-11 11:20:00,2026-02-11 11:25:00,OG,Backtest,AdxDiCrossBracketOG,OG_AdxDiCrossBracketOG,OG,NQ,NQ JUN26,LONG,1,25468.75,25457.00,-239.36,-243.72,-48.7,LOSS,STOP_HIT,25406.75,1240.00,2026-05-07 09:21:35
2026-02-24,2026-02-24 10:10:00,2026-02-24 10:10:00,OG,Backtest,AdxDiCrossBracketOG,OG_AdxDiCrossBracketOG,OG,NQ,NQ JUN26,SHORT,1,25048.00,25093.50,-914.36,-918.72,-183.7,LOSS,STOP_HIT,25092.25,885.00,2026-05-07 09:21:35
2026-04-10,2026-04-10 11:45:00,2026-04-10 12:00:00,OG,Backtest,AdxDiCrossBracketOG,OG_AdxDiCrossBracketOG,OG,NQ,NQ JUN26,SHORT,1,25300.75,25269.75,615.64,611.28,122.3,WIN,TARGET_HIT,25334.25,670.00,2026-05-07 09:21:35
2026-01-09,2026-01-09 10:15:00,2026-01-09 10:15:00,OG,Backtest,AdxDiCrossBracketOG,OG_AdxDiCrossBracketOG,OG,NQ,NQ JUN26,SHORT,1,25849.75,25897.00,-949.36,-953.72,-190.7,LOSS,STOP_HIT,25895.75,920.00,2026-05-07 09:21:35
2026-02-24,2026-02-24 10:10:00,2026-02-24 10:10:00,OG,Backtest,AdxDiCrossBracketOG,OG_AdxDiCrossBracketOG,OG,NQ,NQ JUN26,SHORT,1,25048.00,25093.50,-914.36,-918.72,-183.7,LOSS,STOP_HIT,25092.25,885.00,2026-05-07 09:21:35
2026-02-24,2026-02-24 09:50:00,2026-02-24 09:50:00,OG,Backtest,AdxDiCrossBracketOG,OG_AdxDiCrossBracketOG,OG,NQ,NQ JUN26,LONG,1,25121.25,25157.50,720.64,716.28,143.3,WIN,TARGET_HIT,25081.50,795.00,2026-05-07 09:21:35
2026-02-24,2026-02-24 10:15:00,2026-02-24 10:15:00,OG,Backtest,AdxDiCrossBracketOG,OG_AdxDiCrossBracketOG,OG,NQ,NQ JUN26,LONG,1,25110.00,25063.00,-944.36,-948.72,-189.7,LOSS,STOP_HIT,25064.25,915.00,2026-05-07 09:21:35
2026-03-13,2026-03-13 10:50:00,2026-03-13 10:50:00,OG,Backtest,AdxDiCrossBracketOG,OG_AdxDiCrossBracketOG,OG,NQ,NQ JUN26,SHORT,1,24804.25,24755.00,980.64,976.28,195.3,WIN,TARGET_HIT,24853.50,985.00,2026-05-07 09:21:35
2026-03-12,2026-03-12 11:50:00,2026-03-12 11:50:00,OG,Backtest,AdxDiCrossBracketOG,OG_AdxDiCrossBracketOG,OG,NQ,NQ JUN26,LONG,1,24898.75,24843.25,-1114.36,-1118.72,-223.7,LOSS,STOP_HIT,24844.50,1085.00,2026-05-07 09:21:35
2026-03-12,2026-03-12 11:50:00,2026-03-12 11:50:00,OG,Backtest,AdxDiCrossBracketOG,OG_AdxDiCrossBracketOG,OG,NQ,NQ JUN26,LONG,1,24898.75,24843.25,-1114.36,-1118.72,-223.7,LOSS,STOP_HIT,24844.50,1085.00,2026-05-07 09:21:35
2026-03-09,2026-03-09 10:45:00,2026-03-09 10:50:00,OG,Backtest,AdxDiCrossBracketOG,OG_AdxDiCrossBracketOG,OG,NQ,NQ JUN26,LONG,1,24692.75,24762.25,1385.64,1381.28,276.3,WIN,TARGET_HIT,24622.25,1410.00,2026-05-07 09:21:35
2026-03-13,2026-03-13 10:50:00,2026-03-13 10:50:00,OG,Backtest,AdxDiCrossBracketOG,OG_AdxDiCrossBracketOG,OG,NQ,NQ JUN26,SHORT,1,24804.25,24755.00,980.64,976.28,195.3,WIN,TARGET_HIT,24853.50,985.00,2026-05-07 09:21:35
2026-03-25,2026-03-25 11:20:00,2026-03-25 11:20:00,OG,Backtest,AdxDiCrossBracketOG,OG_AdxDiCrossBracketOG,OG,NQ,NQ JUN26,SHORT,1,24385.25,24336.50,970.64,966.28,193.3,WIN,TARGET_HIT,24438.00,1055.00,2026-05-07 09:21:35
2026-01-20,2026-01-20 11:10:00,2026-01-20 11:15:00,OG,Backtest,AdxDiCrossBracketOG,OG_AdxDiCrossBracketOG,OG,NQ,NQ JUN26,LONG,1,25588.25,25600.25,235.64,231.28,46.3,WIN,STOP_HIT,25540.75,950.00,2026-05-07 09:21:35
2026-01-09,2026-01-09 09:45:00,2026-01-09 09:50:00,OG,Backtest,AdxDiCrossBracketOG,OG_AdxDiCrossBracketOG,OG,NQ,NQ JUN26,LONG,1,25965.75,25936.75,-584.36,-588.72,-117.7,LOSS,STOP_HIT,25938.00,555.00,2026-05-07 09:21:35
2026-03-06,2026-03-06 11:10:00,2026-03-06 11:15:00,OG,Backtest,AdxDiCrossBracketOG,OG_AdxDiCrossBracketOG,OG,NQ,NQ JUN26,LONG,1,25102.25,25058.25,-884.36,-888.72,-177.7,LOSS,STOP_HIT,25038.75,1270.00,2026-05-07 09:21:35
2026-03-06,2026-03-06 11:10:00,2026-03-06 11:15:00,OG,Backtest,AdxDiCrossBracketOG,OG_AdxDiCrossBracketOG,OG,NQ,NQ JUN26,LONG,1,25102.25,25058.25,-884.36,-888.72,-177.7,LOSS,STOP_HIT,25038.75,1270.00,2026-05-07 09:21:35
2026-03-25,2026-03-25 11:20:00,2026-03-25 11:20:00,OG,Backtest,AdxDiCrossBracketOG,OG_AdxDiCrossBracketOG,OG,NQ,NQ JUN26,SHORT,1,24385.25,24336.50,970.64,966.28,193.3,WIN,TARGET_HIT,24438.00,1055.00,2026-05-07 09:21:35
2026-01-20,2026-01-20 11:10:00,2026-01-20 11:15:00,OG,Backtest,AdxDiCrossBracketOG,OG_AdxDiCrossBracketOG,OG,NQ,NQ JUN26,LONG,1,25588.25,25600.25,235.64,231.28,46.3,WIN,STOP_HIT,25540.75,950.00,2026-05-07 09:21:35
2026-02-24,2026-02-24 10:10:00,2026-02-24 10:10:00,OG,Backtest,AdxDiCrossBracketOG,OG_AdxDiCrossBracketOG,OG,NQ,NQ JUN26,SHORT,1,25048.00,25093.50,-914.36,-918.72,-183.7,LOSS,STOP_HIT,25092.25,885.00,2026-05-07 09:21:35
2026-03-12,2026-03-12 11:50:00,2026-03-12 11:50:00,OG,Backtest,AdxDiCrossBracketOG,OG_AdxDiCrossBracketOG,OG,NQ,NQ JUN26,LONG,1,24898.75,24843.25,-1114.36,-1118.72,-223.7,LOSS,STOP_HIT,24844.50,1085.00,2026-05-07 09:21:35
2026-01-28,2026-01-28 11:20:00,2026-01-28 11:25:00,OG,Backtest,AdxDiCrossBracketOG,OG_AdxDiCrossBracketOG,OG,NQ,NQ JUN26,LONG,1,26393.75,26378.25,-314.36,-318.72,-63.7,LOSS,STOP_HIT,26363.25,610.00,2026-05-07 09:21:35
2026-02-24,2026-02-24 10:15:00,2026-02-24 10:15:00,OG,Backtest,AdxDiCrossBracketOG,OG_AdxDiCrossBracketOG,OG,NQ,NQ JUN26,LONG,1,25110.00,25063.00,-944.36,-948.72,-189.7,LOSS,STOP_HIT,25064.25,915.00,2026-05-07 09:21:35
2026-02-11,2026-02-11 11:20:00,2026-02-11 11:25:00,OG,Backtest,AdxDiCrossBracketOG,OG_AdxDiCrossBracketOG,OG,NQ,NQ JUN26,LONG,1,25468.75,25457.00,-239.36,-243.72,-48.7,LOSS,STOP_HIT,25406.75,1240.00,2026-05-07 09:21:35
2026-01-12,2026-01-12 11:25:00,2026-01-12 11:35:00,OG,Backtest,AdxDiCrossBracketOG,OG_AdxDiCrossBracketOG,OG,NQ,NQ JUN26,LONG,1,26159.50,26149.25,-209.36,-213.72,-42.7,LOSS,STOP_HIT,26131.75,555.00,2026-05-07 09:21:35
2026-01-30,2026-01-30 11:00:00,2026-01-30 11:10:00,OG,Backtest,AdxDiCrossBracketOG,OG_AdxDiCrossBracketOG,OG,NQ,NQ JUN26,SHORT,1,26071.50,26048.25,460.64,456.28,91.3,WIN,STOP_HIT,26129.00,1150.00,2026-05-07 09:21:35
2026-02-11,2026-02-11 10:20:00,2026-02-11 10:20:00,OG,Backtest,AdxDiCrossBracketOG,OG_AdxDiCrossBracketOG,OG,NQ,NQ JUN26,SHORT,1,25395.25,25345.50,990.64,986.28,197.3,WIN,TARGET_HIT,25448.50,1065.00,2026-05-07 09:21:35
2026-04-07,2026-04-07 11:40:00,2026-04-07 12:00:00,OG,Backtest,AdxDiCrossBracketOG,OG_AdxDiCrossBracketOG,OG,NQ,NQ JUN26,LONG,1,24072.25,24117.50,900.64,896.28,179.3,WIN,TARGET_HIT,24025.00,945.00,2026-05-07 09:21:35
2026-03-03,2026-03-03 11:40:00,2026-03-03 11:50:00,OG,Backtest,AdxDiCrossBracketOG,OG_AdxDiCrossBracketOG,OG,NQ,NQ JUN26,SHORT,1,24816.50,24865.00,-974.36,-978.72,-195.7,LOSS,STOP_HIT,24882.75,1325.00,2026-05-07 09:21:35
2026-03-03,2026-03-03 11:40:00,2026-03-03 11:50:00,OG,Backtest,AdxDiCrossBracketOG,OG_AdxDiCrossBracketOG,OG,NQ,NQ JUN26,SHORT,1,24816.50,24865.00,-974.36,-978.72,-195.7,LOSS,STOP_HIT,24882.75,1325.00,2026-05-07 09:21:35
2026-01-20,2026-01-20 10:50:00,2026-01-20 10:55:00,OG,Backtest,AdxDiCrossBracketOG,OG_AdxDiCrossBracketOG,OG,NQ,NQ JUN26,LONG,1,25598.75,25558.75,-804.36,-808.72,-161.7,LOSS,STOP_HIT,25550.75,960.00,2026-05-07 09:21:35
2026-03-25,2026-03-25 11:20:00,2026-03-25 11:20:00,OG,Backtest,AdxDiCrossBracketOG,OG_AdxDiCrossBracketOG,OG,NQ,NQ JUN26,SHORT,1,24385.25,24336.50,970.64,966.28,193.3,WIN,TARGET_HIT,24438.00,1055.00,2026-05-07 09:21:35
2026-01-09,2026-01-09 09:55:00,2026-01-09 09:55:00,OG,Backtest,AdxDiCrossBracketOG,OG_AdxDiCrossBracketOG,OG,NQ,NQ JUN26,SHORT,1,25912.50,25949.00,-734.36,-738.72,-147.7,LOSS,STOP_HIT,25947.75,705.00,2026-05-07 09:21:35
2026-02-13,2026-02-13 10:50:00,2026-02-13 11:00:00,OG,Backtest,AdxDiCrossBracketOG,OG_AdxDiCrossBracketOG,OG,NQ,NQ JUN26,SHORT,1,24982.25,25030.75,-974.36,-978.72,-195.7,LOSS,STOP_HIT,25055.00,1455.00,2026-05-07 09:21:35
2026-01-09,2026-01-09 10:30:00,2026-01-09 10:30:00,OG,Backtest,AdxDiCrossBracketOG,OG_AdxDiCrossBracketOG,OG,NQ,NQ JUN26,LONG,1,26010.00,26057.25,940.64,936.28,187.3,WIN,TARGET_HIT,25959.75,1005.00,2026-05-07 09:21:35
2026-04-06,2026-04-06 11:35:00,2026-04-06 11:45:00,OG,Backtest,AdxDiCrossBracketOG,OG_AdxDiCrossBracketOG,OG,NQ,NQ JUN26,SHORT,1,24280.00,24290.75,-219.36,-223.72,-44.7,LOSS,STOP_HIT,24325.50,910.00,2026-05-07 09:21:35
2026-02-11,2026-02-11 11:05:00,2026-02-11 11:10:00,OG,Backtest,AdxDiCrossBracketOG,OG_AdxDiCrossBracketOG,OG,NQ,NQ JUN26,LONG,1,25454.25,25417.50,-739.36,-743.72,-148.7,LOSS,STOP_HIT,25393.00,1225.00,2026-05-07 09:21:35
2026-04-06,2026-04-06 10:55:00,2026-04-06 11:00:00,OG,Backtest,AdxDiCrossBracketOG,OG_AdxDiCrossBracketOG,OG,NQ,NQ JUN26,SHORT,1,24269.25,24322.25,-1064.36,-1068.72,-213.7,LOSS,STOP_HIT,24321.00,1035.00,2026-05-07 09:21:35
2026-04-07,2026-04-07 11:40:00,2026-04-07 12:00:00,OG,Backtest,AdxDiCrossBracketOG,OG_AdxDiCrossBracketOG,OG,NQ,NQ JUN26,LONG,1,24072.25,24117.50,900.64,896.28,179.3,WIN,TARGET_HIT,24025.00,945.00,2026-05-07 09:21:35
2026-02-11,2026-02-11 11:20:00,2026-02-11 11:25:00,OG,Backtest,AdxDiCrossBracketOG,OG_AdxDiCrossBracketOG,OG,NQ,NQ JUN26,LONG,1,25468.75,25457.00,-239.36,-243.72,-48.7,LOSS,STOP_HIT,25406.75,1240.00,2026-05-07 09:21:35
2026-01-13,2026-01-13 10:10:00,2026-01-13 10:15:00,OG,Backtest,AdxDiCrossBracketOG,OG_AdxDiCrossBracketOG,OG,NQ,NQ JUN26,SHORT,1,26137.25,26108.00,580.64,576.28,115.3,WIN,TARGET_HIT,26168.00,615.00,2026-05-07 09:21:35
2026-02-24,2026-02-24 10:10:00,2026-02-24 10:10:00,OG,Backtest,AdxDiCrossBracketOG,OG_AdxDiCrossBracketOG,OG,NQ,NQ JUN26,SHORT,1,25048.00,25093.50,-914.36,-918.72,-183.7,LOSS,STOP_HIT,25092.25,885.00,2026-05-07 09:21:35
2026-01-07,2026-01-07 10:10:00,2026-01-07 10:10:00,OG,Backtest,AdxDiCrossBracketOG,OG_AdxDiCrossBracketOG,OG,NQ,NQ JUN26,SHORT,1,26050.00,26073.50,-474.36,-478.72,-95.7,LOSS,STOP_HIT,26072.25,445.00,2026-05-07 09:21:35
2026-02-24,2026-02-24 10:15:00,2026-02-24 10:15:00,OG,Backtest,AdxDiCrossBracketOG,OG_AdxDiCrossBracketOG,OG,NQ,NQ JUN26,LONG,1,25110.00,25063.00,-944.36,-948.72,-189.7,LOSS,STOP_HIT,25064.25,915.00,2026-05-07 09:21:35
2026-03-24,2026-03-24 11:00:00,2026-03-24 11:00:00,OG,Backtest,AdxDiCrossBracketOG,OG_AdxDiCrossBracketOG,OG,NQ,NQ JUN26,LONG,1,24282.25,24217.00,-1309.36,-1313.72,-262.7,LOSS,STOP_HIT,24218.25,1280.00,2026-05-07 09:21:35
2026-02-13,2026-02-13 10:50:00,2026-02-13 11:00:00,OG,Backtest,AdxDiCrossBracketOG,OG_AdxDiCrossBracketOG,OG,NQ,NQ JUN26,SHORT,1,24982.25,25030.75,-974.36,-978.72,-195.7,LOSS,STOP_HIT,25055.00,1455.00,2026-05-07 09:21:35
2026-01-09,2026-01-09 09:55:00,2026-01-09 09:55:00,OG,Backtest,AdxDiCrossBracketOG,OG_AdxDiCrossBracketOG,OG,NQ,NQ JUN26,SHORT,1,25912.50,25949.00,-734.36,-738.72,-147.7,LOSS,STOP_HIT,25947.75,705.00,2026-05-07 09:21:35
2026-03-27,2026-03-27 11:40:00,2026-03-27 11:45:00,OG,Backtest,AdxDiCrossBracketOG,OG_AdxDiCrossBracketOG,OG,NQ,NQ JUN26,LONG,1,23597.75,23540.25,-1154.36,-1158.72,-231.7,LOSS,STOP_HIT,23541.50,1125.00,2026-05-07 09:21:35
2026-02-13,2026-02-13 10:35:00,2026-02-13 10:35:00,OG,Backtest,AdxDiCrossBracketOG,OG_AdxDiCrossBracketOG,OG,NQ,NQ JUN26,LONG,1,25058.75,25127.00,1360.64,1356.28,271.3,WIN,TARGET_HIT,24987.50,1425.00,2026-05-07 09:21:35
2026-04-02,2026-04-02 10:45:00,2026-04-02 10:45:00,OG,Backtest,AdxDiCrossBracketOG,OG_AdxDiCrossBracketOG,OG,NQ,NQ JUN26,LONG,1,24211.00,24133.25,-1559.36,-1563.72,-312.7,LOSS,STOP_HIT,24134.50,1530.00,2026-05-07 09:21:35
2026-03-20,2026-03-20 11:30:00,2026-03-20 12:05:00,OG,Backtest,AdxDiCrossBracketOG,OG_AdxDiCrossBracketOG,OG,NQ,NQ JUN26,LONG,1,24275.00,24327.75,1050.64,1046.28,209.3,WIN,TARGET_HIT,24219.75,1105.00,2026-05-07 09:21:35
2026-02-24,2026-02-24 09:50:00,2026-02-24 09:50:00,OG,Backtest,AdxDiCrossBracketOG,OG_AdxDiCrossBracketOG,OG,NQ,NQ JUN26,LONG,1,25121.25,25157.50,720.64,716.28,143.3,WIN,TARGET_HIT,25081.50,795.00,2026-05-07 09:21:35
2026-02-17,2026-02-17 11:10:00,2026-02-17 11:10:00,OG,Backtest,AdxDiCrossBracketOG,OG_AdxDiCrossBracketOG,OG,NQ,NQ JUN26,LONG,1,24862.00,24927.25,1300.64,1296.28,259.3,WIN,TARGET_HIT,24793.75,1365.00,2026-05-07 09:21:35
2026-04-06,2026-04-06 11:35:00,2026-04-06 11:45:00,OG,Backtest,AdxDiCrossBracketOG,OG_AdxDiCrossBracketOG,OG,NQ,NQ JUN26,SHORT,1,24280.00,24290.75,-219.36,-223.72,-44.7,LOSS,STOP_HIT,24325.50,910.00,2026-05-07 09:21:35
2026-03-25,2026-03-25 11:20:00,2026-03-25 11:20:00,OG,Backtest,AdxDiCrossBracketOG,OG_AdxDiCrossBracketOG,OG,NQ,NQ JUN26,SHORT,1,24385.25,24336.50,970.64,966.28,193.3,WIN,TARGET_HIT,24438.00,1055.00,2026-05-07 09:21:35
2026-02-03,2026-02-03 09:50:00,2026-02-03 09:50:00,OG,Backtest,AdxDiCrossBracketOG,OG_AdxDiCrossBracketOG,OG,NQ,NQ JUN26,SHORT,1,25960.00,25999.25,-789.36,-793.72,-158.7,LOSS,STOP_HIT,25998.00,760.00,2026-05-07 09:21:35
2026-02-24,2026-02-24 10:10:00,2026-02-24 10:10:00,OG,Backtest,AdxDiCrossBracketOG,OG_AdxDiCrossBracketOG,OG,NQ,NQ JUN26,SHORT,1,25048.00,25093.50,-914.36,-918.72,-183.7,LOSS,STOP_HIT,25092.25,885.00,2026-05-07 09:21:35
2026-01-06,2026-01-06 11:00:00,2026-01-06 11:05:00,OG,Backtest,AdxDiCrossBracketOG,OG_AdxDiCrossBracketOG,OG,NQ,NQ JUN26,SHORT,1,25908.50,25880.75,550.64,546.28,109.3,WIN,TARGET_HIT,25938.25,595.00,2026-05-07 09:21:35
2026-02-17,2026-02-17 11:10:00,2026-02-17 11:10:00,OG,Backtest,AdxDiCrossBracketOG,OG_AdxDiCrossBracketOG,OG,NQ,NQ JUN26,LONG,1,24862.00,24927.25,1300.64,1296.28,259.3,WIN,TARGET_HIT,24793.75,1365.00,2026-05-07 09:21:35
2026-02-03,2026-02-03 09:50:00,2026-02-03 09:50:00,OG,Backtest,AdxDiCrossBracketOG,OG_AdxDiCrossBracketOG,OG,NQ,NQ JUN26,SHORT,1,25960.00,25999.25,-789.36,-793.72,-158.7,LOSS,STOP_HIT,25998.00,760.00,2026-05-07 09:21:35
2026-01-09,2026-01-09 10:10:00,2026-01-09 10:10:00,OG,Backtest,AdxDiCrossBracketOG,OG_AdxDiCrossBracketOG,OG,NQ,NQ JUN26,LONG,1,25922.50,25881.00,-834.36,-838.72,-167.7,LOSS,STOP_HIT,25882.25,805.00,2026-05-07 09:21:35
2026-04-06,2026-04-06 11:05:00,2026-04-06 11:25:00,OG,Backtest,AdxDiCrossBracketOG,OG_AdxDiCrossBracketOG,OG,NQ,NQ JUN26,LONG,1,24307.50,24293.75,-279.36,-283.72,-56.7,LOSS,STOP_HIT,24255.50,1040.00,2026-05-07 09:21:35
2026-02-24,2026-02-24 10:10:00,2026-02-24 10:10:00,OG,Backtest,AdxDiCrossBracketOG,OG_AdxDiCrossBracketOG,OG,NQ,NQ JUN26,SHORT,1,25048.00,25093.50,-914.36,-918.72,-183.7,LOSS,STOP_HIT,25092.25,885.00,2026-05-07 09:21:35
2026-01-07,2026-01-07 09:50:00,2026-01-07 09:50:00,OG,Backtest,AdxDiCrossBracketOG,OG_AdxDiCrossBracketOG,OG,NQ,NQ JUN26,LONG,1,26064.50,26079.75,300.64,296.28,59.3,WIN,TARGET_HIT,26047.25,345.00,2026-05-07 09:21:35
2026-01-07,2026-01-07 09:50:00,2026-01-07 09:50:00,OG,Backtest,AdxDiCrossBracketOG,OG_AdxDiCrossBracketOG,OG,NQ,NQ JUN26,LONG,1,26064.50,26079.75,300.64,296.28,59.3,WIN,TARGET_HIT,26047.25,345.00,2026-05-07 09:21:35
2026-03-02,2026-03-02 11:15:00,2026-03-02 11:20:00,OG,Backtest,AdxDiCrossBracketOG,OG_AdxDiCrossBracketOG,OG,NQ,NQ JUN26,LONG,1,25187.75,25180.00,-159.36,-163.72,-32.7,LOSS,STOP_HIT,25129.50,1165.00,2026-05-07 09:21:35
2026-03-25,2026-03-25 11:20:00,2026-03-25 11:20:00,OG,Backtest,AdxDiCrossBracketOG,OG_AdxDiCrossBracketOG,OG,NQ,NQ JUN26,SHORT,1,24385.25,24336.50,970.64,966.28,193.3,WIN,TARGET_HIT,24438.00,1055.00,2026-05-07 09:21:35
2026-02-11,2026-02-11 11:05:00,2026-02-11 11:10:00,OG,Backtest,AdxDiCrossBracketOG,OG_AdxDiCrossBracketOG,OG,NQ,NQ JUN26,LONG,1,25454.25,25417.50,-739.36,-743.72,-148.7,LOSS,STOP_HIT,25393.00,1225.00,2026-05-07 09:21:35
2026-01-09,2026-01-09 09:45:00,2026-01-09 09:50:00,OG,Backtest,AdxDiCrossBracketOG,OG_AdxDiCrossBracketOG,OG,NQ,NQ JUN26,LONG,1,25965.75,25936.75,-584.36,-588.72,-117.7,LOSS,STOP_HIT,25938.00,555.00,2026-05-07 09:21:35
2026-03-27,2026-03-27 11:40:00,2026-03-27 11:45:00,OG,Backtest,AdxDiCrossBracketOG,OG_AdxDiCrossBracketOG,OG,NQ,NQ JUN26,LONG,1,23597.75,23540.25,-1154.36,-1158.72,-231.7,LOSS,STOP_HIT,23541.50,1125.00,2026-05-07 09:21:35
2026-02-13,2026-02-13 10:50:00,2026-02-13 11:00:00,OG,Backtest,AdxDiCrossBracketOG,OG_AdxDiCrossBracketOG,OG,NQ,NQ JUN26,SHORT,1,24982.25,25030.75,-974.36,-978.72,-195.7,LOSS,STOP_HIT,25055.00,1455.00,2026-05-07 09:21:35
2026-01-09,2026-01-09 09:45:00,2026-01-09 09:50:00,OG,Backtest,AdxDiCrossBracketOG,OG_AdxDiCrossBracketOG,OG,NQ,NQ JUN26,LONG,1,25965.75,25936.75,-584.36,-588.72,-117.7,LOSS,STOP_HIT,25938.00,555.00,2026-05-07 09:21:35
2026-01-13,2026-01-13 10:10:00,2026-01-13 10:15:00,OG,Backtest,AdxDiCrossBracketOG,OG_AdxDiCrossBracketOG,OG,NQ,NQ JUN26,SHORT,1,26137.25,26108.00,580.64,576.28,115.3,WIN,TARGET_HIT,26168.00,615.00,2026-05-07 09:21:35
2026-01-09,2026-01-09 09:45:00,2026-01-09 09:50:00,OG,Backtest,AdxDiCrossBracketOG,OG_AdxDiCrossBracketOG,OG,NQ,NQ JUN26,LONG,1,25965.75,25936.75,-584.36,-588.72,-117.7,LOSS,STOP_HIT,25938.00,555.00,2026-05-07 09:21:35
2026-02-05,2026-02-05 11:40:00,2026-02-05 11:50:00,OG,Backtest,AdxDiCrossBracketOG,OG_AdxDiCrossBracketOG,OG,NQ,NQ JUN26,LONG,1,25026.25,24991.50,-699.36,-703.72,-140.7,LOSS,STOP_HIT,24938.00,1765.00,2026-05-07 09:21:35
2026-03-20,2026-03-20 11:30:00,2026-03-20 12:05:00,OG,Backtest,AdxDiCrossBracketOG,OG_AdxDiCrossBracketOG,OG,NQ,NQ JUN26,LONG,1,24275.00,24327.75,1050.64,1046.28,209.3,WIN,TARGET_HIT,24219.75,1105.00,2026-05-07 09:21:35
2026-02-17,2026-02-17 11:10:00,2026-02-17 11:10:00,OG,Backtest,AdxDiCrossBracketOG,OG_AdxDiCrossBracketOG,OG,NQ,NQ JUN26,LONG,1,24862.00,24927.25,1300.64,1296.28,259.3,WIN,TARGET_HIT,24793.75,1365.00,2026-05-07 09:21:35
2026-03-25,2026-03-25 11:20:00,2026-03-25 11:20:00,OG,Backtest,AdxDiCrossBracketOG,OG_AdxDiCrossBracketOG,OG,NQ,NQ JUN26,SHORT,1,24385.25,24336.50,970.64,966.28,193.3,WIN,TARGET_HIT,24438.00,1055.00,2026-05-07 09:21:35
2026-01-23,2026-01-23 10:10:00,2026-01-23 10:15:00,OG,Backtest,AdxDiCrossBracketOG,OG_AdxDiCrossBracketOG,OG,NQ,NQ JUN26,LONG,1,25921.75,25885.00,-739.36,-743.72,-148.7,LOSS,STOP_HIT,25885.50,725.00,2026-05-07 09:21:35
2026-01-09,2026-01-09 10:30:00,2026-01-09 10:30:00,OG,Backtest,AdxDiCrossBracketOG,OG_AdxDiCrossBracketOG,OG,NQ,NQ JUN26,LONG,1,26010.00,26057.25,940.64,936.28,187.3,WIN,TARGET_HIT,25959.75,1005.00,2026-05-07 09:21:35
2026-02-24,2026-02-24 10:15:00,2026-02-24 10:15:00,OG,Backtest,AdxDiCrossBracketOG,OG_AdxDiCrossBracketOG,OG,NQ,NQ JUN26,LONG,1,25110.00,25063.00,-944.36,-948.72,-189.7,LOSS,STOP_HIT,25064.25,915.00,2026-05-07 09:21:35
2026-01-21,2026-01-21 11:45:00,2026-01-21 11:45:00,OG,Backtest,AdxDiCrossBracketOG,OG_AdxDiCrossBracketOG,OG,NQ,NQ JUN26,SHORT,1,25543.00,25505.75,740.64,736.28,147.3,WIN,TARGET_HIT,25582.25,785.00,2026-05-07 09:21:35
2026-04-02,2026-04-02 10:45:00,2026-04-02 10:45:00,OG,Backtest,AdxDiCrossBracketOG,OG_AdxDiCrossBracketOG,OG,NQ,NQ JUN26,LONG,1,24211.00,24133.25,-1559.36,-1563.72,-312.7,LOSS,STOP_HIT,24134.50,1530.00,2026-05-07 09:21:35
2026-03-27,2026-03-27 11:40:00,2026-03-27 11:45:00,OG,Backtest,AdxDiCrossBracketOG,OG_AdxDiCrossBracketOG,OG,NQ,NQ JUN26,LONG,1,23597.75,23540.25,-1154.36,-1158.72,-231.7,LOSS,STOP_HIT,23541.50,1125.00,2026-05-07 09:21:35
2026-04-06,2026-04-06 10:55:00,2026-04-06 11:00:00,OG,Backtest,AdxDiCrossBracketOG,OG_AdxDiCrossBracketOG,OG,NQ,NQ JUN26,SHORT,1,24269.25,24322.25,-1064.36,-1068.72,-213.7,LOSS,STOP_HIT,24321.00,1035.00,2026-05-07 09:21:35
2026-03-03,2026-03-03 11:25:00,2026-03-03 11:35:00,OG,Backtest,AdxDiCrossBracketOG,OG_AdxDiCrossBracketOG,OG,NQ,NQ JUN26,LONG,1,24795.25,24818.25,455.64,451.28,90.3,WIN,STOP_HIT,24724.00,1425.00,2026-05-07 09:21:35
2026-01-16,2026-01-16 11:30:00,2026-01-16 11:35:00,OG,Backtest,AdxDiCrossBracketOG,OG_AdxDiCrossBracketOG,OG,NQ,NQ JUN26,LONG,1,25912.25,25924.50,240.64,236.28,47.3,WIN,STOP_HIT,25874.75,750.00,2026-05-07 09:21:35
2026-04-06,2026-04-06 10:55:00,2026-04-06 11:00:00,OG,Backtest,AdxDiCrossBracketOG,OG_AdxDiCrossBracketOG,OG,NQ,NQ JUN26,SHORT,1,24269.25,24322.25,-1064.36,-1068.72,-213.7,LOSS,STOP_HIT,24321.00,1035.00,2026-05-07 09:21:35
2026-01-20,2026-01-20 11:10:00,2026-01-20 11:15:00,OG,Backtest,AdxDiCrossBracketOG,OG_AdxDiCrossBracketOG,OG,NQ,NQ JUN26,LONG,1,25588.25,25600.25,235.64,231.28,46.3,WIN,STOP_HIT,25540.75,950.00,2026-05-07 09:21:35
2026-01-20,2026-01-20 10:50:00,2026-01-20 10:55:00,OG,Backtest,AdxDiCrossBracketOG,OG_AdxDiCrossBracketOG,OG,NQ,NQ JUN26,LONG,1,25598.75,25558.75,-804.36,-808.72,-161.7,LOSS,STOP_HIT,25550.75,960.00,2026-05-07 09:21:35
2026-01-20,2026-01-20 11:10:00,2026-01-20 11:15:00,OG,Backtest,AdxDiCrossBracketOG,OG_AdxDiCrossBracketOG,OG,NQ,NQ JUN26,LONG,1,25588.25,25600.25,235.64,231.28,46.3,WIN,STOP_HIT,25540.75,950.00,2026-05-07 09:21:35
2026-03-02,2026-03-02 11:15:00,2026-03-02 11:20:00,OG,Backtest,AdxDiCrossBracketOG,OG_AdxDiCrossBracketOG,OG,NQ,NQ JUN26,LONG,1,25187.75,25180.00,-159.36,-163.72,-32.7,LOSS,STOP_HIT,25129.50,1165.00,2026-05-07 09:21:35
2026-01-21,2026-01-21 11:45:00,2026-01-21 11:45:00,OG,Backtest,AdxDiCrossBracketOG,OG_AdxDiCrossBracketOG,OG,NQ,NQ JUN26,SHORT,1,25543.00,25505.75,740.64,736.28,147.3,WIN,TARGET_HIT,25582.25,785.00,2026-05-07 09:21:36
2026-04-07,2026-04-07 11:40:00,2026-04-07 12:00:00,OG,Backtest,AdxDiCrossBracketOG,OG_AdxDiCrossBracketOG,OG,NQ,NQ JUN26,LONG,1,24072.25,24117.50,900.64,896.28,179.3,WIN,TARGET_HIT,24025.00,945.00,2026-05-07 09:21:36
2026-01-07,2026-01-07 10:10:00,2026-01-07 10:10:00,OG,Backtest,AdxDiCrossBracketOG,OG_AdxDiCrossBracketOG,OG,NQ,NQ JUN26,SHORT,1,26050.00,26073.50,-474.36,-478.72,-95.7,LOSS,STOP_HIT,26072.25,445.00,2026-05-07 09:21:36
2026-03-02,2026-03-02 11:15:00,2026-03-02 11:20:00,OG,Backtest,AdxDiCrossBracketOG,OG_AdxDiCrossBracketOG,OG,NQ,NQ JUN26,LONG,1,25187.75,25180.00,-159.36,-163.72,-32.7,LOSS,STOP_HIT,25129.50,1165.00,2026-05-07 09:21:36
2026-01-23,2026-01-23 10:10:00,2026-01-23 10:15:00,OG,Backtest,AdxDiCrossBracketOG,OG_AdxDiCrossBracketOG,OG,NQ,NQ JUN26,LONG,1,25921.75,25885.00,-739.36,-743.72,-148.7,LOSS,STOP_HIT,25885.50,725.00,2026-05-07 09:21:36
2026-02-11,2026-02-11 10:20:00,2026-02-11 10:20:00,OG,Backtest,AdxDiCrossBracketOG,OG_AdxDiCrossBracketOG,OG,NQ,NQ JUN26,SHORT,1,25395.25,25345.50,990.64,986.28,197.3,WIN,TARGET_HIT,25448.50,1065.00,2026-05-07 09:21:36
2026-01-09,2026-01-09 10:15:00,2026-01-09 10:15:00,OG,Backtest,AdxDiCrossBracketOG,OG_AdxDiCrossBracketOG,OG,NQ,NQ JUN26,SHORT,1,25849.75,25897.00,-949.36,-953.72,-190.7,LOSS,STOP_HIT,25895.75,920.00,2026-05-07 09:21:36
2026-02-05,2026-02-05 11:40:00,2026-02-05 11:50:00,OG,Backtest,AdxDiCrossBracketOG,OG_AdxDiCrossBracketOG,OG,NQ,NQ JUN26,LONG,1,25026.25,24991.50,-699.36,-703.72,-140.7,LOSS,STOP_HIT,24938.00,1765.00,2026-05-07 09:21:36
2026-01-28,2026-01-28 11:20:00,2026-01-28 11:25:00,OG,Backtest,AdxDiCrossBracketOG,OG_AdxDiCrossBracketOG,OG,NQ,NQ JUN26,LONG,1,26393.75,26378.25,-314.36,-318.72,-63.7,LOSS,STOP_HIT,26363.25,610.00,2026-05-07 09:21:36
2026-03-20,2026-03-20 11:30:00,2026-03-20 12:05:00,OG,Backtest,AdxDiCrossBracketOG,OG_AdxDiCrossBracketOG,OG,NQ,NQ JUN26,LONG,1,24275.00,24327.75,1050.64,1046.28,209.3,WIN,TARGET_HIT,24219.75,1105.00,2026-05-07 09:21:36
2026-03-25,2026-03-25 11:20:00,2026-03-25 11:20:00,OG,Backtest,AdxDiCrossBracketOG,OG_AdxDiCrossBracketOG,OG,NQ,NQ JUN26,SHORT,1,24385.25,24336.50,970.64,966.28,193.3,WIN,TARGET_HIT,24438.00,1055.00,2026-05-07 09:21:36
2026-01-09,2026-01-09 10:30:00,2026-01-09 10:30:00,OG,Backtest,AdxDiCrossBracketOG,OG_AdxDiCrossBracketOG,OG,NQ,NQ JUN26,LONG,1,26010.00,26057.25,940.64,936.28,187.3,WIN,TARGET_HIT,25959.75,1005.00,2026-05-07 09:21:36
2026-01-30,2026-01-30 11:00:00,2026-01-30 11:10:00,OG,Backtest,AdxDiCrossBracketOG,OG_AdxDiCrossBracketOG,OG,NQ,NQ JUN26,SHORT,1,26071.50,26048.25,460.64,456.28,91.3,WIN,STOP_HIT,26129.00,1150.00,2026-05-07 09:21:36
2026-02-11,2026-02-11 11:05:00,2026-02-11 11:10:00,OG,Backtest,AdxDiCrossBracketOG,OG_AdxDiCrossBracketOG,OG,NQ,NQ JUN26,LONG,1,25454.25,25417.50,-739.36,-743.72,-148.7,LOSS,STOP_HIT,25393.00,1225.00,2026-05-07 09:21:36
2026-03-02,2026-03-02 11:15:00,2026-03-02 11:20:00,OG,Backtest,AdxDiCrossBracketOG,OG_AdxDiCrossBracketOG,OG,NQ,NQ JUN26,LONG,1,25187.75,25180.00,-159.36,-163.72,-32.7,LOSS,STOP_HIT,25129.50,1165.00,2026-05-07 09:21:36
2026-02-17,2026-02-17 11:10:00,2026-02-17 11:10:00,OG,Backtest,AdxDiCrossBracketOG,OG_AdxDiCrossBracketOG,OG,NQ,NQ JUN26,LONG,1,24862.00,24927.25,1300.64,1296.28,259.3,WIN,TARGET_HIT,24793.75,1365.00,2026-05-07 09:21:36
2026-01-13,2026-01-13 10:10:00,2026-01-13 10:15:00,OG,Backtest,AdxDiCrossBracketOG,OG_AdxDiCrossBracketOG,OG,NQ,NQ JUN26,SHORT,1,26137.25,26108.00,580.64,576.28,115.3,WIN,TARGET_HIT,26168.00,615.00,2026-05-07 09:21:36
2026-01-28,2026-01-28 10:55:00,2026-01-28 11:05:00,OG,Backtest,AdxDiCrossBracketOG,OG_AdxDiCrossBracketOG,OG,NQ,NQ JUN26,SHORT,1,26394.50,26393.50,15.64,11.28,2.3,WIN,STOP_HIT,26429.00,690.00,2026-05-07 09:21:36
2026-02-24,2026-02-24 09:50:00,2026-02-24 09:50:00,OG,Backtest,AdxDiCrossBracketOG,OG_AdxDiCrossBracketOG,OG,NQ,NQ JUN26,LONG,1,25121.25,25157.50,720.64,716.28,143.3,WIN,TARGET_HIT,25081.50,795.00,2026-05-07 09:21:36
2026-01-09,2026-01-09 10:10:00,2026-01-09 10:10:00,OG,Backtest,AdxDiCrossBracketOG,OG_AdxDiCrossBracketOG,OG,NQ,NQ JUN26,LONG,1,25922.50,25881.00,-834.36,-838.72,-167.7,LOSS,STOP_HIT,25882.25,805.00,2026-05-07 09:21:36
2026-03-09,2026-03-09 10:45:00,2026-03-09 10:50:00,OG,Backtest,AdxDiCrossBracketOG,OG_AdxDiCrossBracketOG,OG,NQ,NQ JUN26,LONG,1,24692.75,24762.25,1385.64,1381.28,276.3,WIN,TARGET_HIT,24622.25,1410.00,2026-05-07 09:21:36
2026-02-17,2026-02-17 11:10:00,2026-02-17 11:10:00,OG,Backtest,AdxDiCrossBracketOG,OG_AdxDiCrossBracketOG,OG,NQ,NQ JUN26,LONG,1,24862.00,24927.25,1300.64,1296.28,259.3,WIN,TARGET_HIT,24793.75,1365.00,2026-05-07 09:21:36
2026-04-06,2026-04-06 10:55:00,2026-04-06 11:00:00,OG,Backtest,AdxDiCrossBracketOG,OG_AdxDiCrossBracketOG,OG,NQ,NQ JUN26,SHORT,1,24269.25,24322.25,-1064.36,-1068.72,-213.7,LOSS,STOP_HIT,24321.00,1035.00,2026-05-07 09:21:36
2026-02-05,2026-02-05 11:40:00,2026-02-05 11:50:00,OG,Backtest,AdxDiCrossBracketOG,OG_AdxDiCrossBracketOG,OG,NQ,NQ JUN26,LONG,1,25026.25,24991.50,-699.36,-703.72,-140.7,LOSS,STOP_HIT,24938.00,1765.00,2026-05-07 09:21:36
2026-04-10,2026-04-10 11:45:00,2026-04-10 12:00:00,OG,Backtest,AdxDiCrossBracketOG,OG_AdxDiCrossBracketOG,OG,NQ,NQ JUN26,SHORT,1,25300.75,25269.75,615.64,611.28,122.3,WIN,TARGET_HIT,25334.25,670.00,2026-05-07 09:21:36
2026-02-24,2026-02-24 10:15:00,2026-02-24 10:15:00,OG,Backtest,AdxDiCrossBracketOG,OG_AdxDiCrossBracketOG,OG,NQ,NQ JUN26,LONG,1,25110.00,25063.00,-944.36,-948.72,-189.7,LOSS,STOP_HIT,25064.25,915.00,2026-05-07 09:21:36
2026-01-30,2026-01-30 11:00:00,2026-01-30 11:10:00,OG,Backtest,AdxDiCrossBracketOG,OG_AdxDiCrossBracketOG,OG,NQ,NQ JUN26,SHORT,1,26071.50,26048.25,460.64,456.28,91.3,WIN,STOP_HIT,26129.00,1150.00,2026-05-07 09:21:36
2026-01-09,2026-01-09 09:45:00,2026-01-09 09:50:00,OG,Backtest,AdxDiCrossBracketOG,OG_AdxDiCrossBracketOG,OG,NQ,NQ JUN26,LONG,1,25965.75,25936.75,-584.36,-588.72,-117.7,LOSS,STOP_HIT,25938.00,555.00,2026-05-07 09:21:36
2026-03-02,2026-03-02 11:15:00,2026-03-02 11:20:00,OG,Backtest,AdxDiCrossBracketOG,OG_AdxDiCrossBracketOG,OG,NQ,NQ JUN26,LONG,1,25187.75,25180.00,-159.36,-163.72,-32.7,LOSS,STOP_HIT,25129.50,1165.00,2026-05-07 09:21:36
2026-02-24,2026-02-24 10:10:00,2026-02-24 10:10:00,OG,Backtest,AdxDiCrossBracketOG,OG_AdxDiCrossBracketOG,OG,NQ,NQ JUN26,SHORT,1,25048.00,25093.50,-914.36,-918.72,-183.7,LOSS,STOP_HIT,25092.25,885.00,2026-05-07 09:21:36
2026-01-09,2026-01-09 09:55:00,2026-01-09 09:55:00,OG,Backtest,AdxDiCrossBracketOG,OG_AdxDiCrossBracketOG,OG,NQ,NQ JUN26,SHORT,1,25912.50,25949.00,-734.36,-738.72,-147.7,LOSS,STOP_HIT,25947.75,705.00,2026-05-07 09:21:36
2026-03-17,2026-03-17 11:15:00,2026-03-17 11:20:00,OG,Backtest,AdxDiCrossBracketOG,OG_AdxDiCrossBracketOG,OG,NQ,NQ JUN26,SHORT,1,25019.75,25057.00,-749.36,-753.72,-150.7,LOSS,STOP_HIT,25056.25,730.00,2026-05-07 09:21:36
2026-02-24,2026-02-24 10:15:00,2026-02-24 10:15:00,OG,Backtest,AdxDiCrossBracketOG,OG_AdxDiCrossBracketOG,OG,NQ,NQ JUN26,LONG,1,25110.00,25063.00,-944.36,-948.72,-189.7,LOSS,STOP_HIT,25064.25,915.00,2026-05-07 09:21:36
2026-02-17,2026-02-17 11:10:00,2026-02-17 11:10:00,OG,Backtest,AdxDiCrossBracketOG,OG_AdxDiCrossBracketOG,OG,NQ,NQ JUN26,LONG,1,24862.00,24927.25,1300.64,1296.28,259.3,WIN,TARGET_HIT,24793.75,1365.00,2026-05-07 09:21:36
2026-03-02,2026-03-02 11:15:00,2026-03-02 11:20:00,OG,Backtest,AdxDiCrossBracketOG,OG_AdxDiCrossBracketOG,OG,NQ,NQ JUN26,LONG,1,25187.75,25180.00,-159.36,-163.72,-32.7,LOSS,STOP_HIT,25129.50,1165.00,2026-05-07 09:21:36
2026-03-24,2026-03-24 11:00:00,2026-03-24 11:00:00,OG,Backtest,AdxDiCrossBracketOG,OG_AdxDiCrossBracketOG,OG,NQ,NQ JUN26,LONG,1,24282.25,24217.00,-1309.36,-1313.72,-262.7,LOSS,STOP_HIT,24218.25,1280.00,2026-05-07 09:21:36
2026-03-12,2026-03-12 11:50:00,2026-03-12 11:50:00,OG,Backtest,AdxDiCrossBracketOG,OG_AdxDiCrossBracketOG,OG,NQ,NQ JUN26,LONG,1,24898.75,24843.25,-1114.36,-1118.72,-223.7,LOSS,STOP_HIT,24844.50,1085.00,2026-05-07 09:21:36
2026-01-09,2026-01-09 10:30:00,2026-01-09 10:30:00,OG,Backtest,AdxDiCrossBracketOG,OG_AdxDiCrossBracketOG,OG,NQ,NQ JUN26,LONG,1,26010.00,26057.25,940.64,936.28,187.3,WIN,TARGET_HIT,25959.75,1005.00,2026-05-07 09:21:36
2026-01-09,2026-01-09 10:15:00,2026-01-09 10:15:00,OG,Backtest,AdxDiCrossBracketOG,OG_AdxDiCrossBracketOG,OG,NQ,NQ JUN26,SHORT,1,25849.75,25897.00,-949.36,-953.72,-190.7,LOSS,STOP_HIT,25895.75,920.00,2026-05-07 09:21:36
2026-01-09,2026-01-09 09:55:00,2026-01-09 09:55:00,OG,Backtest,AdxDiCrossBracketOG,OG_AdxDiCrossBracketOG,OG,NQ,NQ JUN26,SHORT,1,25912.50,25949.00,-734.36,-738.72,-147.7,LOSS,STOP_HIT,25947.75,705.00,2026-05-07 09:21:36
2026-02-10,2026-02-10 09:45:00,2026-02-10 09:45:00,OG,Backtest,AdxDiCrossBracketOG,OG_AdxDiCrossBracketOG,OG,NQ,NQ JUN26,SHORT,1,25534.50,25512.25,440.64,436.28,87.3,WIN,TARGET_HIT,25559.75,505.00,2026-05-07 09:21:36
2026-01-13,2026-01-13 10:10:00,2026-01-13 10:15:00,OG,Backtest,AdxDiCrossBracketOG,OG_AdxDiCrossBracketOG,OG,NQ,NQ JUN26,SHORT,1,26137.25,26108.00,580.64,576.28,115.3,WIN,TARGET_HIT,26168.00,615.00,2026-05-07 09:21:36
2026-01-30,2026-01-30 10:55:00,2026-01-30 10:55:00,OG,Backtest,AdxDiCrossBracketOG,OG_AdxDiCrossBracketOG,OG,NQ,NQ JUN26,LONG,1,26118.00,26058.75,-1189.36,-1193.72,-238.7,LOSS,STOP_HIT,26060.00,1160.00,2026-05-07 09:21:36
2026-03-02,2026-03-02 11:15:00,2026-03-02 11:20:00,OG,Backtest,AdxDiCrossBracketOG,OG_AdxDiCrossBracketOG,OG,NQ,NQ JUN26,LONG,1,25187.75,25180.00,-159.36,-163.72,-32.7,LOSS,STOP_HIT,25129.50,1165.00,2026-05-07 09:21:36
2026-01-12,2026-01-12 11:25:00,2026-01-12 11:35:00,OG,Backtest,AdxDiCrossBracketOG,OG_AdxDiCrossBracketOG,OG,NQ,NQ JUN26,LONG,1,26159.50,26149.25,-209.36,-213.72,-42.7,LOSS,STOP_HIT,26131.75,555.00,2026-05-07 09:21:36
2026-03-12,2026-03-12 11:50:00,2026-03-12 11:50:00,OG,Backtest,AdxDiCrossBracketOG,OG_AdxDiCrossBracketOG,OG,NQ,NQ JUN26,LONG,1,24898.75,24843.25,-1114.36,-1118.72,-223.7,LOSS,STOP_HIT,24844.50,1085.00,2026-05-07 09:21:36
2026-01-28,2026-01-28 11:20:00,2026-01-28 11:25:00,OG,Backtest,AdxDiCrossBracketOG,OG_AdxDiCrossBracketOG,OG,NQ,NQ JUN26,LONG,1,26393.75,26378.25,-314.36,-318.72,-63.7,LOSS,STOP_HIT,26363.25,610.00,2026-05-07 09:21:36
2026-02-24,2026-02-24 10:15:00,2026-02-24 10:15:00,OG,Backtest,AdxDiCrossBracketOG,OG_AdxDiCrossBracketOG,OG,NQ,NQ JUN26,LONG,1,25110.00,25063.00,-944.36,-948.72,-189.7,LOSS,STOP_HIT,25064.25,915.00,2026-05-07 09:21:36
2026-01-09,2026-01-09 10:30:00,2026-01-09 10:30:00,OG,Backtest,AdxDiCrossBracketOG,OG_AdxDiCrossBracketOG,OG,NQ,NQ JUN26,LONG,1,26010.00,26057.25,940.64,936.28,187.3,WIN,TARGET_HIT,25959.75,1005.00,2026-05-07 09:21:36
2026-03-03,2026-03-03 11:40:00,2026-03-03 11:50:00,OG,Backtest,AdxDiCrossBracketOG,OG_AdxDiCrossBracketOG,OG,NQ,NQ JUN26,SHORT,1,24816.50,24865.00,-974.36,-978.72,-195.7,LOSS,STOP_HIT,24882.75,1325.00,2026-05-07 09:21:36
2026-01-21,2026-01-21 11:45:00,2026-01-21 11:45:00,OG,Backtest,AdxDiCrossBracketOG,OG_AdxDiCrossBracketOG,OG,NQ,NQ JUN26,SHORT,1,25543.00,25505.75,740.64,736.28,147.3,WIN,TARGET_HIT,25582.25,785.00,2026-05-07 09:21:36
2026-01-30,2026-01-30 11:00:00,2026-01-30 11:10:00,OG,Backtest,AdxDiCrossBracketOG,OG_AdxDiCrossBracketOG,OG,NQ,NQ JUN26,SHORT,1,26071.50,26048.25,460.64,456.28,91.3,WIN,STOP_HIT,26129.00,1150.00,2026-05-07 09:21:36
2026-03-17,2026-03-17 11:15:00,2026-03-17 11:20:00,OG,Backtest,AdxDiCrossBracketOG,OG_AdxDiCrossBracketOG,OG,NQ,NQ JUN26,SHORT,1,25019.75,25057.00,-749.36,-753.72,-150.7,LOSS,STOP_HIT,25056.25,730.00,2026-05-07 09:21:36
2026-01-07,2026-01-07 09:50:00,2026-01-07 09:50:00,OG,Backtest,AdxDiCrossBracketOG,OG_AdxDiCrossBracketOG,OG,NQ,NQ JUN26,LONG,1,26064.50,26079.75,300.64,296.28,59.3,WIN,TARGET_HIT,26047.25,345.00,2026-05-07 09:21:36
2026-03-20,2026-03-20 11:30:00,2026-03-20 12:05:00,OG,Backtest,AdxDiCrossBracketOG,OG_AdxDiCrossBracketOG,OG,NQ,NQ JUN26,LONG,1,24275.00,24327.75,1050.64,1046.28,209.3,WIN,TARGET_HIT,24219.75,1105.00,2026-05-07 09:21:36
2026-01-28,2026-01-28 10:55:00,2026-01-28 11:05:00,OG,Backtest,AdxDiCrossBracketOG,OG_AdxDiCrossBracketOG,OG,NQ,NQ JUN26,SHORT,1,26394.50,26393.50,15.64,11.28,2.3,WIN,STOP_HIT,26429.00,690.00,2026-05-07 09:21:36
2026-04-06,2026-04-06 10:55:00,2026-04-06 11:00:00,OG,Backtest,AdxDiCrossBracketOG,OG_AdxDiCrossBracketOG,OG,NQ,NQ JUN26,SHORT,1,24269.25,24322.25,-1064.36,-1068.72,-213.7,LOSS,STOP_HIT,24321.00,1035.00,2026-05-07 09:21:36
2026-02-24,2026-02-24 10:10:00,2026-02-24 10:10:00,OG,Backtest,AdxDiCrossBracketOG,OG_AdxDiCrossBracketOG,OG,NQ,NQ JUN26,SHORT,1,25048.00,25093.50,-914.36,-918.72,-183.7,LOSS,STOP_HIT,25092.25,885.00,2026-05-07 09:21:36
2026-01-07,2026-01-07 09:50:00,2026-01-07 09:50:00,OG,Backtest,AdxDiCrossBracketOG,OG_AdxDiCrossBracketOG,OG,NQ,NQ JUN26,LONG,1,26064.50,26079.75,300.64,296.28,59.3,WIN,TARGET_HIT,26047.25,345.00,2026-05-07 09:21:36
2026-02-24,2026-02-24 10:15:00,2026-02-24 10:15:00,OG,Backtest,AdxDiCrossBracketOG,OG_AdxDiCrossBracketOG,OG,NQ,NQ JUN26,LONG,1,25110.00,25063.00,-944.36,-948.72,-189.7,LOSS,STOP_HIT,25064.25,915.00,2026-05-07 09:21:36
2026-03-13,2026-03-13 10:50:00,2026-03-13 10:50:00,OG,Backtest,AdxDiCrossBracketOG,OG_AdxDiCrossBracketOG,OG,NQ,NQ JUN26,SHORT,1,24804.25,24755.00,980.64,976.28,195.3,WIN,TARGET_HIT,24853.50,985.00,2026-05-07 09:21:36
2026-01-30,2026-01-30 10:55:00,2026-01-30 10:55:00,OG,Backtest,AdxDiCrossBracketOG,OG_AdxDiCrossBracketOG,OG,NQ,NQ JUN26,LONG,1,26118.00,26058.75,-1189.36,-1193.72,-238.7,LOSS,STOP_HIT,26060.00,1160.00,2026-05-07 09:21:36
2026-01-09,2026-01-09 10:15:00,2026-01-09 10:15:00,OG,Backtest,AdxDiCrossBracketOG,OG_AdxDiCrossBracketOG,OG,NQ,NQ JUN26,SHORT,1,25849.75,25897.00,-949.36,-953.72,-190.7,LOSS,STOP_HIT,25895.75,920.00,2026-05-07 09:21:36
2026-03-27,2026-03-27 11:40:00,2026-03-27 11:45:00,OG,Backtest,AdxDiCrossBracketOG,OG_AdxDiCrossBracketOG,OG,NQ,NQ JUN26,LONG,1,23597.75,23540.25,-1154.36,-1158.72,-231.7,LOSS,STOP_HIT,23541.50,1125.00,2026-05-07 09:21:36
2026-04-06,2026-04-06 10:55:00,2026-04-06 11:00:00,OG,Backtest,AdxDiCrossBracketOG,OG_AdxDiCrossBracketOG,OG,NQ,NQ JUN26,SHORT,1,24269.25,24322.25,-1064.36,-1068.72,-213.7,LOSS,STOP_HIT,24321.00,1035.00,2026-05-07 09:21:36
2026-01-20,2026-01-20 10:50:00,2026-01-20 10:55:00,OG,Backtest,AdxDiCrossBracketOG,OG_AdxDiCrossBracketOG,OG,NQ,NQ JUN26,LONG,1,25598.75,25558.75,-804.36,-808.72,-161.7,LOSS,STOP_HIT,25550.75,960.00,2026-05-07 09:21:36
2026-04-06,2026-04-06 10:55:00,2026-04-06 11:00:00,OG,Backtest,AdxDiCrossBracketOG,OG_AdxDiCrossBracketOG,OG,NQ,NQ JUN26,SHORT,1,24269.25,24322.25,-1064.36,-1068.72,-213.7,LOSS,STOP_HIT,24321.00,1035.00,2026-05-07 09:21:36
2026-01-20,2026-01-20 11:10:00,2026-01-20 11:15:00,OG,Backtest,AdxDiCrossBracketOG,OG_AdxDiCrossBracketOG,OG,NQ,NQ JUN26,LONG,1,25588.25,25600.25,235.64,231.28,46.3,WIN,STOP_HIT,25540.75,950.00,2026-05-07 09:21:36
2026-03-13,2026-03-13 10:50:00,2026-03-13 10:50:00,OG,Backtest,AdxDiCrossBracketOG,OG_AdxDiCrossBracketOG,OG,NQ,NQ JUN26,SHORT,1,24804.25,24755.00,980.64,976.28,195.3,WIN,TARGET_HIT,24853.50,985.00,2026-05-07 09:21:36
2026-03-20,2026-03-20 11:30:00,2026-03-20 12:05:00,OG,Backtest,AdxDiCrossBracketOG,OG_AdxDiCrossBracketOG,OG,NQ,NQ JUN26,LONG,1,24275.00,24327.75,1050.64,1046.28,209.3,WIN,TARGET_HIT,24219.75,1105.00,2026-05-07 09:21:36
2026-03-12,2026-03-12 11:50:00,2026-03-12 11:50:00,OG,Backtest,AdxDiCrossBracketOG,OG_AdxDiCrossBracketOG,OG,NQ,NQ JUN26,LONG,1,24898.75,24843.25,-1114.36,-1118.72,-223.7,LOSS,STOP_HIT,24844.50,1085.00,2026-05-07 09:21:36
2026-01-07,2026-01-07 10:10:00,2026-01-07 10:10:00,OG,Backtest,AdxDiCrossBracketOG,OG_AdxDiCrossBracketOG,OG,NQ,NQ JUN26,SHORT,1,26050.00,26073.50,-474.36,-478.72,-95.7,LOSS,STOP_HIT,26072.25,445.00,2026-05-07 09:21:36
2026-01-09,2026-01-09 09:55:00,2026-01-09 09:55:00,OG,Backtest,AdxDiCrossBracketOG,OG_AdxDiCrossBracketOG,OG,NQ,NQ JUN26,SHORT,1,25912.50,25949.00,-734.36,-738.72,-147.7,LOSS,STOP_HIT,25947.75,705.00,2026-05-07 09:21:36
2026-01-13,2026-01-13 10:10:00,2026-01-13 10:15:00,OG,Backtest,AdxDiCrossBracketOG,OG_AdxDiCrossBracketOG,OG,NQ,NQ JUN26,SHORT,1,26137.25,26108.00,580.64,576.28,115.3,WIN,TARGET_HIT,26168.00,615.00,2026-05-07 09:21:36
2026-01-21,2026-01-21 11:45:00,2026-01-21 11:45:00,OG,Backtest,AdxDiCrossBracketOG,OG_AdxDiCrossBracketOG,OG,NQ,NQ JUN26,SHORT,1,25543.00,25505.75,740.64,736.28,147.3,WIN,TARGET_HIT,25582.25,785.00,2026-05-07 09:21:36
2026-04-06,2026-04-06 11:05:00,2026-04-06 11:25:00,OG,Backtest,AdxDiCrossBracketOG,OG_AdxDiCrossBracketOG,OG,NQ,NQ JUN26,LONG,1,24307.50,24293.75,-279.36,-283.72,-56.7,LOSS,STOP_HIT,24255.50,1040.00,2026-05-07 09:21:36
2026-01-16,2026-01-16 11:30:00,2026-01-16 11:35:00,OG,Backtest,AdxDiCrossBracketOG,OG_AdxDiCrossBracketOG,OG,NQ,NQ JUN26,LONG,1,25912.25,25924.50,240.64,236.28,47.3,WIN,STOP_HIT,25874.75,750.00,2026-05-07 09:21:36
2026-04-06,2026-04-06 11:35:00,2026-04-06 11:45:00,OG,Backtest,AdxDiCrossBracketOG,OG_AdxDiCrossBracketOG,OG,NQ,NQ JUN26,SHORT,1,24280.00,24290.75,-219.36,-223.72,-44.7,LOSS,STOP_HIT,24325.50,910.00,2026-05-07 09:21:36
2026-02-11,2026-02-11 11:20:00,2026-02-11 11:25:00,OG,Backtest,AdxDiCrossBracketOG,OG_AdxDiCrossBracketOG,OG,NQ,NQ JUN26,LONG,1,25468.75,25457.00,-239.36,-243.72,-48.7,LOSS,STOP_HIT,25406.75,1240.00,2026-05-07 09:21:36
2026-04-06,2026-04-06 10:55:00,2026-04-06 11:00:00,OG,Backtest,AdxDiCrossBracketOG,OG_AdxDiCrossBracketOG,OG,NQ,NQ JUN26,SHORT,1,24269.25,24322.25,-1064.36,-1068.72,-213.7,LOSS,STOP_HIT,24321.00,1035.00,2026-05-07 09:21:36
2026-02-17,2026-02-17 11:10:00,2026-02-17 11:10:00,OG,Backtest,AdxDiCrossBracketOG,OG_AdxDiCrossBracketOG,OG,NQ,NQ JUN26,LONG,1,24862.00,24927.25,1300.64,1296.28,259.3,WIN,TARGET_HIT,24793.75,1365.00,2026-05-07 09:21:36
2026-04-06,2026-04-06 10:55:00,2026-04-06 11:00:00,OG,Backtest,AdxDiCrossBracketOG,OG_AdxDiCrossBracketOG,OG,NQ,NQ JUN26,SHORT,1,24269.25,24322.25,-1064.36,-1068.72,-213.7,LOSS,STOP_HIT,24321.00,1035.00,2026-05-07 09:21:36
2026-02-24,2026-02-24 09:50:00,2026-02-24 09:50:00,OG,Backtest,AdxDiCrossBracketOG,OG_AdxDiCrossBracketOG,OG,NQ,NQ JUN26,LONG,1,25121.25,25157.50,720.64,716.28,143.3,WIN,TARGET_HIT,25081.50,795.00,2026-05-07 09:21:36
2026-04-07,2026-04-07 11:40:00,2026-04-07 12:00:00,OG,Backtest,AdxDiCrossBracketOG,OG_AdxDiCrossBracketOG,OG,NQ,NQ JUN26,LONG,1,24072.25,24117.50,900.64,896.28,179.3,WIN,TARGET_HIT,24025.00,945.00,2026-05-07 09:21:36
2026-03-17,2026-03-17 11:15:00,2026-03-17 11:20:00,OG,Backtest,AdxDiCrossBracketOG,OG_AdxDiCrossBracketOG,OG,NQ,NQ JUN26,SHORT,1,25019.75,25057.00,-749.36,-753.72,-150.7,LOSS,STOP_HIT,25056.25,730.00,2026-05-07 09:21:36
2026-03-09,2026-03-09 10:45:00,2026-03-09 10:50:00,OG,Backtest,AdxDiCrossBracketOG,OG_AdxDiCrossBracketOG,OG,NQ,NQ JUN26,LONG,1,24692.75,24762.25,1385.64,1381.28,276.3,WIN,TARGET_HIT,24622.25,1410.00,2026-05-07 09:21:36
2026-02-11,2026-02-11 10:20:00,2026-02-11 10:20:00,OG,Backtest,AdxDiCrossBracketOG,OG_AdxDiCrossBracketOG,OG,NQ,NQ JUN26,SHORT,1,25395.25,25345.50,990.64,986.28,197.3,WIN,TARGET_HIT,25448.50,1065.00,2026-05-07 09:21:36
2026-02-13,2026-02-13 10:35:00,2026-02-13 10:35:00,OG,Backtest,AdxDiCrossBracketOG,OG_AdxDiCrossBracketOG,OG,NQ,NQ JUN26,LONG,1,25058.75,25127.00,1360.64,1356.28,271.3,WIN,TARGET_HIT,24987.50,1425.00,2026-05-07 09:21:36
2026-02-03,2026-02-03 09:50:00,2026-02-03 09:50:00,OG,Backtest,AdxDiCrossBracketOG,OG_AdxDiCrossBracketOG,OG,NQ,NQ JUN26,SHORT,1,25960.00,25999.25,-789.36,-793.72,-158.7,LOSS,STOP_HIT,25998.00,760.00,2026-05-07 09:21:36
2026-01-09,2026-01-09 10:15:00,2026-01-09 10:15:00,OG,Backtest,AdxDiCrossBracketOG,OG_AdxDiCrossBracketOG,OG,NQ,NQ JUN26,SHORT,1,25849.75,25897.00,-949.36,-953.72,-190.7,LOSS,STOP_HIT,25895.75,920.00,2026-05-07 09:21:36
2026-03-03,2026-03-03 11:25:00,2026-03-03 11:40:00,OG,Backtest,AdxDiCrossBracketOG,OG_AdxDiCrossBracketOG,OG,NQ,NQ JUN26,LONG,1,24795.25,24816.50,420.64,416.28,83.3,WIN,STOP_HIT,24724.00,1425.00,2026-05-07 09:21:36
2026-04-06,2026-04-06 11:05:00,2026-04-06 11:25:00,OG,Backtest,AdxDiCrossBracketOG,OG_AdxDiCrossBracketOG,OG,NQ,NQ JUN26,LONG,1,24307.50,24291.25,-329.36,-333.72,-66.7,LOSS,STOP_HIT,24255.50,1040.00,2026-05-07 09:21:36
2026-01-09,2026-01-09 09:55:00,2026-01-09 09:55:00,OG,Backtest,AdxDiCrossBracketOG,OG_AdxDiCrossBracketOG,OG,NQ,NQ JUN26,SHORT,1,25912.50,25949.00,-734.36,-738.72,-147.7,LOSS,STOP_HIT,25947.75,705.00,2026-05-07 09:21:36
2026-01-23,2026-01-23 10:10:00,2026-01-23 10:15:00,OG,Backtest,AdxDiCrossBracketOG,OG_AdxDiCrossBracketOG,OG,NQ,NQ JUN26,LONG,1,25921.75,25885.00,-739.36,-743.72,-148.7,LOSS,STOP_HIT,25885.50,725.00,2026-05-07 09:21:36
2026-01-13,2026-01-13 10:10:00,2026-01-13 10:15:00,OG,Backtest,AdxDiCrossBracketOG,OG_AdxDiCrossBracketOG,OG,NQ,NQ JUN26,SHORT,1,26137.25,26108.00,580.64,576.28,115.3,WIN,TARGET_HIT,26168.00,615.00,2026-05-07 09:21:36
2026-01-06,2026-01-06 11:00:00,2026-01-06 11:05:00,OG,Backtest,AdxDiCrossBracketOG,OG_AdxDiCrossBracketOG,OG,NQ,NQ JUN26,SHORT,1,25908.50,25880.75,550.64,546.28,109.3,WIN,TARGET_HIT,25938.25,595.00,2026-05-07 09:21:36
2026-02-11,2026-02-11 11:05:00,2026-02-11 11:10:00,OG,Backtest,AdxDiCrossBracketOG,OG_AdxDiCrossBracketOG,OG,NQ,NQ JUN26,LONG,1,25454.25,25417.50,-739.36,-743.72,-148.7,LOSS,STOP_HIT,25393.00,1225.00,2026-05-07 09:21:36
2026-04-06,2026-04-06 11:05:00,2026-04-06 11:25:00,OG,Backtest,AdxDiCrossBracketOG,OG_AdxDiCrossBracketOG,OG,NQ,NQ JUN26,LONG,1,24307.50,24291.25,-329.36,-333.72,-66.7,LOSS,STOP_HIT,24255.50,1040.00,2026-05-07 09:21:36
2026-01-09,2026-01-09 09:55:00,2026-01-09 09:55:00,OG,Backtest,AdxDiCrossBracketOG,OG_AdxDiCrossBracketOG,OG,NQ,NQ JUN26,SHORT,1,25912.50,25949.00,-734.36,-738.72,-147.7,LOSS,STOP_HIT,25947.75,705.00,2026-05-07 09:21:36
2026-01-12,2026-01-12 11:25:00,2026-01-12 11:35:00,OG,Backtest,AdxDiCrossBracketOG,OG_AdxDiCrossBracketOG,OG,NQ,NQ JUN26,LONG,1,26159.50,26149.25,-209.36,-213.72,-42.7,LOSS,STOP_HIT,26131.75,555.00,2026-05-07 09:21:36
2026-02-11,2026-02-11 11:20:00,2026-02-11 11:25:00,OG,Backtest,AdxDiCrossBracketOG,OG_AdxDiCrossBracketOG,OG,NQ,NQ JUN26,LONG,1,25468.75,25457.00,-239.36,-243.72,-48.7,LOSS,STOP_HIT,25406.75,1240.00,2026-05-07 09:21:36
2026-01-13,2026-01-13 10:10:00,2026-01-13 10:15:00,OG,Backtest,AdxDiCrossBracketOG,OG_AdxDiCrossBracketOG,OG,NQ,NQ JUN26,SHORT,1,26137.25,26108.00,580.64,576.28,115.3,WIN,TARGET_HIT,26168.00,615.00,2026-05-07 09:21:36
2026-01-09,2026-01-09 10:30:00,2026-01-09 10:30:00,OG,Backtest,AdxDiCrossBracketOG,OG_AdxDiCrossBracketOG,OG,NQ,NQ JUN26,LONG,1,26010.00,26057.25,940.64,936.28,187.3,WIN,TARGET_HIT,25959.75,1005.00,2026-05-07 09:21:36
2026-01-07,2026-01-07 09:50:00,2026-01-07 09:50:00,OG,Backtest,AdxDiCrossBracketOG,OG_AdxDiCrossBracketOG,OG,NQ,NQ JUN26,LONG,1,26064.50,26079.75,300.64,296.28,59.3,WIN,TARGET_HIT,26047.25,345.00,2026-05-07 09:21:36
2026-01-28,2026-01-28 10:55:00,2026-01-28 11:10:00,OG,Backtest,AdxDiCrossBracketOG,OG_AdxDiCrossBracketOG,OG,NQ,NQ JUN26,SHORT,1,26394.50,26396.00,-34.36,-38.72,-7.7,LOSS,STOP_HIT,26429.00,690.00,2026-05-07 09:21:36
2026-02-24,2026-02-24 09:50:00,2026-02-24 09:50:00,OG,Backtest,AdxDiCrossBracketOG,OG_AdxDiCrossBracketOG,OG,NQ,NQ JUN26,LONG,1,25121.25,25157.50,720.64,716.28,143.3,WIN,TARGET_HIT,25081.50,795.00,2026-05-07 09:21:36
2026-02-13,2026-02-13 10:35:00,2026-02-13 10:35:00,OG,Backtest,AdxDiCrossBracketOG,OG_AdxDiCrossBracketOG,OG,NQ,NQ JUN26,LONG,1,25058.75,25127.00,1360.64,1356.28,271.3,WIN,TARGET_HIT,24987.50,1425.00,2026-05-07 09:21:36
2026-03-09,2026-03-09 10:45:00,2026-03-09 10:50:00,OG,Backtest,AdxDiCrossBracketOG,OG_AdxDiCrossBracketOG,OG,NQ,NQ JUN26,LONG,1,24692.75,24762.25,1385.64,1381.28,276.3,WIN,TARGET_HIT,24622.25,1410.00,2026-05-07 09:21:36
2026-02-24,2026-02-24 10:15:00,2026-02-24 10:15:00,OG,Backtest,AdxDiCrossBracketOG,OG_AdxDiCrossBracketOG,OG,NQ,NQ JUN26,LONG,1,25110.00,25063.00,-944.36,-948.72,-189.7,LOSS,STOP_HIT,25064.25,915.00,2026-05-07 09:21:36
2026-02-17,2026-02-17 11:10:00,2026-02-17 11:10:00,OG,Backtest,AdxDiCrossBracketOG,OG_AdxDiCrossBracketOG,OG,NQ,NQ JUN26,LONG,1,24862.00,24927.25,1300.64,1296.28,259.3,WIN,TARGET_HIT,24793.75,1365.00,2026-05-07 09:21:36
2026-01-28,2026-01-28 10:55:00,2026-01-28 11:05:00,OG,Backtest,AdxDiCrossBracketOG,OG_AdxDiCrossBracketOG,OG,NQ,NQ JUN26,SHORT,1,26394.50,26393.50,15.64,11.28,2.3,WIN,STOP_HIT,26429.00,690.00,2026-05-07 09:21:36
2026-01-07,2026-01-07 10:10:00,2026-01-07 10:10:00,OG,Backtest,AdxDiCrossBracketOG,OG_AdxDiCrossBracketOG,OG,NQ,NQ JUN26,SHORT,1,26050.00,26073.50,-474.36,-478.72,-95.7,LOSS,STOP_HIT,26072.25,445.00,2026-05-07 09:21:36
2026-02-24,2026-02-24 10:15:00,2026-02-24 10:15:00,OG,Backtest,AdxDiCrossBracketOG,OG_AdxDiCrossBracketOG,OG,NQ,NQ JUN26,LONG,1,25110.00,25063.00,-944.36,-948.72,-189.7,LOSS,STOP_HIT,25064.25,915.00,2026-05-07 09:21:36
2026-02-10,2026-02-10 09:45:00,2026-02-10 09:45:00,OG,Backtest,AdxDiCrossBracketOG,OG_AdxDiCrossBracketOG,OG,NQ,NQ JUN26,SHORT,1,25534.50,25512.25,440.64,436.28,87.3,WIN,TARGET_HIT,25559.75,505.00,2026-05-07 09:21:36
2026-01-09,2026-01-09 09:45:00,2026-01-09 09:50:00,OG,Backtest,AdxDiCrossBracketOG,OG_AdxDiCrossBracketOG,OG,NQ,NQ JUN26,LONG,1,25965.75,25936.75,-584.36,-588.72,-117.7,LOSS,STOP_HIT,25938.00,555.00,2026-05-07 09:21:36
2026-03-19,2026-03-19 11:15:00,2026-03-19 11:25:00,OG,Backtest,AdxDiCrossBracketOG,OG_AdxDiCrossBracketOG,OG,NQ,NQ JUN26,LONG,1,24531.00,24485.50,-914.36,-918.72,-183.7,LOSS,STOP_HIT,24473.00,1160.00,2026-05-07 09:21:36
2026-04-02,2026-04-02 10:45:00,2026-04-02 10:45:00,OG,Backtest,AdxDiCrossBracketOG,OG_AdxDiCrossBracketOG,OG,NQ,NQ JUN26,LONG,1,24211.00,24133.25,-1559.36,-1563.72,-312.7,LOSS,STOP_HIT,24134.50,1530.00,2026-05-07 09:21:36
2026-01-09,2026-01-09 10:30:00,2026-01-09 10:30:00,OG,Backtest,AdxDiCrossBracketOG,OG_AdxDiCrossBracketOG,OG,NQ,NQ JUN26,LONG,1,26010.00,26057.25,940.64,936.28,187.3,WIN,TARGET_HIT,25959.75,1005.00,2026-05-07 09:21:36
2026-02-03,2026-02-03 09:50:00,2026-02-03 09:50:00,OG,Backtest,AdxDiCrossBracketOG,OG_AdxDiCrossBracketOG,OG,NQ,NQ JUN26,SHORT,1,25960.00,25999.25,-789.36,-793.72,-158.7,LOSS,STOP_HIT,25998.00,760.00,2026-05-07 09:21:36
2026-02-10,2026-02-10 09:45:00,2026-02-10 09:45:00,OG,Backtest,AdxDiCrossBracketOG,OG_AdxDiCrossBracketOG,OG,NQ,NQ JUN26,SHORT,1,25534.50,25512.25,440.64,436.28,87.3,WIN,TARGET_HIT,25559.75,505.00,2026-05-07 09:21:36
2026-01-07,2026-01-07 10:10:00,2026-01-07 10:10:00,OG,Backtest,AdxDiCrossBracketOG,OG_AdxDiCrossBracketOG,OG,NQ,NQ JUN26,SHORT,1,26050.00,26073.50,-474.36,-478.72,-95.7,LOSS,STOP_HIT,26072.25,445.00,2026-05-07 09:21:36
2026-01-20,2026-01-20 10:50:00,2026-01-20 10:55:00,OG,Backtest,AdxDiCrossBracketOG,OG_AdxDiCrossBracketOG,OG,NQ,NQ JUN26,LONG,1,25598.75,25558.75,-804.36,-808.72,-161.7,LOSS,STOP_HIT,25550.75,960.00,2026-05-07 09:21:36
2026-02-10,2026-02-10 09:45:00,2026-02-10 09:45:00,OG,Backtest,AdxDiCrossBracketOG,OG_AdxDiCrossBracketOG,OG,NQ,NQ JUN26,SHORT,1,25534.50,25512.25,440.64,436.28,87.3,WIN,TARGET_HIT,25559.75,505.00,2026-05-07 09:21:36
2026-02-17,2026-02-17 11:10:00,2026-02-17 11:10:00,OG,Backtest,AdxDiCrossBracketOG,OG_AdxDiCrossBracketOG,OG,NQ,NQ JUN26,LONG,1,24862.00,24927.25,1300.64,1296.28,259.3,WIN,TARGET_HIT,24793.75,1365.00,2026-05-07 09:21:36
2026-01-30,2026-01-30 10:55:00,2026-01-30 10:55:00,OG,Backtest,AdxDiCrossBracketOG,OG_AdxDiCrossBracketOG,OG,NQ,NQ JUN26,LONG,1,26118.00,26058.75,-1189.36,-1193.72,-238.7,LOSS,STOP_HIT,26060.00,1160.00,2026-05-07 09:21:36
2026-04-06,2026-04-06 11:35:00,2026-04-06 11:50:00,OG,Backtest,AdxDiCrossBracketOG,OG_AdxDiCrossBracketOG,OG,NQ,NQ JUN26,SHORT,1,24280.00,24294.25,-289.36,-293.72,-58.7,LOSS,STOP_HIT,24325.50,910.00,2026-05-07 09:21:36
2026-02-13,2026-02-13 10:35:00,2026-02-13 10:35:00,OG,Backtest,AdxDiCrossBracketOG,OG_AdxDiCrossBracketOG,OG,NQ,NQ JUN26,LONG,1,25058.75,25127.00,1360.64,1356.28,271.3,WIN,TARGET_HIT,24987.50,1425.00,2026-05-07 09:21:36
2026-01-21,2026-01-21 11:45:00,2026-01-21 11:45:00,OG,Backtest,AdxDiCrossBracketOG,OG_AdxDiCrossBracketOG,OG,NQ,NQ JUN26,SHORT,1,25543.00,25505.75,740.64,736.28,147.3,WIN,TARGET_HIT,25582.25,785.00,2026-05-07 09:21:36
2026-02-11,2026-02-11 11:20:00,2026-02-11 11:25:00,OG,Backtest,AdxDiCrossBracketOG,OG_AdxDiCrossBracketOG,OG,NQ,NQ JUN26,LONG,1,25468.75,25457.00,-239.36,-243.72,-48.7,LOSS,STOP_HIT,25406.75,1240.00,2026-05-07 09:21:36
2026-03-02,2026-03-02 11:15:00,2026-03-02 11:20:00,OG,Backtest,AdxDiCrossBracketOG,OG_AdxDiCrossBracketOG,OG,NQ,NQ JUN26,LONG,1,25187.75,25180.00,-159.36,-163.72,-32.7,LOSS,STOP_HIT,25129.50,1165.00,2026-05-07 09:21:36
2026-01-07,2026-01-07 10:10:00,2026-01-07 10:10:00,OG,Backtest,AdxDiCrossBracketOG,OG_AdxDiCrossBracketOG,OG,NQ,NQ JUN26,SHORT,1,26050.00,26073.50,-474.36,-478.72,-95.7,LOSS,STOP_HIT,26072.25,445.00,2026-05-07 09:21:36
2026-01-30,2026-01-30 10:55:00,2026-01-30 10:55:00,OG,Backtest,AdxDiCrossBracketOG,OG_AdxDiCrossBracketOG,OG,NQ,NQ JUN26,LONG,1,26118.00,26058.75,-1189.36,-1193.72,-238.7,LOSS,STOP_HIT,26060.00,1160.00,2026-05-07 09:21:36
2026-01-28,2026-01-28 11:20:00,2026-01-28 11:25:00,OG,Backtest,AdxDiCrossBracketOG,OG_AdxDiCrossBracketOG,OG,NQ,NQ JUN26,LONG,1,26393.75,26378.25,-314.36,-318.72,-63.7,LOSS,STOP_HIT,26363.25,610.00,2026-05-07 09:21:36
2026-04-06,2026-04-06 11:05:00,2026-04-06 11:25:00,OG,Backtest,AdxDiCrossBracketOG,OG_AdxDiCrossBracketOG,OG,NQ,NQ JUN26,LONG,1,24307.50,24293.75,-279.36,-283.72,-56.7,LOSS,STOP_HIT,24255.50,1040.00,2026-05-07 09:21:36
2026-02-24,2026-02-24 10:10:00,2026-02-24 10:10:00,OG,Backtest,AdxDiCrossBracketOG,OG_AdxDiCrossBracketOG,OG,NQ,NQ JUN26,SHORT,1,25048.00,25093.50,-914.36,-918.72,-183.7,LOSS,STOP_HIT,25092.25,885.00,2026-05-07 09:21:36
2026-02-13,2026-02-13 10:35:00,2026-02-13 10:35:00,OG,Backtest,AdxDiCrossBracketOG,OG_AdxDiCrossBracketOG,OG,NQ,NQ JUN26,LONG,1,25058.75,25127.00,1360.64,1356.28,271.3,WIN,TARGET_HIT,24987.50,1425.00,2026-05-07 09:21:36
2026-02-24,2026-02-24 10:10:00,2026-02-24 10:10:00,OG,Backtest,AdxDiCrossBracketOG,OG_AdxDiCrossBracketOG,OG,NQ,NQ JUN26,SHORT,1,25048.00,25093.50,-914.36,-918.72,-183.7,LOSS,STOP_HIT,25092.25,885.00,2026-05-07 09:21:36
2026-02-24,2026-02-24 10:10:00,2026-02-24 10:10:00,OG,Backtest,AdxDiCrossBracketOG,OG_AdxDiCrossBracketOG,OG,NQ,NQ JUN26,SHORT,1,25048.00,25093.50,-914.36,-918.72,-183.7,LOSS,STOP_HIT,25092.25,885.00,2026-05-07 09:21:36
2026-04-06,2026-04-06 11:05:00,2026-04-06 11:25:00,OG,Backtest,AdxDiCrossBracketOG,OG_AdxDiCrossBracketOG,OG,NQ,NQ JUN26,LONG,1,24307.50,24293.75,-279.36,-283.72,-56.7,LOSS,STOP_HIT,24255.50,1040.00,2026-05-07 09:21:37
2026-03-06,2026-03-06 11:10:00,2026-03-06 11:15:00,OG,Backtest,AdxDiCrossBracketOG,OG_AdxDiCrossBracketOG,OG,NQ,NQ JUN26,LONG,1,25102.25,25058.25,-884.36,-888.72,-177.7,LOSS,STOP_HIT,25038.75,1270.00,2026-05-07 09:21:37
2026-03-13,2026-03-13 10:50:00,2026-03-13 10:50:00,OG,Backtest,AdxDiCrossBracketOG,OG_AdxDiCrossBracketOG,OG,NQ,NQ JUN26,SHORT,1,24804.25,24755.00,980.64,976.28,195.3,WIN,TARGET_HIT,24853.50,985.00,2026-05-07 09:21:37
2026-01-21,2026-01-21 11:45:00,2026-01-21 11:45:00,OG,Backtest,AdxDiCrossBracketOG,OG_AdxDiCrossBracketOG,OG,NQ,NQ JUN26,SHORT,1,25543.00,25505.75,740.64,736.28,147.3,WIN,TARGET_HIT,25582.25,785.00,2026-05-07 09:21:37
2026-01-06,2026-01-06 11:00:00,2026-01-06 11:05:00,OG,Backtest,AdxDiCrossBracketOG,OG_AdxDiCrossBracketOG,OG,NQ,NQ JUN26,SHORT,1,25908.50,25880.75,550.64,546.28,109.3,WIN,TARGET_HIT,25938.25,595.00,2026-05-07 09:21:37
2026-03-03,2026-03-03 11:40:00,2026-03-03 11:50:00,OG,Backtest,AdxDiCrossBracketOG,OG_AdxDiCrossBracketOG,OG,NQ,NQ JUN26,SHORT,1,24816.50,24865.00,-974.36,-978.72,-195.7,LOSS,STOP_HIT,24882.75,1325.00,2026-05-07 09:21:37
2026-03-25,2026-03-25 11:20:00,2026-03-25 11:20:00,OG,Backtest,AdxDiCrossBracketOG,OG_AdxDiCrossBracketOG,OG,NQ,NQ JUN26,SHORT,1,24385.25,24336.50,970.64,966.28,193.3,WIN,TARGET_HIT,24438.00,1055.00,2026-05-07 09:21:37
2026-04-07,2026-04-07 11:40:00,2026-04-07 12:00:00,OG,Backtest,AdxDiCrossBracketOG,OG_AdxDiCrossBracketOG,OG,NQ,NQ JUN26,LONG,1,24072.25,24117.50,900.64,896.28,179.3,WIN,TARGET_HIT,24025.00,945.00,2026-05-07 09:21:37
2026-01-09,2026-01-09 10:30:00,2026-01-09 10:30:00,OG,Backtest,AdxDiCrossBracketOG,OG_AdxDiCrossBracketOG,OG,NQ,NQ JUN26,LONG,1,26010.00,26057.25,940.64,936.28,187.3,WIN,TARGET_HIT,25959.75,1005.00,2026-05-07 09:21:37
2026-03-25,2026-03-25 11:20:00,2026-03-25 11:20:00,OG,Backtest,AdxDiCrossBracketOG,OG_AdxDiCrossBracketOG,OG,NQ,NQ JUN26,SHORT,1,24385.25,24336.50,970.64,966.28,193.3,WIN,TARGET_HIT,24438.00,1055.00,2026-05-07 09:21:37
2026-01-07,2026-01-07 09:50:00,2026-01-07 09:50:00,OG,Backtest,AdxDiCrossBracketOG,OG_AdxDiCrossBracketOG,OG,NQ,NQ JUN26,LONG,1,26064.50,26079.75,300.64,296.28,59.3,WIN,TARGET_HIT,26047.25,345.00,2026-05-07 09:21:37
2026-02-13,2026-02-13 10:35:00,2026-02-13 10:35:00,OG,Backtest,AdxDiCrossBracketOG,OG_AdxDiCrossBracketOG,OG,NQ,NQ JUN26,LONG,1,25058.75,25127.00,1360.64,1356.28,271.3,WIN,TARGET_HIT,24987.50,1425.00,2026-05-07 09:21:37
2026-03-03,2026-03-03 11:40:00,2026-03-03 11:50:00,OG,Backtest,AdxDiCrossBracketOG,OG_AdxDiCrossBracketOG,OG,NQ,NQ JUN26,SHORT,1,24816.50,24865.00,-974.36,-978.72,-195.7,LOSS,STOP_HIT,24882.75,1325.00,2026-05-07 09:21:37
2026-02-05,2026-02-05 11:40:00,2026-02-05 11:50:00,OG,Backtest,AdxDiCrossBracketOG,OG_AdxDiCrossBracketOG,OG,NQ,NQ JUN26,LONG,1,25026.25,24991.50,-699.36,-703.72,-140.7,LOSS,STOP_HIT,24938.00,1765.00,2026-05-07 09:21:37
2026-04-06,2026-04-06 10:55:00,2026-04-06 11:00:00,OG,Backtest,AdxDiCrossBracketOG,OG_AdxDiCrossBracketOG,OG,NQ,NQ JUN26,SHORT,1,24269.25,24322.25,-1064.36,-1068.72,-213.7,LOSS,STOP_HIT,24321.00,1035.00,2026-05-07 09:21:37
2026-02-05,2026-02-05 11:40:00,2026-02-05 11:50:00,OG,Backtest,AdxDiCrossBracketOG,OG_AdxDiCrossBracketOG,OG,NQ,NQ JUN26,LONG,1,25026.25,24991.50,-699.36,-703.72,-140.7,LOSS,STOP_HIT,24938.00,1765.00,2026-05-07 09:21:37
2026-03-20,2026-03-20 11:30:00,2026-03-20 12:05:00,OG,Backtest,AdxDiCrossBracketOG,OG_AdxDiCrossBracketOG,OG,NQ,NQ JUN26,LONG,1,24275.00,24327.75,1050.64,1046.28,209.3,WIN,TARGET_HIT,24219.75,1105.00,2026-05-07 09:21:37
2026-03-12,2026-03-12 11:50:00,2026-03-12 11:50:00,OG,Backtest,AdxDiCrossBracketOG,OG_AdxDiCrossBracketOG,OG,NQ,NQ JUN26,LONG,1,24898.75,24843.25,-1114.36,-1118.72,-223.7,LOSS,STOP_HIT,24844.50,1085.00,2026-05-07 09:21:37
2026-01-09,2026-01-09 10:15:00,2026-01-09 10:15:00,OG,Backtest,AdxDiCrossBracketOG,OG_AdxDiCrossBracketOG,OG,NQ,NQ JUN26,SHORT,1,25849.75,25897.00,-949.36,-953.72,-190.7,LOSS,STOP_HIT,25895.75,920.00,2026-05-07 09:21:37
2026-02-24,2026-02-24 10:10:00,2026-02-24 10:10:00,OG,Backtest,AdxDiCrossBracketOG,OG_AdxDiCrossBracketOG,OG,NQ,NQ JUN26,SHORT,1,25048.00,25093.50,-914.36,-918.72,-183.7,LOSS,STOP_HIT,25092.25,885.00,2026-05-07 09:21:37
2026-04-06,2026-04-06 11:35:00,2026-04-06 11:45:00,OG,Backtest,AdxDiCrossBracketOG,OG_AdxDiCrossBracketOG,OG,NQ,NQ JUN26,SHORT,1,24280.00,24290.75,-219.36,-223.72,-44.7,LOSS,STOP_HIT,24325.50,910.00,2026-05-07 09:21:37
2026-03-25,2026-03-25 11:20:00,2026-03-25 11:20:00,OG,Backtest,AdxDiCrossBracketOG,OG_AdxDiCrossBracketOG,OG,NQ,NQ JUN26,SHORT,1,24385.25,24336.50,970.64,966.28,193.3,WIN,TARGET_HIT,24438.00,1055.00,2026-05-07 09:21:37
2026-04-10,2026-04-10 11:45:00,2026-04-10 12:00:00,OG,Backtest,AdxDiCrossBracketOG,OG_AdxDiCrossBracketOG,OG,NQ,NQ JUN26,SHORT,1,25300.75,25269.75,615.64,611.28,122.3,WIN,TARGET_HIT,25334.25,670.00,2026-05-07 09:21:37
2026-01-06,2026-01-06 11:00:00,2026-01-06 11:05:00,OG,Backtest,AdxDiCrossBracketOG,OG_AdxDiCrossBracketOG,OG,NQ,NQ JUN26,SHORT,1,25908.50,25880.75,550.64,546.28,109.3,WIN,TARGET_HIT,25938.25,595.00,2026-05-07 09:21:37
2026-01-09,2026-01-09 09:45:00,2026-01-09 09:50:00,OG,Backtest,AdxDiCrossBracketOG,OG_AdxDiCrossBracketOG,OG,NQ,NQ JUN26,LONG,1,25965.75,25936.75,-584.36,-588.72,-117.7,LOSS,STOP_HIT,25938.00,555.00,2026-05-07 09:21:37
2026-03-03,2026-03-03 11:25:00,2026-03-03 11:35:00,OG,Backtest,AdxDiCrossBracketOG,OG_AdxDiCrossBracketOG,OG,NQ,NQ JUN26,LONG,1,24795.25,24818.25,455.64,451.28,90.3,WIN,STOP_HIT,24724.00,1425.00,2026-05-07 09:21:37
2026-04-02,2026-04-02 10:45:00,2026-04-02 10:45:00,OG,Backtest,AdxDiCrossBracketOG,OG_AdxDiCrossBracketOG,OG,NQ,NQ JUN26,LONG,1,24211.00,24133.25,-1559.36,-1563.72,-312.7,LOSS,STOP_HIT,24134.50,1530.00,2026-05-07 09:21:37
2026-04-06,2026-04-06 10:55:00,2026-04-06 11:00:00,OG,Backtest,AdxDiCrossBracketOG,OG_AdxDiCrossBracketOG,OG,NQ,NQ JUN26,SHORT,1,24269.25,24322.25,-1064.36,-1068.72,-213.7,LOSS,STOP_HIT,24321.00,1035.00,2026-05-07 09:21:37
2026-03-13,2026-03-13 10:50:00,2026-03-13 10:50:00,OG,Backtest,AdxDiCrossBracketOG,OG_AdxDiCrossBracketOG,OG,NQ,NQ JUN26,SHORT,1,24804.25,24755.00,980.64,976.28,195.3,WIN,TARGET_HIT,24853.50,985.00,2026-05-07 09:21:37
2026-03-06,2026-03-06 11:10:00,2026-03-06 11:15:00,OG,Backtest,AdxDiCrossBracketOG,OG_AdxDiCrossBracketOG,OG,NQ,NQ JUN26,LONG,1,25102.25,25058.25,-884.36,-888.72,-177.7,LOSS,STOP_HIT,25038.75,1270.00,2026-05-07 09:21:37
2026-02-11,2026-02-11 11:05:00,2026-02-11 11:10:00,OG,Backtest,AdxDiCrossBracketOG,OG_AdxDiCrossBracketOG,OG,NQ,NQ JUN26,LONG,1,25454.25,25417.50,-739.36,-743.72,-148.7,LOSS,STOP_HIT,25393.00,1225.00,2026-05-07 09:21:37
2026-01-20,2026-01-20 11:10:00,2026-01-20 11:15:00,OG,Backtest,AdxDiCrossBracketOG,OG_AdxDiCrossBracketOG,OG,NQ,NQ JUN26,LONG,1,25588.25,25600.25,235.64,231.28,46.3,WIN,STOP_HIT,25540.75,950.00,2026-05-07 09:21:37
2026-03-27,2026-03-27 11:40:00,2026-03-27 11:45:00,OG,Backtest,AdxDiCrossBracketOG,OG_AdxDiCrossBracketOG,OG,NQ,NQ JUN26,LONG,1,23597.75,23540.25,-1154.36,-1158.72,-231.7,LOSS,STOP_HIT,23541.50,1125.00,2026-05-07 09:21:37
2026-01-23,2026-01-23 10:10:00,2026-01-23 10:15:00,OG,Backtest,AdxDiCrossBracketOG,OG_AdxDiCrossBracketOG,OG,NQ,NQ JUN26,LONG,1,25921.75,25885.00,-739.36,-743.72,-148.7,LOSS,STOP_HIT,25885.50,725.00,2026-05-07 09:21:37
2026-04-07,2026-04-07 11:40:00,2026-04-07 12:00:00,OG,Backtest,AdxDiCrossBracketOG,OG_AdxDiCrossBracketOG,OG,NQ,NQ JUN26,LONG,1,24072.25,24117.50,900.64,896.28,179.3,WIN,TARGET_HIT,24025.00,945.00,2026-05-07 09:21:37
2026-03-02,2026-03-02 11:15:00,2026-03-02 11:20:00,OG,Backtest,AdxDiCrossBracketOG,OG_AdxDiCrossBracketOG,OG,NQ,NQ JUN26,LONG,1,25187.75,25180.00,-159.36,-163.72,-32.7,LOSS,STOP_HIT,25129.50,1165.00,2026-05-07 09:21:37
2026-03-20,2026-03-20 11:30:00,2026-03-20 12:05:00,OG,Backtest,AdxDiCrossBracketOG,OG_AdxDiCrossBracketOG,OG,NQ,NQ JUN26,LONG,1,24275.00,24327.75,1050.64,1046.28,209.3,WIN,TARGET_HIT,24219.75,1105.00,2026-05-07 09:21:37
2026-03-25,2026-03-25 11:20:00,2026-03-25 11:20:00,OG,Backtest,AdxDiCrossBracketOG,OG_AdxDiCrossBracketOG,OG,NQ,NQ JUN26,SHORT,1,24385.25,24336.50,970.64,966.28,193.3,WIN,TARGET_HIT,24438.00,1055.00,2026-05-07 09:21:37
2026-01-13,2026-01-13 10:10:00,2026-01-13 10:15:00,OG,Backtest,AdxDiCrossBracketOG,OG_AdxDiCrossBracketOG,OG,NQ,NQ JUN26,SHORT,1,26137.25,26108.00,580.64,576.28,115.3,WIN,TARGET_HIT,26168.00,615.00,2026-05-07 09:21:37
2026-03-17,2026-03-17 11:15:00,2026-03-17 11:20:00,OG,Backtest,AdxDiCrossBracketOG,OG_AdxDiCrossBracketOG,OG,NQ,NQ JUN26,SHORT,1,25019.75,25057.00,-749.36,-753.72,-150.7,LOSS,STOP_HIT,25056.25,730.00,2026-05-07 09:21:37
2026-01-07,2026-01-07 09:50:00,2026-01-07 09:50:00,OG,Backtest,AdxDiCrossBracketOG,OG_AdxDiCrossBracketOG,OG,NQ,NQ JUN26,LONG,1,26064.50,26079.75,300.64,296.28,59.3,WIN,TARGET_HIT,26047.25,345.00,2026-05-07 09:21:37
2026-01-20,2026-01-20 11:10:00,2026-01-20 11:15:00,OG,Backtest,AdxDiCrossBracketOG,OG_AdxDiCrossBracketOG,OG,NQ,NQ JUN26,LONG,1,25588.25,25600.25,235.64,231.28,46.3,WIN,STOP_HIT,25540.75,950.00,2026-05-07 09:21:37
2026-03-27,2026-03-27 11:40:00,2026-03-27 11:45:00,OG,Backtest,AdxDiCrossBracketOG,OG_AdxDiCrossBracketOG,OG,NQ,NQ JUN26,LONG,1,23597.75,23540.25,-1154.36,-1158.72,-231.7,LOSS,STOP_HIT,23541.50,1125.00,2026-05-07 09:21:37
2026-03-24,2026-03-24 11:00:00,2026-03-24 11:00:00,OG,Backtest,AdxDiCrossBracketOG,OG_AdxDiCrossBracketOG,OG,NQ,NQ JUN26,LONG,1,24282.25,24217.00,-1309.36,-1313.72,-262.7,LOSS,STOP_HIT,24218.25,1280.00,2026-05-07 09:21:37
2026-01-21,2026-01-21 11:45:00,2026-01-21 11:45:00,OG,Backtest,AdxDiCrossBracketOG,OG_AdxDiCrossBracketOG,OG,NQ,NQ JUN26,SHORT,1,25543.00,25505.75,740.64,736.28,147.3,WIN,TARGET_HIT,25582.25,785.00,2026-05-07 09:21:37
2026-01-06,2026-01-06 11:00:00,2026-01-06 11:05:00,OG,Backtest,AdxDiCrossBracketOG,OG_AdxDiCrossBracketOG,OG,NQ,NQ JUN26,SHORT,1,25908.50,25880.75,550.64,546.28,109.3,WIN,TARGET_HIT,25938.25,595.00,2026-05-07 09:21:37
2026-02-05,2026-02-05 11:40:00,2026-02-05 11:50:00,OG,Backtest,AdxDiCrossBracketOG,OG_AdxDiCrossBracketOG,OG,NQ,NQ JUN26,LONG,1,25026.25,24991.50,-699.36,-703.72,-140.7,LOSS,STOP_HIT,24938.00,1765.00,2026-05-07 09:21:37
2026-01-07,2026-01-07 09:50:00,2026-01-07 09:50:00,OG,Backtest,AdxDiCrossBracketOG,OG_AdxDiCrossBracketOG,OG,NQ,NQ JUN26,LONG,1,26064.50,26079.75,300.64,296.28,59.3,WIN,TARGET_HIT,26047.25,345.00,2026-05-07 09:21:37
2026-04-07,2026-04-07 11:40:00,2026-04-07 12:00:00,OG,Backtest,AdxDiCrossBracketOG,OG_AdxDiCrossBracketOG,OG,NQ,NQ JUN26,LONG,1,24072.25,24117.50,900.64,896.28,179.3,WIN,TARGET_HIT,24025.00,945.00,2026-05-07 09:21:37
2026-01-28,2026-01-28 11:20:00,2026-01-28 11:25:00,OG,Backtest,AdxDiCrossBracketOG,OG_AdxDiCrossBracketOG,OG,NQ,NQ JUN26,LONG,1,26393.75,26378.25,-314.36,-318.72,-63.7,LOSS,STOP_HIT,26363.25,610.00,2026-05-07 09:21:37
2026-01-13,2026-01-13 10:10:00,2026-01-13 10:15:00,OG,Backtest,AdxDiCrossBracketOG,OG_AdxDiCrossBracketOG,OG,NQ,NQ JUN26,SHORT,1,26137.25,26108.00,580.64,576.28,115.3,WIN,TARGET_HIT,26168.00,615.00,2026-05-07 09:21:37
2026-03-24,2026-03-24 11:00:00,2026-03-24 11:00:00,OG,Backtest,AdxDiCrossBracketOG,OG_AdxDiCrossBracketOG,OG,NQ,NQ JUN26,LONG,1,24282.25,24217.00,-1309.36,-1313.72,-262.7,LOSS,STOP_HIT,24218.25,1280.00,2026-05-07 09:21:37
2026-04-10,2026-04-10 11:45:00,2026-04-10 12:00:00,OG,Backtest,AdxDiCrossBracketOG,OG_AdxDiCrossBracketOG,OG,NQ,NQ JUN26,SHORT,1,25300.75,25269.75,615.64,611.28,122.3,WIN,TARGET_HIT,25334.25,670.00,2026-05-07 09:21:37
2026-01-09,2026-01-09 09:45:00,2026-01-09 09:50:00,OG,Backtest,AdxDiCrossBracketOG,OG_AdxDiCrossBracketOG,OG,NQ,NQ JUN26,LONG,1,25965.75,25936.75,-584.36,-588.72,-117.7,LOSS,STOP_HIT,25938.00,555.00,2026-05-07 09:21:37
2026-01-30,2026-01-30 11:00:00,2026-01-30 11:10:00,OG,Backtest,AdxDiCrossBracketOG,OG_AdxDiCrossBracketOG,OG,NQ,NQ JUN26,SHORT,1,26071.50,26048.25,460.64,456.28,91.3,WIN,STOP_HIT,26129.00,1150.00,2026-05-07 09:21:37
2026-02-03,2026-02-03 09:50:00,2026-02-03 09:50:00,OG,Backtest,AdxDiCrossBracketOG,OG_AdxDiCrossBracketOG,OG,NQ,NQ JUN26,SHORT,1,25960.00,25999.25,-789.36,-793.72,-158.7,LOSS,STOP_HIT,25998.00,760.00,2026-05-07 09:21:37
2026-02-24,2026-02-24 10:15:00,2026-02-24 10:15:00,OG,Backtest,AdxDiCrossBracketOG,OG_AdxDiCrossBracketOG,OG,NQ,NQ JUN26,LONG,1,25110.00,25063.00,-944.36,-948.72,-189.7,LOSS,STOP_HIT,25064.25,915.00,2026-05-07 09:21:37
2026-02-05,2026-02-05 11:40:00,2026-02-05 11:50:00,OG,Backtest,AdxDiCrossBracketOG,OG_AdxDiCrossBracketOG,OG,NQ,NQ JUN26,LONG,1,25026.25,24991.50,-699.36,-703.72,-140.7,LOSS,STOP_HIT,24938.00,1765.00,2026-05-07 09:21:37
2026-03-03,2026-03-03 11:40:00,2026-03-03 11:50:00,OG,Backtest,AdxDiCrossBracketOG,OG_AdxDiCrossBracketOG,OG,NQ,NQ JUN26,SHORT,1,24816.50,24865.00,-974.36,-978.72,-195.7,LOSS,STOP_HIT,24882.75,1325.00,2026-05-07 09:21:37
2026-04-07,2026-04-07 11:40:00,2026-04-07 12:00:00,OG,Backtest,AdxDiCrossBracketOG,OG_AdxDiCrossBracketOG,OG,NQ,NQ JUN26,LONG,1,24072.25,24117.50,900.64,896.28,179.3,WIN,TARGET_HIT,24025.00,945.00,2026-05-07 09:21:37
2026-02-10,2026-02-10 09:45:00,2026-02-10 09:45:00,OG,Backtest,AdxDiCrossBracketOG,OG_AdxDiCrossBracketOG,OG,NQ,NQ JUN26,SHORT,1,25534.50,25512.25,440.64,436.28,87.3,WIN,TARGET_HIT,25559.75,505.00,2026-05-07 09:21:37
2026-02-24,2026-02-24 10:10:00,2026-02-24 10:10:00,OG,Backtest,AdxDiCrossBracketOG,OG_AdxDiCrossBracketOG,OG,NQ,NQ JUN26,SHORT,1,25048.00,25093.50,-914.36,-918.72,-183.7,LOSS,STOP_HIT,25092.25,885.00,2026-05-07 09:21:37
2026-04-06,2026-04-06 11:05:00,2026-04-06 11:25:00,OG,Backtest,AdxDiCrossBracketOG,OG_AdxDiCrossBracketOG,OG,NQ,NQ JUN26,LONG,1,24307.50,24291.25,-329.36,-333.72,-66.7,LOSS,STOP_HIT,24255.50,1040.00,2026-05-07 09:21:37
2026-02-11,2026-02-11 10:20:00,2026-02-11 10:20:00,OG,Backtest,AdxDiCrossBracketOG,OG_AdxDiCrossBracketOG,OG,NQ,NQ JUN26,SHORT,1,25395.25,25345.50,990.64,986.28,197.3,WIN,TARGET_HIT,25448.50,1065.00,2026-05-07 09:21:37
2026-03-12,2026-03-12 11:50:00,2026-03-12 11:50:00,OG,Backtest,AdxDiCrossBracketOG,OG_AdxDiCrossBracketOG,OG,NQ,NQ JUN26,LONG,1,24898.75,24843.25,-1114.36,-1118.72,-223.7,LOSS,STOP_HIT,24844.50,1085.00,2026-05-07 09:21:37
2026-02-11,2026-02-11 11:05:00,2026-02-11 11:10:00,OG,Backtest,AdxDiCrossBracketOG,OG_AdxDiCrossBracketOG,OG,NQ,NQ JUN26,LONG,1,25454.25,25417.50,-739.36,-743.72,-148.7,LOSS,STOP_HIT,25393.00,1225.00,2026-05-07 09:21:37
2026-01-28,2026-01-28 11:20:00,2026-01-28 11:25:00,OG,Backtest,AdxDiCrossBracketOG,OG_AdxDiCrossBracketOG,OG,NQ,NQ JUN26,LONG,1,26393.75,26378.25,-314.36,-318.72,-63.7,LOSS,STOP_HIT,26363.25,610.00,2026-05-07 09:21:37
2026-02-11,2026-02-11 11:20:00,2026-02-11 11:25:00,OG,Backtest,AdxDiCrossBracketOG,OG_AdxDiCrossBracketOG,OG,NQ,NQ JUN26,LONG,1,25468.75,25457.00,-239.36,-243.72,-48.7,LOSS,STOP_HIT,25406.75,1240.00,2026-05-07 09:21:37
2026-02-13,2026-02-13 10:35:00,2026-02-13 10:35:00,OG,Backtest,AdxDiCrossBracketOG,OG_AdxDiCrossBracketOG,OG,NQ,NQ JUN26,LONG,1,25058.75,25127.00,1360.64,1356.28,271.3,WIN,TARGET_HIT,24987.50,1425.00,2026-05-07 09:21:37
2026-02-11,2026-02-11 11:05:00,2026-02-11 11:10:00,OG,Backtest,AdxDiCrossBracketOG,OG_AdxDiCrossBracketOG,OG,NQ,NQ JUN26,LONG,1,25454.25,25417.50,-739.36,-743.72,-148.7,LOSS,STOP_HIT,25393.00,1225.00,2026-05-07 09:21:37
2026-02-13,2026-02-13 10:50:00,2026-02-13 11:00:00,OG,Backtest,AdxDiCrossBracketOG,OG_AdxDiCrossBracketOG,OG,NQ,NQ JUN26,SHORT,1,24982.25,25030.75,-974.36,-978.72,-195.7,LOSS,STOP_HIT,25055.00,1455.00,2026-05-07 09:21:37
2026-01-30,2026-01-30 10:55:00,2026-01-30 10:55:00,OG,Backtest,AdxDiCrossBracketOG,OG_AdxDiCrossBracketOG,OG,NQ,NQ JUN26,LONG,1,26118.00,26058.75,-1189.36,-1193.72,-238.7,LOSS,STOP_HIT,26060.00,1160.00,2026-05-07 09:21:37
2026-03-25,2026-03-25 11:20:00,2026-03-25 11:20:00,OG,Backtest,AdxDiCrossBracketOG,OG_AdxDiCrossBracketOG,OG,NQ,NQ JUN26,SHORT,1,24385.25,24336.50,970.64,966.28,193.3,WIN,TARGET_HIT,24438.00,1055.00,2026-05-07 09:21:37
2026-02-10,2026-02-10 09:45:00,2026-02-10 09:45:00,OG,Backtest,AdxDiCrossBracketOG,OG_AdxDiCrossBracketOG,OG,NQ,NQ JUN26,SHORT,1,25534.50,25512.25,440.64,436.28,87.3,WIN,TARGET_HIT,25559.75,505.00,2026-05-07 09:21:37
2026-04-07,2026-04-07 11:40:00,2026-04-07 12:00:00,OG,Backtest,AdxDiCrossBracketOG,OG_AdxDiCrossBracketOG,OG,NQ,NQ JUN26,LONG,1,24072.25,24117.50,900.64,896.28,179.3,WIN,TARGET_HIT,24025.00,945.00,2026-05-07 09:21:37
2026-02-24,2026-02-24 10:15:00,2026-02-24 10:15:00,OG,Backtest,AdxDiCrossBracketOG,OG_AdxDiCrossBracketOG,OG,NQ,NQ JUN26,LONG,1,25110.00,25063.00,-944.36,-948.72,-189.7,LOSS,STOP_HIT,25064.25,915.00,2026-05-07 09:21:37
2026-01-09,2026-01-09 10:10:00,2026-01-09 10:10:00,OG,Backtest,AdxDiCrossBracketOG,OG_AdxDiCrossBracketOG,OG,NQ,NQ JUN26,LONG,1,25922.50,25881.00,-834.36,-838.72,-167.7,LOSS,STOP_HIT,25882.25,805.00,2026-05-07 09:21:37
2026-03-19,2026-03-19 11:15:00,2026-03-19 11:25:00,OG,Backtest,AdxDiCrossBracketOG,OG_AdxDiCrossBracketOG,OG,NQ,NQ JUN26,LONG,1,24531.00,24485.50,-914.36,-918.72,-183.7,LOSS,STOP_HIT,24473.00,1160.00,2026-05-07 09:21:37
2026-03-02,2026-03-02 11:15:00,2026-03-02 11:20:00,OG,Backtest,AdxDiCrossBracketOG,OG_AdxDiCrossBracketOG,OG,NQ,NQ JUN26,LONG,1,25187.75,25180.00,-159.36,-163.72,-32.7,LOSS,STOP_HIT,25129.50,1165.00,2026-05-07 09:21:37
2026-02-11,2026-02-11 11:20:00,2026-02-11 11:25:00,OG,Backtest,AdxDiCrossBracketOG,OG_AdxDiCrossBracketOG,OG,NQ,NQ JUN26,LONG,1,25468.75,25457.00,-239.36,-243.72,-48.7,LOSS,STOP_HIT,25406.75,1240.00,2026-05-07 09:21:37
2026-01-09,2026-01-09 09:55:00,2026-01-09 09:55:00,OG,Backtest,AdxDiCrossBracketOG,OG_AdxDiCrossBracketOG,OG,NQ,NQ JUN26,SHORT,1,25912.50,25949.00,-734.36,-738.72,-147.7,LOSS,STOP_HIT,25947.75,705.00,2026-05-07 09:21:37
2026-03-06,2026-03-06 11:10:00,2026-03-06 11:15:00,OG,Backtest,AdxDiCrossBracketOG,OG_AdxDiCrossBracketOG,OG,NQ,NQ JUN26,LONG,1,25102.25,25058.25,-884.36,-888.72,-177.7,LOSS,STOP_HIT,25038.75,1270.00,2026-05-07 09:21:37
2026-02-13,2026-02-13 10:50:00,2026-02-13 11:05:00,OG,Backtest,AdxDiCrossBracketOG,OG_AdxDiCrossBracketOG,OG,NQ,NQ JUN26,SHORT,1,24982.25,25021.00,-779.36,-783.72,-156.7,LOSS,STOP_HIT,25055.00,1455.00,2026-05-07 09:21:37
2026-02-24,2026-02-24 09:50:00,2026-02-24 09:50:00,OG,Backtest,AdxDiCrossBracketOG,OG_AdxDiCrossBracketOG,OG,NQ,NQ JUN26,LONG,1,25121.25,25157.50,720.64,716.28,143.3,WIN,TARGET_HIT,25081.50,795.00,2026-05-07 09:21:37
2026-03-09,2026-03-09 10:45:00,2026-03-09 10:50:00,OG,Backtest,AdxDiCrossBracketOG,OG_AdxDiCrossBracketOG,OG,NQ,NQ JUN26,LONG,1,24692.75,24762.25,1385.64,1381.28,276.3,WIN,TARGET_HIT,24622.25,1410.00,2026-05-07 09:21:37
2026-03-12,2026-03-12 11:50:00,2026-03-12 11:50:00,OG,Backtest,AdxDiCrossBracketOG,OG_AdxDiCrossBracketOG,OG,NQ,NQ JUN26,LONG,1,24898.75,24843.25,-1114.36,-1118.72,-223.7,LOSS,STOP_HIT,24844.50,1085.00,2026-05-07 09:21:37
2026-03-12,2026-03-12 11:50:00,2026-03-12 11:50:00,OG,Backtest,AdxDiCrossBracketOG,OG_AdxDiCrossBracketOG,OG,NQ,NQ JUN26,LONG,1,24898.75,24843.25,-1114.36,-1118.72,-223.7,LOSS,STOP_HIT,24844.50,1085.00,2026-05-07 09:21:37
2026-02-11,2026-02-11 11:05:00,2026-02-11 11:10:00,OG,Backtest,AdxDiCrossBracketOG,OG_AdxDiCrossBracketOG,OG,NQ,NQ JUN26,LONG,1,25454.25,25417.50,-739.36,-743.72,-148.7,LOSS,STOP_HIT,25393.00,1225.00,2026-05-07 09:21:37
2026-03-12,2026-03-12 11:50:00,2026-03-12 11:50:00,OG,Backtest,AdxDiCrossBracketOG,OG_AdxDiCrossBracketOG,OG,NQ,NQ JUN26,LONG,1,24898.75,24843.25,-1114.36,-1118.72,-223.7,LOSS,STOP_HIT,24844.50,1085.00,2026-05-07 09:21:37
2026-01-20,2026-01-20 11:10:00,2026-01-20 11:15:00,OG,Backtest,AdxDiCrossBracketOG,OG_AdxDiCrossBracketOG,OG,NQ,NQ JUN26,LONG,1,25588.25,25600.25,235.64,231.28,46.3,WIN,STOP_HIT,25540.75,950.00,2026-05-07 09:21:37
2026-03-13,2026-03-13 10:50:00,2026-03-13 10:50:00,OG,Backtest,AdxDiCrossBracketOG,OG_AdxDiCrossBracketOG,OG,NQ,NQ JUN26,SHORT,1,24804.25,24755.00,980.64,976.28,195.3,WIN,TARGET_HIT,24853.50,985.00,2026-05-07 09:21:37
2026-01-09,2026-01-09 09:55:00,2026-01-09 09:55:00,OG,Backtest,AdxDiCrossBracketOG,OG_AdxDiCrossBracketOG,OG,NQ,NQ JUN26,SHORT,1,25912.50,25949.00,-734.36,-738.72,-147.7,LOSS,STOP_HIT,25947.75,705.00,2026-05-07 09:21:37
2026-01-13,2026-01-13 10:10:00,2026-01-13 10:15:00,OG,Backtest,AdxDiCrossBracketOG,OG_AdxDiCrossBracketOG,OG,NQ,NQ JUN26,SHORT,1,26137.25,26108.00,580.64,576.28,115.3,WIN,TARGET_HIT,26168.00,615.00,2026-05-07 09:21:37
2026-03-19,2026-03-19 11:15:00,2026-03-19 11:25:00,OG,Backtest,AdxDiCrossBracketOG,OG_AdxDiCrossBracketOG,OG,NQ,NQ JUN26,LONG,1,24531.00,24485.50,-914.36,-918.72,-183.7,LOSS,STOP_HIT,24473.00,1160.00,2026-05-07 09:21:37
2026-03-03,2026-03-03 11:40:00,2026-03-03 11:50:00,OG,Backtest,AdxDiCrossBracketOG,OG_AdxDiCrossBracketOG,OG,NQ,NQ JUN26,SHORT,1,24816.50,24865.00,-974.36,-978.72,-195.7,LOSS,STOP_HIT,24882.75,1325.00,2026-05-07 09:21:37
2026-02-24,2026-02-24 10:15:00,2026-02-24 10:15:00,OG,Backtest,AdxDiCrossBracketOG,OG_AdxDiCrossBracketOG,OG,NQ,NQ JUN26,LONG,1,25110.00,25063.00,-944.36,-948.72,-189.7,LOSS,STOP_HIT,25064.25,915.00,2026-05-07 09:21:37
2026-03-12,2026-03-12 11:50:00,2026-03-12 11:50:00,OG,Backtest,AdxDiCrossBracketOG,OG_AdxDiCrossBracketOG,OG,NQ,NQ JUN26,LONG,1,24898.75,24843.25,-1114.36,-1118.72,-223.7,LOSS,STOP_HIT,24844.50,1085.00,2026-05-07 09:21:37
2026-03-25,2026-03-25 11:20:00,2026-03-25 11:20:00,OG,Backtest,AdxDiCrossBracketOG,OG_AdxDiCrossBracketOG,OG,NQ,NQ JUN26,SHORT,1,24385.25,24336.50,970.64,966.28,193.3,WIN,TARGET_HIT,24438.00,1055.00,2026-05-07 09:21:37
2026-03-12,2026-03-12 11:50:00,2026-03-12 11:50:00,OG,Backtest,AdxDiCrossBracketOG,OG_AdxDiCrossBracketOG,OG,NQ,NQ JUN26,LONG,1,24898.75,24843.25,-1114.36,-1118.72,-223.7,LOSS,STOP_HIT,24844.50,1085.00,2026-05-07 09:21:37
2026-01-30,2026-01-30 10:55:00,2026-01-30 10:55:00,OG,Backtest,AdxDiCrossBracketOG,OG_AdxDiCrossBracketOG,OG,NQ,NQ JUN26,LONG,1,26118.00,26058.75,-1189.36,-1193.72,-238.7,LOSS,STOP_HIT,26060.00,1160.00,2026-05-07 09:21:37
2026-01-28,2026-01-28 10:55:00,2026-01-28 11:05:00,OG,Backtest,AdxDiCrossBracketOG,OG_AdxDiCrossBracketOG,OG,NQ,NQ JUN26,SHORT,1,26394.50,26393.50,15.64,11.28,2.3,WIN,STOP_HIT,26429.00,690.00,2026-05-07 09:21:37
2026-03-19,2026-03-19 11:15:00,2026-03-19 11:25:00,OG,Backtest,AdxDiCrossBracketOG,OG_AdxDiCrossBracketOG,OG,NQ,NQ JUN26,LONG,1,24531.00,24485.50,-914.36,-918.72,-183.7,LOSS,STOP_HIT,24473.00,1160.00,2026-05-07 09:21:37
2026-01-28,2026-01-28 11:20:00,2026-01-28 11:25:00,OG,Backtest,AdxDiCrossBracketOG,OG_AdxDiCrossBracketOG,OG,NQ,NQ JUN26,LONG,1,26393.75,26378.25,-314.36,-318.72,-63.7,LOSS,STOP_HIT,26363.25,610.00,2026-05-07 09:21:37
2026-03-19,2026-03-19 11:15:00,2026-03-19 11:25:00,OG,Backtest,AdxDiCrossBracketOG,OG_AdxDiCrossBracketOG,OG,NQ,NQ JUN26,LONG,1,24531.00,24485.50,-914.36,-918.72,-183.7,LOSS,STOP_HIT,24473.00,1160.00,2026-05-07 09:21:37
2026-03-19,2026-03-19 11:15:00,2026-03-19 11:25:00,OG,Backtest,AdxDiCrossBracketOG,OG_AdxDiCrossBracketOG,OG,NQ,NQ JUN26,LONG,1,24531.00,24485.50,-914.36,-918.72,-183.7,LOSS,STOP_HIT,24473.00,1160.00,2026-05-07 09:21:37
2026-02-11,2026-02-11 10:20:00,2026-02-11 10:20:00,OG,Backtest,AdxDiCrossBracketOG,OG_AdxDiCrossBracketOG,OG,NQ,NQ JUN26,SHORT,1,25395.25,25345.50,990.64,986.28,197.3,WIN,TARGET_HIT,25448.50,1065.00,2026-05-07 09:21:37
2026-01-30,2026-01-30 11:00:00,2026-01-30 11:10:00,OG,Backtest,AdxDiCrossBracketOG,OG_AdxDiCrossBracketOG,OG,NQ,NQ JUN26,SHORT,1,26071.50,26048.25,460.64,456.28,91.3,WIN,STOP_HIT,26129.00,1150.00,2026-05-07 09:21:37
2026-02-03,2026-02-03 09:50:00,2026-02-03 09:50:00,OG,Backtest,AdxDiCrossBracketOG,OG_AdxDiCrossBracketOG,OG,NQ,NQ JUN26,SHORT,1,25960.00,25999.25,-789.36,-793.72,-158.7,LOSS,STOP_HIT,25998.00,760.00,2026-05-07 09:21:37
2026-03-24,2026-03-24 11:00:00,2026-03-24 11:00:00,OG,Backtest,AdxDiCrossBracketOG,OG_AdxDiCrossBracketOG,OG,NQ,NQ JUN26,LONG,1,24282.25,24217.00,-1309.36,-1313.72,-262.7,LOSS,STOP_HIT,24218.25,1280.00,2026-05-07 09:21:37
2026-02-03,2026-02-03 09:50:00,2026-02-03 09:50:00,OG,Backtest,AdxDiCrossBracketOG,OG_AdxDiCrossBracketOG,OG,NQ,NQ JUN26,SHORT,1,25960.00,25999.25,-789.36,-793.72,-158.7,LOSS,STOP_HIT,25998.00,760.00,2026-05-07 09:21:37
2026-02-11,2026-02-11 11:20:00,2026-02-11 11:25:00,OG,Backtest,AdxDiCrossBracketOG,OG_AdxDiCrossBracketOG,OG,NQ,NQ JUN26,LONG,1,25468.75,25457.00,-239.36,-243.72,-48.7,LOSS,STOP_HIT,25406.75,1240.00,2026-05-07 09:21:37
2026-01-21,2026-01-21 11:45:00,2026-01-21 11:45:00,OG,Backtest,AdxDiCrossBracketOG,OG_AdxDiCrossBracketOG,OG,NQ,NQ JUN26,SHORT,1,25543.00,25505.75,740.64,736.28,147.3,WIN,TARGET_HIT,25582.25,785.00,2026-05-07 09:21:37
2026-01-28,2026-01-28 10:55:00,2026-01-28 11:05:00,OG,Backtest,AdxDiCrossBracketOG,OG_AdxDiCrossBracketOG,OG,NQ,NQ JUN26,SHORT,1,26394.50,26393.50,15.64,11.28,2.3,WIN,STOP_HIT,26429.00,690.00,2026-05-07 09:21:37
2026-01-07,2026-01-07 10:10:00,2026-01-07 10:10:00,OG,Backtest,AdxDiCrossBracketOG,OG_AdxDiCrossBracketOG,OG,NQ,NQ JUN26,SHORT,1,26050.00,26073.50,-474.36,-478.72,-95.7,LOSS,STOP_HIT,26072.25,445.00,2026-05-07 09:21:37
2026-01-09,2026-01-09 10:10:00,2026-01-09 10:10:00,OG,Backtest,AdxDiCrossBracketOG,OG_AdxDiCrossBracketOG,OG,NQ,NQ JUN26,LONG,1,25922.50,25881.00,-834.36,-838.72,-167.7,LOSS,STOP_HIT,25882.25,805.00,2026-05-07 09:21:37
2026-01-30,2026-01-30 11:00:00,2026-01-30 11:10:00,OG,Backtest,AdxDiCrossBracketOG,OG_AdxDiCrossBracketOG,OG,NQ,NQ JUN26,SHORT,1,26071.50,26048.25,460.64,456.28,91.3,WIN,STOP_HIT,26129.00,1150.00,2026-05-07 09:21:37
2026-01-09,2026-01-09 10:15:00,2026-01-09 10:15:00,OG,Backtest,AdxDiCrossBracketOG,OG_AdxDiCrossBracketOG,OG,NQ,NQ JUN26,SHORT,1,25849.75,25897.00,-949.36,-953.72,-190.7,LOSS,STOP_HIT,25895.75,920.00,2026-05-07 09:21:37
2026-03-20,2026-03-20 11:30:00,2026-03-20 12:05:00,OG,Backtest,AdxDiCrossBracketOG,OG_AdxDiCrossBracketOG,OG,NQ,NQ JUN26,LONG,1,24275.00,24327.75,1050.64,1046.28,209.3,WIN,TARGET_HIT,24219.75,1105.00,2026-05-07 09:21:37
2026-02-11,2026-02-11 10:20:00,2026-02-11 10:20:00,OG,Backtest,AdxDiCrossBracketOG,OG_AdxDiCrossBracketOG,OG,NQ,NQ JUN26,SHORT,1,25395.25,25345.50,990.64,986.28,197.3,WIN,TARGET_HIT,25448.50,1065.00,2026-05-07 09:21:37
2026-01-09,2026-01-09 09:55:00,2026-01-09 09:55:00,OG,Backtest,AdxDiCrossBracketOG,OG_AdxDiCrossBracketOG,OG,NQ,NQ JUN26,SHORT,1,25912.50,25949.00,-734.36,-738.72,-147.7,LOSS,STOP_HIT,25947.75,705.00,2026-05-07 09:21:37
2026-04-06,2026-04-06 11:05:00,2026-04-06 11:25:00,OG,Backtest,AdxDiCrossBracketOG,OG_AdxDiCrossBracketOG,OG,NQ,NQ JUN26,LONG,1,24307.50,24291.25,-329.36,-333.72,-66.7,LOSS,STOP_HIT,24255.50,1040.00,2026-05-07 09:21:37
2026-04-06,2026-04-06 11:35:00,2026-04-06 11:45:00,OG,Backtest,AdxDiCrossBracketOG,OG_AdxDiCrossBracketOG,OG,NQ,NQ JUN26,SHORT,1,24280.00,24290.75,-219.36,-223.72,-44.7,LOSS,STOP_HIT,24325.50,910.00,2026-05-07 09:21:37
2026-01-09,2026-01-09 10:10:00,2026-01-09 10:10:00,OG,Backtest,AdxDiCrossBracketOG,OG_AdxDiCrossBracketOG,OG,NQ,NQ JUN26,LONG,1,25922.50,25881.00,-834.36,-838.72,-167.7,LOSS,STOP_HIT,25882.25,805.00,2026-05-07 09:21:37
2026-04-06,2026-04-06 11:35:00,2026-04-06 11:50:00,OG,Backtest,AdxDiCrossBracketOG,OG_AdxDiCrossBracketOG,OG,NQ,NQ JUN26,SHORT,1,24280.00,24294.25,-289.36,-293.72,-58.7,LOSS,STOP_HIT,24325.50,910.00,2026-05-07 09:21:37
2026-02-05,2026-02-05 11:40:00,2026-02-05 11:50:00,OG,Backtest,AdxDiCrossBracketOG,OG_AdxDiCrossBracketOG,OG,NQ,NQ JUN26,LONG,1,25026.25,24991.50,-699.36,-703.72,-140.7,LOSS,STOP_HIT,24938.00,1765.00,2026-05-07 09:21:37
2026-01-09,2026-01-09 10:30:00,2026-01-09 10:30:00,OG,Backtest,AdxDiCrossBracketOG,OG_AdxDiCrossBracketOG,OG,NQ,NQ JUN26,LONG,1,26010.00,26057.25,940.64,936.28,187.3,WIN,TARGET_HIT,25959.75,1005.00,2026-05-07 09:21:37
2026-02-11,2026-02-11 11:05:00,2026-02-11 11:10:00,OG,Backtest,AdxDiCrossBracketOG,OG_AdxDiCrossBracketOG,OG,NQ,NQ JUN26,LONG,1,25454.25,25417.50,-739.36,-743.72,-148.7,LOSS,STOP_HIT,25393.00,1225.00,2026-05-07 09:21:37
2026-01-09,2026-01-09 10:30:00,2026-01-09 10:30:00,OG,Backtest,AdxDiCrossBracketOG,OG_AdxDiCrossBracketOG,OG,NQ,NQ JUN26,LONG,1,26010.00,26057.25,940.64,936.28,187.3,WIN,TARGET_HIT,25959.75,1005.00,2026-05-07 09:21:37
2026-03-03,2026-03-03 11:25:00,2026-03-03 11:40:00,OG,Backtest,AdxDiCrossBracketOG,OG_AdxDiCrossBracketOG,OG,NQ,NQ JUN26,LONG,1,24795.25,24816.50,420.64,416.28,83.3,WIN,STOP_HIT,24724.00,1425.00,2026-05-07 09:21:37
2026-01-20,2026-01-20 10:50:00,2026-01-20 10:55:00,OG,Backtest,AdxDiCrossBracketOG,OG_AdxDiCrossBracketOG,OG,NQ,NQ JUN26,LONG,1,25598.75,25558.75,-804.36,-808.72,-161.7,LOSS,STOP_HIT,25550.75,960.00,2026-05-07 09:21:37
2026-02-24,2026-02-24 10:10:00,2026-02-24 10:10:00,OG,Backtest,AdxDiCrossBracketOG,OG_AdxDiCrossBracketOG,OG,NQ,NQ JUN26,SHORT,1,25048.00,25093.50,-914.36,-918.72,-183.7,LOSS,STOP_HIT,25092.25,885.00,2026-05-07 09:21:37
2026-03-09,2026-03-09 10:45:00,2026-03-09 10:50:00,OG,Backtest,AdxDiCrossBracketOG,OG_AdxDiCrossBracketOG,OG,NQ,NQ JUN26,LONG,1,24692.75,24762.25,1385.64,1381.28,276.3,WIN,TARGET_HIT,24622.25,1410.00,2026-05-07 09:21:37
2026-01-20,2026-01-20 11:10:00,2026-01-20 11:15:00,OG,Backtest,AdxDiCrossBracketOG,OG_AdxDiCrossBracketOG,OG,NQ,NQ JUN26,LONG,1,25588.25,25600.25,235.64,231.28,46.3,WIN,STOP_HIT,25540.75,950.00,2026-05-07 09:21:37
2026-02-24,2026-02-24 09:50:00,2026-02-24 09:50:00,OG,Backtest,AdxDiCrossBracketOG,OG_AdxDiCrossBracketOG,OG,NQ,NQ JUN26,LONG,1,25121.25,25157.50,720.64,716.28,143.3,WIN,TARGET_HIT,25081.50,795.00,2026-05-07 09:21:37
2026-01-28,2026-01-28 11:20:00,2026-01-28 11:25:00,OG,Backtest,AdxDiCrossBracketOG,OG_AdxDiCrossBracketOG,OG,NQ,NQ JUN26,LONG,1,26393.75,26378.25,-314.36,-318.72,-63.7,LOSS,STOP_HIT,26363.25,610.00,2026-05-07 09:21:37
2026-03-12,2026-03-12 11:50:00,2026-03-12 11:50:00,OG,Backtest,AdxDiCrossBracketOG,OG_AdxDiCrossBracketOG,OG,NQ,NQ JUN26,LONG,1,24898.75,24843.25,-1114.36,-1118.72,-223.7,LOSS,STOP_HIT,24844.50,1085.00,2026-05-07 09:21:37
2026-02-17,2026-02-17 11:10:00,2026-02-17 11:10:00,OG,Backtest,AdxDiCrossBracketOG,OG_AdxDiCrossBracketOG,OG,NQ,NQ JUN26,LONG,1,24862.00,24927.25,1300.64,1296.28,259.3,WIN,TARGET_HIT,24793.75,1365.00,2026-05-07 09:21:37
2026-03-03,2026-03-03 11:40:00,2026-03-03 11:50:00,OG,Backtest,AdxDiCrossBracketOG,OG_AdxDiCrossBracketOG,OG,NQ,NQ JUN26,SHORT,1,24816.50,24865.00,-974.36,-978.72,-195.7,LOSS,STOP_HIT,24882.75,1325.00,2026-05-07 09:21:37
2026-01-09,2026-01-09 09:45:00,2026-01-09 09:50:00,OG,Backtest,AdxDiCrossBracketOG,OG_AdxDiCrossBracketOG,OG,NQ,NQ JUN26,LONG,1,25965.75,25936.75,-584.36,-588.72,-117.7,LOSS,STOP_HIT,25938.00,555.00,2026-05-07 09:21:37
2026-01-28,2026-01-28 10:55:00,2026-01-28 11:05:00,OG,Backtest,AdxDiCrossBracketOG,OG_AdxDiCrossBracketOG,OG,NQ,NQ JUN26,SHORT,1,26394.50,26393.50,15.64,11.28,2.3,WIN,STOP_HIT,26429.00,690.00,2026-05-07 09:21:37
2026-02-03,2026-02-03 09:50:00,2026-02-03 09:50:00,OG,Backtest,AdxDiCrossBracketOG,OG_AdxDiCrossBracketOG,OG,NQ,NQ JUN26,SHORT,1,25960.00,25999.25,-789.36,-793.72,-158.7,LOSS,STOP_HIT,25998.00,760.00,2026-05-07 09:21:38
2026-01-09,2026-01-09 09:55:00,2026-01-09 09:55:00,OG,Backtest,AdxDiCrossBracketOG,OG_AdxDiCrossBracketOG,OG,NQ,NQ JUN26,SHORT,1,25912.50,25949.00,-734.36,-738.72,-147.7,LOSS,STOP_HIT,25947.75,705.00,2026-05-07 09:21:38
2026-02-05,2026-02-05 11:40:00,2026-02-05 11:50:00,OG,Backtest,AdxDiCrossBracketOG,OG_AdxDiCrossBracketOG,OG,NQ,NQ JUN26,LONG,1,25026.25,24991.50,-699.36,-703.72,-140.7,LOSS,STOP_HIT,24938.00,1765.00,2026-05-07 09:21:38
2026-01-30,2026-01-30 11:00:00,2026-01-30 11:10:00,OG,Backtest,AdxDiCrossBracketOG,OG_AdxDiCrossBracketOG,OG,NQ,NQ JUN26,SHORT,1,26071.50,26048.25,460.64,456.28,91.3,WIN,STOP_HIT,26129.00,1150.00,2026-05-07 09:21:38
2026-01-13,2026-01-13 10:10:00,2026-01-13 10:15:00,OG,Backtest,AdxDiCrossBracketOG,OG_AdxDiCrossBracketOG,OG,NQ,NQ JUN26,SHORT,1,26137.25,26108.00,580.64,576.28,115.3,WIN,TARGET_HIT,26168.00,615.00,2026-05-07 09:21:38
2026-01-09,2026-01-09 10:15:00,2026-01-09 10:15:00,OG,Backtest,AdxDiCrossBracketOG,OG_AdxDiCrossBracketOG,OG,NQ,NQ JUN26,SHORT,1,25849.75,25897.00,-949.36,-953.72,-190.7,LOSS,STOP_HIT,25895.75,920.00,2026-05-07 09:21:38
2026-03-25,2026-03-25 11:20:00,2026-03-25 11:20:00,OG,Backtest,AdxDiCrossBracketOG,OG_AdxDiCrossBracketOG,OG,NQ,NQ JUN26,SHORT,1,24385.25,24336.50,970.64,966.28,193.3,WIN,TARGET_HIT,24438.00,1055.00,2026-05-07 09:21:38
2026-03-13,2026-03-13 10:50:00,2026-03-13 10:50:00,OG,Backtest,AdxDiCrossBracketOG,OG_AdxDiCrossBracketOG,OG,NQ,NQ JUN26,SHORT,1,24804.25,24755.00,980.64,976.28,195.3,WIN,TARGET_HIT,24853.50,985.00,2026-05-07 09:21:38
2026-01-09,2026-01-09 09:55:00,2026-01-09 09:55:00,OG,Backtest,AdxDiCrossBracketOG,OG_AdxDiCrossBracketOG,OG,NQ,NQ JUN26,SHORT,1,25912.50,25949.00,-734.36,-738.72,-147.7,LOSS,STOP_HIT,25947.75,705.00,2026-05-07 09:21:38
2026-01-09,2026-01-09 09:55:00,2026-01-09 09:55:00,OG,Backtest,AdxDiCrossBracketOG,OG_AdxDiCrossBracketOG,OG,NQ,NQ JUN26,SHORT,1,25912.50,25949.00,-734.36,-738.72,-147.7,LOSS,STOP_HIT,25947.75,705.00,2026-05-07 09:21:38
2026-03-19,2026-03-19 11:15:00,2026-03-19 11:25:00,OG,Backtest,AdxDiCrossBracketOG,OG_AdxDiCrossBracketOG,OG,NQ,NQ JUN26,LONG,1,24531.00,24485.50,-914.36,-918.72,-183.7,LOSS,STOP_HIT,24473.00,1160.00,2026-05-07 09:21:38
2026-01-09,2026-01-09 10:10:00,2026-01-09 10:10:00,OG,Backtest,AdxDiCrossBracketOG,OG_AdxDiCrossBracketOG,OG,NQ,NQ JUN26,LONG,1,25922.50,25881.00,-834.36,-838.72,-167.7,LOSS,STOP_HIT,25882.25,805.00,2026-05-07 09:21:38
2026-01-23,2026-01-23 10:10:00,2026-01-23 10:15:00,OG,Backtest,AdxDiCrossBracketOG,OG_AdxDiCrossBracketOG,OG,NQ,NQ JUN26,LONG,1,25921.75,25885.00,-739.36,-743.72,-148.7,LOSS,STOP_HIT,25885.50,725.00,2026-05-07 09:21:38
2026-03-12,2026-03-12 11:50:00,2026-03-12 11:50:00,OG,Backtest,AdxDiCrossBracketOG,OG_AdxDiCrossBracketOG,OG,NQ,NQ JUN26,LONG,1,24898.75,24843.25,-1114.36,-1118.72,-223.7,LOSS,STOP_HIT,24844.50,1085.00,2026-05-07 09:21:38
2026-01-09,2026-01-09 10:30:00,2026-01-09 10:30:00,OG,Backtest,AdxDiCrossBracketOG,OG_AdxDiCrossBracketOG,OG,NQ,NQ JUN26,LONG,1,26010.00,26057.25,940.64,936.28,187.3,WIN,TARGET_HIT,25959.75,1005.00,2026-05-07 09:21:38
2026-02-13,2026-02-13 10:35:00,2026-02-13 10:35:00,OG,Backtest,AdxDiCrossBracketOG,OG_AdxDiCrossBracketOG,OG,NQ,NQ JUN26,LONG,1,25058.75,25127.00,1360.64,1356.28,271.3,WIN,TARGET_HIT,24987.50,1425.00,2026-05-07 09:21:38
2026-01-09,2026-01-09 10:10:00,2026-01-09 10:10:00,OG,Backtest,AdxDiCrossBracketOG,OG_AdxDiCrossBracketOG,OG,NQ,NQ JUN26,LONG,1,25922.50,25881.00,-834.36,-838.72,-167.7,LOSS,STOP_HIT,25882.25,805.00,2026-05-07 09:21:38
2026-03-20,2026-03-20 11:30:00,2026-03-20 12:05:00,OG,Backtest,AdxDiCrossBracketOG,OG_AdxDiCrossBracketOG,OG,NQ,NQ JUN26,LONG,1,24275.00,24327.75,1050.64,1046.28,209.3,WIN,TARGET_HIT,24219.75,1105.00,2026-05-07 09:21:38
2026-01-09,2026-01-09 10:15:00,2026-01-09 10:15:00,OG,Backtest,AdxDiCrossBracketOG,OG_AdxDiCrossBracketOG,OG,NQ,NQ JUN26,SHORT,1,25849.75,25897.00,-949.36,-953.72,-190.7,LOSS,STOP_HIT,25895.75,920.00,2026-05-07 09:21:38
2026-01-16,2026-01-16 11:30:00,2026-01-16 11:35:00,OG,Backtest,AdxDiCrossBracketOG,OG_AdxDiCrossBracketOG,OG,NQ,NQ JUN26,LONG,1,25912.25,25924.50,240.64,236.28,47.3,WIN,STOP_HIT,25874.75,750.00,2026-05-07 09:21:38
2026-02-17,2026-02-17 11:10:00,2026-02-17 11:10:00,OG,Backtest,AdxDiCrossBracketOG,OG_AdxDiCrossBracketOG,OG,NQ,NQ JUN26,LONG,1,24862.00,24927.25,1300.64,1296.28,259.3,WIN,TARGET_HIT,24793.75,1365.00,2026-05-07 09:21:38
2026-01-09,2026-01-09 10:15:00,2026-01-09 10:15:00,OG,Backtest,AdxDiCrossBracketOG,OG_AdxDiCrossBracketOG,OG,NQ,NQ JUN26,SHORT,1,25849.75,25897.00,-949.36,-953.72,-190.7,LOSS,STOP_HIT,25895.75,920.00,2026-05-07 09:21:38
2026-01-30,2026-01-30 11:00:00,2026-01-30 11:10:00,OG,Backtest,AdxDiCrossBracketOG,OG_AdxDiCrossBracketOG,OG,NQ,NQ JUN26,SHORT,1,26071.50,26048.25,460.64,456.28,91.3,WIN,STOP_HIT,26129.00,1150.00,2026-05-07 09:21:38
2026-01-21,2026-01-21 11:45:00,2026-01-21 11:45:00,OG,Backtest,AdxDiCrossBracketOG,OG_AdxDiCrossBracketOG,OG,NQ,NQ JUN26,SHORT,1,25543.00,25505.75,740.64,736.28,147.3,WIN,TARGET_HIT,25582.25,785.00,2026-05-07 09:21:38
2026-04-06,2026-04-06 11:05:00,2026-04-06 11:25:00,OG,Backtest,AdxDiCrossBracketOG,OG_AdxDiCrossBracketOG,OG,NQ,NQ JUN26,LONG,1,24307.50,24291.25,-329.36,-333.72,-66.7,LOSS,STOP_HIT,24255.50,1040.00,2026-05-07 09:21:38
2026-01-21,2026-01-21 11:45:00,2026-01-21 11:45:00,OG,Backtest,AdxDiCrossBracketOG,OG_AdxDiCrossBracketOG,OG,NQ,NQ JUN26,SHORT,1,25543.00,25505.75,740.64,736.28,147.3,WIN,TARGET_HIT,25582.25,785.00,2026-05-07 09:21:38
2026-04-10,2026-04-10 11:45:00,2026-04-10 12:00:00,OG,Backtest,AdxDiCrossBracketOG,OG_AdxDiCrossBracketOG,OG,NQ,NQ JUN26,SHORT,1,25300.75,25269.75,615.64,611.28,122.3,WIN,TARGET_HIT,25334.25,670.00,2026-05-07 09:21:38
2026-01-13,2026-01-13 10:10:00,2026-01-13 10:15:00,OG,Backtest,AdxDiCrossBracketOG,OG_AdxDiCrossBracketOG,OG,NQ,NQ JUN26,SHORT,1,26137.25,26108.00,580.64,576.28,115.3,WIN,TARGET_HIT,26168.00,615.00,2026-05-07 09:21:38
2026-04-10,2026-04-10 11:45:00,2026-04-10 12:00:00,OG,Backtest,AdxDiCrossBracketOG,OG_AdxDiCrossBracketOG,OG,NQ,NQ JUN26,SHORT,1,25300.75,25269.75,615.64,611.28,122.3,WIN,TARGET_HIT,25334.25,670.00,2026-05-07 09:21:38
2026-01-28,2026-01-28 10:55:00,2026-01-28 11:10:00,OG,Backtest,AdxDiCrossBracketOG,OG_AdxDiCrossBracketOG,OG,NQ,NQ JUN26,SHORT,1,26394.50,26396.00,-34.36,-38.72,-7.7,LOSS,STOP_HIT,26429.00,690.00,2026-05-07 09:21:38
2026-04-10,2026-04-10 11:45:00,2026-04-10 12:00:00,OG,Backtest,AdxDiCrossBracketOG,OG_AdxDiCrossBracketOG,OG,NQ,NQ JUN26,SHORT,1,25300.75,25269.75,615.64,611.28,122.3,WIN,TARGET_HIT,25334.25,670.00,2026-05-07 09:21:38
2026-02-11,2026-02-11 10:20:00,2026-02-11 10:20:00,OG,Backtest,AdxDiCrossBracketOG,OG_AdxDiCrossBracketOG,OG,NQ,NQ JUN26,SHORT,1,25395.25,25345.50,990.64,986.28,197.3,WIN,TARGET_HIT,25448.50,1065.00,2026-05-07 09:21:38
2026-01-28,2026-01-28 11:20:00,2026-01-28 11:25:00,OG,Backtest,AdxDiCrossBracketOG,OG_AdxDiCrossBracketOG,OG,NQ,NQ JUN26,LONG,1,26393.75,26378.25,-314.36,-318.72,-63.7,LOSS,STOP_HIT,26363.25,610.00,2026-05-07 09:21:38
2026-01-20,2026-01-20 11:10:00,2026-01-20 11:15:00,OG,Backtest,AdxDiCrossBracketOG,OG_AdxDiCrossBracketOG,OG,NQ,NQ JUN26,LONG,1,25588.25,25600.25,235.64,231.28,46.3,WIN,STOP_HIT,25540.75,950.00,2026-05-07 09:21:38
2026-03-03,2026-03-03 11:40:00,2026-03-03 11:50:00,OG,Backtest,AdxDiCrossBracketOG,OG_AdxDiCrossBracketOG,OG,NQ,NQ JUN26,SHORT,1,24816.50,24865.00,-974.36,-978.72,-195.7,LOSS,STOP_HIT,24882.75,1325.00,2026-05-07 09:21:38
2026-03-19,2026-03-19 11:15:00,2026-03-19 11:25:00,OG,Backtest,AdxDiCrossBracketOG,OG_AdxDiCrossBracketOG,OG,NQ,NQ JUN26,LONG,1,24531.00,24485.50,-914.36,-918.72,-183.7,LOSS,STOP_HIT,24473.00,1160.00,2026-05-07 09:21:38
2026-01-30,2026-01-30 11:00:00,2026-01-30 11:10:00,OG,Backtest,AdxDiCrossBracketOG,OG_AdxDiCrossBracketOG,OG,NQ,NQ JUN26,SHORT,1,26071.50,26048.25,460.64,456.28,91.3,WIN,STOP_HIT,26129.00,1150.00,2026-05-07 09:21:38
2026-02-03,2026-02-03 09:50:00,2026-02-03 09:50:00,OG,Backtest,AdxDiCrossBracketOG,OG_AdxDiCrossBracketOG,OG,NQ,NQ JUN26,SHORT,1,25960.00,25999.25,-789.36,-793.72,-158.7,LOSS,STOP_HIT,25998.00,760.00,2026-05-07 09:21:38
2026-03-20,2026-03-20 11:30:00,2026-03-20 12:05:00,OG,Backtest,AdxDiCrossBracketOG,OG_AdxDiCrossBracketOG,OG,NQ,NQ JUN26,LONG,1,24275.00,24327.75,1050.64,1046.28,209.3,WIN,TARGET_HIT,24219.75,1105.00,2026-05-07 09:21:38
2026-01-30,2026-01-30 11:00:00,2026-01-30 11:10:00,OG,Backtest,AdxDiCrossBracketOG,OG_AdxDiCrossBracketOG,OG,NQ,NQ JUN26,SHORT,1,26071.50,26048.25,460.64,456.28,91.3,WIN,STOP_HIT,26129.00,1150.00,2026-05-07 09:21:38
2026-01-30,2026-01-30 11:00:00,2026-01-30 11:10:00,OG,Backtest,AdxDiCrossBracketOG,OG_AdxDiCrossBracketOG,OG,NQ,NQ JUN26,SHORT,1,26071.50,26048.25,460.64,456.28,91.3,WIN,STOP_HIT,26129.00,1150.00,2026-05-07 09:21:38
2026-03-20,2026-03-20 11:30:00,2026-03-20 12:05:00,OG,Backtest,AdxDiCrossBracketOG,OG_AdxDiCrossBracketOG,OG,NQ,NQ JUN26,LONG,1,24275.00,24327.75,1050.64,1046.28,209.3,WIN,TARGET_HIT,24219.75,1105.00,2026-05-07 09:21:38
2026-03-12,2026-03-12 11:50:00,2026-03-12 11:50:00,OG,Backtest,AdxDiCrossBracketOG,OG_AdxDiCrossBracketOG,OG,NQ,NQ JUN26,LONG,1,24898.75,24843.25,-1114.36,-1118.72,-223.7,LOSS,STOP_HIT,24844.50,1085.00,2026-05-07 09:21:38
2026-02-11,2026-02-11 10:20:00,2026-02-11 10:20:00,OG,Backtest,AdxDiCrossBracketOG,OG_AdxDiCrossBracketOG,OG,NQ,NQ JUN26,SHORT,1,25395.25,25345.50,990.64,986.28,197.3,WIN,TARGET_HIT,25448.50,1065.00,2026-05-07 09:21:38
2026-02-11,2026-02-11 11:05:00,2026-02-11 11:10:00,OG,Backtest,AdxDiCrossBracketOG,OG_AdxDiCrossBracketOG,OG,NQ,NQ JUN26,LONG,1,25454.25,25417.50,-739.36,-743.72,-148.7,LOSS,STOP_HIT,25393.00,1225.00,2026-05-07 09:21:38
2026-03-25,2026-03-25 11:20:00,2026-03-25 11:20:00,OG,Backtest,AdxDiCrossBracketOG,OG_AdxDiCrossBracketOG,OG,NQ,NQ JUN26,SHORT,1,24385.25,24336.50,970.64,966.28,193.3,WIN,TARGET_HIT,24438.00,1055.00,2026-05-07 09:21:38
2026-02-24,2026-02-24 10:15:00,2026-02-24 10:15:00,OG,Backtest,AdxDiCrossBracketOG,OG_AdxDiCrossBracketOG,OG,NQ,NQ JUN26,LONG,1,25110.00,25063.00,-944.36,-948.72,-189.7,LOSS,STOP_HIT,25064.25,915.00,2026-05-07 09:21:38
2026-03-20,2026-03-20 11:30:00,2026-03-20 12:05:00,OG,Backtest,AdxDiCrossBracketOG,OG_AdxDiCrossBracketOG,OG,NQ,NQ JUN26,LONG,1,24275.00,24327.75,1050.64,1046.28,209.3,WIN,TARGET_HIT,24219.75,1105.00,2026-05-07 09:21:38
2026-02-13,2026-02-13 10:35:00,2026-02-13 10:35:00,OG,Backtest,AdxDiCrossBracketOG,OG_AdxDiCrossBracketOG,OG,NQ,NQ JUN26,LONG,1,25058.75,25127.00,1360.64,1356.28,271.3,WIN,TARGET_HIT,24987.50,1425.00,2026-05-07 09:21:38
2026-02-11,2026-02-11 11:20:00,2026-02-11 11:25:00,OG,Backtest,AdxDiCrossBracketOG,OG_AdxDiCrossBracketOG,OG,NQ,NQ JUN26,LONG,1,25468.75,25457.00,-239.36,-243.72,-48.7,LOSS,STOP_HIT,25406.75,1240.00,2026-05-07 09:21:38
2026-03-24,2026-03-24 11:00:00,2026-03-24 11:00:00,OG,Backtest,AdxDiCrossBracketOG,OG_AdxDiCrossBracketOG,OG,NQ,NQ JUN26,LONG,1,24282.25,24217.00,-1309.36,-1313.72,-262.7,LOSS,STOP_HIT,24218.25,1280.00,2026-05-07 09:21:38
2026-02-11,2026-02-11 10:20:00,2026-02-11 10:20:00,OG,Backtest,AdxDiCrossBracketOG,OG_AdxDiCrossBracketOG,OG,NQ,NQ JUN26,SHORT,1,25395.25,25345.50,990.64,986.28,197.3,WIN,TARGET_HIT,25448.50,1065.00,2026-05-07 09:21:38
2026-02-17,2026-02-17 11:10:00,2026-02-17 11:10:00,OG,Backtest,AdxDiCrossBracketOG,OG_AdxDiCrossBracketOG,OG,NQ,NQ JUN26,LONG,1,24862.00,24927.25,1300.64,1296.28,259.3,WIN,TARGET_HIT,24793.75,1365.00,2026-05-07 09:21:38
2026-03-27,2026-03-27 11:40:00,2026-03-27 11:45:00,OG,Backtest,AdxDiCrossBracketOG,OG_AdxDiCrossBracketOG,OG,NQ,NQ JUN26,LONG,1,23597.75,23540.25,-1154.36,-1158.72,-231.7,LOSS,STOP_HIT,23541.50,1125.00,2026-05-07 09:21:38
2026-02-17,2026-02-17 11:10:00,2026-02-17 11:10:00,OG,Backtest,AdxDiCrossBracketOG,OG_AdxDiCrossBracketOG,OG,NQ,NQ JUN26,LONG,1,24862.00,24927.25,1300.64,1296.28,259.3,WIN,TARGET_HIT,24793.75,1365.00,2026-05-07 09:21:38
2026-02-24,2026-02-24 10:15:00,2026-02-24 10:15:00,OG,Backtest,AdxDiCrossBracketOG,OG_AdxDiCrossBracketOG,OG,NQ,NQ JUN26,LONG,1,25110.00,25063.00,-944.36,-948.72,-189.7,LOSS,STOP_HIT,25064.25,915.00,2026-05-07 09:21:38
2026-01-09,2026-01-09 10:10:00,2026-01-09 10:10:00,OG,Backtest,AdxDiCrossBracketOG,OG_AdxDiCrossBracketOG,OG,NQ,NQ JUN26,LONG,1,25922.50,25881.00,-834.36,-838.72,-167.7,LOSS,STOP_HIT,25882.25,805.00,2026-05-07 09:21:38
2026-02-24,2026-02-24 09:50:00,2026-02-24 09:50:00,OG,Backtest,AdxDiCrossBracketOG,OG_AdxDiCrossBracketOG,OG,NQ,NQ JUN26,LONG,1,25121.25,25157.50,720.64,716.28,143.3,WIN,TARGET_HIT,25081.50,795.00,2026-05-07 09:21:38
2026-03-13,2026-03-13 10:50:00,2026-03-13 10:50:00,OG,Backtest,AdxDiCrossBracketOG,OG_AdxDiCrossBracketOG,OG,NQ,NQ JUN26,SHORT,1,24804.25,24755.00,980.64,976.28,195.3,WIN,TARGET_HIT,24853.50,985.00,2026-05-07 09:21:38
2026-01-20,2026-01-20 11:10:00,2026-01-20 11:15:00,OG,Backtest,AdxDiCrossBracketOG,OG_AdxDiCrossBracketOG,OG,NQ,NQ JUN26,LONG,1,25588.25,25600.25,235.64,231.28,46.3,WIN,STOP_HIT,25540.75,950.00,2026-05-07 09:21:38
2026-01-09,2026-01-09 09:45:00,2026-01-09 09:50:00,OG,Backtest,AdxDiCrossBracketOG,OG_AdxDiCrossBracketOG,OG,NQ,NQ JUN26,LONG,1,25965.75,25936.75,-584.36,-588.72,-117.7,LOSS,STOP_HIT,25938.00,555.00,2026-05-07 09:21:38
2026-02-24,2026-02-24 10:15:00,2026-02-24 10:15:00,OG,Backtest,AdxDiCrossBracketOG,OG_AdxDiCrossBracketOG,OG,NQ,NQ JUN26,LONG,1,25110.00,25063.00,-944.36,-948.72,-189.7,LOSS,STOP_HIT,25064.25,915.00,2026-05-07 09:21:38
2026-01-21,2026-01-21 11:45:00,2026-01-21 11:45:00,OG,Backtest,AdxDiCrossBracketOG,OG_AdxDiCrossBracketOG,OG,NQ,NQ JUN26,SHORT,1,25543.00,25505.75,740.64,736.28,147.3,WIN,TARGET_HIT,25582.25,785.00,2026-05-07 09:21:38
2026-01-06,2026-01-06 11:00:00,2026-01-06 11:05:00,OG,Backtest,AdxDiCrossBracketOG,OG_AdxDiCrossBracketOG,OG,NQ,NQ JUN26,SHORT,1,25908.50,25880.75,550.64,546.28,109.3,WIN,TARGET_HIT,25938.25,595.00,2026-05-07 09:21:38
2026-01-13,2026-01-13 10:10:00,2026-01-13 10:15:00,OG,Backtest,AdxDiCrossBracketOG,OG_AdxDiCrossBracketOG,OG,NQ,NQ JUN26,SHORT,1,26137.25,26108.00,580.64,576.28,115.3,WIN,TARGET_HIT,26168.00,615.00,2026-05-07 09:21:38
2026-01-09,2026-01-09 10:30:00,2026-01-09 10:30:00,OG,Backtest,AdxDiCrossBracketOG,OG_AdxDiCrossBracketOG,OG,NQ,NQ JUN26,LONG,1,26010.00,26057.25,940.64,936.28,187.3,WIN,TARGET_HIT,25959.75,1005.00,2026-05-07 09:21:38
2026-01-09,2026-01-09 10:15:00,2026-01-09 10:15:00,OG,Backtest,AdxDiCrossBracketOG,OG_AdxDiCrossBracketOG,OG,NQ,NQ JUN26,SHORT,1,25849.75,25897.00,-949.36,-953.72,-190.7,LOSS,STOP_HIT,25895.75,920.00,2026-05-07 09:21:38
2026-04-02,2026-04-02 10:45:00,2026-04-02 10:45:00,OG,Backtest,AdxDiCrossBracketOG,OG_AdxDiCrossBracketOG,OG,NQ,NQ JUN26,LONG,1,24211.00,24133.25,-1559.36,-1563.72,-312.7,LOSS,STOP_HIT,24134.50,1530.00,2026-05-07 09:21:38
2026-03-12,2026-03-12 11:50:00,2026-03-12 11:50:00,OG,Backtest,AdxDiCrossBracketOG,OG_AdxDiCrossBracketOG,OG,NQ,NQ JUN26,LONG,1,24898.75,24843.25,-1114.36,-1118.72,-223.7,LOSS,STOP_HIT,24844.50,1085.00,2026-05-07 09:21:38
2026-01-30,2026-01-30 10:55:00,2026-01-30 10:55:00,OG,Backtest,AdxDiCrossBracketOG,OG_AdxDiCrossBracketOG,OG,NQ,NQ JUN26,LONG,1,26118.00,26058.75,-1189.36,-1193.72,-238.7,LOSS,STOP_HIT,26060.00,1160.00,2026-05-07 09:21:38
2026-04-06,2026-04-06 11:35:00,2026-04-06 11:50:00,OG,Backtest,AdxDiCrossBracketOG,OG_AdxDiCrossBracketOG,OG,NQ,NQ JUN26,SHORT,1,24280.00,24294.25,-289.36,-293.72,-58.7,LOSS,STOP_HIT,24325.50,910.00,2026-05-07 09:21:38
2026-01-09,2026-01-09 10:30:00,2026-01-09 10:30:00,OG,Backtest,AdxDiCrossBracketOG,OG_AdxDiCrossBracketOG,OG,NQ,NQ JUN26,LONG,1,26010.00,26057.25,940.64,936.28,187.3,WIN,TARGET_HIT,25959.75,1005.00,2026-05-07 09:21:38
2026-01-13,2026-01-13 10:10:00,2026-01-13 10:15:00,OG,Backtest,AdxDiCrossBracketOG,OG_AdxDiCrossBracketOG,OG,NQ,NQ JUN26,SHORT,1,26137.25,26108.00,580.64,576.28,115.3,WIN,TARGET_HIT,26168.00,615.00,2026-05-07 09:21:38
2026-04-07,2026-04-07 11:40:00,2026-04-07 12:00:00,OG,Backtest,AdxDiCrossBracketOG,OG_AdxDiCrossBracketOG,OG,NQ,NQ JUN26,LONG,1,24072.25,24117.50,900.64,896.28,179.3,WIN,TARGET_HIT,24025.00,945.00,2026-05-07 09:21:38
2026-03-20,2026-03-20 11:30:00,2026-03-20 12:05:00,OG,Backtest,AdxDiCrossBracketOG,OG_AdxDiCrossBracketOG,OG,NQ,NQ JUN26,LONG,1,24275.00,24327.75,1050.64,1046.28,209.3,WIN,TARGET_HIT,24219.75,1105.00,2026-05-07 09:21:38
2026-01-13,2026-01-13 10:10:00,2026-01-13 10:15:00,OG,Backtest,AdxDiCrossBracketOG,OG_AdxDiCrossBracketOG,OG,NQ,NQ JUN26,SHORT,1,26137.25,26108.00,580.64,576.28,115.3,WIN,TARGET_HIT,26168.00,615.00,2026-05-07 09:21:38
2026-04-10,2026-04-10 11:45:00,2026-04-10 12:00:00,OG,Backtest,AdxDiCrossBracketOG,OG_AdxDiCrossBracketOG,OG,NQ,NQ JUN26,SHORT,1,25300.75,25269.75,615.64,611.28,122.3,WIN,TARGET_HIT,25334.25,670.00,2026-05-07 09:21:38
2026-01-06,2026-01-06 11:00:00,2026-01-06 11:05:00,OG,Backtest,AdxDiCrossBracketOG,OG_AdxDiCrossBracketOG,OG,NQ,NQ JUN26,SHORT,1,25908.50,25880.75,550.64,546.28,109.3,WIN,TARGET_HIT,25938.25,595.00,2026-05-07 09:21:38
2026-01-12,2026-01-12 11:25:00,2026-01-12 11:35:00,OG,Backtest,AdxDiCrossBracketOG,OG_AdxDiCrossBracketOG,OG,NQ,NQ JUN26,LONG,1,26159.50,26149.25,-209.36,-213.72,-42.7,LOSS,STOP_HIT,26131.75,555.00,2026-05-07 09:21:38
2026-04-02,2026-04-02 10:45:00,2026-04-02 10:45:00,OG,Backtest,AdxDiCrossBracketOG,OG_AdxDiCrossBracketOG,OG,NQ,NQ JUN26,LONG,1,24211.00,24133.25,-1559.36,-1563.72,-312.7,LOSS,STOP_HIT,24134.50,1530.00,2026-05-07 09:21:38
2026-04-10,2026-04-10 11:45:00,2026-04-10 12:00:00,OG,Backtest,AdxDiCrossBracketOG,OG_AdxDiCrossBracketOG,OG,NQ,NQ JUN26,SHORT,1,25300.75,25269.75,615.64,611.28,122.3,WIN,TARGET_HIT,25334.25,670.00,2026-05-07 09:21:38
2026-01-16,2026-01-16 11:30:00,2026-01-16 11:35:00,OG,Backtest,AdxDiCrossBracketOG,OG_AdxDiCrossBracketOG,OG,NQ,NQ JUN26,LONG,1,25912.25,25924.50,240.64,236.28,47.3,WIN,STOP_HIT,25874.75,750.00,2026-05-07 09:21:38
2026-04-06,2026-04-06 11:05:00,2026-04-06 11:25:00,OG,Backtest,AdxDiCrossBracketOG,OG_AdxDiCrossBracketOG,OG,NQ,NQ JUN26,LONG,1,24307.50,24291.25,-329.36,-333.72,-66.7,LOSS,STOP_HIT,24255.50,1040.00,2026-05-07 09:21:38
2026-04-06,2026-04-06 10:55:00,2026-04-06 11:00:00,OG,Backtest,AdxDiCrossBracketOG,OG_AdxDiCrossBracketOG,OG,NQ,NQ JUN26,SHORT,1,24269.25,24322.25,-1064.36,-1068.72,-213.7,LOSS,STOP_HIT,24321.00,1035.00,2026-05-07 09:21:38
2026-04-06,2026-04-06 11:05:00,2026-04-06 11:25:00,OG,Backtest,AdxDiCrossBracketOG,OG_AdxDiCrossBracketOG,OG,NQ,NQ JUN26,LONG,1,24307.50,24291.25,-329.36,-333.72,-66.7,LOSS,STOP_HIT,24255.50,1040.00,2026-05-07 09:21:38
2026-04-02,2026-04-02 10:45:00,2026-04-02 10:45:00,OG,Backtest,AdxDiCrossBracketOG,OG_AdxDiCrossBracketOG,OG,NQ,NQ JUN26,LONG,1,24211.00,24133.25,-1559.36,-1563.72,-312.7,LOSS,STOP_HIT,24134.50,1530.00,2026-05-07 09:21:38
2026-01-09,2026-01-09 10:15:00,2026-01-09 10:15:00,OG,Backtest,AdxDiCrossBracketOG,OG_AdxDiCrossBracketOG,OG,NQ,NQ JUN26,SHORT,1,25849.75,25897.00,-949.36,-953.72,-190.7,LOSS,STOP_HIT,25895.75,920.00,2026-05-07 09:21:38
2026-01-09,2026-01-09 09:45:00,2026-01-09 09:50:00,OG,Backtest,AdxDiCrossBracketOG,OG_AdxDiCrossBracketOG,OG,NQ,NQ JUN26,LONG,1,25965.75,25936.75,-584.36,-588.72,-117.7,LOSS,STOP_HIT,25938.00,555.00,2026-05-07 09:21:38
2026-02-11,2026-02-11 11:05:00,2026-02-11 11:10:00,OG,Backtest,AdxDiCrossBracketOG,OG_AdxDiCrossBracketOG,OG,NQ,NQ JUN26,LONG,1,25454.25,25417.50,-739.36,-743.72,-148.7,LOSS,STOP_HIT,25393.00,1225.00,2026-05-07 09:21:38
2026-02-11,2026-02-11 11:20:00,2026-02-11 11:25:00,OG,Backtest,AdxDiCrossBracketOG,OG_AdxDiCrossBracketOG,OG,NQ,NQ JUN26,LONG,1,25468.75,25457.00,-239.36,-243.72,-48.7,LOSS,STOP_HIT,25406.75,1240.00,2026-05-07 09:21:38
2026-01-13,2026-01-13 10:10:00,2026-01-13 10:15:00,OG,Backtest,AdxDiCrossBracketOG,OG_AdxDiCrossBracketOG,OG,NQ,NQ JUN26,SHORT,1,26137.25,26108.00,580.64,576.28,115.3,WIN,TARGET_HIT,26168.00,615.00,2026-05-07 09:21:38
2026-01-13,2026-01-13 10:10:00,2026-01-13 10:15:00,OG,Backtest,AdxDiCrossBracketOG,OG_AdxDiCrossBracketOG,OG,NQ,NQ JUN26,SHORT,1,26137.25,26108.00,580.64,576.28,115.3,WIN,TARGET_HIT,26168.00,615.00,2026-05-07 09:21:38
2026-01-16,2026-01-16 11:30:00,2026-01-16 11:35:00,OG,Backtest,AdxDiCrossBracketOG,OG_AdxDiCrossBracketOG,OG,NQ,NQ JUN26,LONG,1,25912.25,25924.50,240.64,236.28,47.3,WIN,STOP_HIT,25874.75,750.00,2026-05-07 09:21:38
2026-01-09,2026-01-09 10:10:00,2026-01-09 10:10:00,OG,Backtest,AdxDiCrossBracketOG,OG_AdxDiCrossBracketOG,OG,NQ,NQ JUN26,LONG,1,25922.50,25881.00,-834.36,-838.72,-167.7,LOSS,STOP_HIT,25882.25,805.00,2026-05-07 09:21:38
2026-02-10,2026-02-10 09:45:00,2026-02-10 09:45:00,OG,Backtest,AdxDiCrossBracketOG,OG_AdxDiCrossBracketOG,OG,NQ,NQ JUN26,SHORT,1,25534.50,25512.25,440.64,436.28,87.3,WIN,TARGET_HIT,25559.75,505.00,2026-05-07 09:21:38
2026-01-20,2026-01-20 10:50:00,2026-01-20 10:55:00,OG,Backtest,AdxDiCrossBracketOG,OG_AdxDiCrossBracketOG,OG,NQ,NQ JUN26,LONG,1,25598.75,25558.75,-804.36,-808.72,-161.7,LOSS,STOP_HIT,25550.75,960.00,2026-05-07 09:21:38
2026-02-13,2026-02-13 10:50:00,2026-02-13 11:05:00,OG,Backtest,AdxDiCrossBracketOG,OG_AdxDiCrossBracketOG,OG,NQ,NQ JUN26,SHORT,1,24982.25,25021.00,-779.36,-783.72,-156.7,LOSS,STOP_HIT,25055.00,1455.00,2026-05-07 09:21:38
2026-02-17,2026-02-17 11:10:00,2026-02-17 11:10:00,OG,Backtest,AdxDiCrossBracketOG,OG_AdxDiCrossBracketOG,OG,NQ,NQ JUN26,LONG,1,24862.00,24927.25,1300.64,1296.28,259.3,WIN,TARGET_HIT,24793.75,1365.00,2026-05-07 09:21:38
2026-02-13,2026-02-13 10:50:00,2026-02-13 11:05:00,OG,Backtest,AdxDiCrossBracketOG,OG_AdxDiCrossBracketOG,OG,NQ,NQ JUN26,SHORT,1,24982.25,25021.00,-779.36,-783.72,-156.7,LOSS,STOP_HIT,25055.00,1455.00,2026-05-07 09:21:38
2026-01-09,2026-01-09 10:10:00,2026-01-09 10:10:00,OG,Backtest,AdxDiCrossBracketOG,OG_AdxDiCrossBracketOG,OG,NQ,NQ JUN26,LONG,1,25922.50,25881.00,-834.36,-838.72,-167.7,LOSS,STOP_HIT,25882.25,805.00,2026-05-07 09:21:38
2026-01-09,2026-01-09 09:45:00,2026-01-09 09:50:00,OG,Backtest,AdxDiCrossBracketOG,OG_AdxDiCrossBracketOG,OG,NQ,NQ JUN26,LONG,1,25965.75,25936.75,-584.36,-588.72,-117.7,LOSS,STOP_HIT,25938.00,555.00,2026-05-07 09:21:38
2026-02-11,2026-02-11 11:05:00,2026-02-11 11:10:00,OG,Backtest,AdxDiCrossBracketOG,OG_AdxDiCrossBracketOG,OG,NQ,NQ JUN26,LONG,1,25454.25,25417.50,-739.36,-743.72,-148.7,LOSS,STOP_HIT,25393.00,1225.00,2026-05-07 09:21:38
2026-02-17,2026-02-17 11:10:00,2026-02-17 11:10:00,OG,Backtest,AdxDiCrossBracketOG,OG_AdxDiCrossBracketOG,OG,NQ,NQ JUN26,LONG,1,24862.00,24927.25,1300.64,1296.28,259.3,WIN,TARGET_HIT,24793.75,1365.00,2026-05-07 09:21:38
2026-01-07,2026-01-07 09:50:00,2026-01-07 09:50:00,OG,Backtest,AdxDiCrossBracketOG,OG_AdxDiCrossBracketOG,OG,NQ,NQ JUN26,LONG,1,26064.50,26079.75,300.64,296.28,59.3,WIN,TARGET_HIT,26047.25,345.00,2026-05-07 09:21:38
2026-01-20,2026-01-20 10:50:00,2026-01-20 10:55:00,OG,Backtest,AdxDiCrossBracketOG,OG_AdxDiCrossBracketOG,OG,NQ,NQ JUN26,LONG,1,25598.75,25558.75,-804.36,-808.72,-161.7,LOSS,STOP_HIT,25550.75,960.00,2026-05-07 09:21:38
2026-01-30,2026-01-30 10:55:00,2026-01-30 10:55:00,OG,Backtest,AdxDiCrossBracketOG,OG_AdxDiCrossBracketOG,OG,NQ,NQ JUN26,LONG,1,26118.00,26058.75,-1189.36,-1193.72,-238.7,LOSS,STOP_HIT,26060.00,1160.00,2026-05-07 09:21:38
2026-01-28,2026-01-28 11:20:00,2026-01-28 11:25:00,OG,Backtest,AdxDiCrossBracketOG,OG_AdxDiCrossBracketOG,OG,NQ,NQ JUN26,LONG,1,26393.75,26378.25,-314.36,-318.72,-63.7,LOSS,STOP_HIT,26363.25,610.00,2026-05-07 09:21:38
2026-01-06,2026-01-06 11:00:00,2026-01-06 11:05:00,OG,Backtest,AdxDiCrossBracketOG,OG_AdxDiCrossBracketOG,OG,NQ,NQ JUN26,SHORT,1,25908.50,25880.75,550.64,546.28,109.3,WIN,TARGET_HIT,25938.25,595.00,2026-05-07 09:21:38
2026-03-17,2026-03-17 11:15:00,2026-03-17 11:20:00,OG,Backtest,AdxDiCrossBracketOG,OG_AdxDiCrossBracketOG,OG,NQ,NQ JUN26,SHORT,1,25019.75,25057.00,-749.36,-753.72,-150.7,LOSS,STOP_HIT,25056.25,730.00,2026-05-07 09:21:38
2026-03-09,2026-03-09 10:45:00,2026-03-09 10:50:00,OG,Backtest,AdxDiCrossBracketOG,OG_AdxDiCrossBracketOG,OG,NQ,NQ JUN26,LONG,1,24692.75,24762.25,1385.64,1381.28,276.3,WIN,TARGET_HIT,24622.25,1410.00,2026-05-07 09:21:38
2026-03-09,2026-03-09 10:45:00,2026-03-09 10:50:00,OG,Backtest,AdxDiCrossBracketOG,OG_AdxDiCrossBracketOG,OG,NQ,NQ JUN26,LONG,1,24692.75,24762.25,1385.64,1381.28,276.3,WIN,TARGET_HIT,24622.25,1410.00,2026-05-07 09:21:38
2026-03-24,2026-03-24 11:00:00,2026-03-24 11:00:00,OG,Backtest,AdxDiCrossBracketOG,OG_AdxDiCrossBracketOG,OG,NQ,NQ JUN26,LONG,1,24282.25,24217.00,-1309.36,-1313.72,-262.7,LOSS,STOP_HIT,24218.25,1280.00,2026-05-07 09:21:38
2026-01-07,2026-01-07 10:10:00,2026-01-07 10:10:00,OG,Backtest,AdxDiCrossBracketOG,OG_AdxDiCrossBracketOG,OG,NQ,NQ JUN26,SHORT,1,26050.00,26073.50,-474.36,-478.72,-95.7,LOSS,STOP_HIT,26072.25,445.00,2026-05-07 09:21:38
2026-03-25,2026-03-25 11:20:00,2026-03-25 11:20:00,OG,Backtest,AdxDiCrossBracketOG,OG_AdxDiCrossBracketOG,OG,NQ,NQ JUN26,SHORT,1,24385.25,24336.50,970.64,966.28,193.3,WIN,TARGET_HIT,24438.00,1055.00,2026-05-07 09:21:38
2026-03-19,2026-03-19 11:15:00,2026-03-19 11:25:00,OG,Backtest,AdxDiCrossBracketOG,OG_AdxDiCrossBracketOG,OG,NQ,NQ JUN26,LONG,1,24531.00,24485.50,-914.36,-918.72,-183.7,LOSS,STOP_HIT,24473.00,1160.00,2026-05-07 09:21:38
2026-01-09,2026-01-09 10:15:00,2026-01-09 10:15:00,OG,Backtest,AdxDiCrossBracketOG,OG_AdxDiCrossBracketOG,OG,NQ,NQ JUN26,SHORT,1,25849.75,25897.00,-949.36,-953.72,-190.7,LOSS,STOP_HIT,25895.75,920.00,2026-05-07 09:21:38
2026-01-09,2026-01-09 10:30:00,2026-01-09 10:30:00,OG,Backtest,AdxDiCrossBracketOG,OG_AdxDiCrossBracketOG,OG,NQ,NQ JUN26,LONG,1,26010.00,26057.25,940.64,936.28,187.3,WIN,TARGET_HIT,25959.75,1005.00,2026-05-07 09:21:38
2026-03-13,2026-03-13 10:50:00,2026-03-13 10:50:00,OG,Backtest,AdxDiCrossBracketOG,OG_AdxDiCrossBracketOG,OG,NQ,NQ JUN26,SHORT,1,24804.25,24755.00,980.64,976.28,195.3,WIN,TARGET_HIT,24853.50,985.00,2026-05-07 09:21:38
2026-01-09,2026-01-09 10:15:00,2026-01-09 10:15:00,OG,Backtest,AdxDiCrossBracketOG,OG_AdxDiCrossBracketOG,OG,NQ,NQ JUN26,SHORT,1,25849.75,25897.00,-949.36,-953.72,-190.7,LOSS,STOP_HIT,25895.75,920.00,2026-05-07 09:21:38
2026-03-13,2026-03-13 10:50:00,2026-03-13 10:50:00,OG,Backtest,AdxDiCrossBracketOG,OG_AdxDiCrossBracketOG,OG,NQ,NQ JUN26,SHORT,1,24804.25,24755.00,980.64,976.28,195.3,WIN,TARGET_HIT,24853.50,985.00,2026-05-07 09:21:38
2026-01-12,2026-01-12 11:25:00,2026-01-12 11:35:00,OG,Backtest,AdxDiCrossBracketOG,OG_AdxDiCrossBracketOG,OG,NQ,NQ JUN26,LONG,1,26159.50,26149.25,-209.36,-213.72,-42.7,LOSS,STOP_HIT,26131.75,555.00,2026-05-07 09:21:38
2026-01-09,2026-01-09 10:30:00,2026-01-09 10:30:00,OG,Backtest,AdxDiCrossBracketOG,OG_AdxDiCrossBracketOG,OG,NQ,NQ JUN26,LONG,1,26010.00,26057.25,940.64,936.28,187.3,WIN,TARGET_HIT,25959.75,1005.00,2026-05-07 09:21:38
2026-02-24,2026-02-24 10:10:00,2026-02-24 10:10:00,OG,Backtest,AdxDiCrossBracketOG,OG_AdxDiCrossBracketOG,OG,NQ,NQ JUN26,SHORT,1,25048.00,25093.50,-914.36,-918.72,-183.7,LOSS,STOP_HIT,25092.25,885.00,2026-05-07 09:21:38
2026-04-06,2026-04-06 10:55:00,2026-04-06 11:00:00,OG,Backtest,AdxDiCrossBracketOG,OG_AdxDiCrossBracketOG,OG,NQ,NQ JUN26,SHORT,1,24269.25,24322.25,-1064.36,-1068.72,-213.7,LOSS,STOP_HIT,24321.00,1035.00,2026-05-07 09:21:38
2026-02-24,2026-02-24 10:10:00,2026-02-24 10:10:00,OG,Backtest,AdxDiCrossBracketOG,OG_AdxDiCrossBracketOG,OG,NQ,NQ JUN26,SHORT,1,25048.00,25093.50,-914.36,-918.72,-183.7,LOSS,STOP_HIT,25092.25,885.00,2026-05-07 09:21:38
2026-04-06,2026-04-06 10:55:00,2026-04-06 11:00:00,OG,Backtest,AdxDiCrossBracketOG,OG_AdxDiCrossBracketOG,OG,NQ,NQ JUN26,SHORT,1,24269.25,24322.25,-1064.36,-1068.72,-213.7,LOSS,STOP_HIT,24321.00,1035.00,2026-05-07 09:21:38
2026-04-06,2026-04-06 10:55:00,2026-04-06 11:00:00,OG,Backtest,AdxDiCrossBracketOG,OG_AdxDiCrossBracketOG,OG,NQ,NQ JUN26,SHORT,1,24269.25,24322.25,-1064.36,-1068.72,-213.7,LOSS,STOP_HIT,24321.00,1035.00,2026-05-07 09:21:38
2026-04-02,2026-04-02 10:45:00,2026-04-02 10:45:00,OG,Backtest,AdxDiCrossBracketOG,OG_AdxDiCrossBracketOG,OG,NQ,NQ JUN26,LONG,1,24211.00,24133.25,-1559.36,-1563.72,-312.7,LOSS,STOP_HIT,24134.50,1530.00,2026-05-07 09:21:38
2026-01-21,2026-01-21 11:45:00,2026-01-21 11:45:00,OG,Backtest,AdxDiCrossBracketOG,OG_AdxDiCrossBracketOG,OG,NQ,NQ JUN26,SHORT,1,25543.00,25505.75,740.64,736.28,147.3,WIN,TARGET_HIT,25582.25,785.00,2026-05-07 09:21:38
2026-04-02,2026-04-02 10:45:00,2026-04-02 10:45:00,OG,Backtest,AdxDiCrossBracketOG,OG_AdxDiCrossBracketOG,OG,NQ,NQ JUN26,LONG,1,24211.00,24133.25,-1559.36,-1563.72,-312.7,LOSS,STOP_HIT,24134.50,1530.00,2026-05-07 09:21:38
2026-02-03,2026-02-03 09:50:00,2026-02-03 09:50:00,OG,Backtest,AdxDiCrossBracketOG,OG_AdxDiCrossBracketOG,OG,NQ,NQ JUN26,SHORT,1,25960.00,25999.25,-789.36,-793.72,-158.7,LOSS,STOP_HIT,25998.00,760.00,2026-05-07 09:21:38
2026-04-06,2026-04-06 11:35:00,2026-04-06 11:50:00,OG,Backtest,AdxDiCrossBracketOG,OG_AdxDiCrossBracketOG,OG,NQ,NQ JUN26,SHORT,1,24280.00,24294.25,-289.36,-293.72,-58.7,LOSS,STOP_HIT,24325.50,910.00,2026-05-07 09:21:38
2026-01-28,2026-01-28 10:55:00,2026-01-28 11:10:00,OG,Backtest,AdxDiCrossBracketOG,OG_AdxDiCrossBracketOG,OG,NQ,NQ JUN26,SHORT,1,26394.50,26396.00,-34.36,-38.72,-7.7,LOSS,STOP_HIT,26429.00,690.00,2026-05-07 09:21:38
2026-01-20,2026-01-20 11:10:00,2026-01-20 11:15:00,OG,Backtest,AdxDiCrossBracketOG,OG_AdxDiCrossBracketOG,OG,NQ,NQ JUN26,LONG,1,25588.25,25600.25,235.64,231.28,46.3,WIN,STOP_HIT,25540.75,950.00,2026-05-07 09:21:38
2026-01-13,2026-01-13 10:10:00,2026-01-13 10:15:00,OG,Backtest,AdxDiCrossBracketOG,OG_AdxDiCrossBracketOG,OG,NQ,NQ JUN26,SHORT,1,26137.25,26108.00,580.64,576.28,115.3,WIN,TARGET_HIT,26168.00,615.00,2026-05-07 09:21:38
2026-04-10,2026-04-10 11:45:00,2026-04-10 12:00:00,OG,Backtest,AdxDiCrossBracketOG,OG_AdxDiCrossBracketOG,OG,NQ,NQ JUN26,SHORT,1,25300.75,25269.75,615.64,611.28,122.3,WIN,TARGET_HIT,25334.25,670.00,2026-05-07 09:21:38
2026-01-28,2026-01-28 11:20:00,2026-01-28 11:25:00,OG,Backtest,AdxDiCrossBracketOG,OG_AdxDiCrossBracketOG,OG,NQ,NQ JUN26,LONG,1,26393.75,26378.25,-314.36,-318.72,-63.7,LOSS,STOP_HIT,26363.25,610.00,2026-05-07 09:21:38
2026-02-11,2026-02-11 10:20:00,2026-02-11 10:20:00,OG,Backtest,AdxDiCrossBracketOG,OG_AdxDiCrossBracketOG,OG,NQ,NQ JUN26,SHORT,1,25395.25,25345.50,990.64,986.28,197.3,WIN,TARGET_HIT,25448.50,1065.00,2026-05-07 09:21:38
2026-04-06,2026-04-06 11:05:00,2026-04-06 11:25:00,OG,Backtest,AdxDiCrossBracketOG,OG_AdxDiCrossBracketOG,OG,NQ,NQ JUN26,LONG,1,24307.50,24291.25,-329.36,-333.72,-66.7,LOSS,STOP_HIT,24255.50,1040.00,2026-05-07 09:21:38
2026-02-11,2026-02-11 11:20:00,2026-02-11 11:25:00,OG,Backtest,AdxDiCrossBracketOG,OG_AdxDiCrossBracketOG,OG,NQ,NQ JUN26,LONG,1,25468.75,25457.00,-239.36,-243.72,-48.7,LOSS,STOP_HIT,25406.75,1240.00,2026-05-07 09:21:38
2026-01-30,2026-01-30 10:55:00,2026-01-30 10:55:00,OG,Backtest,AdxDiCrossBracketOG,OG_AdxDiCrossBracketOG,OG,NQ,NQ JUN26,LONG,1,26118.00,26058.75,-1189.36,-1193.72,-238.7,LOSS,STOP_HIT,26060.00,1160.00,2026-05-07 09:21:38
2026-03-24,2026-03-24 11:00:00,2026-03-24 11:00:00,OG,Backtest,AdxDiCrossBracketOG,OG_AdxDiCrossBracketOG,OG,NQ,NQ JUN26,LONG,1,24282.25,24217.00,-1309.36,-1313.72,-262.7,LOSS,STOP_HIT,24218.25,1280.00,2026-05-07 09:21:38
2026-04-07,2026-04-07 11:40:00,2026-04-07 12:00:00,OG,Backtest,AdxDiCrossBracketOG,OG_AdxDiCrossBracketOG,OG,NQ,NQ JUN26,LONG,1,24072.25,24117.50,900.64,896.28,179.3,WIN,TARGET_HIT,24025.00,945.00,2026-05-07 09:21:39
2026-02-03,2026-02-03 09:50:00,2026-02-03 09:50:00,OG,Backtest,AdxDiCrossBracketOG,OG_AdxDiCrossBracketOG,OG,NQ,NQ JUN26,SHORT,1,25960.00,25999.25,-789.36,-793.72,-158.7,LOSS,STOP_HIT,25998.00,760.00,2026-05-07 09:21:39
2026-02-11,2026-02-11 10:20:00,2026-02-11 10:20:00,OG,Backtest,AdxDiCrossBracketOG,OG_AdxDiCrossBracketOG,OG,NQ,NQ JUN26,SHORT,1,25395.25,25345.50,990.64,986.28,197.3,WIN,TARGET_HIT,25448.50,1065.00,2026-05-07 09:21:39
2026-02-11,2026-02-11 10:20:00,2026-02-11 10:20:00,OG,Backtest,AdxDiCrossBracketOG,OG_AdxDiCrossBracketOG,OG,NQ,NQ JUN26,SHORT,1,25395.25,25345.50,990.64,986.28,197.3,WIN,TARGET_HIT,25448.50,1065.00,2026-05-07 09:21:39
2026-02-10,2026-02-10 09:45:00,2026-02-10 09:45:00,OG,Backtest,AdxDiCrossBracketOG,OG_AdxDiCrossBracketOG,OG,NQ,NQ JUN26,SHORT,1,25534.50,25512.25,440.64,436.28,87.3,WIN,TARGET_HIT,25559.75,505.00,2026-05-07 09:21:39
2026-02-24,2026-02-24 10:10:00,2026-02-24 10:10:00,OG,Backtest,AdxDiCrossBracketOG,OG_AdxDiCrossBracketOG,OG,NQ,NQ JUN26,SHORT,1,25048.00,25093.50,-914.36,-918.72,-183.7,LOSS,STOP_HIT,25092.25,885.00,2026-05-07 09:21:39
2026-02-13,2026-02-13 10:35:00,2026-02-13 10:35:00,OG,Backtest,AdxDiCrossBracketOG,OG_AdxDiCrossBracketOG,OG,NQ,NQ JUN26,LONG,1,25058.75,25127.00,1360.64,1356.28,271.3,WIN,TARGET_HIT,24987.50,1425.00,2026-05-07 09:21:39
2026-01-21,2026-01-21 11:45:00,2026-01-21 11:45:00,OG,Backtest,AdxDiCrossBracketOG,OG_AdxDiCrossBracketOG,OG,NQ,NQ JUN26,SHORT,1,25543.00,25505.75,740.64,736.28,147.3,WIN,TARGET_HIT,25582.25,785.00,2026-05-07 09:21:39
2026-02-03,2026-02-03 09:50:00,2026-02-03 09:50:00,OG,Backtest,AdxDiCrossBracketOG,OG_AdxDiCrossBracketOG,OG,NQ,NQ JUN26,SHORT,1,25960.00,25999.25,-789.36,-793.72,-158.7,LOSS,STOP_HIT,25998.00,760.00,2026-05-07 09:21:39
2026-03-13,2026-03-13 10:50:00,2026-03-13 10:50:00,OG,Backtest,AdxDiCrossBracketOG,OG_AdxDiCrossBracketOG,OG,NQ,NQ JUN26,SHORT,1,24804.25,24755.00,980.64,976.28,195.3,WIN,TARGET_HIT,24853.50,985.00,2026-05-07 09:21:39
2026-02-17,2026-02-17 11:10:00,2026-02-17 11:10:00,OG,Backtest,AdxDiCrossBracketOG,OG_AdxDiCrossBracketOG,OG,NQ,NQ JUN26,LONG,1,24862.00,24927.25,1300.64,1296.28,259.3,WIN,TARGET_HIT,24793.75,1365.00,2026-05-07 09:21:39
2026-02-17,2026-02-17 11:10:00,2026-02-17 11:10:00,OG,Backtest,AdxDiCrossBracketOG,OG_AdxDiCrossBracketOG,OG,NQ,NQ JUN26,LONG,1,24862.00,24927.25,1300.64,1296.28,259.3,WIN,TARGET_HIT,24793.75,1365.00,2026-05-07 09:21:39
2026-01-07,2026-01-07 10:10:00,2026-01-07 10:10:00,OG,Backtest,AdxDiCrossBracketOG,OG_AdxDiCrossBracketOG,OG,NQ,NQ JUN26,SHORT,1,26050.00,26073.50,-474.36,-478.72,-95.7,LOSS,STOP_HIT,26072.25,445.00,2026-05-07 09:21:39
2026-01-07,2026-01-07 10:10:00,2026-01-07 10:10:00,OG,Backtest,AdxDiCrossBracketOG,OG_AdxDiCrossBracketOG,OG,NQ,NQ JUN26,SHORT,1,26050.00,26073.50,-474.36,-478.72,-95.7,LOSS,STOP_HIT,26072.25,445.00,2026-05-07 09:21:39
2026-01-06,2026-01-06 11:00:00,2026-01-06 11:05:00,OG,Backtest,AdxDiCrossBracketOG,OG_AdxDiCrossBracketOG,OG,NQ,NQ JUN26,SHORT,1,25908.50,25880.75,550.64,546.28,109.3,WIN,TARGET_HIT,25938.25,595.00,2026-05-07 09:21:39
2026-01-30,2026-01-30 10:55:00,2026-01-30 10:55:00,OG,Backtest,AdxDiCrossBracketOG,OG_AdxDiCrossBracketOG,OG,NQ,NQ JUN26,LONG,1,26118.00,26058.75,-1189.36,-1193.72,-238.7,LOSS,STOP_HIT,26060.00,1160.00,2026-05-07 09:21:39
2026-01-09,2026-01-09 10:15:00,2026-01-09 10:15:00,OG,Backtest,AdxDiCrossBracketOG,OG_AdxDiCrossBracketOG,OG,NQ,NQ JUN26,SHORT,1,25849.75,25897.00,-949.36,-953.72,-190.7,LOSS,STOP_HIT,25895.75,920.00,2026-05-07 09:21:39
2026-03-13,2026-03-13 10:50:00,2026-03-13 10:50:00,OG,Backtest,AdxDiCrossBracketOG,OG_AdxDiCrossBracketOG,OG,NQ,NQ JUN26,SHORT,1,24804.25,24755.00,980.64,976.28,195.3,WIN,TARGET_HIT,24853.50,985.00,2026-05-07 09:21:39
2026-02-24,2026-02-24 10:15:00,2026-02-24 10:15:00,OG,Backtest,AdxDiCrossBracketOG,OG_AdxDiCrossBracketOG,OG,NQ,NQ JUN26,LONG,1,25110.00,25063.00,-944.36,-948.72,-189.7,LOSS,STOP_HIT,25064.25,915.00,2026-05-07 09:21:39
2026-04-10,2026-04-10 11:45:00,2026-04-10 12:00:00,OG,Backtest,AdxDiCrossBracketOG,OG_AdxDiCrossBracketOG,OG,NQ,NQ JUN26,SHORT,1,25300.75,25269.75,615.64,611.28,122.3,WIN,TARGET_HIT,25334.25,670.00,2026-05-07 09:21:39
2026-01-09,2026-01-09 10:10:00,2026-01-09 10:10:00,OG,Backtest,AdxDiCrossBracketOG,OG_AdxDiCrossBracketOG,OG,NQ,NQ JUN26,LONG,1,25922.50,25881.00,-834.36,-838.72,-167.7,LOSS,STOP_HIT,25882.25,805.00,2026-05-07 09:21:39
2026-01-07,2026-01-07 10:10:00,2026-01-07 10:10:00,OG,Backtest,AdxDiCrossBracketOG,OG_AdxDiCrossBracketOG,OG,NQ,NQ JUN26,SHORT,1,26050.00,26073.50,-474.36,-478.72,-95.7,LOSS,STOP_HIT,26072.25,445.00,2026-05-07 09:21:39
2026-03-09,2026-03-09 10:45:00,2026-03-09 10:50:00,OG,Backtest,AdxDiCrossBracketOG,OG_AdxDiCrossBracketOG,OG,NQ,NQ JUN26,LONG,1,24692.75,24762.25,1385.64,1381.28,276.3,WIN,TARGET_HIT,24622.25,1410.00,2026-05-07 09:21:39
2026-02-10,2026-02-10 09:45:00,2026-02-10 09:45:00,OG,Backtest,AdxDiCrossBracketOG,OG_AdxDiCrossBracketOG,OG,NQ,NQ JUN26,SHORT,1,25534.50,25512.25,440.64,436.28,87.3,WIN,TARGET_HIT,25559.75,505.00,2026-05-07 09:21:39
2026-02-24,2026-02-24 10:10:00,2026-02-24 10:10:00,OG,Backtest,AdxDiCrossBracketOG,OG_AdxDiCrossBracketOG,OG,NQ,NQ JUN26,SHORT,1,25048.00,25093.50,-914.36,-918.72,-183.7,LOSS,STOP_HIT,25092.25,885.00,2026-05-07 09:21:39
2026-01-09,2026-01-09 10:30:00,2026-01-09 10:30:00,OG,Backtest,AdxDiCrossBracketOG,OG_AdxDiCrossBracketOG,OG,NQ,NQ JUN26,LONG,1,26010.00,26057.25,940.64,936.28,187.3,WIN,TARGET_HIT,25959.75,1005.00,2026-05-07 09:21:39
2026-01-13,2026-01-13 10:10:00,2026-01-13 10:15:00,OG,Backtest,AdxDiCrossBracketOG,OG_AdxDiCrossBracketOG,OG,NQ,NQ JUN26,SHORT,1,26137.25,26108.00,580.64,576.28,115.3,WIN,TARGET_HIT,26168.00,615.00,2026-05-07 09:21:39
2026-01-09,2026-01-09 10:10:00,2026-01-09 10:10:00,OG,Backtest,AdxDiCrossBracketOG,OG_AdxDiCrossBracketOG,OG,NQ,NQ JUN26,LONG,1,25922.50,25881.00,-834.36,-838.72,-167.7,LOSS,STOP_HIT,25882.25,805.00,2026-05-07 09:21:39
2026-03-02,2026-03-02 11:15:00,2026-03-02 11:20:00,OG,Backtest,AdxDiCrossBracketOG,OG_AdxDiCrossBracketOG,OG,NQ,NQ JUN26,LONG,1,25187.75,25180.00,-159.36,-163.72,-32.7,LOSS,STOP_HIT,25129.50,1165.00,2026-05-07 09:21:39
2026-03-17,2026-03-17 11:15:00,2026-03-17 11:20:00,OG,Backtest,AdxDiCrossBracketOG,OG_AdxDiCrossBracketOG,OG,NQ,NQ JUN26,SHORT,1,25019.75,25057.00,-749.36,-753.72,-150.7,LOSS,STOP_HIT,25056.25,730.00,2026-05-07 09:21:39
2026-03-03,2026-03-03 11:25:00,2026-03-03 11:40:00,OG,Backtest,AdxDiCrossBracketOG,OG_AdxDiCrossBracketOG,OG,NQ,NQ JUN26,LONG,1,24795.25,24816.50,420.64,416.28,83.3,WIN,STOP_HIT,24724.00,1425.00,2026-05-07 09:21:39
2026-01-09,2026-01-09 10:15:00,2026-01-09 10:15:00,OG,Backtest,AdxDiCrossBracketOG,OG_AdxDiCrossBracketOG,OG,NQ,NQ JUN26,SHORT,1,25849.75,25897.00,-949.36,-953.72,-190.7,LOSS,STOP_HIT,25895.75,920.00,2026-05-07 09:21:39
2026-01-20,2026-01-20 11:10:00,2026-01-20 11:15:00,OG,Backtest,AdxDiCrossBracketOG,OG_AdxDiCrossBracketOG,OG,NQ,NQ JUN26,LONG,1,25588.25,25600.25,235.64,231.28,46.3,WIN,STOP_HIT,25540.75,950.00,2026-05-07 09:21:39
2026-03-20,2026-03-20 11:30:00,2026-03-20 12:05:00,OG,Backtest,AdxDiCrossBracketOG,OG_AdxDiCrossBracketOG,OG,NQ,NQ JUN26,LONG,1,24275.00,24327.75,1050.64,1046.28,209.3,WIN,TARGET_HIT,24219.75,1105.00,2026-05-07 09:21:39
2026-01-09,2026-01-09 09:45:00,2026-01-09 09:50:00,OG,Backtest,AdxDiCrossBracketOG,OG_AdxDiCrossBracketOG,OG,NQ,NQ JUN26,LONG,1,25965.75,25936.75,-584.36,-588.72,-117.7,LOSS,STOP_HIT,25938.00,555.00,2026-05-07 09:21:39
2026-04-02,2026-04-02 10:45:00,2026-04-02 10:45:00,OG,Backtest,AdxDiCrossBracketOG,OG_AdxDiCrossBracketOG,OG,NQ,NQ JUN26,LONG,1,24211.00,24133.25,-1559.36,-1563.72,-312.7,LOSS,STOP_HIT,24134.50,1530.00,2026-05-07 09:21:39
2026-03-27,2026-03-27 11:40:00,2026-03-27 11:45:00,OG,Backtest,AdxDiCrossBracketOG,OG_AdxDiCrossBracketOG,OG,NQ,NQ JUN26,LONG,1,23597.75,23540.25,-1154.36,-1158.72,-231.7,LOSS,STOP_HIT,23541.50,1125.00,2026-05-07 09:21:39
2026-01-09,2026-01-09 09:55:00,2026-01-09 09:55:00,OG,Backtest,AdxDiCrossBracketOG,OG_AdxDiCrossBracketOG,OG,NQ,NQ JUN26,SHORT,1,25912.50,25949.00,-734.36,-738.72,-147.7,LOSS,STOP_HIT,25947.75,705.00,2026-05-07 09:21:39
2026-01-28,2026-01-28 10:55:00,2026-01-28 11:10:00,OG,Backtest,AdxDiCrossBracketOG,OG_AdxDiCrossBracketOG,OG,NQ,NQ JUN26,SHORT,1,26394.50,26396.00,-34.36,-38.72,-7.7,LOSS,STOP_HIT,26429.00,690.00,2026-05-07 09:21:39
2026-03-27,2026-03-27 11:40:00,2026-03-27 11:45:00,OG,Backtest,AdxDiCrossBracketOG,OG_AdxDiCrossBracketOG,OG,NQ,NQ JUN26,LONG,1,23597.75,23540.25,-1154.36,-1158.72,-231.7,LOSS,STOP_HIT,23541.50,1125.00,2026-05-07 09:21:39
2026-01-13,2026-01-13 10:10:00,2026-01-13 10:15:00,OG,Backtest,AdxDiCrossBracketOG,OG_AdxDiCrossBracketOG,OG,NQ,NQ JUN26,SHORT,1,26137.25,26108.00,580.64,576.28,115.3,WIN,TARGET_HIT,26168.00,615.00,2026-05-07 09:21:39
2026-01-30,2026-01-30 10:55:00,2026-01-30 10:55:00,OG,Backtest,AdxDiCrossBracketOG,OG_AdxDiCrossBracketOG,OG,NQ,NQ JUN26,LONG,1,26118.00,26058.75,-1189.36,-1193.72,-238.7,LOSS,STOP_HIT,26060.00,1160.00,2026-05-07 09:21:39
2026-01-30,2026-01-30 10:55:00,2026-01-30 10:55:00,OG,Backtest,AdxDiCrossBracketOG,OG_AdxDiCrossBracketOG,OG,NQ,NQ JUN26,LONG,1,26118.00,26058.75,-1189.36,-1193.72,-238.7,LOSS,STOP_HIT,26060.00,1160.00,2026-05-07 09:21:39
2026-04-06,2026-04-06 11:05:00,2026-04-06 11:25:00,OG,Backtest,AdxDiCrossBracketOG,OG_AdxDiCrossBracketOG,OG,NQ,NQ JUN26,LONG,1,24307.50,24291.25,-329.36,-333.72,-66.7,LOSS,STOP_HIT,24255.50,1040.00,2026-05-07 09:21:39
2026-04-10,2026-04-10 11:45:00,2026-04-10 12:00:00,OG,Backtest,AdxDiCrossBracketOG,OG_AdxDiCrossBracketOG,OG,NQ,NQ JUN26,SHORT,1,25300.75,25269.75,615.64,611.28,122.3,WIN,TARGET_HIT,25334.25,670.00,2026-05-07 09:21:39
2026-01-30,2026-01-30 10:55:00,2026-01-30 10:55:00,OG,Backtest,AdxDiCrossBracketOG,OG_AdxDiCrossBracketOG,OG,NQ,NQ JUN26,LONG,1,26118.00,26058.75,-1189.36,-1193.72,-238.7,LOSS,STOP_HIT,26060.00,1160.00,2026-05-07 09:21:39
2026-02-10,2026-02-10 09:45:00,2026-02-10 09:45:00,OG,Backtest,AdxDiCrossBracketOG,OG_AdxDiCrossBracketOG,OG,NQ,NQ JUN26,SHORT,1,25534.50,25512.25,440.64,436.28,87.3,WIN,TARGET_HIT,25559.75,505.00,2026-05-07 09:21:39
2026-03-12,2026-03-12 11:50:00,2026-03-12 11:50:00,OG,Backtest,AdxDiCrossBracketOG,OG_AdxDiCrossBracketOG,OG,NQ,NQ JUN26,LONG,1,24898.75,24843.25,-1114.36,-1118.72,-223.7,LOSS,STOP_HIT,24844.50,1085.00,2026-05-07 09:21:39
2026-02-13,2026-02-13 10:35:00,2026-02-13 10:35:00,OG,Backtest,AdxDiCrossBracketOG,OG_AdxDiCrossBracketOG,OG,NQ,NQ JUN26,LONG,1,25058.75,25127.00,1360.64,1356.28,271.3,WIN,TARGET_HIT,24987.50,1425.00,2026-05-07 09:21:39
2026-04-02,2026-04-02 10:45:00,2026-04-02 10:45:00,OG,Backtest,AdxDiCrossBracketOG,OG_AdxDiCrossBracketOG,OG,NQ,NQ JUN26,LONG,1,24211.00,24133.25,-1559.36,-1563.72,-312.7,LOSS,STOP_HIT,24134.50,1530.00,2026-05-07 09:21:39
2026-02-11,2026-02-11 10:20:00,2026-02-11 10:20:00,OG,Backtest,AdxDiCrossBracketOG,OG_AdxDiCrossBracketOG,OG,NQ,NQ JUN26,SHORT,1,25395.25,25345.50,990.64,986.28,197.3,WIN,TARGET_HIT,25448.50,1065.00,2026-05-07 09:21:39
2026-01-16,2026-01-16 11:30:00,2026-01-16 11:35:00,OG,Backtest,AdxDiCrossBracketOG,OG_AdxDiCrossBracketOG,OG,NQ,NQ JUN26,LONG,1,25912.25,25924.50,240.64,236.28,47.3,WIN,STOP_HIT,25874.75,750.00,2026-05-07 09:21:39
2026-01-07,2026-01-07 09:50:00,2026-01-07 09:50:00,OG,Backtest,AdxDiCrossBracketOG,OG_AdxDiCrossBracketOG,OG,NQ,NQ JUN26,LONG,1,26064.50,26079.75,300.64,296.28,59.3,WIN,TARGET_HIT,26047.25,345.00,2026-05-07 09:21:39
2026-03-20,2026-03-20 11:30:00,2026-03-20 12:05:00,OG,Backtest,AdxDiCrossBracketOG,OG_AdxDiCrossBracketOG,OG,NQ,NQ JUN26,LONG,1,24275.00,24327.75,1050.64,1046.28,209.3,WIN,TARGET_HIT,24219.75,1105.00,2026-05-07 09:21:39
2026-02-11,2026-02-11 10:20:00,2026-02-11 10:20:00,OG,Backtest,AdxDiCrossBracketOG,OG_AdxDiCrossBracketOG,OG,NQ,NQ JUN26,SHORT,1,25395.25,25345.50,990.64,986.28,197.3,WIN,TARGET_HIT,25448.50,1065.00,2026-05-07 09:21:39
2026-03-24,2026-03-24 11:00:00,2026-03-24 11:00:00,OG,Backtest,AdxDiCrossBracketOG,OG_AdxDiCrossBracketOG,OG,NQ,NQ JUN26,LONG,1,24282.25,24217.00,-1309.36,-1313.72,-262.7,LOSS,STOP_HIT,24218.25,1280.00,2026-05-07 09:21:39
2026-01-23,2026-01-23 10:10:00,2026-01-23 10:15:00,OG,Backtest,AdxDiCrossBracketOG,OG_AdxDiCrossBracketOG,OG,NQ,NQ JUN26,LONG,1,25921.75,25885.00,-739.36,-743.72,-148.7,LOSS,STOP_HIT,25885.50,725.00,2026-05-07 09:21:39
2026-02-11,2026-02-11 11:20:00,2026-02-11 11:25:00,OG,Backtest,AdxDiCrossBracketOG,OG_AdxDiCrossBracketOG,OG,NQ,NQ JUN26,LONG,1,25468.75,25457.00,-239.36,-243.72,-48.7,LOSS,STOP_HIT,25406.75,1240.00,2026-05-07 09:21:39
2026-02-03,2026-02-03 09:50:00,2026-02-03 09:50:00,OG,Backtest,AdxDiCrossBracketOG,OG_AdxDiCrossBracketOG,OG,NQ,NQ JUN26,SHORT,1,25960.00,25999.25,-789.36,-793.72,-158.7,LOSS,STOP_HIT,25998.00,760.00,2026-05-07 09:21:39
2026-01-09,2026-01-09 09:45:00,2026-01-09 09:50:00,OG,Backtest,AdxDiCrossBracketOG,OG_AdxDiCrossBracketOG,OG,NQ,NQ JUN26,LONG,1,25965.75,25936.75,-584.36,-588.72,-117.7,LOSS,STOP_HIT,25938.00,555.00,2026-05-07 09:21:39
2026-01-20,2026-01-20 11:10:00,2026-01-20 11:15:00,OG,Backtest,AdxDiCrossBracketOG,OG_AdxDiCrossBracketOG,OG,NQ,NQ JUN26,LONG,1,25588.25,25600.25,235.64,231.28,46.3,WIN,STOP_HIT,25540.75,950.00,2026-05-07 09:21:39
2026-01-28,2026-01-28 11:20:00,2026-01-28 11:25:00,OG,Backtest,AdxDiCrossBracketOG,OG_AdxDiCrossBracketOG,OG,NQ,NQ JUN26,LONG,1,26393.75,26378.25,-314.36,-318.72,-63.7,LOSS,STOP_HIT,26363.25,610.00,2026-05-07 09:21:39
2026-01-07,2026-01-07 10:10:00,2026-01-07 10:10:00,OG,Backtest,AdxDiCrossBracketOG,OG_AdxDiCrossBracketOG,OG,NQ,NQ JUN26,SHORT,1,26050.00,26073.50,-474.36,-478.72,-95.7,LOSS,STOP_HIT,26072.25,445.00,2026-05-07 09:21:39
2026-02-05,2026-02-05 11:40:00,2026-02-05 11:50:00,OG,Backtest,AdxDiCrossBracketOG,OG_AdxDiCrossBracketOG,OG,NQ,NQ JUN26,LONG,1,25026.25,24991.50,-699.36,-703.72,-140.7,LOSS,STOP_HIT,24938.00,1765.00,2026-05-07 09:21:39
2026-01-09,2026-01-09 10:15:00,2026-01-09 10:15:00,OG,Backtest,AdxDiCrossBracketOG,OG_AdxDiCrossBracketOG,OG,NQ,NQ JUN26,SHORT,1,25849.75,25897.00,-949.36,-953.72,-190.7,LOSS,STOP_HIT,25895.75,920.00,2026-05-07 09:21:39
2026-02-13,2026-02-13 10:50:00,2026-02-13 11:05:00,OG,Backtest,AdxDiCrossBracketOG,OG_AdxDiCrossBracketOG,OG,NQ,NQ JUN26,SHORT,1,24982.25,25021.00,-779.36,-783.72,-156.7,LOSS,STOP_HIT,25055.00,1455.00,2026-05-07 09:21:39
2026-02-03,2026-02-03 09:50:00,2026-02-03 09:50:00,OG,Backtest,AdxDiCrossBracketOG,OG_AdxDiCrossBracketOG,OG,NQ,NQ JUN26,SHORT,1,25960.00,25999.25,-789.36,-793.72,-158.7,LOSS,STOP_HIT,25998.00,760.00,2026-05-07 09:21:39
2026-02-24,2026-02-24 10:15:00,2026-02-24 10:15:00,OG,Backtest,AdxDiCrossBracketOG,OG_AdxDiCrossBracketOG,OG,NQ,NQ JUN26,LONG,1,25110.00,25063.00,-944.36,-948.72,-189.7,LOSS,STOP_HIT,25064.25,915.00,2026-05-07 09:21:39
2026-01-07,2026-01-07 09:50:00,2026-01-07 09:50:00,OG,Backtest,AdxDiCrossBracketOG,OG_AdxDiCrossBracketOG,OG,NQ,NQ JUN26,LONG,1,26064.50,26079.75,300.64,296.28,59.3,WIN,TARGET_HIT,26047.25,345.00,2026-05-07 09:21:39
2026-01-12,2026-01-12 11:25:00,2026-01-12 11:35:00,OG,Backtest,AdxDiCrossBracketOG,OG_AdxDiCrossBracketOG,OG,NQ,NQ JUN26,LONG,1,26159.50,26149.25,-209.36,-213.72,-42.7,LOSS,STOP_HIT,26131.75,555.00,2026-05-07 09:21:39
2026-03-13,2026-03-13 10:50:00,2026-03-13 10:50:00,OG,Backtest,AdxDiCrossBracketOG,OG_AdxDiCrossBracketOG,OG,NQ,NQ JUN26,SHORT,1,24804.25,24755.00,980.64,976.28,195.3,WIN,TARGET_HIT,24853.50,985.00,2026-05-07 09:21:39
2026-01-09,2026-01-09 09:55:00,2026-01-09 09:55:00,OG,Backtest,AdxDiCrossBracketOG,OG_AdxDiCrossBracketOG,OG,NQ,NQ JUN26,SHORT,1,25912.50,25949.00,-734.36,-738.72,-147.7,LOSS,STOP_HIT,25947.75,705.00,2026-05-07 09:21:39
2026-01-30,2026-01-30 11:00:00,2026-01-30 11:10:00,OG,Backtest,AdxDiCrossBracketOG,OG_AdxDiCrossBracketOG,OG,NQ,NQ JUN26,SHORT,1,26071.50,26048.25,460.64,456.28,91.3,WIN,STOP_HIT,26129.00,1150.00,2026-05-07 09:21:39
2026-03-06,2026-03-06 11:10:00,2026-03-06 11:15:00,OG,Backtest,AdxDiCrossBracketOG,OG_AdxDiCrossBracketOG,OG,NQ,NQ JUN26,LONG,1,25102.25,25058.25,-884.36,-888.72,-177.7,LOSS,STOP_HIT,25038.75,1270.00,2026-05-07 09:21:39
2026-02-24,2026-02-24 10:10:00,2026-02-24 10:10:00,OG,Backtest,AdxDiCrossBracketOG,OG_AdxDiCrossBracketOG,OG,NQ,NQ JUN26,SHORT,1,25048.00,25093.50,-914.36,-918.72,-183.7,LOSS,STOP_HIT,25092.25,885.00,2026-05-07 09:21:39
2026-01-12,2026-01-12 11:25:00,2026-01-12 11:35:00,OG,Backtest,AdxDiCrossBracketOG,OG_AdxDiCrossBracketOG,OG,NQ,NQ JUN26,LONG,1,26159.50,26149.25,-209.36,-213.72,-42.7,LOSS,STOP_HIT,26131.75,555.00,2026-05-07 09:21:39
2026-01-13,2026-01-13 10:10:00,2026-01-13 10:15:00,OG,Backtest,AdxDiCrossBracketOG,OG_AdxDiCrossBracketOG,OG,NQ,NQ JUN26,SHORT,1,26137.25,26108.00,580.64,576.28,115.3,WIN,TARGET_HIT,26168.00,615.00,2026-05-07 09:21:39
2026-01-09,2026-01-09 09:55:00,2026-01-09 09:55:00,OG,Backtest,AdxDiCrossBracketOG,OG_AdxDiCrossBracketOG,OG,NQ,NQ JUN26,SHORT,1,25912.50,25949.00,-734.36,-738.72,-147.7,LOSS,STOP_HIT,25947.75,705.00,2026-05-07 09:21:39
2026-02-17,2026-02-17 11:10:00,2026-02-17 11:10:00,OG,Backtest,AdxDiCrossBracketOG,OG_AdxDiCrossBracketOG,OG,NQ,NQ JUN26,LONG,1,24862.00,24927.25,1300.64,1296.28,259.3,WIN,TARGET_HIT,24793.75,1365.00,2026-05-07 09:21:39
2026-01-06,2026-01-06 11:00:00,2026-01-06 11:05:00,OG,Backtest,AdxDiCrossBracketOG,OG_AdxDiCrossBracketOG,OG,NQ,NQ JUN26,SHORT,1,25908.50,25880.75,550.64,546.28,109.3,WIN,TARGET_HIT,25938.25,595.00,2026-05-07 09:21:39
2026-03-13,2026-03-13 10:50:00,2026-03-13 10:50:00,OG,Backtest,AdxDiCrossBracketOG,OG_AdxDiCrossBracketOG,OG,NQ,NQ JUN26,SHORT,1,24804.25,24755.00,980.64,976.28,195.3,WIN,TARGET_HIT,24853.50,985.00,2026-05-07 09:21:39
2026-02-11,2026-02-11 10:20:00,2026-02-11 10:20:00,OG,Backtest,AdxDiCrossBracketOG,OG_AdxDiCrossBracketOG,OG,NQ,NQ JUN26,SHORT,1,25395.25,25345.50,990.64,986.28,197.3,WIN,TARGET_HIT,25448.50,1065.00,2026-05-07 09:21:39
2026-03-03,2026-03-03 11:25:00,2026-03-03 11:40:00,OG,Backtest,AdxDiCrossBracketOG,OG_AdxDiCrossBracketOG,OG,NQ,NQ JUN26,LONG,1,24795.25,24816.50,420.64,416.28,83.3,WIN,STOP_HIT,24724.00,1425.00,2026-05-07 09:21:39
2026-01-23,2026-01-23 10:10:00,2026-01-23 10:15:00,OG,Backtest,AdxDiCrossBracketOG,OG_AdxDiCrossBracketOG,OG,NQ,NQ JUN26,LONG,1,25921.75,25885.00,-739.36,-743.72,-148.7,LOSS,STOP_HIT,25885.50,725.00,2026-05-07 09:21:39
2026-03-06,2026-03-06 11:10:00,2026-03-06 11:15:00,OG,Backtest,AdxDiCrossBracketOG,OG_AdxDiCrossBracketOG,OG,NQ,NQ JUN26,LONG,1,25102.25,25058.25,-884.36,-888.72,-177.7,LOSS,STOP_HIT,25038.75,1270.00,2026-05-07 09:21:39
2026-03-27,2026-03-27 11:40:00,2026-03-27 11:45:00,OG,Backtest,AdxDiCrossBracketOG,OG_AdxDiCrossBracketOG,OG,NQ,NQ JUN26,LONG,1,23597.75,23540.25,-1154.36,-1158.72,-231.7,LOSS,STOP_HIT,23541.50,1125.00,2026-05-07 09:21:39
2026-04-06,2026-04-06 11:35:00,2026-04-06 11:50:00,OG,Backtest,AdxDiCrossBracketOG,OG_AdxDiCrossBracketOG,OG,NQ,NQ JUN26,SHORT,1,24280.00,24294.25,-289.36,-293.72,-58.7,LOSS,STOP_HIT,24325.50,910.00,2026-05-07 09:21:39
2026-01-20,2026-01-20 11:10:00,2026-01-20 11:15:00,OG,Backtest,AdxDiCrossBracketOG,OG_AdxDiCrossBracketOG,OG,NQ,NQ JUN26,LONG,1,25588.25,25600.25,235.64,231.28,46.3,WIN,STOP_HIT,25540.75,950.00,2026-05-07 09:21:39
2026-03-20,2026-03-20 11:30:00,2026-03-20 12:05:00,OG,Backtest,AdxDiCrossBracketOG,OG_AdxDiCrossBracketOG,OG,NQ,NQ JUN26,LONG,1,24275.00,24327.75,1050.64,1046.28,209.3,WIN,TARGET_HIT,24219.75,1105.00,2026-05-07 09:21:39
2026-01-23,2026-01-23 10:10:00,2026-01-23 10:15:00,OG,Backtest,AdxDiCrossBracketOG,OG_AdxDiCrossBracketOG,OG,NQ,NQ JUN26,LONG,1,25921.75,25885.00,-739.36,-743.72,-148.7,LOSS,STOP_HIT,25885.50,725.00,2026-05-07 09:21:39
2026-01-20,2026-01-20 11:10:00,2026-01-20 11:15:00,OG,Backtest,AdxDiCrossBracketOG,OG_AdxDiCrossBracketOG,OG,NQ,NQ JUN26,LONG,1,25588.25,25600.25,235.64,231.28,46.3,WIN,STOP_HIT,25540.75,950.00,2026-05-07 09:21:39
2026-01-21,2026-01-21 11:45:00,2026-01-21 11:45:00,OG,Backtest,AdxDiCrossBracketOG,OG_AdxDiCrossBracketOG,OG,NQ,NQ JUN26,SHORT,1,25543.00,25505.75,740.64,736.28,147.3,WIN,TARGET_HIT,25582.25,785.00,2026-05-07 09:21:39
2026-04-06,2026-04-06 11:05:00,2026-04-06 11:25:00,OG,Backtest,AdxDiCrossBracketOG,OG_AdxDiCrossBracketOG,OG,NQ,NQ JUN26,LONG,1,24307.50,24291.25,-329.36,-333.72,-66.7,LOSS,STOP_HIT,24255.50,1040.00,2026-05-07 09:21:39
2026-01-30,2026-01-30 11:00:00,2026-01-30 11:10:00,OG,Backtest,AdxDiCrossBracketOG,OG_AdxDiCrossBracketOG,OG,NQ,NQ JUN26,SHORT,1,26071.50,26048.25,460.64,456.28,91.3,WIN,STOP_HIT,26129.00,1150.00,2026-05-07 09:21:39
2026-01-28,2026-01-28 11:20:00,2026-01-28 11:25:00,OG,Backtest,AdxDiCrossBracketOG,OG_AdxDiCrossBracketOG,OG,NQ,NQ JUN26,LONG,1,26393.75,26378.25,-314.36,-318.72,-63.7,LOSS,STOP_HIT,26363.25,610.00,2026-05-07 09:21:39
2026-01-30,2026-01-30 11:00:00,2026-01-30 11:10:00,OG,Backtest,AdxDiCrossBracketOG,OG_AdxDiCrossBracketOG,OG,NQ,NQ JUN26,SHORT,1,26071.50,26048.25,460.64,456.28,91.3,WIN,STOP_HIT,26129.00,1150.00,2026-05-07 09:21:39
2026-01-23,2026-01-23 10:10:00,2026-01-23 10:15:00,OG,Backtest,AdxDiCrossBracketOG,OG_AdxDiCrossBracketOG,OG,NQ,NQ JUN26,LONG,1,25921.75,25885.00,-739.36,-743.72,-148.7,LOSS,STOP_HIT,25885.50,725.00,2026-05-07 09:21:39
2026-04-02,2026-04-02 10:45:00,2026-04-02 10:45:00,OG,Backtest,AdxDiCrossBracketOG,OG_AdxDiCrossBracketOG,OG,NQ,NQ JUN26,LONG,1,24211.00,24133.25,-1559.36,-1563.72,-312.7,LOSS,STOP_HIT,24134.50,1530.00,2026-05-07 09:21:39
2026-03-13,2026-03-13 10:50:00,2026-03-13 10:50:00,OG,Backtest,AdxDiCrossBracketOG,OG_AdxDiCrossBracketOG,OG,NQ,NQ JUN26,SHORT,1,24804.25,24755.00,980.64,976.28,195.3,WIN,TARGET_HIT,24853.50,985.00,2026-05-07 09:21:39
2026-04-06,2026-04-06 11:05:00,2026-04-06 11:25:00,OG,Backtest,AdxDiCrossBracketOG,OG_AdxDiCrossBracketOG,OG,NQ,NQ JUN26,LONG,1,24307.50,24291.25,-329.36,-333.72,-66.7,LOSS,STOP_HIT,24255.50,1040.00,2026-05-07 09:21:39
2026-02-03,2026-02-03 09:50:00,2026-02-03 09:50:00,OG,Backtest,AdxDiCrossBracketOG,OG_AdxDiCrossBracketOG,OG,NQ,NQ JUN26,SHORT,1,25960.00,25999.25,-789.36,-793.72,-158.7,LOSS,STOP_HIT,25998.00,760.00,2026-05-07 09:21:39
2026-02-11,2026-02-11 10:20:00,2026-02-11 10:20:00,OG,Backtest,AdxDiCrossBracketOG,OG_AdxDiCrossBracketOG,OG,NQ,NQ JUN26,SHORT,1,25395.25,25345.50,990.64,986.28,197.3,WIN,TARGET_HIT,25448.50,1065.00,2026-05-07 09:21:39
2026-03-17,2026-03-17 11:15:00,2026-03-17 11:20:00,OG,Backtest,AdxDiCrossBracketOG,OG_AdxDiCrossBracketOG,OG,NQ,NQ JUN26,SHORT,1,25019.75,25057.00,-749.36,-753.72,-150.7,LOSS,STOP_HIT,25056.25,730.00,2026-05-07 09:21:39
2026-04-06,2026-04-06 11:35:00,2026-04-06 11:50:00,OG,Backtest,AdxDiCrossBracketOG,OG_AdxDiCrossBracketOG,OG,NQ,NQ JUN26,SHORT,1,24280.00,24294.25,-289.36,-293.72,-58.7,LOSS,STOP_HIT,24325.50,910.00,2026-05-07 09:21:39
2026-04-07,2026-04-07 11:40:00,2026-04-07 12:00:00,OG,Backtest,AdxDiCrossBracketOG,OG_AdxDiCrossBracketOG,OG,NQ,NQ JUN26,LONG,1,24072.25,24117.50,900.64,896.28,179.3,WIN,TARGET_HIT,24025.00,945.00,2026-05-07 09:21:39
2026-03-17,2026-03-17 11:15:00,2026-03-17 11:20:00,OG,Backtest,AdxDiCrossBracketOG,OG_AdxDiCrossBracketOG,OG,NQ,NQ JUN26,SHORT,1,25019.75,25057.00,-749.36,-753.72,-150.7,LOSS,STOP_HIT,25056.25,730.00,2026-05-07 09:21:39
2026-02-05,2026-02-05 11:40:00,2026-02-05 11:50:00,OG,Backtest,AdxDiCrossBracketOG,OG_AdxDiCrossBracketOG,OG,NQ,NQ JUN26,LONG,1,25026.25,24991.50,-699.36,-703.72,-140.7,LOSS,STOP_HIT,24938.00,1765.00,2026-05-07 09:21:39
2026-02-03,2026-02-03 09:50:00,2026-02-03 09:50:00,OG,Backtest,AdxDiCrossBracketOG,OG_AdxDiCrossBracketOG,OG,NQ,NQ JUN26,SHORT,1,25960.00,25999.25,-789.36,-793.72,-158.7,LOSS,STOP_HIT,25998.00,760.00,2026-05-07 09:21:39
2026-02-03,2026-02-03 09:50:00,2026-02-03 09:50:00,OG,Backtest,AdxDiCrossBracketOG,OG_AdxDiCrossBracketOG,OG,NQ,NQ JUN26,SHORT,1,25960.00,25999.25,-789.36,-793.72,-158.7,LOSS,STOP_HIT,25998.00,760.00,2026-05-07 09:21:39
2026-04-10,2026-04-10 11:45:00,2026-04-10 12:00:00,OG,Backtest,AdxDiCrossBracketOG,OG_AdxDiCrossBracketOG,OG,NQ,NQ JUN26,SHORT,1,25300.75,25269.75,615.64,611.28,122.3,WIN,TARGET_HIT,25334.25,670.00,2026-05-07 09:21:39
2026-03-24,2026-03-24 11:00:00,2026-03-24 11:00:00,OG,Backtest,AdxDiCrossBracketOG,OG_AdxDiCrossBracketOG,OG,NQ,NQ JUN26,LONG,1,24282.25,24217.00,-1309.36,-1313.72,-262.7,LOSS,STOP_HIT,24218.25,1280.00,2026-05-07 09:21:39
2026-01-28,2026-01-28 10:55:00,2026-01-28 11:10:00,OG,Backtest,AdxDiCrossBracketOG,OG_AdxDiCrossBracketOG,OG,NQ,NQ JUN26,SHORT,1,26394.50,26396.00,-34.36,-38.72,-7.7,LOSS,STOP_HIT,26429.00,690.00,2026-05-07 09:21:39
2026-03-13,2026-03-13 10:50:00,2026-03-13 10:50:00,OG,Backtest,AdxDiCrossBracketOG,OG_AdxDiCrossBracketOG,OG,NQ,NQ JUN26,SHORT,1,24804.25,24755.00,980.64,976.28,195.3,WIN,TARGET_HIT,24853.50,985.00,2026-05-07 09:21:39
2026-02-13,2026-02-13 10:35:00,2026-02-13 10:35:00,OG,Backtest,AdxDiCrossBracketOG,OG_AdxDiCrossBracketOG,OG,NQ,NQ JUN26,LONG,1,25058.75,25127.00,1360.64,1356.28,271.3,WIN,TARGET_HIT,24987.50,1425.00,2026-05-07 09:21:39
2026-01-28,2026-01-28 11:20:00,2026-01-28 11:25:00,OG,Backtest,AdxDiCrossBracketOG,OG_AdxDiCrossBracketOG,OG,NQ,NQ JUN26,LONG,1,26393.75,26378.25,-314.36,-318.72,-63.7,LOSS,STOP_HIT,26363.25,610.00,2026-05-07 09:21:39
2026-03-24,2026-03-24 11:00:00,2026-03-24 11:00:00,OG,Backtest,AdxDiCrossBracketOG,OG_AdxDiCrossBracketOG,OG,NQ,NQ JUN26,LONG,1,24282.25,24217.00,-1309.36,-1313.72,-262.7,LOSS,STOP_HIT,24218.25,1280.00,2026-05-07 09:21:39
2026-02-17,2026-02-17 11:10:00,2026-02-17 11:10:00,OG,Backtest,AdxDiCrossBracketOG,OG_AdxDiCrossBracketOG,OG,NQ,NQ JUN26,LONG,1,24862.00,24927.25,1300.64,1296.28,259.3,WIN,TARGET_HIT,24793.75,1365.00,2026-05-07 09:21:39
2026-04-06,2026-04-06 10:55:00,2026-04-06 11:00:00,OG,Backtest,AdxDiCrossBracketOG,OG_AdxDiCrossBracketOG,OG,NQ,NQ JUN26,SHORT,1,24269.25,24322.25,-1064.36,-1068.72,-213.7,LOSS,STOP_HIT,24321.00,1035.00,2026-05-07 09:21:39
2026-02-13,2026-02-13 10:50:00,2026-02-13 11:05:00,OG,Backtest,AdxDiCrossBracketOG,OG_AdxDiCrossBracketOG,OG,NQ,NQ JUN26,SHORT,1,24982.25,25021.00,-779.36,-783.72,-156.7,LOSS,STOP_HIT,25055.00,1455.00,2026-05-07 09:21:39
2026-03-02,2026-03-02 11:15:00,2026-03-02 11:20:00,OG,Backtest,AdxDiCrossBracketOG,OG_AdxDiCrossBracketOG,OG,NQ,NQ JUN26,LONG,1,25187.75,25180.00,-159.36,-163.72,-32.7,LOSS,STOP_HIT,25129.50,1165.00,2026-05-07 09:21:39
2026-02-24,2026-02-24 10:10:00,2026-02-24 10:10:00,OG,Backtest,AdxDiCrossBracketOG,OG_AdxDiCrossBracketOG,OG,NQ,NQ JUN26,SHORT,1,25048.00,25093.50,-914.36,-918.72,-183.7,LOSS,STOP_HIT,25092.25,885.00,2026-05-07 09:21:39
2026-02-24,2026-02-24 09:50:00,2026-02-24 09:50:00,OG,Backtest,AdxDiCrossBracketOG,OG_AdxDiCrossBracketOG,OG,NQ,NQ JUN26,LONG,1,25121.25,25157.50,720.64,716.28,143.3,WIN,TARGET_HIT,25081.50,795.00,2026-05-07 09:21:39
2026-02-10,2026-02-10 09:45:00,2026-02-10 09:45:00,OG,Backtest,AdxDiCrossBracketOG,OG_AdxDiCrossBracketOG,OG,NQ,NQ JUN26,SHORT,1,25534.50,25512.25,440.64,436.28,87.3,WIN,TARGET_HIT,25559.75,505.00,2026-05-07 09:21:39
2026-02-24,2026-02-24 09:50:00,2026-02-24 09:50:00,OG,Backtest,AdxDiCrossBracketOG,OG_AdxDiCrossBracketOG,OG,NQ,NQ JUN26,LONG,1,25121.25,25157.50,720.64,716.28,143.3,WIN,TARGET_HIT,25081.50,795.00,2026-05-07 09:21:39
2026-04-02,2026-04-02 10:45:00,2026-04-02 10:45:00,OG,Backtest,AdxDiCrossBracketOG,OG_AdxDiCrossBracketOG,OG,NQ,NQ JUN26,LONG,1,24211.00,24133.25,-1559.36,-1563.72,-312.7,LOSS,STOP_HIT,24134.50,1530.00,2026-05-07 09:21:39
2026-03-03,2026-03-03 11:25:00,2026-03-03 11:40:00,OG,Backtest,AdxDiCrossBracketOG,OG_AdxDiCrossBracketOG,OG,NQ,NQ JUN26,LONG,1,24795.25,24816.50,420.64,416.28,83.3,WIN,STOP_HIT,24724.00,1425.00,2026-05-07 09:21:39
2026-04-06,2026-04-06 11:35:00,2026-04-06 11:50:00,OG,Backtest,AdxDiCrossBracketOG,OG_AdxDiCrossBracketOG,OG,NQ,NQ JUN26,SHORT,1,24280.00,24294.25,-289.36,-293.72,-58.7,LOSS,STOP_HIT,24325.50,910.00,2026-05-07 09:21:39
2026-02-24,2026-02-24 10:10:00,2026-02-24 10:10:00,OG,Backtest,AdxDiCrossBracketOG,OG_AdxDiCrossBracketOG,OG,NQ,NQ JUN26,SHORT,1,25048.00,25093.50,-914.36,-918.72,-183.7,LOSS,STOP_HIT,25092.25,885.00,2026-05-07 09:21:39
2026-02-11,2026-02-11 11:05:00,2026-02-11 11:10:00,OG,Backtest,AdxDiCrossBracketOG,OG_AdxDiCrossBracketOG,OG,NQ,NQ JUN26,LONG,1,25454.25,25417.50,-739.36,-743.72,-148.7,LOSS,STOP_HIT,25393.00,1225.00,2026-05-07 09:21:39
2026-03-03,2026-03-03 11:25:00,2026-03-03 11:40:00,OG,Backtest,AdxDiCrossBracketOG,OG_AdxDiCrossBracketOG,OG,NQ,NQ JUN26,LONG,1,24795.25,24816.50,420.64,416.28,83.3,WIN,STOP_HIT,24724.00,1425.00,2026-05-07 09:21:39
2026-04-02,2026-04-02 10:45:00,2026-04-02 10:45:00,OG,Backtest,AdxDiCrossBracketOG,OG_AdxDiCrossBracketOG,OG,NQ,NQ JUN26,LONG,1,24211.00,24133.25,-1559.36,-1563.72,-312.7,LOSS,STOP_HIT,24134.50,1530.00,2026-05-07 09:21:39
2026-02-11,2026-02-11 11:20:00,2026-02-11 11:25:00,OG,Backtest,AdxDiCrossBracketOG,OG_AdxDiCrossBracketOG,OG,NQ,NQ JUN26,LONG,1,25468.75,25457.00,-239.36,-243.72,-48.7,LOSS,STOP_HIT,25406.75,1240.00,2026-05-07 09:21:39
2026-03-27,2026-03-27 11:40:00,2026-03-27 11:45:00,OG,Backtest,AdxDiCrossBracketOG,OG_AdxDiCrossBracketOG,OG,NQ,NQ JUN26,LONG,1,23597.75,23540.25,-1154.36,-1158.72,-231.7,LOSS,STOP_HIT,23541.50,1125.00,2026-05-07 09:21:39
2026-04-07,2026-04-07 11:40:00,2026-04-07 12:00:00,OG,Backtest,AdxDiCrossBracketOG,OG_AdxDiCrossBracketOG,OG,NQ,NQ JUN26,LONG,1,24072.25,24117.50,900.64,896.28,179.3,WIN,TARGET_HIT,24025.00,945.00,2026-05-07 09:21:39
2026-02-11,2026-02-11 10:20:00,2026-02-11 10:20:00,OG,Backtest,AdxDiCrossBracketOG,OG_AdxDiCrossBracketOG,OG,NQ,NQ JUN26,SHORT,1,25395.25,25345.50,990.64,986.28,197.3,WIN,TARGET_HIT,25448.50,1065.00,2026-05-07 09:21:39
2026-03-17,2026-03-17 11:15:00,2026-03-17 11:20:00,OG,Backtest,AdxDiCrossBracketOG,OG_AdxDiCrossBracketOG,OG,NQ,NQ JUN26,SHORT,1,25019.75,25057.00,-749.36,-753.72,-150.7,LOSS,STOP_HIT,25056.25,730.00,2026-05-07 09:21:39
2026-03-13,2026-03-13 10:50:00,2026-03-13 10:50:00,OG,Backtest,AdxDiCrossBracketOG,OG_AdxDiCrossBracketOG,OG,NQ,NQ JUN26,SHORT,1,24804.25,24755.00,980.64,976.28,195.3,WIN,TARGET_HIT,24853.50,985.00,2026-05-07 09:21:39
2026-03-25,2026-03-25 11:20:00,2026-03-25 11:20:00,OG,Backtest,AdxDiCrossBracketOG,OG_AdxDiCrossBracketOG,OG,NQ,NQ JUN26,SHORT,1,24385.25,24336.50,970.64,966.28,193.3,WIN,TARGET_HIT,24438.00,1055.00,2026-05-07 09:21:39
2026-03-13,2026-03-13 10:50:00,2026-03-13 10:50:00,OG,Backtest,AdxDiCrossBracketOG,OG_AdxDiCrossBracketOG,OG,NQ,NQ JUN26,SHORT,1,24804.25,24755.00,980.64,976.28,195.3,WIN,TARGET_HIT,24853.50,985.00,2026-05-07 09:21:39
2026-03-09,2026-03-09 10:45:00,2026-03-09 10:50:00,OG,Backtest,AdxDiCrossBracketOG,OG_AdxDiCrossBracketOG,OG,NQ,NQ JUN26,LONG,1,24692.75,24762.25,1385.64,1381.28,276.3,WIN,TARGET_HIT,24622.25,1410.00,2026-05-07 09:21:39
2026-04-07,2026-04-07 11:40:00,2026-04-07 12:00:00,OG,Backtest,AdxDiCrossBracketOG,OG_AdxDiCrossBracketOG,OG,NQ,NQ JUN26,LONG,1,24072.25,24117.50,900.64,896.28,179.3,WIN,TARGET_HIT,24025.00,945.00,2026-05-07 09:21:39
2026-03-12,2026-03-12 11:50:00,2026-03-12 11:50:00,OG,Backtest,AdxDiCrossBracketOG,OG_AdxDiCrossBracketOG,OG,NQ,NQ JUN26,LONG,1,24898.75,24843.25,-1114.36,-1118.72,-223.7,LOSS,STOP_HIT,24844.50,1085.00,2026-05-07 09:21:39
2026-03-25,2026-03-25 11:20:00,2026-03-25 11:20:00,OG,Backtest,AdxDiCrossBracketOG,OG_AdxDiCrossBracketOG,OG,NQ,NQ JUN26,SHORT,1,24385.25,24336.50,970.64,966.28,193.3,WIN,TARGET_HIT,24438.00,1055.00,2026-05-07 09:21:39
2026-03-27,2026-03-27 11:40:00,2026-03-27 11:45:00,OG,Backtest,AdxDiCrossBracketOG,OG_AdxDiCrossBracketOG,OG,NQ,NQ JUN26,LONG,1,23597.75,23540.25,-1154.36,-1158.72,-231.7,LOSS,STOP_HIT,23541.50,1125.00,2026-05-07 09:21:39
2026-03-03,2026-03-03 11:25:00,2026-03-03 11:40:00,OG,Backtest,AdxDiCrossBracketOG,OG_AdxDiCrossBracketOG,OG,NQ,NQ JUN26,LONG,1,24795.25,24816.50,420.64,416.28,83.3,WIN,STOP_HIT,24724.00,1425.00,2026-05-07 09:21:39
2026-02-24,2026-02-24 10:10:00,2026-02-24 10:10:00,OG,Backtest,AdxDiCrossBracketOG,OG_AdxDiCrossBracketOG,OG,NQ,NQ JUN26,SHORT,1,25048.00,25093.50,-914.36,-918.72,-183.7,LOSS,STOP_HIT,25092.25,885.00,2026-05-07 09:21:39
2026-04-06,2026-04-06 11:35:00,2026-04-06 11:50:00,OG,Backtest,AdxDiCrossBracketOG,OG_AdxDiCrossBracketOG,OG,NQ,NQ JUN26,SHORT,1,24280.00,24294.25,-289.36,-293.72,-58.7,LOSS,STOP_HIT,24325.50,910.00,2026-05-07 09:21:39
2026-04-06,2026-04-06 10:55:00,2026-04-06 11:00:00,OG,Backtest,AdxDiCrossBracketOG,OG_AdxDiCrossBracketOG,OG,NQ,NQ JUN26,SHORT,1,24269.25,24322.25,-1064.36,-1068.72,-213.7,LOSS,STOP_HIT,24321.00,1035.00,2026-05-07 09:21:39
2026-03-25,2026-03-25 11:20:00,2026-03-25 11:20:00,OG,Backtest,AdxDiCrossBracketOG,OG_AdxDiCrossBracketOG,OG,NQ,NQ JUN26,SHORT,1,24385.25,24336.50,970.64,966.28,193.3,WIN,TARGET_HIT,24438.00,1055.00,2026-05-07 09:21:39
2026-04-06,2026-04-06 10:55:00,2026-04-06 11:00:00,OG,Backtest,AdxDiCrossBracketOG,OG_AdxDiCrossBracketOG,OG,NQ,NQ JUN26,SHORT,1,24269.25,24322.25,-1064.36,-1068.72,-213.7,LOSS,STOP_HIT,24321.00,1035.00,2026-05-07 09:21:39
2026-04-06,2026-04-06 11:35:00,2026-04-06 11:50:00,OG,Backtest,AdxDiCrossBracketOG,OG_AdxDiCrossBracketOG,OG,NQ,NQ JUN26,SHORT,1,24280.00,24294.25,-289.36,-293.72,-58.7,LOSS,STOP_HIT,24325.50,910.00,2026-05-07 09:21:39
2026-04-10,2026-04-10 11:45:00,2026-04-10 12:00:00,OG,Backtest,AdxDiCrossBracketOG,OG_AdxDiCrossBracketOG,OG,NQ,NQ JUN26,SHORT,1,25300.75,25269.75,615.64,611.28,122.3,WIN,TARGET_HIT,25334.25,670.00,2026-05-07 09:21:39
2026-04-06,2026-04-06 11:35:00,2026-04-06 11:50:00,OG,Backtest,AdxDiCrossBracketOG,OG_AdxDiCrossBracketOG,OG,NQ,NQ JUN26,SHORT,1,24280.00,24294.25,-289.36,-293.72,-58.7,LOSS,STOP_HIT,24325.50,910.00,2026-05-07 09:21:40
2026-04-06,2026-04-06 11:05:00,2026-04-06 11:25:00,OG,Backtest,AdxDiCrossBracketOG,OG_AdxDiCrossBracketOG,OG,NQ,NQ JUN26,LONG,1,24307.50,24291.25,-329.36,-333.72,-66.7,LOSS,STOP_HIT,24255.50,1040.00,2026-05-07 09:21:40
2026-03-12,2026-03-12 11:50:00,2026-03-12 11:50:00,OG,Backtest,AdxDiCrossBracketOG,OG_AdxDiCrossBracketOG,OG,NQ,NQ JUN26,LONG,1,24898.75,24843.25,-1114.36,-1118.72,-223.7,LOSS,STOP_HIT,24844.50,1085.00,2026-05-07 09:21:40
2026-03-24,2026-03-24 11:00:00,2026-03-24 11:00:00,OG,Backtest,AdxDiCrossBracketOG,OG_AdxDiCrossBracketOG,OG,NQ,NQ JUN26,LONG,1,24282.25,24217.00,-1309.36,-1313.72,-262.7,LOSS,STOP_HIT,24218.25,1280.00,2026-05-07 09:21:40
2026-04-07,2026-04-07 11:40:00,2026-04-07 12:00:00,OG,Backtest,AdxDiCrossBracketOG,OG_AdxDiCrossBracketOG,OG,NQ,NQ JUN26,LONG,1,24072.25,24117.50,900.64,896.28,179.3,WIN,TARGET_HIT,24025.00,945.00,2026-05-07 09:21:40
2026-03-25,2026-03-25 11:20:00,2026-03-25 11:20:00,OG,Backtest,AdxDiCrossBracketOG,OG_AdxDiCrossBracketOG,OG,NQ,NQ JUN26,SHORT,1,24385.25,24336.50,970.64,966.28,193.3,WIN,TARGET_HIT,24438.00,1055.00,2026-05-07 09:21:40
2026-04-07,2026-04-07 11:40:00,2026-04-07 12:00:00,OG,Backtest,AdxDiCrossBracketOG,OG_AdxDiCrossBracketOG,OG,NQ,NQ JUN26,LONG,1,24072.25,24117.50,900.64,896.28,179.3,WIN,TARGET_HIT,24025.00,945.00,2026-05-07 09:21:40
2026-03-27,2026-03-27 11:40:00,2026-03-27 11:45:00,OG,Backtest,AdxDiCrossBracketOG,OG_AdxDiCrossBracketOG,OG,NQ,NQ JUN26,LONG,1,23597.75,23540.25,-1154.36,-1158.72,-231.7,LOSS,STOP_HIT,23541.50,1125.00,2026-05-07 09:21:40
2026-04-10,2026-04-10 11:45:00,2026-04-10 12:00:00,OG,Backtest,AdxDiCrossBracketOG,OG_AdxDiCrossBracketOG,OG,NQ,NQ JUN26,SHORT,1,25300.75,25269.75,615.64,611.28,122.3,WIN,TARGET_HIT,25334.25,670.00,2026-05-07 09:21:40
2026-04-02,2026-04-02 10:45:00,2026-04-02 10:45:00,OG,Backtest,AdxDiCrossBracketOG,OG_AdxDiCrossBracketOG,OG,NQ,NQ JUN26,LONG,1,24211.00,24133.25,-1559.36,-1563.72,-312.7,LOSS,STOP_HIT,24134.50,1530.00,2026-05-07 09:21:40
2026-03-27,2026-03-27 11:40:00,2026-03-27 11:45:00,OG,Backtest,AdxDiCrossBracketOG,OG_AdxDiCrossBracketOG,OG,NQ,NQ JUN26,LONG,1,23597.75,23540.25,-1154.36,-1158.72,-231.7,LOSS,STOP_HIT,23541.50,1125.00,2026-05-07 09:21:40
2026-04-10,2026-04-10 11:45:00,2026-04-10 12:00:00,OG,Backtest,AdxDiCrossBracketOG,OG_AdxDiCrossBracketOG,OG,NQ,NQ JUN26,SHORT,1,25300.75,25269.75,615.64,611.28,122.3,WIN,TARGET_HIT,25334.25,670.00,2026-05-07 09:21:40
2026-04-02,2026-04-02 10:45:00,2026-04-02 10:45:00,OG,Backtest,AdxDiCrossBracketOG,OG_AdxDiCrossBracketOG,OG,NQ,NQ JUN26,LONG,1,24211.00,24133.25,-1559.36,-1563.72,-312.7,LOSS,STOP_HIT,24134.50,1530.00,2026-05-07 09:21:40
2026-04-06,2026-04-06 10:55:00,2026-04-06 11:00:00,OG,Backtest,AdxDiCrossBracketOG,OG_AdxDiCrossBracketOG,OG,NQ,NQ JUN26,SHORT,1,24269.25,24322.25,-1064.36,-1068.72,-213.7,LOSS,STOP_HIT,24321.00,1035.00,2026-05-07 09:21:40
2026-04-06,2026-04-06 11:05:00,2026-04-06 11:25:00,OG,Backtest,AdxDiCrossBracketOG,OG_AdxDiCrossBracketOG,OG,NQ,NQ JUN26,LONG,1,24307.50,24291.25,-329.36,-333.72,-66.7,LOSS,STOP_HIT,24255.50,1040.00,2026-05-07 09:21:40
2026-04-06,2026-04-06 11:35:00,2026-04-06 11:50:00,OG,Backtest,AdxDiCrossBracketOG,OG_AdxDiCrossBracketOG,OG,NQ,NQ JUN26,SHORT,1,24280.00,24294.25,-289.36,-293.72,-58.7,LOSS,STOP_HIT,24325.50,910.00,2026-05-07 09:21:40
2026-04-07,2026-04-07 11:40:00,2026-04-07 12:00:00,OG,Backtest,AdxDiCrossBracketOG,OG_AdxDiCrossBracketOG,OG,NQ,NQ JUN26,LONG,1,24072.25,24117.50,900.64,896.28,179.3,WIN,TARGET_HIT,24025.00,945.00,2026-05-07 09:21:40
2026-04-10,2026-04-10 11:45:00,2026-04-10 12:00:00,OG,Backtest,AdxDiCrossBracketOG,OG_AdxDiCrossBracketOG,OG,NQ,NQ JUN26,SHORT,1,25300.75,25269.75,615.64,611.28,122.3,WIN,TARGET_HIT,25334.25,670.00,2026-05-07 09:21:40
2026-04-21,2026-04-21 10:51:00,2026-04-21 11:00:00,OG,Backtest,AdxDiCrossBracketOG,OG_AdxDiCrossBracketOG,OG,NQ,NQ JUN26,SHORT,1,26794.50,26762.75,630.64,626.28,125.3,WIN,TARGET_HIT,26827.25,655.00,2026-05-07 09:28:21
2026-04-21,2026-04-21 10:51:00,2026-04-21 11:00:00,OG,Backtest,AdxDiCrossBracketOG,OG_AdxDiCrossBracketOG,OG,NQ,NQ JUN26,SHORT,1,26794.50,26762.75,630.64,626.28,125.3,WIN,TARGET_HIT,26827.25,655.00,2026-05-07 09:28:21
2026-05-01,2026-05-01 10:42:00,2026-05-01 10:45:00,OG,Backtest,AdxDiCrossBracketOG,OG_AdxDiCrossBracketOG,OG,NQ,NQ JUN26,SHORT,1,27791.50,27826.25,-699.36,-703.72,-140.7,LOSS,STOP_HIT,27825.75,685.00,2026-05-07 09:28:21
2026-05-01,2026-05-01 10:42:00,2026-05-01 10:45:00,OG,Backtest,AdxDiCrossBracketOG,OG_AdxDiCrossBracketOG,OG,NQ,NQ JUN26,SHORT,1,27791.50,27826.25,-699.36,-703.72,-140.7,LOSS,STOP_HIT,27825.75,685.00,2026-05-07 09:28:21
2026-04-29,2026-04-29 11:15:00,2026-04-29 11:21:00,OG,Backtest,AdxDiCrossBracketOG,OG_AdxDiCrossBracketOG,OG,NQ,NQ JUN26,SHORT,1,27236.75,27262.75,-524.36,-528.72,-105.7,LOSS,STOP_HIT,27262.25,510.00,2026-05-07 09:28:21
2026-05-01,2026-05-01 11:00:00,2026-05-01 11:03:00,OG,Backtest,AdxDiCrossBracketOG,OG_AdxDiCrossBracketOG,OG,NQ,NQ JUN26,LONG,1,27833.00,27796.50,-734.36,-738.72,-147.7,LOSS,STOP_HIT,27797.00,720.00,2026-05-07 09:28:21
2026-05-01,2026-05-01 11:00:00,2026-05-01 11:03:00,OG,Backtest,AdxDiCrossBracketOG,OG_AdxDiCrossBracketOG,OG,NQ,NQ JUN26,LONG,1,27833.00,27796.50,-734.36,-738.72,-147.7,LOSS,STOP_HIT,27797.00,720.00,2026-05-07 09:28:21
2026-05-04,2026-05-04 11:03:00,2026-05-04 11:03:00,OG,Backtest,AdxDiCrossBracketOG,OG_AdxDiCrossBracketOG,OG,NQ,NQ JUN26,SHORT,1,27881.50,27909.75,-569.36,-573.72,-114.7,LOSS,STOP_HIT,27909.25,555.00,2026-05-07 09:28:21
2026-04-29,2026-04-29 11:27:00,2026-04-29 11:33:00,OG,Backtest,AdxDiCrossBracketOG,OG_AdxDiCrossBracketOG,OG,NQ,NQ JUN26,LONG,1,27267.25,27274.75,145.64,141.28,28.3,WIN,STOP_HIT,27242.75,490.00,2026-05-07 09:28:21
2026-04-29,2026-04-29 11:15:00,2026-04-29 11:21:00,OG,Backtest,AdxDiCrossBracketOG,OG_AdxDiCrossBracketOG,OG,NQ,NQ JUN26,SHORT,1,27236.75,27262.75,-524.36,-528.72,-105.7,LOSS,STOP_HIT,27262.25,510.00,2026-05-07 09:28:21
2026-05-01,2026-05-01 11:06:00,2026-05-01 11:12:00,OG,Backtest,AdxDiCrossBracketOG,OG_AdxDiCrossBracketOG,OG,NQ,NQ JUN26,SHORT,1,27786.00,27809.25,-469.36,-473.72,-94.7,LOSS,STOP_HIT,27821.75,715.00,2026-05-07 09:28:21
2026-05-01,2026-05-01 10:48:00,2026-05-01 10:54:00,OG,Backtest,AdxDiCrossBracketOG,OG_AdxDiCrossBracketOG,OG,NQ,NQ JUN26,LONG,1,27817.25,27799.00,-369.36,-373.72,-74.7,LOSS,STOP_HIT,27781.25,720.00,2026-05-07 09:28:21
2026-05-04,2026-05-04 11:03:00,2026-05-04 11:03:00,OG,Backtest,AdxDiCrossBracketOG,OG_AdxDiCrossBracketOG,OG,NQ,NQ JUN26,SHORT,1,27881.50,27909.75,-569.36,-573.72,-114.7,LOSS,STOP_HIT,27909.25,555.00,2026-05-07 09:28:21
2026-05-01,2026-05-01 11:00:00,2026-05-01 11:03:00,OG,Backtest,AdxDiCrossBracketOG,OG_AdxDiCrossBracketOG,OG,NQ,NQ JUN26,LONG,1,27833.00,27796.50,-734.36,-738.72,-147.7,LOSS,STOP_HIT,27797.00,720.00,2026-05-07 09:28:21
2026-04-29,2026-04-29 11:27:00,2026-04-29 11:33:00,OG,Backtest,AdxDiCrossBracketOG,OG_AdxDiCrossBracketOG,OG,NQ,NQ JUN26,LONG,1,27267.25,27274.75,145.64,141.28,28.3,WIN,STOP_HIT,27242.75,490.00,2026-05-07 09:28:21
2026-05-01,2026-05-01 10:42:00,2026-05-01 10:45:00,OG,Backtest,AdxDiCrossBracketOG,OG_AdxDiCrossBracketOG,OG,NQ,NQ JUN26,SHORT,1,27791.50,27826.25,-699.36,-703.72,-140.7,LOSS,STOP_HIT,27825.75,685.00,2026-05-07 09:28:21
2026-05-01,2026-05-01 10:48:00,2026-05-01 10:54:00,OG,Backtest,AdxDiCrossBracketOG,OG_AdxDiCrossBracketOG,OG,NQ,NQ JUN26,LONG,1,27817.25,27799.00,-369.36,-373.72,-74.7,LOSS,STOP_HIT,27781.25,720.00,2026-05-07 09:28:21
2026-05-01,2026-05-01 10:42:00,2026-05-01 10:45:00,OG,Backtest,AdxDiCrossBracketOG,OG_AdxDiCrossBracketOG,OG,NQ,NQ JUN26,SHORT,1,27791.50,27826.25,-699.36,-703.72,-140.7,LOSS,STOP_HIT,27825.75,685.00,2026-05-07 09:28:21
2026-05-01,2026-05-01 11:18:00,2026-05-01 11:27:00,OG,Backtest,AdxDiCrossBracketOG,OG_AdxDiCrossBracketOG,OG,NQ,NQ JUN26,LONG,1,27837.25,27870.00,650.64,646.28,129.3,WIN,TARGET_HIT,27804.00,665.00,2026-05-07 09:28:21
2026-05-01,2026-05-01 11:00:00,2026-05-01 11:03:00,OG,Backtest,AdxDiCrossBracketOG,OG_AdxDiCrossBracketOG,OG,NQ,NQ JUN26,LONG,1,27833.00,27796.50,-734.36,-738.72,-147.7,LOSS,STOP_HIT,27797.00,720.00,2026-05-07 09:28:21
2026-05-01,2026-05-01 11:06:00,2026-05-01 11:12:00,OG,Backtest,AdxDiCrossBracketOG,OG_AdxDiCrossBracketOG,OG,NQ,NQ JUN26,SHORT,1,27786.00,27809.25,-469.36,-473.72,-94.7,LOSS,STOP_HIT,27821.75,715.00,2026-05-07 09:28:21
2026-05-01,2026-05-01 11:06:00,2026-05-01 11:12:00,OG,Backtest,AdxDiCrossBracketOG,OG_AdxDiCrossBracketOG,OG,NQ,NQ JUN26,SHORT,1,27786.00,27809.25,-469.36,-473.72,-94.7,LOSS,STOP_HIT,27821.75,715.00,2026-05-07 09:28:21
2026-05-01,2026-05-01 11:18:00,2026-05-01 11:27:00,OG,Backtest,AdxDiCrossBracketOG,OG_AdxDiCrossBracketOG,OG,NQ,NQ JUN26,LONG,1,27837.25,27870.00,650.64,646.28,129.3,WIN,TARGET_HIT,27804.00,665.00,2026-05-07 09:28:21
2026-05-01,2026-05-01 11:18:00,2026-05-01 11:27:00,OG,Backtest,AdxDiCrossBracketOG,OG_AdxDiCrossBracketOG,OG,NQ,NQ JUN26,LONG,1,27837.25,27870.00,650.64,646.28,129.3,WIN,TARGET_HIT,27804.00,665.00,2026-05-07 09:28:21
2026-05-04,2026-05-04 11:03:00,2026-05-04 11:03:00,OG,Backtest,AdxDiCrossBracketOG,OG_AdxDiCrossBracketOG,OG,NQ,NQ JUN26,SHORT,1,27881.50,27909.75,-569.36,-573.72,-114.7,LOSS,STOP_HIT,27909.25,555.00,2026-05-07 09:28:21
2026-05-04,2026-05-04 11:03:00,2026-05-04 11:03:00,OG,Backtest,AdxDiCrossBracketOG,OG_AdxDiCrossBracketOG,OG,NQ,NQ JUN26,SHORT,1,27881.50,27909.75,-569.36,-573.72,-114.7,LOSS,STOP_HIT,27909.25,555.00,2026-05-07 09:28:21
2026-05-06,2026-05-06 11:48:00,2026-05-06 11:51:00,OG,Backtest,AdxDiCrossBracketOG,OG_AdxDiCrossBracketOG,OG,NQ,NQ JUN26,SHORT,1,28556.50,28567.00,-214.36,-218.72,-43.7,LOSS,STOP_HIT,28582.00,510.00,2026-05-07 09:28:21
2026-04-21,2026-04-21 10:51:00,2026-04-21 11:00:00,OG,Backtest,AdxDiCrossBracketOG,OG_AdxDiCrossBracketOG,OG,NQ,NQ JUN26,SHORT,1,26794.50,26762.75,630.64,626.28,125.3,WIN,TARGET_HIT,26827.25,655.00,2026-05-07 09:28:21
2026-04-29,2026-04-29 11:15:00,2026-04-29 11:21:00,OG,Backtest,AdxDiCrossBracketOG,OG_AdxDiCrossBracketOG,OG,NQ,NQ JUN26,SHORT,1,27236.75,27262.75,-524.36,-528.72,-105.7,LOSS,STOP_HIT,27262.25,510.00,2026-05-07 09:28:21
2026-04-29,2026-04-29 11:27:00,2026-04-29 11:33:00,OG,Backtest,AdxDiCrossBracketOG,OG_AdxDiCrossBracketOG,OG,NQ,NQ JUN26,LONG,1,27267.25,27274.75,145.64,141.28,28.3,WIN,STOP_HIT,27242.75,490.00,2026-05-07 09:28:21
2026-05-01,2026-05-01 10:42:00,2026-05-01 10:45:00,OG,Backtest,AdxDiCrossBracketOG,OG_AdxDiCrossBracketOG,OG,NQ,NQ JUN26,SHORT,1,27791.50,27826.25,-699.36,-703.72,-140.7,LOSS,STOP_HIT,27825.75,685.00,2026-05-07 09:28:21
2026-05-01,2026-05-01 10:48:00,2026-05-01 10:54:00,OG,Backtest,AdxDiCrossBracketOG,OG_AdxDiCrossBracketOG,OG,NQ,NQ JUN26,LONG,1,27817.25,27799.00,-369.36,-373.72,-74.7,LOSS,STOP_HIT,27781.25,720.00,2026-05-07 09:28:21
2026-05-01,2026-05-01 11:00:00,2026-05-01 11:03:00,OG,Backtest,AdxDiCrossBracketOG,OG_AdxDiCrossBracketOG,OG,NQ,NQ JUN26,LONG,1,27833.00,27796.50,-734.36,-738.72,-147.7,LOSS,STOP_HIT,27797.00,720.00,2026-05-07 09:28:21
2026-04-29,2026-04-29 11:15:00,2026-04-29 11:21:00,OG,Backtest,AdxDiCrossBracketOG,OG_AdxDiCrossBracketOG,OG,NQ,NQ JUN26,SHORT,1,27236.75,27262.75,-524.36,-528.72,-105.7,LOSS,STOP_HIT,27262.25,510.00,2026-05-07 09:28:21
2026-04-29,2026-04-29 11:27:00,2026-04-29 11:33:00,OG,Backtest,AdxDiCrossBracketOG,OG_AdxDiCrossBracketOG,OG,NQ,NQ JUN26,LONG,1,27267.25,27274.75,145.64,141.28,28.3,WIN,STOP_HIT,27242.75,490.00,2026-05-07 09:28:21
2026-05-01,2026-05-01 10:48:00,2026-05-01 10:54:00,OG,Backtest,AdxDiCrossBracketOG,OG_AdxDiCrossBracketOG,OG,NQ,NQ JUN26,LONG,1,27817.25,27799.00,-369.36,-373.72,-74.7,LOSS,STOP_HIT,27781.25,720.00,2026-05-07 09:28:21
2026-05-01,2026-05-01 11:06:00,2026-05-01 11:15:00,OG,Backtest,AdxDiCrossBracketOG,OG_AdxDiCrossBracketOG,OG,NQ,NQ JUN26,SHORT,1,27786.00,27815.00,-584.36,-588.72,-117.7,LOSS,STOP_HIT,27821.75,715.00,2026-05-07 09:28:21
2026-05-04,2026-05-04 11:03:00,2026-05-04 11:03:00,OG,Backtest,AdxDiCrossBracketOG,OG_AdxDiCrossBracketOG,OG,NQ,NQ JUN26,SHORT,1,27881.50,27909.75,-569.36,-573.72,-114.7,LOSS,STOP_HIT,27909.25,555.00,2026-05-07 09:28:21
2026-05-06,2026-05-06 11:48:00,2026-05-06 11:51:00,OG,Backtest,AdxDiCrossBracketOG,OG_AdxDiCrossBracketOG,OG,NQ,NQ JUN26,SHORT,1,28556.50,28567.00,-214.36,-218.72,-43.7,LOSS,STOP_HIT,28582.00,510.00,2026-05-07 09:28:21
2026-05-01,2026-05-01 10:42:00,2026-05-01 10:45:00,OG,Backtest,AdxDiCrossBracketOG,OG_AdxDiCrossBracketOG,OG,NQ,NQ JUN26,SHORT,1,27791.50,27826.25,-699.36,-703.72,-140.7,LOSS,STOP_HIT,27825.75,685.00,2026-05-07 09:28:21
2026-04-21,2026-04-21 10:51:00,2026-04-21 11:00:00,OG,Backtest,AdxDiCrossBracketOG,OG_AdxDiCrossBracketOG,OG,NQ,NQ JUN26,SHORT,1,26794.50,26762.75,630.64,626.28,125.3,WIN,TARGET_HIT,26827.25,655.00,2026-05-07 09:28:21
2026-04-29,2026-04-29 11:27:00,2026-04-29 11:33:00,OG,Backtest,AdxDiCrossBracketOG,OG_AdxDiCrossBracketOG,OG,NQ,NQ JUN26,LONG,1,27267.25,27274.75,145.64,141.28,28.3,WIN,STOP_HIT,27242.75,490.00,2026-05-07 09:28:21
2026-05-04,2026-05-04 11:03:00,2026-05-04 11:03:00,OG,Backtest,AdxDiCrossBracketOG,OG_AdxDiCrossBracketOG,OG,NQ,NQ JUN26,SHORT,1,27881.50,27909.75,-569.36,-573.72,-114.7,LOSS,STOP_HIT,27909.25,555.00,2026-05-07 09:28:21
2026-05-01,2026-05-01 11:06:00,2026-05-01 11:15:00,OG,Backtest,AdxDiCrossBracketOG,OG_AdxDiCrossBracketOG,OG,NQ,NQ JUN26,SHORT,1,27786.00,27815.00,-584.36,-588.72,-117.7,LOSS,STOP_HIT,27821.75,715.00,2026-05-07 09:28:21
2026-04-21,2026-04-21 10:51:00,2026-04-21 11:00:00,OG,Backtest,AdxDiCrossBracketOG,OG_AdxDiCrossBracketOG,OG,NQ,NQ JUN26,SHORT,1,26794.50,26762.75,630.64,626.28,125.3,WIN,TARGET_HIT,26827.25,655.00,2026-05-07 09:28:21
2026-04-21,2026-04-21 10:51:00,2026-04-21 11:00:00,OG,Backtest,AdxDiCrossBracketOG,OG_AdxDiCrossBracketOG,OG,NQ,NQ JUN26,SHORT,1,26794.50,26762.75,630.64,626.28,125.3,WIN,TARGET_HIT,26827.25,655.00,2026-05-07 09:28:21
2026-04-21,2026-04-21 10:51:00,2026-04-21 11:00:00,OG,Backtest,AdxDiCrossBracketOG,OG_AdxDiCrossBracketOG,OG,NQ,NQ JUN26,SHORT,1,26794.50,26762.75,630.64,626.28,125.3,WIN,TARGET_HIT,26827.25,655.00,2026-05-07 09:28:21
2026-05-01,2026-05-01 10:42:00,2026-05-01 10:45:00,OG,Backtest,AdxDiCrossBracketOG,OG_AdxDiCrossBracketOG,OG,NQ,NQ JUN26,SHORT,1,27791.50,27826.25,-699.36,-703.72,-140.7,LOSS,STOP_HIT,27825.75,685.00,2026-05-07 09:28:21
2026-04-29,2026-04-29 11:27:00,2026-04-29 11:33:00,OG,Backtest,AdxDiCrossBracketOG,OG_AdxDiCrossBracketOG,OG,NQ,NQ JUN26,LONG,1,27267.25,27274.75,145.64,141.28,28.3,WIN,STOP_HIT,27242.75,490.00,2026-05-07 09:28:21
2026-04-29,2026-04-29 11:27:00,2026-04-29 11:33:00,OG,Backtest,AdxDiCrossBracketOG,OG_AdxDiCrossBracketOG,OG,NQ,NQ JUN26,LONG,1,27267.25,27274.75,145.64,141.28,28.3,WIN,STOP_HIT,27242.75,490.00,2026-05-07 09:28:21
2026-05-04,2026-05-04 11:03:00,2026-05-04 11:03:00,OG,Backtest,AdxDiCrossBracketOG,OG_AdxDiCrossBracketOG,OG,NQ,NQ JUN26,SHORT,1,27881.50,27909.75,-569.36,-573.72,-114.7,LOSS,STOP_HIT,27909.25,555.00,2026-05-07 09:28:21
2026-05-04,2026-05-04 11:03:00,2026-05-04 11:03:00,OG,Backtest,AdxDiCrossBracketOG,OG_AdxDiCrossBracketOG,OG,NQ,NQ JUN26,SHORT,1,27881.50,27909.75,-569.36,-573.72,-114.7,LOSS,STOP_HIT,27909.25,555.00,2026-05-07 09:28:21
2026-05-01,2026-05-01 10:42:00,2026-05-01 10:45:00,OG,Backtest,AdxDiCrossBracketOG,OG_AdxDiCrossBracketOG,OG,NQ,NQ JUN26,SHORT,1,27791.50,27826.25,-699.36,-703.72,-140.7,LOSS,STOP_HIT,27825.75,685.00,2026-05-07 09:28:21
2026-05-01,2026-05-01 11:18:00,2026-05-01 11:27:00,OG,Backtest,AdxDiCrossBracketOG,OG_AdxDiCrossBracketOG,OG,NQ,NQ JUN26,LONG,1,27837.25,27870.00,650.64,646.28,129.3,WIN,TARGET_HIT,27804.00,665.00,2026-05-07 09:28:21
2026-05-01,2026-05-01 10:48:00,2026-05-01 10:54:00,OG,Backtest,AdxDiCrossBracketOG,OG_AdxDiCrossBracketOG,OG,NQ,NQ JUN26,LONG,1,27817.25,27799.00,-369.36,-373.72,-74.7,LOSS,STOP_HIT,27781.25,720.00,2026-05-07 09:28:21
2026-04-21,2026-04-21 10:51:00,2026-04-21 11:00:00,OG,Backtest,AdxDiCrossBracketOG,OG_AdxDiCrossBracketOG,OG,NQ,NQ JUN26,SHORT,1,26794.50,26762.75,630.64,626.28,125.3,WIN,TARGET_HIT,26827.25,655.00,2026-05-07 09:28:21
2026-05-01,2026-05-01 11:06:00,2026-05-01 11:15:00,OG,Backtest,AdxDiCrossBracketOG,OG_AdxDiCrossBracketOG,OG,NQ,NQ JUN26,SHORT,1,27786.00,27815.00,-584.36,-588.72,-117.7,LOSS,STOP_HIT,27821.75,715.00,2026-05-07 09:28:21
2026-05-01,2026-05-01 11:00:00,2026-05-01 11:03:00,OG,Backtest,AdxDiCrossBracketOG,OG_AdxDiCrossBracketOG,OG,NQ,NQ JUN26,LONG,1,27833.00,27796.50,-734.36,-738.72,-147.7,LOSS,STOP_HIT,27797.00,720.00,2026-05-07 09:28:21
2026-05-04,2026-05-04 11:03:00,2026-05-04 11:03:00,OG,Backtest,AdxDiCrossBracketOG,OG_AdxDiCrossBracketOG,OG,NQ,NQ JUN26,SHORT,1,27881.50,27909.75,-569.36,-573.72,-114.7,LOSS,STOP_HIT,27909.25,555.00,2026-05-07 09:28:21
2026-05-04,2026-05-04 11:03:00,2026-05-04 11:03:00,OG,Backtest,AdxDiCrossBracketOG,OG_AdxDiCrossBracketOG,OG,NQ,NQ JUN26,SHORT,1,27881.50,27909.75,-569.36,-573.72,-114.7,LOSS,STOP_HIT,27909.25,555.00,2026-05-07 09:28:21
2026-05-06,2026-05-06 11:48:00,2026-05-06 11:51:00,OG,Backtest,AdxDiCrossBracketOG,OG_AdxDiCrossBracketOG,OG,NQ,NQ JUN26,SHORT,1,28556.50,28567.00,-214.36,-218.72,-43.7,LOSS,STOP_HIT,28582.00,510.00,2026-05-07 09:28:21
2026-05-04,2026-05-04 11:03:00,2026-05-04 11:03:00,OG,Backtest,AdxDiCrossBracketOG,OG_AdxDiCrossBracketOG,OG,NQ,NQ JUN26,SHORT,1,27881.50,27909.75,-569.36,-573.72,-114.7,LOSS,STOP_HIT,27909.25,555.00,2026-05-07 09:28:21
2026-05-01,2026-05-01 11:18:00,2026-05-01 11:27:00,OG,Backtest,AdxDiCrossBracketOG,OG_AdxDiCrossBracketOG,OG,NQ,NQ JUN26,LONG,1,27837.25,27870.00,650.64,646.28,129.3,WIN,TARGET_HIT,27804.00,665.00,2026-05-07 09:28:21
2026-04-29,2026-04-29 11:27:00,2026-04-29 11:33:00,OG,Backtest,AdxDiCrossBracketOG,OG_AdxDiCrossBracketOG,OG,NQ,NQ JUN26,LONG,1,27267.25,27274.75,145.64,141.28,28.3,WIN,STOP_HIT,27242.75,490.00,2026-05-07 09:28:21
2026-05-01,2026-05-01 11:18:00,2026-05-01 11:27:00,OG,Backtest,AdxDiCrossBracketOG,OG_AdxDiCrossBracketOG,OG,NQ,NQ JUN26,LONG,1,27837.25,27870.00,650.64,646.28,129.3,WIN,TARGET_HIT,27804.00,665.00,2026-05-07 09:28:21
2026-04-21,2026-04-21 10:51:00,2026-04-21 11:00:00,OG,Backtest,AdxDiCrossBracketOG,OG_AdxDiCrossBracketOG,OG,NQ,NQ JUN26,SHORT,1,26794.50,26762.75,630.64,626.28,125.3,WIN,TARGET_HIT,26827.25,655.00,2026-05-07 09:28:21
2026-04-29,2026-04-29 11:15:00,2026-04-29 11:21:00,OG,Backtest,AdxDiCrossBracketOG,OG_AdxDiCrossBracketOG,OG,NQ,NQ JUN26,SHORT,1,27236.75,27262.75,-524.36,-528.72,-105.7,LOSS,STOP_HIT,27262.25,510.00,2026-05-07 09:28:21
2026-05-01,2026-05-01 11:00:00,2026-05-01 11:03:00,OG,Backtest,AdxDiCrossBracketOG,OG_AdxDiCrossBracketOG,OG,NQ,NQ JUN26,LONG,1,27833.00,27796.50,-734.36,-738.72,-147.7,LOSS,STOP_HIT,27797.00,720.00,2026-05-07 09:28:21
2026-04-21,2026-04-21 10:51:00,2026-04-21 11:00:00,OG,Backtest,AdxDiCrossBracketOG,OG_AdxDiCrossBracketOG,OG,NQ,NQ JUN26,SHORT,1,26794.50,26762.75,630.64,626.28,125.3,WIN,TARGET_HIT,26827.25,655.00,2026-05-07 09:28:21
2026-05-06,2026-05-06 11:48:00,2026-05-06 11:51:00,OG,Backtest,AdxDiCrossBracketOG,OG_AdxDiCrossBracketOG,OG,NQ,NQ JUN26,SHORT,1,28556.50,28567.00,-214.36,-218.72,-43.7,LOSS,STOP_HIT,28582.00,510.00,2026-05-07 09:28:21
2026-05-01,2026-05-01 10:42:00,2026-05-01 10:45:00,OG,Backtest,AdxDiCrossBracketOG,OG_AdxDiCrossBracketOG,OG,NQ,NQ JUN26,SHORT,1,27791.50,27826.25,-699.36,-703.72,-140.7,LOSS,STOP_HIT,27825.75,685.00,2026-05-07 09:28:21
2026-05-04,2026-05-04 11:03:00,2026-05-04 11:03:00,OG,Backtest,AdxDiCrossBracketOG,OG_AdxDiCrossBracketOG,OG,NQ,NQ JUN26,SHORT,1,27881.50,27909.75,-569.36,-573.72,-114.7,LOSS,STOP_HIT,27909.25,555.00,2026-05-07 09:28:21
2026-05-01,2026-05-01 11:06:00,2026-05-01 11:15:00,OG,Backtest,AdxDiCrossBracketOG,OG_AdxDiCrossBracketOG,OG,NQ,NQ JUN26,SHORT,1,27786.00,27822.25,-729.36,-733.72,-146.7,LOSS,STOP_HIT,27821.75,715.00,2026-05-07 09:28:21
2026-04-29,2026-04-29 11:15:00,2026-04-29 11:21:00,OG,Backtest,AdxDiCrossBracketOG,OG_AdxDiCrossBracketOG,OG,NQ,NQ JUN26,SHORT,1,27236.75,27262.75,-524.36,-528.72,-105.7,LOSS,STOP_HIT,27262.25,510.00,2026-05-07 09:28:22
2026-04-21,2026-04-21 10:51:00,2026-04-21 11:00:00,OG,Backtest,AdxDiCrossBracketOG,OG_AdxDiCrossBracketOG,OG,NQ,NQ JUN26,SHORT,1,26794.50,26762.75,630.64,626.28,125.3,WIN,TARGET_HIT,26827.25,655.00,2026-05-07 09:28:22
2026-04-29,2026-04-29 11:27:00,2026-04-29 11:33:00,OG,Backtest,AdxDiCrossBracketOG,OG_AdxDiCrossBracketOG,OG,NQ,NQ JUN26,LONG,1,27267.25,27274.75,145.64,141.28,28.3,WIN,STOP_HIT,27242.75,490.00,2026-05-07 09:28:22
2026-04-29,2026-04-29 11:15:00,2026-04-29 11:21:00,OG,Backtest,AdxDiCrossBracketOG,OG_AdxDiCrossBracketOG,OG,NQ,NQ JUN26,SHORT,1,27236.75,27262.75,-524.36,-528.72,-105.7,LOSS,STOP_HIT,27262.25,510.00,2026-05-07 09:28:22
2026-04-29,2026-04-29 11:15:00,2026-04-29 11:21:00,OG,Backtest,AdxDiCrossBracketOG,OG_AdxDiCrossBracketOG,OG,NQ,NQ JUN26,SHORT,1,27236.75,27262.75,-524.36,-528.72,-105.7,LOSS,STOP_HIT,27262.25,510.00,2026-05-07 09:28:22
2026-05-01,2026-05-01 10:42:00,2026-05-01 10:45:00,OG,Backtest,AdxDiCrossBracketOG,OG_AdxDiCrossBracketOG,OG,NQ,NQ JUN26,SHORT,1,27791.50,27826.25,-699.36,-703.72,-140.7,LOSS,STOP_HIT,27825.75,685.00,2026-05-07 09:28:22
2026-05-01,2026-05-01 11:00:00,2026-05-01 11:03:00,OG,Backtest,AdxDiCrossBracketOG,OG_AdxDiCrossBracketOG,OG,NQ,NQ JUN26,LONG,1,27833.00,27796.50,-734.36,-738.72,-147.7,LOSS,STOP_HIT,27797.00,720.00,2026-05-07 09:28:22
2026-05-01,2026-05-01 11:00:00,2026-05-01 11:03:00,OG,Backtest,AdxDiCrossBracketOG,OG_AdxDiCrossBracketOG,OG,NQ,NQ JUN26,LONG,1,27833.00,27796.50,-734.36,-738.72,-147.7,LOSS,STOP_HIT,27797.00,720.00,2026-05-07 09:28:22
2026-04-29,2026-04-29 11:27:00,2026-04-29 11:33:00,OG,Backtest,AdxDiCrossBracketOG,OG_AdxDiCrossBracketOG,OG,NQ,NQ JUN26,LONG,1,27267.25,27274.75,145.64,141.28,28.3,WIN,STOP_HIT,27242.75,490.00,2026-05-07 09:28:22
2026-04-29,2026-04-29 11:15:00,2026-04-29 11:21:00,OG,Backtest,AdxDiCrossBracketOG,OG_AdxDiCrossBracketOG,OG,NQ,NQ JUN26,SHORT,1,27236.75,27262.75,-524.36,-528.72,-105.7,LOSS,STOP_HIT,27262.25,510.00,2026-05-07 09:28:22
2026-05-01,2026-05-01 11:18:00,2026-05-01 11:27:00,OG,Backtest,AdxDiCrossBracketOG,OG_AdxDiCrossBracketOG,OG,NQ,NQ JUN26,LONG,1,27837.25,27870.00,650.64,646.28,129.3,WIN,TARGET_HIT,27804.00,665.00,2026-05-07 09:28:22
2026-04-29,2026-04-29 11:27:00,2026-04-29 11:33:00,OG,Backtest,AdxDiCrossBracketOG,OG_AdxDiCrossBracketOG,OG,NQ,NQ JUN26,LONG,1,27267.25,27274.75,145.64,141.28,28.3,WIN,STOP_HIT,27242.75,490.00,2026-05-07 09:28:22
2026-05-04,2026-05-04 11:03:00,2026-05-04 11:03:00,OG,Backtest,AdxDiCrossBracketOG,OG_AdxDiCrossBracketOG,OG,NQ,NQ JUN26,SHORT,1,27881.50,27909.75,-569.36,-573.72,-114.7,LOSS,STOP_HIT,27909.25,555.00,2026-05-07 09:28:22
2026-05-01,2026-05-01 10:48:00,2026-05-01 10:54:00,OG,Backtest,AdxDiCrossBracketOG,OG_AdxDiCrossBracketOG,OG,NQ,NQ JUN26,LONG,1,27817.25,27799.00,-369.36,-373.72,-74.7,LOSS,STOP_HIT,27781.25,720.00,2026-05-07 09:28:22
2026-04-29,2026-04-29 11:15:00,2026-04-29 11:21:00,OG,Backtest,AdxDiCrossBracketOG,OG_AdxDiCrossBracketOG,OG,NQ,NQ JUN26,SHORT,1,27236.75,27262.75,-524.36,-528.72,-105.7,LOSS,STOP_HIT,27262.25,510.00,2026-05-07 09:28:22
2026-05-01,2026-05-01 11:18:00,2026-05-01 11:27:00,OG,Backtest,AdxDiCrossBracketOG,OG_AdxDiCrossBracketOG,OG,NQ,NQ JUN26,LONG,1,27837.25,27870.00,650.64,646.28,129.3,WIN,TARGET_HIT,27804.00,665.00,2026-05-07 09:28:22
2026-05-01,2026-05-01 10:42:00,2026-05-01 10:45:00,OG,Backtest,AdxDiCrossBracketOG,OG_AdxDiCrossBracketOG,OG,NQ,NQ JUN26,SHORT,1,27791.50,27826.25,-699.36,-703.72,-140.7,LOSS,STOP_HIT,27825.75,685.00,2026-05-07 09:28:22
2026-05-01,2026-05-01 10:48:00,2026-05-01 10:54:00,OG,Backtest,AdxDiCrossBracketOG,OG_AdxDiCrossBracketOG,OG,NQ,NQ JUN26,LONG,1,27817.25,27799.00,-369.36,-373.72,-74.7,LOSS,STOP_HIT,27781.25,720.00,2026-05-07 09:28:22
2026-04-29,2026-04-29 11:27:00,2026-04-29 11:33:00,OG,Backtest,AdxDiCrossBracketOG,OG_AdxDiCrossBracketOG,OG,NQ,NQ JUN26,LONG,1,27267.25,27274.75,145.64,141.28,28.3,WIN,STOP_HIT,27242.75,490.00,2026-05-07 09:28:22
2026-04-21,2026-04-21 10:51:00,2026-04-21 11:00:00,OG,Backtest,AdxDiCrossBracketOG,OG_AdxDiCrossBracketOG,OG,NQ,NQ JUN26,SHORT,1,26794.50,26762.75,630.64,626.28,125.3,WIN,TARGET_HIT,26827.25,655.00,2026-05-07 09:28:22
2026-05-01,2026-05-01 11:18:00,2026-05-01 11:27:00,OG,Backtest,AdxDiCrossBracketOG,OG_AdxDiCrossBracketOG,OG,NQ,NQ JUN26,LONG,1,27837.25,27870.00,650.64,646.28,129.3,WIN,TARGET_HIT,27804.00,665.00,2026-05-07 09:28:22
2026-05-01,2026-05-01 11:06:00,2026-05-01 11:15:00,OG,Backtest,AdxDiCrossBracketOG,OG_AdxDiCrossBracketOG,OG,NQ,NQ JUN26,SHORT,1,27786.00,27815.00,-584.36,-588.72,-117.7,LOSS,STOP_HIT,27821.75,715.00,2026-05-07 09:28:22
2026-05-01,2026-05-01 11:18:00,2026-05-01 11:27:00,OG,Backtest,AdxDiCrossBracketOG,OG_AdxDiCrossBracketOG,OG,NQ,NQ JUN26,LONG,1,27837.25,27870.00,650.64,646.28,129.3,WIN,TARGET_HIT,27804.00,665.00,2026-05-07 09:28:22
2026-05-04,2026-05-04 11:03:00,2026-05-04 11:03:00,OG,Backtest,AdxDiCrossBracketOG,OG_AdxDiCrossBracketOG,OG,NQ,NQ JUN26,SHORT,1,27881.50,27909.75,-569.36,-573.72,-114.7,LOSS,STOP_HIT,27909.25,555.00,2026-05-07 09:28:22
2026-05-01,2026-05-01 10:48:00,2026-05-01 10:54:00,OG,Backtest,AdxDiCrossBracketOG,OG_AdxDiCrossBracketOG,OG,NQ,NQ JUN26,LONG,1,27817.25,27799.00,-369.36,-373.72,-74.7,LOSS,STOP_HIT,27781.25,720.00,2026-05-07 09:28:22
2026-05-01,2026-05-01 11:18:00,2026-05-01 11:27:00,OG,Backtest,AdxDiCrossBracketOG,OG_AdxDiCrossBracketOG,OG,NQ,NQ JUN26,LONG,1,27837.25,27870.00,650.64,646.28,129.3,WIN,TARGET_HIT,27804.00,665.00,2026-05-07 09:28:22
2026-04-29,2026-04-29 11:27:00,2026-04-29 11:33:00,OG,Backtest,AdxDiCrossBracketOG,OG_AdxDiCrossBracketOG,OG,NQ,NQ JUN26,LONG,1,27267.25,27274.75,145.64,141.28,28.3,WIN,STOP_HIT,27242.75,490.00,2026-05-07 09:28:22
2026-05-04,2026-05-04 11:03:00,2026-05-04 11:03:00,OG,Backtest,AdxDiCrossBracketOG,OG_AdxDiCrossBracketOG,OG,NQ,NQ JUN26,SHORT,1,27881.50,27909.75,-569.36,-573.72,-114.7,LOSS,STOP_HIT,27909.25,555.00,2026-05-07 09:28:22
2026-05-01,2026-05-01 11:18:00,2026-05-01 11:27:00,OG,Backtest,AdxDiCrossBracketOG,OG_AdxDiCrossBracketOG,OG,NQ,NQ JUN26,LONG,1,27837.25,27870.00,650.64,646.28,129.3,WIN,TARGET_HIT,27804.00,665.00,2026-05-07 09:28:22
2026-05-04,2026-05-04 11:03:00,2026-05-04 11:03:00,OG,Backtest,AdxDiCrossBracketOG,OG_AdxDiCrossBracketOG,OG,NQ,NQ JUN26,SHORT,1,27881.50,27909.75,-569.36,-573.72,-114.7,LOSS,STOP_HIT,27909.25,555.00,2026-05-07 09:28:22
2026-05-06,2026-05-06 11:48:00,2026-05-06 11:51:00,OG,Backtest,AdxDiCrossBracketOG,OG_AdxDiCrossBracketOG,OG,NQ,NQ JUN26,SHORT,1,28556.50,28567.00,-214.36,-218.72,-43.7,LOSS,STOP_HIT,28582.00,510.00,2026-05-07 09:28:22
2026-05-06,2026-05-06 11:48:00,2026-05-06 11:51:00,OG,Backtest,AdxDiCrossBracketOG,OG_AdxDiCrossBracketOG,OG,NQ,NQ JUN26,SHORT,1,28556.50,28567.00,-214.36,-218.72,-43.7,LOSS,STOP_HIT,28582.00,510.00,2026-05-07 09:28:22
2026-05-01,2026-05-01 11:00:00,2026-05-01 11:03:00,OG,Backtest,AdxDiCrossBracketOG,OG_AdxDiCrossBracketOG,OG,NQ,NQ JUN26,LONG,1,27833.00,27796.50,-734.36,-738.72,-147.7,LOSS,STOP_HIT,27797.00,720.00,2026-05-07 09:28:22
2026-05-01,2026-05-01 11:06:00,2026-05-01 11:15:00,OG,Backtest,AdxDiCrossBracketOG,OG_AdxDiCrossBracketOG,OG,NQ,NQ JUN26,SHORT,1,27786.00,27822.25,-729.36,-733.72,-146.7,LOSS,STOP_HIT,27821.75,715.00,2026-05-07 09:28:22
2026-05-01,2026-05-01 11:18:00,2026-05-01 11:27:00,OG,Backtest,AdxDiCrossBracketOG,OG_AdxDiCrossBracketOG,OG,NQ,NQ JUN26,LONG,1,27837.25,27870.00,650.64,646.28,129.3,WIN,TARGET_HIT,27804.00,665.00,2026-05-07 09:28:22
2026-05-04,2026-05-04 11:03:00,2026-05-04 11:03:00,OG,Backtest,AdxDiCrossBracketOG,OG_AdxDiCrossBracketOG,OG,NQ,NQ JUN26,SHORT,1,27881.50,27909.75,-569.36,-573.72,-114.7,LOSS,STOP_HIT,27909.25,555.00,2026-05-07 09:28:22
2026-05-06,2026-05-06 11:48:00,2026-05-06 11:51:00,OG,Backtest,AdxDiCrossBracketOG,OG_AdxDiCrossBracketOG,OG,NQ,NQ JUN26,SHORT,1,28556.50,28567.00,-214.36,-218.72,-43.7,LOSS,STOP_HIT,28582.00,510.00,2026-05-07 09:28:22
2026-04-21,2026-04-21 10:51:00,2026-04-21 11:00:00,OG,Backtest,AdxDiCrossBracketOG,OG_AdxDiCrossBracketOG,OG,NQ,NQ JUN26,SHORT,1,26794.50,26762.75,630.64,626.28,125.3,WIN,TARGET_HIT,26827.25,655.00,2026-05-07 09:28:22
2026-04-29,2026-04-29 11:15:00,2026-04-29 11:21:00,OG,Backtest,AdxDiCrossBracketOG,OG_AdxDiCrossBracketOG,OG,NQ,NQ JUN26,SHORT,1,27236.75,27262.75,-524.36,-528.72,-105.7,LOSS,STOP_HIT,27262.25,510.00,2026-05-07 09:28:22
2026-04-29,2026-04-29 11:27:00,2026-04-29 11:33:00,OG,Backtest,AdxDiCrossBracketOG,OG_AdxDiCrossBracketOG,OG,NQ,NQ JUN26,LONG,1,27267.25,27274.75,145.64,141.28,28.3,WIN,STOP_HIT,27242.75,490.00,2026-05-07 09:28:22
2026-04-29,2026-04-29 11:15:00,2026-04-29 11:21:00,OG,Backtest,AdxDiCrossBracketOG,OG_AdxDiCrossBracketOG,OG,NQ,NQ JUN26,SHORT,1,27236.75,27262.75,-524.36,-528.72,-105.7,LOSS,STOP_HIT,27262.25,510.00,2026-05-07 09:28:22
2026-05-01,2026-05-01 10:48:00,2026-05-01 10:54:00,OG,Backtest,AdxDiCrossBracketOG,OG_AdxDiCrossBracketOG,OG,NQ,NQ JUN26,LONG,1,27817.25,27799.00,-369.36,-373.72,-74.7,LOSS,STOP_HIT,27781.25,720.00,2026-05-07 09:28:22
2026-04-29,2026-04-29 11:27:00,2026-04-29 11:33:00,OG,Backtest,AdxDiCrossBracketOG,OG_AdxDiCrossBracketOG,OG,NQ,NQ JUN26,LONG,1,27267.25,27274.75,145.64,141.28,28.3,WIN,STOP_HIT,27242.75,490.00,2026-05-07 09:28:22
2026-05-01,2026-05-01 11:06:00,2026-05-01 11:15:00,OG,Backtest,AdxDiCrossBracketOG,OG_AdxDiCrossBracketOG,OG,NQ,NQ JUN26,SHORT,1,27786.00,27822.25,-729.36,-733.72,-146.7,LOSS,STOP_HIT,27821.75,715.00,2026-05-07 09:28:22
2026-05-01,2026-05-01 10:42:00,2026-05-01 10:45:00,OG,Backtest,AdxDiCrossBracketOG,OG_AdxDiCrossBracketOG,OG,NQ,NQ JUN26,SHORT,1,27791.50,27826.25,-699.36,-703.72,-140.7,LOSS,STOP_HIT,27825.75,685.00,2026-05-07 09:28:22
2026-05-04,2026-05-04 11:03:00,2026-05-04 11:03:00,OG,Backtest,AdxDiCrossBracketOG,OG_AdxDiCrossBracketOG,OG,NQ,NQ JUN26,SHORT,1,27881.50,27909.75,-569.36,-573.72,-114.7,LOSS,STOP_HIT,27909.25,555.00,2026-05-07 09:28:22
2026-05-01,2026-05-01 11:06:00,2026-05-01 11:15:00,OG,Backtest,AdxDiCrossBracketOG,OG_AdxDiCrossBracketOG,OG,NQ,NQ JUN26,SHORT,1,27786.00,27822.25,-729.36,-733.72,-146.7,LOSS,STOP_HIT,27821.75,715.00,2026-05-07 09:28:22
2026-05-01,2026-05-01 11:06:00,2026-05-01 11:15:00,OG,Backtest,AdxDiCrossBracketOG,OG_AdxDiCrossBracketOG,OG,NQ,NQ JUN26,SHORT,1,27786.00,27822.25,-729.36,-733.72,-146.7,LOSS,STOP_HIT,27821.75,715.00,2026-05-07 09:28:22
2026-05-04,2026-05-04 11:03:00,2026-05-04 11:03:00,OG,Backtest,AdxDiCrossBracketOG,OG_AdxDiCrossBracketOG,OG,NQ,NQ JUN26,SHORT,1,27881.50,27909.75,-569.36,-573.72,-114.7,LOSS,STOP_HIT,27909.25,555.00,2026-05-07 09:28:22
2026-05-06,2026-05-06 11:48:00,2026-05-06 11:51:00,OG,Backtest,AdxDiCrossBracketOG,OG_AdxDiCrossBracketOG,OG,NQ,NQ JUN26,SHORT,1,28556.50,28567.00,-214.36,-218.72,-43.7,LOSS,STOP_HIT,28582.00,510.00,2026-05-07 09:28:22
2026-05-04,2026-05-04 11:03:00,2026-05-04 11:03:00,OG,Backtest,AdxDiCrossBracketOG,OG_AdxDiCrossBracketOG,OG,NQ,NQ JUN26,SHORT,1,27881.50,27909.75,-569.36,-573.72,-114.7,LOSS,STOP_HIT,27909.25,555.00,2026-05-07 09:28:22
2026-04-29,2026-04-29 11:27:00,2026-04-29 11:33:00,OG,Backtest,AdxDiCrossBracketOG,OG_AdxDiCrossBracketOG,OG,NQ,NQ JUN26,LONG,1,27267.25,27274.75,145.64,141.28,28.3,WIN,STOP_HIT,27242.75,490.00,2026-05-07 09:28:22
2026-05-01,2026-05-01 10:42:00,2026-05-01 10:45:00,OG,Backtest,AdxDiCrossBracketOG,OG_AdxDiCrossBracketOG,OG,NQ,NQ JUN26,SHORT,1,27791.50,27826.25,-699.36,-703.72,-140.7,LOSS,STOP_HIT,27825.75,685.00,2026-05-07 09:28:22
2026-05-01,2026-05-01 10:48:00,2026-05-01 10:54:00,OG,Backtest,AdxDiCrossBracketOG,OG_AdxDiCrossBracketOG,OG,NQ,NQ JUN26,LONG,1,27817.25,27799.00,-369.36,-373.72,-74.7,LOSS,STOP_HIT,27781.25,720.00,2026-05-07 09:28:22
2026-05-01,2026-05-01 10:48:00,2026-05-01 10:54:00,OG,Backtest,AdxDiCrossBracketOG,OG_AdxDiCrossBracketOG,OG,NQ,NQ JUN26,LONG,1,27817.25,27799.00,-369.36,-373.72,-74.7,LOSS,STOP_HIT,27781.25,720.00,2026-05-07 09:28:22
2026-05-01,2026-05-01 11:06:00,2026-05-01 11:15:00,OG,Backtest,AdxDiCrossBracketOG,OG_AdxDiCrossBracketOG,OG,NQ,NQ JUN26,SHORT,1,27786.00,27822.25,-729.36,-733.72,-146.7,LOSS,STOP_HIT,27821.75,715.00,2026-05-07 09:28:22
2026-04-21,2026-04-21 10:51:00,2026-04-21 11:00:00,OG,Backtest,AdxDiCrossBracketOG,OG_AdxDiCrossBracketOG,OG,NQ,NQ JUN26,SHORT,1,26794.50,26762.75,630.64,626.28,125.3,WIN,TARGET_HIT,26827.25,655.00,2026-05-07 09:28:22
2026-05-01,2026-05-01 11:18:00,2026-05-01 11:27:00,OG,Backtest,AdxDiCrossBracketOG,OG_AdxDiCrossBracketOG,OG,NQ,NQ JUN26,LONG,1,27837.25,27870.00,650.64,646.28,129.3,WIN,TARGET_HIT,27804.00,665.00,2026-05-07 09:28:22
2026-05-04,2026-05-04 11:03:00,2026-05-04 11:03:00,OG,Backtest,AdxDiCrossBracketOG,OG_AdxDiCrossBracketOG,OG,NQ,NQ JUN26,SHORT,1,27881.50,27909.75,-569.36,-573.72,-114.7,LOSS,STOP_HIT,27909.25,555.00,2026-05-07 09:28:22
2026-05-01,2026-05-01 11:18:00,2026-05-01 11:27:00,OG,Backtest,AdxDiCrossBracketOG,OG_AdxDiCrossBracketOG,OG,NQ,NQ JUN26,LONG,1,27837.25,27870.00,650.64,646.28,129.3,WIN,TARGET_HIT,27804.00,665.00,2026-05-07 09:28:22
2026-04-21,2026-04-21 10:51:00,2026-04-21 11:00:00,OG,Backtest,AdxDiCrossBracketOG,OG_AdxDiCrossBracketOG,OG,NQ,NQ JUN26,SHORT,1,26794.50,26762.75,630.64,626.28,125.3,WIN,TARGET_HIT,26827.25,655.00,2026-05-07 09:28:22
2026-04-21,2026-04-21 10:51:00,2026-04-21 11:00:00,OG,Backtest,AdxDiCrossBracketOG,OG_AdxDiCrossBracketOG,OG,NQ,NQ JUN26,SHORT,1,26794.50,26762.75,630.64,626.28,125.3,WIN,TARGET_HIT,26827.25,655.00,2026-05-07 09:28:22
2026-05-06,2026-05-06 11:48:00,2026-05-06 11:51:00,OG,Backtest,AdxDiCrossBracketOG,OG_AdxDiCrossBracketOG,OG,NQ,NQ JUN26,SHORT,1,28556.50,28567.00,-214.36,-218.72,-43.7,LOSS,STOP_HIT,28582.00,510.00,2026-05-07 09:28:22
2026-04-21,2026-04-21 10:51:00,2026-04-21 11:00:00,OG,Backtest,AdxDiCrossBracketOG,OG_AdxDiCrossBracketOG,OG,NQ,NQ JUN26,SHORT,1,26794.50,26762.75,630.64,626.28,125.3,WIN,TARGET_HIT,26827.25,655.00,2026-05-07 09:28:22
2026-04-29,2026-04-29 11:15:00,2026-04-29 11:21:00,OG,Backtest,AdxDiCrossBracketOG,OG_AdxDiCrossBracketOG,OG,NQ,NQ JUN26,SHORT,1,27236.75,27262.75,-524.36,-528.72,-105.7,LOSS,STOP_HIT,27262.25,510.00,2026-05-07 09:28:22
2026-04-21,2026-04-21 10:51:00,2026-04-21 11:00:00,OG,Backtest,AdxDiCrossBracketOG,OG_AdxDiCrossBracketOG,OG,NQ,NQ JUN26,SHORT,1,26794.50,26762.75,630.64,626.28,125.3,WIN,TARGET_HIT,26827.25,655.00,2026-05-07 09:28:22
2026-04-29,2026-04-29 11:27:00,2026-04-29 11:33:00,OG,Backtest,AdxDiCrossBracketOG,OG_AdxDiCrossBracketOG,OG,NQ,NQ JUN26,LONG,1,27267.25,27274.75,145.64,141.28,28.3,WIN,STOP_HIT,27242.75,490.00,2026-05-07 09:28:22
2026-04-29,2026-04-29 11:27:00,2026-04-29 11:33:00,OG,Backtest,AdxDiCrossBracketOG,OG_AdxDiCrossBracketOG,OG,NQ,NQ JUN26,LONG,1,27267.25,27274.75,145.64,141.28,28.3,WIN,STOP_HIT,27242.75,490.00,2026-05-07 09:28:22
2026-04-29,2026-04-29 11:15:00,2026-04-29 11:21:00,OG,Backtest,AdxDiCrossBracketOG,OG_AdxDiCrossBracketOG,OG,NQ,NQ JUN26,SHORT,1,27236.75,27262.75,-524.36,-528.72,-105.7,LOSS,STOP_HIT,27262.25,510.00,2026-05-07 09:28:22
2026-05-01,2026-05-01 10:48:00,2026-05-01 10:54:00,OG,Backtest,AdxDiCrossBracketOG,OG_AdxDiCrossBracketOG,OG,NQ,NQ JUN26,LONG,1,27817.25,27799.00,-369.36,-373.72,-74.7,LOSS,STOP_HIT,27781.25,720.00,2026-05-07 09:28:22
2026-05-01,2026-05-01 11:18:00,2026-05-01 11:27:00,OG,Backtest,AdxDiCrossBracketOG,OG_AdxDiCrossBracketOG,OG,NQ,NQ JUN26,LONG,1,27837.25,27870.00,650.64,646.28,129.3,WIN,TARGET_HIT,27804.00,665.00,2026-05-07 09:28:22
2026-05-01,2026-05-01 10:48:00,2026-05-01 10:54:00,OG,Backtest,AdxDiCrossBracketOG,OG_AdxDiCrossBracketOG,OG,NQ,NQ JUN26,LONG,1,27817.25,27799.00,-369.36,-373.72,-74.7,LOSS,STOP_HIT,27781.25,720.00,2026-05-07 09:28:22
2026-05-01,2026-05-01 11:00:00,2026-05-01 11:03:00,OG,Backtest,AdxDiCrossBracketOG,OG_AdxDiCrossBracketOG,OG,NQ,NQ JUN26,LONG,1,27833.00,27796.50,-734.36,-738.72,-147.7,LOSS,STOP_HIT,27797.00,720.00,2026-05-07 09:28:22
2026-05-04,2026-05-04 11:03:00,2026-05-04 11:03:00,OG,Backtest,AdxDiCrossBracketOG,OG_AdxDiCrossBracketOG,OG,NQ,NQ JUN26,SHORT,1,27881.50,27909.75,-569.36,-573.72,-114.7,LOSS,STOP_HIT,27909.25,555.00,2026-05-07 09:28:22
2026-05-01,2026-05-01 10:48:00,2026-05-01 10:54:00,OG,Backtest,AdxDiCrossBracketOG,OG_AdxDiCrossBracketOG,OG,NQ,NQ JUN26,LONG,1,27817.25,27799.00,-369.36,-373.72,-74.7,LOSS,STOP_HIT,27781.25,720.00,2026-05-07 09:28:22
2026-05-01,2026-05-01 11:18:00,2026-05-01 11:27:00,OG,Backtest,AdxDiCrossBracketOG,OG_AdxDiCrossBracketOG,OG,NQ,NQ JUN26,LONG,1,27837.25,27870.00,650.64,646.28,129.3,WIN,TARGET_HIT,27804.00,665.00,2026-05-07 09:28:22
2026-05-01,2026-05-01 11:18:00,2026-05-01 11:27:00,OG,Backtest,AdxDiCrossBracketOG,OG_AdxDiCrossBracketOG,OG,NQ,NQ JUN26,LONG,1,27837.25,27870.00,650.64,646.28,129.3,WIN,TARGET_HIT,27804.00,665.00,2026-05-07 09:28:22
2026-05-01,2026-05-01 10:42:00,2026-05-01 10:45:00,OG,Backtest,AdxDiCrossBracketOG,OG_AdxDiCrossBracketOG,OG,NQ,NQ JUN26,SHORT,1,27791.50,27826.25,-699.36,-703.72,-140.7,LOSS,STOP_HIT,27825.75,685.00,2026-05-07 09:28:22
2026-05-01,2026-05-01 11:00:00,2026-05-01 11:03:00,OG,Backtest,AdxDiCrossBracketOG,OG_AdxDiCrossBracketOG,OG,NQ,NQ JUN26,LONG,1,27833.00,27796.50,-734.36,-738.72,-147.7,LOSS,STOP_HIT,27797.00,720.00,2026-05-07 09:28:22
2026-05-01,2026-05-01 11:00:00,2026-05-01 11:03:00,OG,Backtest,AdxDiCrossBracketOG,OG_AdxDiCrossBracketOG,OG,NQ,NQ JUN26,LONG,1,27833.00,27796.50,-734.36,-738.72,-147.7,LOSS,STOP_HIT,27797.00,720.00,2026-05-07 09:28:22
2026-05-06,2026-05-06 11:48:00,2026-05-06 11:51:00,OG,Backtest,AdxDiCrossBracketOG,OG_AdxDiCrossBracketOG,OG,NQ,NQ JUN26,SHORT,1,28556.50,28567.00,-214.36,-218.72,-43.7,LOSS,STOP_HIT,28582.00,510.00,2026-05-07 09:28:22
2026-04-29,2026-04-29 11:27:00,2026-04-29 11:33:00,OG,Backtest,AdxDiCrossBracketOG,OG_AdxDiCrossBracketOG,OG,NQ,NQ JUN26,LONG,1,27267.25,27274.75,145.64,141.28,28.3,WIN,STOP_HIT,27242.75,490.00,2026-05-07 09:28:22
2026-04-29,2026-04-29 11:27:00,2026-04-29 11:33:00,OG,Backtest,AdxDiCrossBracketOG,OG_AdxDiCrossBracketOG,OG,NQ,NQ JUN26,LONG,1,27267.25,27274.75,145.64,141.28,28.3,WIN,STOP_HIT,27242.75,490.00,2026-05-07 09:28:22
2026-05-01,2026-05-01 11:18:00,2026-05-01 11:27:00,OG,Backtest,AdxDiCrossBracketOG,OG_AdxDiCrossBracketOG,OG,NQ,NQ JUN26,LONG,1,27837.25,27870.00,650.64,646.28,129.3,WIN,TARGET_HIT,27804.00,665.00,2026-05-07 09:28:22
2026-05-01,2026-05-01 11:18:00,2026-05-01 11:27:00,OG,Backtest,AdxDiCrossBracketOG,OG_AdxDiCrossBracketOG,OG,NQ,NQ JUN26,LONG,1,27837.25,27870.00,650.64,646.28,129.3,WIN,TARGET_HIT,27804.00,665.00,2026-05-07 09:28:22
2026-05-04,2026-05-04 11:03:00,2026-05-04 11:03:00,OG,Backtest,AdxDiCrossBracketOG,OG_AdxDiCrossBracketOG,OG,NQ,NQ JUN26,SHORT,1,27881.50,27909.75,-569.36,-573.72,-114.7,LOSS,STOP_HIT,27909.25,555.00,2026-05-07 09:28:22
2026-05-06,2026-05-06 11:48:00,2026-05-06 11:51:00,OG,Backtest,AdxDiCrossBracketOG,OG_AdxDiCrossBracketOG,OG,NQ,NQ JUN26,SHORT,1,28556.50,28567.00,-214.36,-218.72,-43.7,LOSS,STOP_HIT,28582.00,510.00,2026-05-07 09:28:22
2026-05-01,2026-05-01 11:06:00,2026-05-01 11:15:00,OG,Backtest,AdxDiCrossBracketOG,OG_AdxDiCrossBracketOG,OG,NQ,NQ JUN26,SHORT,1,27786.00,27822.25,-729.36,-733.72,-146.7,LOSS,STOP_HIT,27821.75,715.00,2026-05-07 09:28:22
2026-05-01,2026-05-01 11:18:00,2026-05-01 11:27:00,OG,Backtest,AdxDiCrossBracketOG,OG_AdxDiCrossBracketOG,OG,NQ,NQ JUN26,LONG,1,27837.25,27870.00,650.64,646.28,129.3,WIN,TARGET_HIT,27804.00,665.00,2026-05-07 09:28:22
2026-04-29,2026-04-29 11:15:00,2026-04-29 11:21:00,OG,Backtest,AdxDiCrossBracketOG,OG_AdxDiCrossBracketOG,OG,NQ,NQ JUN26,SHORT,1,27236.75,27262.75,-524.36,-528.72,-105.7,LOSS,STOP_HIT,27262.25,510.00,2026-05-07 09:28:22
2026-05-01,2026-05-01 10:42:00,2026-05-01 10:48:00,OG,Backtest,AdxDiCrossBracketOG,OG_AdxDiCrossBracketOG,OG,NQ,NQ JUN26,SHORT,1,27791.50,27817.25,-519.36,-523.72,-104.7,LOSS,STOP_HIT,27842.75,1025.00,2026-05-07 09:28:22
2026-05-01,2026-05-01 10:54:00,2026-05-01 11:00:00,OG,Backtest,AdxDiCrossBracketOG,OG_AdxDiCrossBracketOG,OG,NQ,NQ JUN26,SHORT,1,27799.00,27833.00,-684.36,-688.72,-137.7,LOSS,STOP_HIT,27852.00,1060.00,2026-05-07 09:28:22
2026-05-01,2026-05-01 11:06:00,2026-05-01 11:12:00,OG,Backtest,AdxDiCrossBracketOG,OG_AdxDiCrossBracketOG,OG,NQ,NQ JUN26,SHORT,1,27786.00,27809.25,-469.36,-473.72,-94.7,LOSS,STOP_HIT,27839.75,1075.00,2026-05-07 09:28:22
2026-05-01,2026-05-01 10:42:00,2026-05-01 10:48:00,OG,Backtest,AdxDiCrossBracketOG,OG_AdxDiCrossBracketOG,OG,NQ,NQ JUN26,SHORT,1,27791.50,27817.25,-519.36,-523.72,-104.7,LOSS,STOP_HIT,27842.75,1025.00,2026-05-07 09:28:22
2026-05-01,2026-05-01 10:54:00,2026-05-01 11:00:00,OG,Backtest,AdxDiCrossBracketOG,OG_AdxDiCrossBracketOG,OG,NQ,NQ JUN26,SHORT,1,27799.00,27833.00,-684.36,-688.72,-137.7,LOSS,STOP_HIT,27852.00,1060.00,2026-05-07 09:28:22
2026-05-01,2026-05-01 10:42:00,2026-05-01 10:45:00,OG,Backtest,AdxDiCrossBracketOG,OG_AdxDiCrossBracketOG,OG,NQ,NQ JUN26,SHORT,1,27791.50,27826.25,-699.36,-703.72,-140.7,LOSS,STOP_HIT,27825.75,685.00,2026-05-07 09:28:22
2026-04-29,2026-04-29 11:27:00,2026-04-29 11:33:00,OG,Backtest,AdxDiCrossBracketOG,OG_AdxDiCrossBracketOG,OG,NQ,NQ JUN26,LONG,1,27267.25,27274.75,145.64,141.28,28.3,WIN,STOP_HIT,27230.50,735.00,2026-05-07 09:28:22
2026-05-01,2026-05-01 11:00:00,2026-05-01 11:03:00,OG,Backtest,AdxDiCrossBracketOG,OG_AdxDiCrossBracketOG,OG,NQ,NQ JUN26,LONG,1,27833.00,27796.50,-734.36,-738.72,-147.7,LOSS,STOP_HIT,27797.00,720.00,2026-05-07 09:28:22
2026-05-01,2026-05-01 11:06:00,2026-05-01 11:12:00,OG,Backtest,AdxDiCrossBracketOG,OG_AdxDiCrossBracketOG,OG,NQ,NQ JUN26,SHORT,1,27786.00,27809.25,-469.36,-473.72,-94.7,LOSS,STOP_HIT,27839.75,1075.00,2026-05-07 09:28:22
2026-05-06,2026-05-06 11:48:00,2026-05-06 11:51:00,OG,Backtest,AdxDiCrossBracketOG,OG_AdxDiCrossBracketOG,OG,NQ,NQ JUN26,SHORT,1,28556.50,28567.00,-214.36,-218.72,-43.7,LOSS,STOP_HIT,28594.50,760.00,2026-05-07 09:28:22
2026-04-21,2026-04-21 10:51:00,2026-04-21 11:00:00,OG,Backtest,AdxDiCrossBracketOG,OG_AdxDiCrossBracketOG,OG,NQ,NQ JUN26,SHORT,1,26794.50,26746.75,950.64,946.28,189.3,WIN,TARGET_HIT,26843.25,975.00,2026-05-07 09:28:22
2026-05-06,2026-05-06 11:48:00,2026-05-06 11:51:00,OG,Backtest,AdxDiCrossBracketOG,OG_AdxDiCrossBracketOG,OG,NQ,NQ JUN26,SHORT,1,28556.50,28567.00,-214.36,-218.72,-43.7,LOSS,STOP_HIT,28594.50,760.00,2026-05-07 09:28:22
2026-04-29,2026-04-29 11:15:00,2026-04-29 11:21:00,OG,Backtest,AdxDiCrossBracketOG,OG_AdxDiCrossBracketOG,OG,NQ,NQ JUN26,SHORT,1,27236.75,27263.00,-529.36,-533.72,-106.7,LOSS,STOP_HIT,27274.75,760.00,2026-05-07 09:28:22
2026-04-29,2026-04-29 11:27:00,2026-04-29 11:33:00,OG,Backtest,AdxDiCrossBracketOG,OG_AdxDiCrossBracketOG,OG,NQ,NQ JUN26,LONG,1,27267.25,27274.75,145.64,141.28,28.3,WIN,STOP_HIT,27230.50,735.00,2026-05-07 09:28:22
2026-05-04,2026-05-04 11:03:00,2026-05-04 11:15:00,OG,Backtest,AdxDiCrossBracketOG,OG_AdxDiCrossBracketOG,OG,NQ,NQ JUN26,SHORT,1,27881.50,27841.00,805.64,801.28,160.3,WIN,TARGET_HIT,27923.00,830.00,2026-05-07 09:28:22
2026-05-01,2026-05-01 11:06:00,2026-05-01 11:12:00,OG,Backtest,AdxDiCrossBracketOG,OG_AdxDiCrossBracketOG,OG,NQ,NQ JUN26,SHORT,1,27786.00,27809.25,-469.36,-473.72,-94.7,LOSS,STOP_HIT,27839.75,1075.00,2026-05-07 09:28:22
2026-04-29,2026-04-29 11:15:00,2026-04-29 11:21:00,OG,Backtest,AdxDiCrossBracketOG,OG_AdxDiCrossBracketOG,OG,NQ,NQ JUN26,SHORT,1,27236.75,27263.00,-529.36,-533.72,-106.7,LOSS,STOP_HIT,27274.75,760.00,2026-05-07 09:28:22
2026-05-01,2026-05-01 10:42:00,2026-05-01 10:48:00,OG,Backtest,AdxDiCrossBracketOG,OG_AdxDiCrossBracketOG,OG,NQ,NQ JUN26,SHORT,1,27791.50,27817.25,-519.36,-523.72,-104.7,LOSS,STOP_HIT,27842.75,1025.00,2026-05-07 09:28:22
2026-04-21,2026-04-21 10:51:00,2026-04-21 11:00:00,OG,Backtest,AdxDiCrossBracketOG,OG_AdxDiCrossBracketOG,OG,NQ,NQ JUN26,SHORT,1,26794.50,26746.75,950.64,946.28,189.3,WIN,TARGET_HIT,26843.25,975.00,2026-05-07 09:28:22
2026-05-01,2026-05-01 10:48:00,2026-05-01 10:54:00,OG,Backtest,AdxDiCrossBracketOG,OG_AdxDiCrossBracketOG,OG,NQ,NQ JUN26,LONG,1,27817.25,27799.00,-369.36,-373.72,-74.7,LOSS,STOP_HIT,27781.25,720.00,2026-05-07 09:28:22
2026-04-29,2026-04-29 11:15:00,2026-04-29 11:21:00,OG,Backtest,AdxDiCrossBracketOG,OG_AdxDiCrossBracketOG,OG,NQ,NQ JUN26,SHORT,1,27236.75,27263.00,-529.36,-533.72,-106.7,LOSS,STOP_HIT,27274.75,760.00,2026-05-07 09:28:22
2026-05-04,2026-05-04 11:03:00,2026-05-04 11:15:00,OG,Backtest,AdxDiCrossBracketOG,OG_AdxDiCrossBracketOG,OG,NQ,NQ JUN26,SHORT,1,27881.50,27841.00,805.64,801.28,160.3,WIN,TARGET_HIT,27923.00,830.00,2026-05-07 09:28:22
2026-04-21,2026-04-21 10:51:00,2026-04-21 11:00:00,OG,Backtest,AdxDiCrossBracketOG,OG_AdxDiCrossBracketOG,OG,NQ,NQ JUN26,SHORT,1,26794.50,26762.75,630.64,626.28,125.3,WIN,TARGET_HIT,26827.25,655.00,2026-05-07 09:28:22
2026-04-29,2026-04-29 11:15:00,2026-04-29 11:21:00,OG,Backtest,AdxDiCrossBracketOG,OG_AdxDiCrossBracketOG,OG,NQ,NQ JUN26,SHORT,1,27236.75,27263.00,-529.36,-533.72,-106.7,LOSS,STOP_HIT,27274.75,760.00,2026-05-07 09:28:22
2026-04-29,2026-04-29 11:15:00,2026-04-29 11:21:00,OG,Backtest,AdxDiCrossBracketOG,OG_AdxDiCrossBracketOG,OG,NQ,NQ JUN26,SHORT,1,27236.75,27263.00,-529.36,-533.72,-106.7,LOSS,STOP_HIT,27274.75,760.00,2026-05-07 09:28:22
2026-05-01,2026-05-01 11:18:00,2026-05-01 11:30:00,OG,Backtest,AdxDiCrossBracketOG,OG_AdxDiCrossBracketOG,OG,NQ,NQ JUN26,LONG,1,27837.25,27851.50,280.64,276.28,55.3,WIN,STOP_HIT,27787.25,1000.00,2026-05-07 09:28:22
2026-04-29,2026-04-29 11:27:00,2026-04-29 11:33:00,OG,Backtest,AdxDiCrossBracketOG,OG_AdxDiCrossBracketOG,OG,NQ,NQ JUN26,LONG,1,27267.25,27274.75,145.64,141.28,28.3,WIN,STOP_HIT,27230.50,735.00,2026-05-07 09:28:22
2026-05-01,2026-05-01 10:42:00,2026-05-01 10:45:00,OG,Backtest,AdxDiCrossBracketOG,OG_AdxDiCrossBracketOG,OG,NQ,NQ JUN26,SHORT,1,27791.50,27826.25,-699.36,-703.72,-140.7,LOSS,STOP_HIT,27825.75,685.00,2026-05-07 09:28:22
2026-05-01,2026-05-01 11:06:00,2026-05-01 11:15:00,OG,Backtest,AdxDiCrossBracketOG,OG_AdxDiCrossBracketOG,OG,NQ,NQ JUN26,SHORT,1,27786.00,27822.25,-729.36,-733.72,-146.7,LOSS,STOP_HIT,27821.75,715.00,2026-05-07 09:28:22
2026-04-29,2026-04-29 11:15:00,2026-04-29 11:21:00,OG,Backtest,AdxDiCrossBracketOG,OG_AdxDiCrossBracketOG,OG,NQ,NQ JUN26,SHORT,1,27236.75,27263.00,-529.36,-533.72,-106.7,LOSS,STOP_HIT,27274.75,760.00,2026-05-07 09:28:22
2026-05-01,2026-05-01 11:06:00,2026-05-01 11:12:00,OG,Backtest,AdxDiCrossBracketOG,OG_AdxDiCrossBracketOG,OG,NQ,NQ JUN26,SHORT,1,27786.00,27809.25,-469.36,-473.72,-94.7,LOSS,STOP_HIT,27839.75,1075.00,2026-05-07 09:28:22
2026-05-01,2026-05-01 11:00:00,2026-05-01 11:03:00,OG,Backtest,AdxDiCrossBracketOG,OG_AdxDiCrossBracketOG,OG,NQ,NQ JUN26,LONG,1,27833.00,27796.50,-734.36,-738.72,-147.7,LOSS,STOP_HIT,27797.00,720.00,2026-05-07 09:28:22
2026-05-01,2026-05-01 11:18:00,2026-05-01 11:30:00,OG,Backtest,AdxDiCrossBracketOG,OG_AdxDiCrossBracketOG,OG,NQ,NQ JUN26,LONG,1,27837.25,27851.50,280.64,276.28,55.3,WIN,STOP_HIT,27787.25,1000.00,2026-05-07 09:28:22
2026-05-06,2026-05-06 11:48:00,2026-05-06 11:51:00,OG,Backtest,AdxDiCrossBracketOG,OG_AdxDiCrossBracketOG,OG,NQ,NQ JUN26,SHORT,1,28556.50,28567.00,-214.36,-218.72,-43.7,LOSS,STOP_HIT,28594.50,760.00,2026-05-07 09:28:22
2026-05-04,2026-05-04 11:03:00,2026-05-04 11:15:00,OG,Backtest,AdxDiCrossBracketOG,OG_AdxDiCrossBracketOG,OG,NQ,NQ JUN26,SHORT,1,27881.50,27841.00,805.64,801.28,160.3,WIN,TARGET_HIT,27923.00,830.00,2026-05-07 09:28:22
2026-05-04,2026-05-04 11:03:00,2026-05-04 11:15:00,OG,Backtest,AdxDiCrossBracketOG,OG_AdxDiCrossBracketOG,OG,NQ,NQ JUN26,SHORT,1,27881.50,27841.00,805.64,801.28,160.3,WIN,TARGET_HIT,27923.00,830.00,2026-05-07 09:28:22
2026-05-01,2026-05-01 10:54:00,2026-05-01 11:00:00,OG,Backtest,AdxDiCrossBracketOG,OG_AdxDiCrossBracketOG,OG,NQ,NQ JUN26,SHORT,1,27799.00,27833.00,-684.36,-688.72,-137.7,LOSS,STOP_HIT,27852.00,1060.00,2026-05-07 09:28:23
2026-05-01,2026-05-01 10:42:00,2026-05-01 10:48:00,OG,Backtest,AdxDiCrossBracketOG,OG_AdxDiCrossBracketOG,OG,NQ,NQ JUN26,SHORT,1,27791.50,27817.25,-519.36,-523.72,-104.7,LOSS,STOP_HIT,27842.75,1025.00,2026-05-07 09:28:23
2026-05-06,2026-05-06 11:48:00,2026-05-06 11:51:00,OG,Backtest,AdxDiCrossBracketOG,OG_AdxDiCrossBracketOG,OG,NQ,NQ JUN26,SHORT,1,28556.50,28567.00,-214.36,-218.72,-43.7,LOSS,STOP_HIT,28594.50,760.00,2026-05-07 09:28:23
2026-05-01,2026-05-01 10:54:00,2026-05-01 11:00:00,OG,Backtest,AdxDiCrossBracketOG,OG_AdxDiCrossBracketOG,OG,NQ,NQ JUN26,SHORT,1,27799.00,27833.00,-684.36,-688.72,-137.7,LOSS,STOP_HIT,27852.00,1060.00,2026-05-07 09:28:23
2026-05-01,2026-05-01 11:06:00,2026-05-01 11:15:00,OG,Backtest,AdxDiCrossBracketOG,OG_AdxDiCrossBracketOG,OG,NQ,NQ JUN26,SHORT,1,27786.00,27815.00,-584.36,-588.72,-117.7,LOSS,STOP_HIT,27839.75,1075.00,2026-05-07 09:28:23
2026-05-01,2026-05-01 10:42:00,2026-05-01 10:48:00,OG,Backtest,AdxDiCrossBracketOG,OG_AdxDiCrossBracketOG,OG,NQ,NQ JUN26,SHORT,1,27791.50,27817.25,-519.36,-523.72,-104.7,LOSS,STOP_HIT,27842.75,1025.00,2026-05-07 09:28:23
2026-05-04,2026-05-04 11:03:00,2026-05-04 11:15:00,OG,Backtest,AdxDiCrossBracketOG,OG_AdxDiCrossBracketOG,OG,NQ,NQ JUN26,SHORT,1,27881.50,27841.00,805.64,801.28,160.3,WIN,TARGET_HIT,27923.00,830.00,2026-05-07 09:28:23
2026-05-01,2026-05-01 11:18:00,2026-05-01 11:30:00,OG,Backtest,AdxDiCrossBracketOG,OG_AdxDiCrossBracketOG,OG,NQ,NQ JUN26,LONG,1,27837.25,27851.50,280.64,276.28,55.3,WIN,STOP_HIT,27787.25,1000.00,2026-05-07 09:28:23
2026-05-01,2026-05-01 11:18:00,2026-05-01 11:30:00,OG,Backtest,AdxDiCrossBracketOG,OG_AdxDiCrossBracketOG,OG,NQ,NQ JUN26,LONG,1,27837.25,27850.00,250.64,246.28,49.3,WIN,STOP_HIT,27787.25,1000.00,2026-05-07 09:28:23
2026-05-06,2026-05-06 11:48:00,2026-05-06 11:51:00,OG,Backtest,AdxDiCrossBracketOG,OG_AdxDiCrossBracketOG,OG,NQ,NQ JUN26,SHORT,1,28556.50,28567.00,-214.36,-218.72,-43.7,LOSS,STOP_HIT,28594.50,760.00,2026-05-07 09:28:23
2026-05-06,2026-05-06 11:48:00,2026-05-06 11:51:00,OG,Backtest,AdxDiCrossBracketOG,OG_AdxDiCrossBracketOG,OG,NQ,NQ JUN26,SHORT,1,28556.50,28567.00,-214.36,-218.72,-43.7,LOSS,STOP_HIT,28594.50,760.00,2026-05-07 09:28:23
2026-05-01,2026-05-01 10:42:00,2026-05-01 10:48:00,OG,Backtest,AdxDiCrossBracketOG,OG_AdxDiCrossBracketOG,OG,NQ,NQ JUN26,SHORT,1,27791.50,27817.25,-519.36,-523.72,-104.7,LOSS,STOP_HIT,27842.75,1025.00,2026-05-07 09:28:23
2026-05-01,2026-05-01 10:54:00,2026-05-01 11:00:00,OG,Backtest,AdxDiCrossBracketOG,OG_AdxDiCrossBracketOG,OG,NQ,NQ JUN26,SHORT,1,27799.00,27833.00,-684.36,-688.72,-137.7,LOSS,STOP_HIT,27852.00,1060.00,2026-05-07 09:28:23
2026-05-01,2026-05-01 11:06:00,2026-05-01 11:15:00,OG,Backtest,AdxDiCrossBracketOG,OG_AdxDiCrossBracketOG,OG,NQ,NQ JUN26,SHORT,1,27786.00,27815.00,-584.36,-588.72,-117.7,LOSS,STOP_HIT,27839.75,1075.00,2026-05-07 09:28:23
2026-05-01,2026-05-01 11:18:00,2026-05-01 11:30:00,OG,Backtest,AdxDiCrossBracketOG,OG_AdxDiCrossBracketOG,OG,NQ,NQ JUN26,LONG,1,27837.25,27850.00,250.64,246.28,49.3,WIN,STOP_HIT,27787.25,1000.00,2026-05-07 09:28:23
2026-05-04,2026-05-04 11:03:00,2026-05-04 11:15:00,OG,Backtest,AdxDiCrossBracketOG,OG_AdxDiCrossBracketOG,OG,NQ,NQ JUN26,SHORT,1,27881.50,27841.00,805.64,801.28,160.3,WIN,TARGET_HIT,27923.00,830.00,2026-05-07 09:28:23
2026-05-06,2026-05-06 11:48:00,2026-05-06 11:51:00,OG,Backtest,AdxDiCrossBracketOG,OG_AdxDiCrossBracketOG,OG,NQ,NQ JUN26,SHORT,1,28556.50,28567.00,-214.36,-218.72,-43.7,LOSS,STOP_HIT,28594.50,760.00,2026-05-07 09:28:23
2026-04-29,2026-04-29 11:27:00,2026-04-29 11:33:00,OG,Backtest,AdxDiCrossBracketOG,OG_AdxDiCrossBracketOG,OG,NQ,NQ JUN26,LONG,1,27267.25,27274.75,145.64,141.28,28.3,WIN,STOP_HIT,27230.50,735.00,2026-05-07 09:28:23
2026-05-06,2026-05-06 11:48:00,2026-05-06 11:51:00,OG,Backtest,AdxDiCrossBracketOG,OG_AdxDiCrossBracketOG,OG,NQ,NQ JUN26,SHORT,1,28556.50,28567.00,-214.36,-218.72,-43.7,LOSS,STOP_HIT,28594.50,760.00,2026-05-07 09:28:23
2026-05-01,2026-05-01 10:42:00,2026-05-01 10:48:00,OG,Backtest,AdxDiCrossBracketOG,OG_AdxDiCrossBracketOG,OG,NQ,NQ JUN26,SHORT,1,27791.50,27817.25,-519.36,-523.72,-104.7,LOSS,STOP_HIT,27842.75,1025.00,2026-05-07 09:28:23
2026-04-21,2026-04-21 10:51:00,2026-04-21 11:00:00,OG,Backtest,AdxDiCrossBracketOG,OG_AdxDiCrossBracketOG,OG,NQ,NQ JUN26,SHORT,1,26794.50,26746.75,950.64,946.28,189.3,WIN,TARGET_HIT,26843.25,975.00,2026-05-07 09:28:23
2026-04-29,2026-04-29 11:15:00,2026-04-29 11:24:00,OG,Backtest,AdxDiCrossBracketOG,OG_AdxDiCrossBracketOG,OG,NQ,NQ JUN26,SHORT,1,27236.75,27267.75,-624.36,-628.72,-125.7,LOSS,STOP_HIT,27274.75,760.00,2026-05-07 09:28:23
2026-05-06,2026-05-06 11:48:00,2026-05-06 11:51:00,OG,Backtest,AdxDiCrossBracketOG,OG_AdxDiCrossBracketOG,OG,NQ,NQ JUN26,SHORT,1,28556.50,28567.00,-214.36,-218.72,-43.7,LOSS,STOP_HIT,28594.50,760.00,2026-05-07 09:28:23
2026-05-01,2026-05-01 11:18:00,2026-05-01 11:30:00,OG,Backtest,AdxDiCrossBracketOG,OG_AdxDiCrossBracketOG,OG,NQ,NQ JUN26,LONG,1,27837.25,27850.00,250.64,246.28,49.3,WIN,STOP_HIT,27787.25,1000.00,2026-05-07 09:28:23
2026-04-29,2026-04-29 11:27:00,2026-04-29 11:33:00,OG,Backtest,AdxDiCrossBracketOG,OG_AdxDiCrossBracketOG,OG,NQ,NQ JUN26,LONG,1,27267.25,27274.75,145.64,141.28,28.3,WIN,STOP_HIT,27230.50,735.00,2026-05-07 09:28:23
2026-04-29,2026-04-29 11:15:00,2026-04-29 11:24:00,OG,Backtest,AdxDiCrossBracketOG,OG_AdxDiCrossBracketOG,OG,NQ,NQ JUN26,SHORT,1,27236.75,27267.75,-624.36,-628.72,-125.7,LOSS,STOP_HIT,27274.75,760.00,2026-05-07 09:28:23
2026-05-01,2026-05-01 11:18:00,2026-05-01 11:30:00,OG,Backtest,AdxDiCrossBracketOG,OG_AdxDiCrossBracketOG,OG,NQ,NQ JUN26,LONG,1,27837.25,27850.00,250.64,246.28,49.3,WIN,STOP_HIT,27787.25,1000.00,2026-05-07 09:28:23
2026-05-01,2026-05-01 11:18:00,2026-05-01 11:30:00,OG,Backtest,AdxDiCrossBracketOG,OG_AdxDiCrossBracketOG,OG,NQ,NQ JUN26,LONG,1,27837.25,27850.00,250.64,246.28,49.3,WIN,STOP_HIT,27787.25,1000.00,2026-05-07 09:28:23
2026-05-01,2026-05-01 10:54:00,2026-05-01 11:00:00,OG,Backtest,AdxDiCrossBracketOG,OG_AdxDiCrossBracketOG,OG,NQ,NQ JUN26,SHORT,1,27799.00,27833.00,-684.36,-688.72,-137.7,LOSS,STOP_HIT,27852.00,1060.00,2026-05-07 09:28:23
2026-05-01,2026-05-01 10:42:00,2026-05-01 10:48:00,OG,Backtest,AdxDiCrossBracketOG,OG_AdxDiCrossBracketOG,OG,NQ,NQ JUN26,SHORT,1,27791.50,27817.25,-519.36,-523.72,-104.7,LOSS,STOP_HIT,27842.75,1025.00,2026-05-07 09:28:23
2026-05-06,2026-05-06 11:48:00,2026-05-06 11:51:00,OG,Backtest,AdxDiCrossBracketOG,OG_AdxDiCrossBracketOG,OG,NQ,NQ JUN26,SHORT,1,28556.50,28567.00,-214.36,-218.72,-43.7,LOSS,STOP_HIT,28594.50,760.00,2026-05-07 09:28:23
2026-04-21,2026-04-21 10:51:00,2026-04-21 11:00:00,OG,Backtest,AdxDiCrossBracketOG,OG_AdxDiCrossBracketOG,OG,NQ,NQ JUN26,SHORT,1,26794.50,26746.75,950.64,946.28,189.3,WIN,TARGET_HIT,26843.25,975.00,2026-05-07 09:28:23
2026-05-01,2026-05-01 10:42:00,2026-05-01 10:48:00,OG,Backtest,AdxDiCrossBracketOG,OG_AdxDiCrossBracketOG,OG,NQ,NQ JUN26,SHORT,1,27791.50,27817.25,-519.36,-523.72,-104.7,LOSS,STOP_HIT,27842.75,1025.00,2026-05-07 09:28:23
2026-04-21,2026-04-21 10:51:00,2026-04-21 11:00:00,OG,Backtest,AdxDiCrossBracketOG,OG_AdxDiCrossBracketOG,OG,NQ,NQ JUN26,SHORT,1,26794.50,26746.75,950.64,946.28,189.3,WIN,TARGET_HIT,26843.25,975.00,2026-05-07 09:28:23
2026-05-04,2026-05-04 11:03:00,2026-05-04 11:15:00,OG,Backtest,AdxDiCrossBracketOG,OG_AdxDiCrossBracketOG,OG,NQ,NQ JUN26,SHORT,1,27881.50,27841.00,805.64,801.28,160.3,WIN,TARGET_HIT,27923.00,830.00,2026-05-07 09:28:23
2026-05-01,2026-05-01 11:18:00,2026-05-01 11:30:00,OG,Backtest,AdxDiCrossBracketOG,OG_AdxDiCrossBracketOG,OG,NQ,NQ JUN26,LONG,1,27837.25,27850.00,250.64,246.28,49.3,WIN,STOP_HIT,27787.25,1000.00,2026-05-07 09:28:23
2026-04-29,2026-04-29 11:15:00,2026-04-29 11:27:00,OG,Backtest,AdxDiCrossBracketOG,OG_AdxDiCrossBracketOG,OG,NQ,NQ JUN26,SHORT,1,27236.75,27267.25,-614.36,-618.72,-123.7,LOSS,STOP_HIT,27274.75,760.00,2026-05-07 09:28:23
2026-05-06,2026-05-06 11:48:00,2026-05-06 11:51:00,OG,Backtest,AdxDiCrossBracketOG,OG_AdxDiCrossBracketOG,OG,NQ,NQ JUN26,SHORT,1,28556.50,28567.00,-214.36,-218.72,-43.7,LOSS,STOP_HIT,28594.50,760.00,2026-05-07 09:28:23
2026-05-01,2026-05-01 10:42:00,2026-05-01 10:48:00,OG,Backtest,AdxDiCrossBracketOG,OG_AdxDiCrossBracketOG,OG,NQ,NQ JUN26,SHORT,1,27791.50,27817.25,-519.36,-523.72,-104.7,LOSS,STOP_HIT,27842.75,1025.00,2026-05-07 09:28:23
2026-05-06,2026-05-06 11:48:00,2026-05-06 11:51:00,OG,Backtest,AdxDiCrossBracketOG,OG_AdxDiCrossBracketOG,OG,NQ,NQ JUN26,SHORT,1,28556.50,28567.00,-214.36,-218.72,-43.7,LOSS,STOP_HIT,28594.50,760.00,2026-05-07 09:28:23
2026-05-01,2026-05-01 11:06:00,2026-05-01 11:15:00,OG,Backtest,AdxDiCrossBracketOG,OG_AdxDiCrossBracketOG,OG,NQ,NQ JUN26,SHORT,1,27786.00,27815.00,-584.36,-588.72,-117.7,LOSS,STOP_HIT,27839.75,1075.00,2026-05-07 09:28:23
2026-05-06,2026-05-06 11:48:00,2026-05-06 11:51:00,OG,Backtest,AdxDiCrossBracketOG,OG_AdxDiCrossBracketOG,OG,NQ,NQ JUN26,SHORT,1,28556.50,28567.00,-214.36,-218.72,-43.7,LOSS,STOP_HIT,28594.50,760.00,2026-05-07 09:28:23
2026-05-01,2026-05-01 10:54:00,2026-05-01 11:00:00,OG,Backtest,AdxDiCrossBracketOG,OG_AdxDiCrossBracketOG,OG,NQ,NQ JUN26,SHORT,1,27799.00,27833.00,-684.36,-688.72,-137.7,LOSS,STOP_HIT,27852.00,1060.00,2026-05-07 09:28:23
2026-04-21,2026-04-21 10:51:00,2026-04-21 11:00:00,OG,Backtest,AdxDiCrossBracketOG,OG_AdxDiCrossBracketOG,OG,NQ,NQ JUN26,SHORT,1,26794.50,26746.75,950.64,946.28,189.3,WIN,TARGET_HIT,26843.25,975.00,2026-05-07 09:28:23
2026-05-01,2026-05-01 11:18:00,2026-05-01 11:30:00,OG,Backtest,AdxDiCrossBracketOG,OG_AdxDiCrossBracketOG,OG,NQ,NQ JUN26,LONG,1,27837.25,27850.00,250.64,246.28,49.3,WIN,STOP_HIT,27787.25,1000.00,2026-05-07 09:28:23
2026-04-29,2026-04-29 11:15:00,2026-04-29 11:24:00,OG,Backtest,AdxDiCrossBracketOG,OG_AdxDiCrossBracketOG,OG,NQ,NQ JUN26,SHORT,1,27236.75,27267.75,-624.36,-628.72,-125.7,LOSS,STOP_HIT,27274.75,760.00,2026-05-07 09:28:23
2026-04-29,2026-04-29 11:27:00,2026-04-29 11:33:00,OG,Backtest,AdxDiCrossBracketOG,OG_AdxDiCrossBracketOG,OG,NQ,NQ JUN26,LONG,1,27267.25,27274.75,145.64,141.28,28.3,WIN,STOP_HIT,27230.50,735.00,2026-05-07 09:28:23
2026-05-01,2026-05-01 10:42:00,2026-05-01 10:48:00,OG,Backtest,AdxDiCrossBracketOG,OG_AdxDiCrossBracketOG,OG,NQ,NQ JUN26,SHORT,1,27791.50,27817.25,-519.36,-523.72,-104.7,LOSS,STOP_HIT,27842.75,1025.00,2026-05-07 09:28:23
2026-05-01,2026-05-01 10:54:00,2026-05-01 11:00:00,OG,Backtest,AdxDiCrossBracketOG,OG_AdxDiCrossBracketOG,OG,NQ,NQ JUN26,SHORT,1,27799.00,27833.00,-684.36,-688.72,-137.7,LOSS,STOP_HIT,27852.00,1060.00,2026-05-07 09:28:23
2026-05-01,2026-05-01 11:06:00,2026-05-01 11:15:00,OG,Backtest,AdxDiCrossBracketOG,OG_AdxDiCrossBracketOG,OG,NQ,NQ JUN26,SHORT,1,27786.00,27815.00,-584.36,-588.72,-117.7,LOSS,STOP_HIT,27839.75,1075.00,2026-05-07 09:28:23
2026-04-21,2026-04-21 10:51:00,2026-04-21 11:00:00,OG,Backtest,AdxDiCrossBracketOG,OG_AdxDiCrossBracketOG,OG,NQ,NQ JUN26,SHORT,1,26794.50,26746.75,950.64,946.28,189.3,WIN,TARGET_HIT,26843.25,975.00,2026-05-07 09:28:23
2026-05-04,2026-05-04 11:03:00,2026-05-04 11:15:00,OG,Backtest,AdxDiCrossBracketOG,OG_AdxDiCrossBracketOG,OG,NQ,NQ JUN26,SHORT,1,27881.50,27841.00,805.64,801.28,160.3,WIN,TARGET_HIT,27923.00,830.00,2026-05-07 09:28:23
2026-04-29,2026-04-29 11:15:00,2026-04-29 11:21:00,OG,Backtest,AdxDiCrossBracketOG,OG_AdxDiCrossBracketOG,OG,NQ,NQ JUN26,SHORT,1,27236.75,27263.00,-529.36,-533.72,-106.7,LOSS,STOP_HIT,27274.75,760.00,2026-05-07 09:28:23
2026-04-21,2026-04-21 10:51:00,2026-04-21 11:00:00,OG,Backtest,AdxDiCrossBracketOG,OG_AdxDiCrossBracketOG,OG,NQ,NQ JUN26,SHORT,1,26794.50,26746.75,950.64,946.28,189.3,WIN,TARGET_HIT,26843.25,975.00,2026-05-07 09:28:23
2026-04-21,2026-04-21 10:51:00,2026-04-21 11:00:00,OG,Backtest,AdxDiCrossBracketOG,OG_AdxDiCrossBracketOG,OG,NQ,NQ JUN26,SHORT,1,26794.50,26746.75,950.64,946.28,189.3,WIN,TARGET_HIT,26843.25,975.00,2026-05-07 09:28:23
2026-05-01,2026-05-01 11:06:00,2026-05-01 11:15:00,OG,Backtest,AdxDiCrossBracketOG,OG_AdxDiCrossBracketOG,OG,NQ,NQ JUN26,SHORT,1,27786.00,27815.00,-584.36,-588.72,-117.7,LOSS,STOP_HIT,27839.75,1075.00,2026-05-07 09:28:23
2026-05-01,2026-05-01 11:06:00,2026-05-01 11:15:00,OG,Backtest,AdxDiCrossBracketOG,OG_AdxDiCrossBracketOG,OG,NQ,NQ JUN26,SHORT,1,27786.00,27815.00,-584.36,-588.72,-117.7,LOSS,STOP_HIT,27839.75,1075.00,2026-05-07 09:28:23
2026-05-06,2026-05-06 11:48:00,2026-05-06 11:51:00,OG,Backtest,AdxDiCrossBracketOG,OG_AdxDiCrossBracketOG,OG,NQ,NQ JUN26,SHORT,1,28556.50,28567.00,-214.36,-218.72,-43.7,LOSS,STOP_HIT,28594.50,760.00,2026-05-07 09:28:23
2026-05-04,2026-05-04 11:03:00,2026-05-04 11:15:00,OG,Backtest,AdxDiCrossBracketOG,OG_AdxDiCrossBracketOG,OG,NQ,NQ JUN26,SHORT,1,27881.50,27841.00,805.64,801.28,160.3,WIN,TARGET_HIT,27923.00,830.00,2026-05-07 09:28:23
2026-05-06,2026-05-06 11:48:00,2026-05-06 11:51:00,OG,Backtest,AdxDiCrossBracketOG,OG_AdxDiCrossBracketOG,OG,NQ,NQ JUN26,SHORT,1,28556.50,28567.00,-214.36,-218.72,-43.7,LOSS,STOP_HIT,28594.50,760.00,2026-05-07 09:28:23
2026-05-01,2026-05-01 10:54:00,2026-05-01 11:00:00,OG,Backtest,AdxDiCrossBracketOG,OG_AdxDiCrossBracketOG,OG,NQ,NQ JUN26,SHORT,1,27799.00,27833.00,-684.36,-688.72,-137.7,LOSS,STOP_HIT,27852.00,1060.00,2026-05-07 09:28:23
2026-05-04,2026-05-04 11:03:00,2026-05-04 11:15:00,OG,Backtest,AdxDiCrossBracketOG,OG_AdxDiCrossBracketOG,OG,NQ,NQ JUN26,SHORT,1,27881.50,27841.00,805.64,801.28,160.3,WIN,TARGET_HIT,27923.00,830.00,2026-05-07 09:28:23
2026-05-06,2026-05-06 11:48:00,2026-05-06 11:51:00,OG,Backtest,AdxDiCrossBracketOG,OG_AdxDiCrossBracketOG,OG,NQ,NQ JUN26,SHORT,1,28556.50,28567.00,-214.36,-218.72,-43.7,LOSS,STOP_HIT,28594.50,760.00,2026-05-07 09:28:23
2026-05-01,2026-05-01 10:42:00,2026-05-01 10:48:00,OG,Backtest,AdxDiCrossBracketOG,OG_AdxDiCrossBracketOG,OG,NQ,NQ JUN26,SHORT,1,27791.50,27817.25,-519.36,-523.72,-104.7,LOSS,STOP_HIT,27842.75,1025.00,2026-05-07 09:28:23
2026-04-21,2026-04-21 10:51:00,2026-04-21 11:00:00,OG,Backtest,AdxDiCrossBracketOG,OG_AdxDiCrossBracketOG,OG,NQ,NQ JUN26,SHORT,1,26794.50,26746.75,950.64,946.28,189.3,WIN,TARGET_HIT,26843.25,975.00,2026-05-07 09:28:23
2026-04-29,2026-04-29 11:27:00,2026-04-29 11:33:00,OG,Backtest,AdxDiCrossBracketOG,OG_AdxDiCrossBracketOG,OG,NQ,NQ JUN26,LONG,1,27267.25,27274.75,145.64,141.28,28.3,WIN,STOP_HIT,27230.50,735.00,2026-05-07 09:28:23
2026-05-01,2026-05-01 10:42:00,2026-05-01 10:48:00,OG,Backtest,AdxDiCrossBracketOG,OG_AdxDiCrossBracketOG,OG,NQ,NQ JUN26,SHORT,1,27791.50,27817.25,-519.36,-523.72,-104.7,LOSS,STOP_HIT,27842.75,1025.00,2026-05-07 09:28:23
2026-05-01,2026-05-01 11:06:00,2026-05-01 11:18:00,OG,Backtest,AdxDiCrossBracketOG,OG_AdxDiCrossBracketOG,OG,NQ,NQ JUN26,SHORT,1,27786.00,27837.25,-1029.36,-1033.72,-206.7,LOSS,STOP_HIT,27839.75,1075.00,2026-05-07 09:28:23
2026-05-01,2026-05-01 10:54:00,2026-05-01 11:00:00,OG,Backtest,AdxDiCrossBracketOG,OG_AdxDiCrossBracketOG,OG,NQ,NQ JUN26,SHORT,1,27799.00,27833.00,-684.36,-688.72,-137.7,LOSS,STOP_HIT,27852.00,1060.00,2026-05-07 09:28:23
2026-05-01,2026-05-01 11:06:00,2026-05-01 11:18:00,OG,Backtest,AdxDiCrossBracketOG,OG_AdxDiCrossBracketOG,OG,NQ,NQ JUN26,SHORT,1,27786.00,27837.25,-1029.36,-1033.72,-206.7,LOSS,STOP_HIT,27839.75,1075.00,2026-05-07 09:28:23
2026-05-01,2026-05-01 11:06:00,2026-05-01 11:15:00,OG,Backtest,AdxDiCrossBracketOG,OG_AdxDiCrossBracketOG,OG,NQ,NQ JUN26,SHORT,1,27786.00,27815.00,-584.36,-588.72,-117.7,LOSS,STOP_HIT,27839.75,1075.00,2026-05-07 09:28:23
2026-05-04,2026-05-04 11:03:00,2026-05-04 11:15:00,OG,Backtest,AdxDiCrossBracketOG,OG_AdxDiCrossBracketOG,OG,NQ,NQ JUN26,SHORT,1,27881.50,27841.00,805.64,801.28,160.3,WIN,TARGET_HIT,27923.00,830.00,2026-05-07 09:28:23
2026-04-29,2026-04-29 11:27:00,2026-04-29 11:33:00,OG,Backtest,AdxDiCrossBracketOG,OG_AdxDiCrossBracketOG,OG,NQ,NQ JUN26,LONG,1,27267.25,27274.75,145.64,141.28,28.3,WIN,STOP_HIT,27230.50,735.00,2026-05-07 09:28:23
2026-04-29,2026-04-29 11:15:00,2026-04-29 11:24:00,OG,Backtest,AdxDiCrossBracketOG,OG_AdxDiCrossBracketOG,OG,NQ,NQ JUN26,SHORT,1,27236.75,27267.75,-624.36,-628.72,-125.7,LOSS,STOP_HIT,27274.75,760.00,2026-05-07 09:28:23
2026-05-01,2026-05-01 10:54:00,2026-05-01 11:00:00,OG,Backtest,AdxDiCrossBracketOG,OG_AdxDiCrossBracketOG,OG,NQ,NQ JUN26,SHORT,1,27799.00,27833.00,-684.36,-688.72,-137.7,LOSS,STOP_HIT,27852.00,1060.00,2026-05-07 09:28:23
2026-05-04,2026-05-04 11:03:00,2026-05-04 11:15:00,OG,Backtest,AdxDiCrossBracketOG,OG_AdxDiCrossBracketOG,OG,NQ,NQ JUN26,SHORT,1,27881.50,27841.00,805.64,801.28,160.3,WIN,TARGET_HIT,27923.00,830.00,2026-05-07 09:28:23
2026-04-21,2026-04-21 10:51:00,2026-04-21 11:00:00,OG,Backtest,AdxDiCrossBracketOG,OG_AdxDiCrossBracketOG,OG,NQ,NQ JUN26,SHORT,1,26794.50,26746.75,950.64,946.28,189.3,WIN,TARGET_HIT,26843.25,975.00,2026-05-07 09:28:23
2026-05-06,2026-05-06 11:48:00,2026-05-06 11:51:00,OG,Backtest,AdxDiCrossBracketOG,OG_AdxDiCrossBracketOG,OG,NQ,NQ JUN26,SHORT,1,28556.50,28567.00,-214.36,-218.72,-43.7,LOSS,STOP_HIT,28594.50,760.00,2026-05-07 09:28:23
2026-05-06,2026-05-06 11:48:00,2026-05-06 11:51:00,OG,Backtest,AdxDiCrossBracketOG,OG_AdxDiCrossBracketOG,OG,NQ,NQ JUN26,SHORT,1,28556.50,28567.00,-214.36,-218.72,-43.7,LOSS,STOP_HIT,28594.50,760.00,2026-05-07 09:28:23
2026-05-01,2026-05-01 10:42:00,2026-05-01 10:48:00,OG,Backtest,AdxDiCrossBracketOG,OG_AdxDiCrossBracketOG,OG,NQ,NQ JUN26,SHORT,1,27791.50,27817.25,-519.36,-523.72,-104.7,LOSS,STOP_HIT,27842.75,1025.00,2026-05-07 09:28:23
2026-04-21,2026-04-21 10:51:00,2026-04-21 11:00:00,OG,Backtest,AdxDiCrossBracketOG,OG_AdxDiCrossBracketOG,OG,NQ,NQ JUN26,SHORT,1,26794.50,26746.75,950.64,946.28,189.3,WIN,TARGET_HIT,26843.25,975.00,2026-05-07 09:28:23
2026-05-01,2026-05-01 11:06:00,2026-05-01 11:18:00,OG,Backtest,AdxDiCrossBracketOG,OG_AdxDiCrossBracketOG,OG,NQ,NQ JUN26,SHORT,1,27786.00,27837.25,-1029.36,-1033.72,-206.7,LOSS,STOP_HIT,27839.75,1075.00,2026-05-07 09:28:23
2026-04-29,2026-04-29 11:15:00,2026-04-29 11:27:00,OG,Backtest,AdxDiCrossBracketOG,OG_AdxDiCrossBracketOG,OG,NQ,NQ JUN26,SHORT,1,27236.75,27267.25,-614.36,-618.72,-123.7,LOSS,STOP_HIT,27274.75,760.00,2026-05-07 09:28:23
2026-04-21,2026-04-21 10:51:00,2026-04-21 11:00:00,OG,Backtest,AdxDiCrossBracketOG,OG_AdxDiCrossBracketOG,OG,NQ,NQ JUN26,SHORT,1,26794.50,26746.75,950.64,946.28,189.3,WIN,TARGET_HIT,26843.25,975.00,2026-05-07 09:28:23
2026-05-06,2026-05-06 11:48:00,2026-05-06 11:51:00,OG,Backtest,AdxDiCrossBracketOG,OG_AdxDiCrossBracketOG,OG,NQ,NQ JUN26,SHORT,1,28556.50,28567.00,-214.36,-218.72,-43.7,LOSS,STOP_HIT,28594.50,760.00,2026-05-07 09:28:23
2026-04-21,2026-04-21 10:51:00,2026-04-21 11:00:00,OG,Backtest,AdxDiCrossBracketOG,OG_AdxDiCrossBracketOG,OG,NQ,NQ JUN26,SHORT,1,26794.50,26746.75,950.64,946.28,189.3,WIN,TARGET_HIT,26843.25,975.00,2026-05-07 09:28:23
2026-04-21,2026-04-21 10:51:00,2026-04-21 11:00:00,OG,Backtest,AdxDiCrossBracketOG,OG_AdxDiCrossBracketOG,OG,NQ,NQ JUN26,SHORT,1,26794.50,26746.75,950.64,946.28,189.3,WIN,TARGET_HIT,26843.25,975.00,2026-05-07 09:28:23
2026-05-01,2026-05-01 10:54:00,2026-05-01 11:00:00,OG,Backtest,AdxDiCrossBracketOG,OG_AdxDiCrossBracketOG,OG,NQ,NQ JUN26,SHORT,1,27799.00,27833.00,-684.36,-688.72,-137.7,LOSS,STOP_HIT,27852.00,1060.00,2026-05-07 09:28:23
2026-04-29,2026-04-29 11:15:00,2026-04-29 11:27:00,OG,Backtest,AdxDiCrossBracketOG,OG_AdxDiCrossBracketOG,OG,NQ,NQ JUN26,SHORT,1,27236.75,27267.25,-614.36,-618.72,-123.7,LOSS,STOP_HIT,27274.75,760.00,2026-05-07 09:28:23
2026-04-21,2026-04-21 10:51:00,2026-04-21 11:00:00,OG,Backtest,AdxDiCrossBracketOG,OG_AdxDiCrossBracketOG,OG,NQ,NQ JUN26,SHORT,1,26794.50,26746.75,950.64,946.28,189.3,WIN,TARGET_HIT,26843.25,975.00,2026-05-07 09:28:23
2026-05-01,2026-05-01 11:06:00,2026-05-01 11:18:00,OG,Backtest,AdxDiCrossBracketOG,OG_AdxDiCrossBracketOG,OG,NQ,NQ JUN26,SHORT,1,27786.00,27837.25,-1029.36,-1033.72,-206.7,LOSS,STOP_HIT,27839.75,1075.00,2026-05-07 09:28:23
2026-05-01,2026-05-01 11:06:00,2026-05-01 11:18:00,OG,Backtest,AdxDiCrossBracketOG,OG_AdxDiCrossBracketOG,OG,NQ,NQ JUN26,SHORT,1,27786.00,27837.25,-1029.36,-1033.72,-206.7,LOSS,STOP_HIT,27839.75,1075.00,2026-05-07 09:28:23
2026-05-01,2026-05-01 10:54:00,2026-05-01 11:00:00,OG,Backtest,AdxDiCrossBracketOG,OG_AdxDiCrossBracketOG,OG,NQ,NQ JUN26,SHORT,1,27799.00,27833.00,-684.36,-688.72,-137.7,LOSS,STOP_HIT,27852.00,1060.00,2026-05-07 09:28:23
2026-05-01,2026-05-01 10:42:00,2026-05-01 10:48:00,OG,Backtest,AdxDiCrossBracketOG,OG_AdxDiCrossBracketOG,OG,NQ,NQ JUN26,SHORT,1,27791.50,27817.25,-519.36,-523.72,-104.7,LOSS,STOP_HIT,27842.75,1025.00,2026-05-07 09:28:23
2026-05-01,2026-05-01 10:54:00,2026-05-01 11:00:00,OG,Backtest,AdxDiCrossBracketOG,OG_AdxDiCrossBracketOG,OG,NQ,NQ JUN26,SHORT,1,27799.00,27833.00,-684.36,-688.72,-137.7,LOSS,STOP_HIT,27852.00,1060.00,2026-05-07 09:28:23
2026-05-04,2026-05-04 11:03:00,2026-05-04 11:15:00,OG,Backtest,AdxDiCrossBracketOG,OG_AdxDiCrossBracketOG,OG,NQ,NQ JUN26,SHORT,1,27881.50,27841.00,805.64,801.28,160.3,WIN,TARGET_HIT,27923.00,830.00,2026-05-07 09:28:23
2026-05-06,2026-05-06 11:48:00,2026-05-06 11:51:00,OG,Backtest,AdxDiCrossBracketOG,OG_AdxDiCrossBracketOG,OG,NQ,NQ JUN26,SHORT,1,28556.50,28567.00,-214.36,-218.72,-43.7,LOSS,STOP_HIT,28594.50,760.00,2026-05-07 09:28:23
2026-05-01,2026-05-01 10:42:00,2026-05-01 10:48:00,OG,Backtest,AdxDiCrossBracketOG,OG_AdxDiCrossBracketOG,OG,NQ,NQ JUN26,SHORT,1,27791.50,27817.25,-519.36,-523.72,-104.7,LOSS,STOP_HIT,27842.75,1025.00,2026-05-07 09:28:23
2026-05-06,2026-05-06 11:48:00,2026-05-06 11:51:00,OG,Backtest,AdxDiCrossBracketOG,OG_AdxDiCrossBracketOG,OG,NQ,NQ JUN26,SHORT,1,28556.50,28567.00,-214.36,-218.72,-43.7,LOSS,STOP_HIT,28594.50,760.00,2026-05-07 09:28:23
2026-04-21,2026-04-21 10:51:00,2026-04-21 11:00:00,OG,Backtest,AdxDiCrossBracketOG,OG_AdxDiCrossBracketOG,OG,NQ,NQ JUN26,SHORT,1,26794.50,26746.75,950.64,946.28,189.3,WIN,TARGET_HIT,26843.25,975.00,2026-05-07 09:28:23
2026-05-04,2026-05-04 11:03:00,2026-05-04 11:15:00,OG,Backtest,AdxDiCrossBracketOG,OG_AdxDiCrossBracketOG,OG,NQ,NQ JUN26,SHORT,1,27881.50,27841.00,805.64,801.28,160.3,WIN,TARGET_HIT,27923.00,830.00,2026-05-07 09:28:24
2026-05-01,2026-05-01 10:42:00,2026-05-01 10:48:00,OG,Backtest,AdxDiCrossBracketOG,OG_AdxDiCrossBracketOG,OG,NQ,NQ JUN26,SHORT,1,27791.50,27817.25,-519.36,-523.72,-104.7,LOSS,STOP_HIT,27842.75,1025.00,2026-05-07 09:28:24
2026-05-01,2026-05-01 10:54:00,2026-05-01 11:00:00,OG,Backtest,AdxDiCrossBracketOG,OG_AdxDiCrossBracketOG,OG,NQ,NQ JUN26,SHORT,1,27799.00,27833.00,-684.36,-688.72,-137.7,LOSS,STOP_HIT,27852.00,1060.00,2026-05-07 09:28:24
2026-05-01,2026-05-01 11:06:00,2026-05-01 11:18:00,OG,Backtest,AdxDiCrossBracketOG,OG_AdxDiCrossBracketOG,OG,NQ,NQ JUN26,SHORT,1,27786.00,27837.25,-1029.36,-1033.72,-206.7,LOSS,STOP_HIT,27839.75,1075.00,2026-05-07 09:28:24
2026-04-29,2026-04-29 11:15:00,2026-04-29 11:27:00,OG,Backtest,AdxDiCrossBracketOG,OG_AdxDiCrossBracketOG,OG,NQ,NQ JUN26,SHORT,1,27236.75,27267.25,-614.36,-618.72,-123.7,LOSS,STOP_HIT,27274.75,760.00,2026-05-07 09:28:24
2026-04-29,2026-04-29 11:15:00,2026-04-29 11:27:00,OG,Backtest,AdxDiCrossBracketOG,OG_AdxDiCrossBracketOG,OG,NQ,NQ JUN26,SHORT,1,27236.75,27267.25,-614.36,-618.72,-123.7,LOSS,STOP_HIT,27274.75,760.00,2026-05-07 09:28:24
2026-04-21,2026-04-21 10:51:00,2026-04-21 11:00:00,OG,Backtest,AdxDiCrossBracketOG,OG_AdxDiCrossBracketOG,OG,NQ,NQ JUN26,SHORT,1,26794.50,26746.75,950.64,946.28,189.3,WIN,TARGET_HIT,26843.25,975.00,2026-05-07 09:28:24
2026-05-01,2026-05-01 11:06:00,2026-05-01 11:18:00,OG,Backtest,AdxDiCrossBracketOG,OG_AdxDiCrossBracketOG,OG,NQ,NQ JUN26,SHORT,1,27786.00,27837.25,-1029.36,-1033.72,-206.7,LOSS,STOP_HIT,27839.75,1075.00,2026-05-07 09:28:24
2026-05-01,2026-05-01 11:06:00,2026-05-01 11:18:00,OG,Backtest,AdxDiCrossBracketOG,OG_AdxDiCrossBracketOG,OG,NQ,NQ JUN26,SHORT,1,27786.00,27837.25,-1029.36,-1033.72,-206.7,LOSS,STOP_HIT,27839.75,1075.00,2026-05-07 09:28:24
2026-04-21,2026-04-21 10:51:00,2026-04-21 11:00:00,OG,Backtest,AdxDiCrossBracketOG,OG_AdxDiCrossBracketOG,OG,NQ,NQ JUN26,SHORT,1,26794.50,26746.75,950.64,946.28,189.3,WIN,TARGET_HIT,26843.25,975.00,2026-05-07 09:28:24
2026-05-04,2026-05-04 11:03:00,2026-05-04 11:21:00,OG,Backtest,AdxDiCrossBracketOG,OG_AdxDiCrossBracketOG,OG,NQ,NQ JUN26,SHORT,1,27881.50,27827.25,1080.64,1076.28,215.3,WIN,TARGET_HIT,27936.75,1105.00,2026-05-07 09:28:24
2026-05-01,2026-05-01 10:54:00,2026-05-01 11:00:00,OG,Backtest,AdxDiCrossBracketOG,OG_AdxDiCrossBracketOG,OG,NQ,NQ JUN26,SHORT,1,27799.00,27833.00,-684.36,-688.72,-137.7,LOSS,STOP_HIT,27852.00,1060.00,2026-05-07 09:28:24
2026-05-01,2026-05-01 11:06:00,2026-05-01 11:18:00,OG,Backtest,AdxDiCrossBracketOG,OG_AdxDiCrossBracketOG,OG,NQ,NQ JUN26,SHORT,1,27786.00,27837.25,-1029.36,-1033.72,-206.7,LOSS,STOP_HIT,27839.75,1075.00,2026-05-07 09:28:24
2026-05-01,2026-05-01 11:06:00,2026-05-01 11:18:00,OG,Backtest,AdxDiCrossBracketOG,OG_AdxDiCrossBracketOG,OG,NQ,NQ JUN26,SHORT,1,27786.00,27837.25,-1029.36,-1033.72,-206.7,LOSS,STOP_HIT,27839.75,1075.00,2026-05-07 09:28:24
2026-05-04,2026-05-04 11:03:00,2026-05-04 11:15:00,OG,Backtest,AdxDiCrossBracketOG,OG_AdxDiCrossBracketOG,OG,NQ,NQ JUN26,SHORT,1,27881.50,27841.00,805.64,801.28,160.3,WIN,TARGET_HIT,27923.00,830.00,2026-05-07 09:28:24
2026-05-06,2026-05-06 11:48:00,2026-05-06 11:51:00,OG,Backtest,AdxDiCrossBracketOG,OG_AdxDiCrossBracketOG,OG,NQ,NQ JUN26,SHORT,1,28556.50,28567.00,-214.36,-218.72,-43.7,LOSS,STOP_HIT,28594.50,760.00,2026-05-07 09:28:24
2026-05-06,2026-05-06 11:48:00,2026-05-06 11:51:00,OG,Backtest,AdxDiCrossBracketOG,OG_AdxDiCrossBracketOG,OG,NQ,NQ JUN26,SHORT,1,28556.50,28567.00,-214.36,-218.72,-43.7,LOSS,STOP_HIT,28594.50,760.00,2026-05-07 09:28:24
2026-04-29,2026-04-29 11:15:00,2026-04-29 11:27:00,OG,Backtest,AdxDiCrossBracketOG,OG_AdxDiCrossBracketOG,OG,NQ,NQ JUN26,SHORT,1,27236.75,27267.25,-614.36,-618.72,-123.7,LOSS,STOP_HIT,27274.75,760.00,2026-05-07 09:28:24
2026-04-21,2026-04-21 10:51:00,2026-04-21 11:00:00,OG,Backtest,AdxDiCrossBracketOG,OG_AdxDiCrossBracketOG,OG,NQ,NQ JUN26,SHORT,1,26794.50,26746.75,950.64,946.28,189.3,WIN,TARGET_HIT,26843.25,975.00,2026-05-07 09:28:24
2026-04-21,2026-04-21 10:51:00,2026-04-21 11:00:00,OG,Backtest,AdxDiCrossBracketOG,OG_AdxDiCrossBracketOG,OG,NQ,NQ JUN26,SHORT,1,26794.50,26730.75,1270.64,1266.28,253.3,WIN,TARGET_HIT,26859.25,1295.00,2026-05-07 09:28:24
2026-05-01,2026-05-01 10:42:00,2026-05-01 10:48:00,OG,Backtest,AdxDiCrossBracketOG,OG_AdxDiCrossBracketOG,OG,NQ,NQ JUN26,SHORT,1,27791.50,27817.25,-519.36,-523.72,-104.7,LOSS,STOP_HIT,27859.75,1365.00,2026-05-07 09:28:24
2026-04-21,2026-04-21 10:51:00,2026-04-21 11:00:00,OG,Backtest,AdxDiCrossBracketOG,OG_AdxDiCrossBracketOG,OG,NQ,NQ JUN26,SHORT,1,26794.50,26746.75,950.64,946.28,189.3,WIN,TARGET_HIT,26843.25,975.00,2026-05-07 09:28:24
2026-04-21,2026-04-21 10:51:00,2026-04-21 11:00:00,OG,Backtest,AdxDiCrossBracketOG,OG_AdxDiCrossBracketOG,OG,NQ,NQ JUN26,SHORT,1,26794.50,26730.75,1270.64,1266.28,253.3,WIN,TARGET_HIT,26859.25,1295.00,2026-05-07 09:28:24
2026-05-06,2026-05-06 11:48:00,2026-05-06 11:51:00,OG,Backtest,AdxDiCrossBracketOG,OG_AdxDiCrossBracketOG,OG,NQ,NQ JUN26,SHORT,1,28556.50,28567.00,-214.36,-218.72,-43.7,LOSS,STOP_HIT,28594.50,760.00,2026-05-07 09:28:24
2026-05-01,2026-05-01 11:06:00,2026-05-01 11:12:00,OG,Backtest,AdxDiCrossBracketOG,OG_AdxDiCrossBracketOG,OG,NQ,NQ JUN26,SHORT,1,27786.00,27809.25,-469.36,-473.72,-94.7,LOSS,STOP_HIT,27857.50,1430.00,2026-05-07 09:28:24
2026-05-01,2026-05-01 10:54:00,2026-05-01 11:00:00,OG,Backtest,AdxDiCrossBracketOG,OG_AdxDiCrossBracketOG,OG,NQ,NQ JUN26,SHORT,1,27799.00,27833.00,-684.36,-688.72,-137.7,LOSS,STOP_HIT,27852.00,1060.00,2026-05-07 09:28:24
2026-05-01,2026-05-01 11:06:00,2026-05-01 11:12:00,OG,Backtest,AdxDiCrossBracketOG,OG_AdxDiCrossBracketOG,OG,NQ,NQ JUN26,SHORT,1,27786.00,27809.25,-469.36,-473.72,-94.7,LOSS,STOP_HIT,27857.50,1430.00,2026-05-07 09:28:24
2026-05-01,2026-05-01 11:06:00,2026-05-01 11:18:00,OG,Backtest,AdxDiCrossBracketOG,OG_AdxDiCrossBracketOG,OG,NQ,NQ JUN26,SHORT,1,27786.00,27837.25,-1029.36,-1033.72,-206.7,LOSS,STOP_HIT,27839.75,1075.00,2026-05-07 09:28:24
2026-05-01,2026-05-01 10:54:00,2026-05-01 11:00:00,OG,Backtest,AdxDiCrossBracketOG,OG_AdxDiCrossBracketOG,OG,NQ,NQ JUN26,SHORT,1,27799.00,27833.00,-684.36,-688.72,-137.7,LOSS,STOP_HIT,27869.75,1415.00,2026-05-07 09:28:24
2026-05-01,2026-05-01 11:06:00,2026-05-01 11:12:00,OG,Backtest,AdxDiCrossBracketOG,OG_AdxDiCrossBracketOG,OG,NQ,NQ JUN26,SHORT,1,27786.00,27809.25,-469.36,-473.72,-94.7,LOSS,STOP_HIT,27857.50,1430.00,2026-05-07 09:28:24
2026-05-01,2026-05-01 11:18:00,2026-05-01 11:30:00,OG,Backtest,AdxDiCrossBracketOG,OG_AdxDiCrossBracketOG,OG,NQ,NQ JUN26,LONG,1,27837.25,27851.50,280.64,276.28,55.3,WIN,STOP_HIT,27770.75,1330.00,2026-05-07 09:28:24
2026-05-04,2026-05-04 11:03:00,2026-05-04 11:15:00,OG,Backtest,AdxDiCrossBracketOG,OG_AdxDiCrossBracketOG,OG,NQ,NQ JUN26,SHORT,1,27881.50,27841.00,805.64,801.28,160.3,WIN,TARGET_HIT,27923.00,830.00,2026-05-07 09:28:24
2026-04-21,2026-04-21 10:51:00,2026-04-21 11:00:00,OG,Backtest,AdxDiCrossBracketOG,OG_AdxDiCrossBracketOG,OG,NQ,NQ JUN26,SHORT,1,26794.50,26746.75,950.64,946.28,189.3,WIN,TARGET_HIT,26843.25,975.00,2026-05-07 09:28:24
2026-05-01,2026-05-01 11:06:00,2026-05-01 11:12:00,OG,Backtest,AdxDiCrossBracketOG,OG_AdxDiCrossBracketOG,OG,NQ,NQ JUN26,SHORT,1,27786.00,27809.25,-469.36,-473.72,-94.7,LOSS,STOP_HIT,27857.50,1430.00,2026-05-07 09:28:24
2026-05-04,2026-05-04 11:03:00,2026-05-04 11:21:00,OG,Backtest,AdxDiCrossBracketOG,OG_AdxDiCrossBracketOG,OG,NQ,NQ JUN26,SHORT,1,27881.50,27827.25,1080.64,1076.28,215.3,WIN,TARGET_HIT,27936.75,1105.00,2026-05-07 09:28:24
2026-04-21,2026-04-21 10:51:00,2026-04-21 11:00:00,OG,Backtest,AdxDiCrossBracketOG,OG_AdxDiCrossBracketOG,OG,NQ,NQ JUN26,SHORT,1,26794.50,26730.75,1270.64,1266.28,253.3,WIN,TARGET_HIT,26859.25,1295.00,2026-05-07 09:28:24
2026-04-29,2026-04-29 11:27:00,2026-04-29 11:33:00,OG,Backtest,AdxDiCrossBracketOG,OG_AdxDiCrossBracketOG,OG,NQ,NQ JUN26,LONG,1,27267.25,27274.75,145.64,141.28,28.3,WIN,STOP_HIT,27218.00,985.00,2026-05-07 09:28:24
2026-04-29,2026-04-29 11:15:00,2026-04-29 11:21:00,OG,Backtest,AdxDiCrossBracketOG,OG_AdxDiCrossBracketOG,OG,NQ,NQ JUN26,SHORT,1,27236.75,27263.00,-529.36,-533.72,-106.7,LOSS,STOP_HIT,27287.25,1010.00,2026-05-07 09:28:24
2026-05-01,2026-05-01 10:54:00,2026-05-01 11:00:00,OG,Backtest,AdxDiCrossBracketOG,OG_AdxDiCrossBracketOG,OG,NQ,NQ JUN26,SHORT,1,27799.00,27833.00,-684.36,-688.72,-137.7,LOSS,STOP_HIT,27869.75,1415.00,2026-05-07 09:28:24
2026-04-21,2026-04-21 10:51:00,2026-04-21 11:00:00,OG,Backtest,AdxDiCrossBracketOG,OG_AdxDiCrossBracketOG,OG,NQ,NQ JUN26,SHORT,1,26794.50,26730.75,1270.64,1266.28,253.3,WIN,TARGET_HIT,26859.25,1295.00,2026-05-07 09:28:24
2026-04-21,2026-04-21 10:51:00,2026-04-21 11:00:00,OG,Backtest,AdxDiCrossBracketOG,OG_AdxDiCrossBracketOG,OG,NQ,NQ JUN26,SHORT,1,26794.50,26730.75,1270.64,1266.28,253.3,WIN,TARGET_HIT,26859.25,1295.00,2026-05-07 09:28:24
2026-05-04,2026-05-04 11:03:00,2026-05-04 11:21:00,OG,Backtest,AdxDiCrossBracketOG,OG_AdxDiCrossBracketOG,OG,NQ,NQ JUN26,SHORT,1,27881.50,27827.25,1080.64,1076.28,215.3,WIN,TARGET_HIT,27936.75,1105.00,2026-05-07 09:28:24
2026-05-01,2026-05-01 10:42:00,2026-05-01 10:48:00,OG,Backtest,AdxDiCrossBracketOG,OG_AdxDiCrossBracketOG,OG,NQ,NQ JUN26,SHORT,1,27791.50,27817.25,-519.36,-523.72,-104.7,LOSS,STOP_HIT,27842.75,1025.00,2026-05-07 09:28:24
2026-05-01,2026-05-01 11:06:00,2026-05-01 11:15:00,OG,Backtest,AdxDiCrossBracketOG,OG_AdxDiCrossBracketOG,OG,NQ,NQ JUN26,SHORT,1,27786.00,27815.00,-584.36,-588.72,-117.7,LOSS,STOP_HIT,27857.50,1430.00,2026-05-07 09:28:24
2026-05-04,2026-05-04 11:03:00,2026-05-04 11:21:00,OG,Backtest,AdxDiCrossBracketOG,OG_AdxDiCrossBracketOG,OG,NQ,NQ JUN26,SHORT,1,27881.50,27827.25,1080.64,1076.28,215.3,WIN,TARGET_HIT,27936.75,1105.00,2026-05-07 09:28:24
2026-05-06,2026-05-06 11:48:00,2026-05-06 11:51:00,OG,Backtest,AdxDiCrossBracketOG,OG_AdxDiCrossBracketOG,OG,NQ,NQ JUN26,SHORT,1,28556.50,28567.00,-214.36,-218.72,-43.7,LOSS,STOP_HIT,28607.00,1010.00,2026-05-07 09:28:24
2026-05-04,2026-05-04 11:03:00,2026-05-04 11:21:00,OG,Backtest,AdxDiCrossBracketOG,OG_AdxDiCrossBracketOG,OG,NQ,NQ JUN26,SHORT,1,27881.50,27827.25,1080.64,1076.28,215.3,WIN,TARGET_HIT,27936.75,1105.00,2026-05-07 09:28:24
2026-04-29,2026-04-29 11:15:00,2026-04-29 11:21:00,OG,Backtest,AdxDiCrossBracketOG,OG_AdxDiCrossBracketOG,OG,NQ,NQ JUN26,SHORT,1,27236.75,27263.00,-529.36,-533.72,-106.7,LOSS,STOP_HIT,27287.25,1010.00,2026-05-07 09:28:24
2026-05-06,2026-05-06 11:48:00,2026-05-06 11:51:00,OG,Backtest,AdxDiCrossBracketOG,OG_AdxDiCrossBracketOG,OG,NQ,NQ JUN26,SHORT,1,28556.50,28567.00,-214.36,-218.72,-43.7,LOSS,STOP_HIT,28607.00,1010.00,2026-05-07 09:28:24
2026-05-06,2026-05-06 11:48:00,2026-05-06 11:51:00,OG,Backtest,AdxDiCrossBracketOG,OG_AdxDiCrossBracketOG,OG,NQ,NQ JUN26,SHORT,1,28556.50,28567.00,-214.36,-218.72,-43.7,LOSS,STOP_HIT,28607.00,1010.00,2026-05-07 09:28:24
2026-04-21,2026-04-21 10:51:00,2026-04-21 11:00:00,OG,Backtest,AdxDiCrossBracketOG,OG_AdxDiCrossBracketOG,OG,NQ,NQ JUN26,SHORT,1,26794.50,26730.75,1270.64,1266.28,253.3,WIN,TARGET_HIT,26859.25,1295.00,2026-05-07 09:28:24
2026-05-06,2026-05-06 11:48:00,2026-05-06 11:51:00,OG,Backtest,AdxDiCrossBracketOG,OG_AdxDiCrossBracketOG,OG,NQ,NQ JUN26,SHORT,1,28556.50,28567.00,-214.36,-218.72,-43.7,LOSS,STOP_HIT,28607.00,1010.00,2026-05-07 09:28:24
2026-04-29,2026-04-29 11:27:00,2026-04-29 11:33:00,OG,Backtest,AdxDiCrossBracketOG,OG_AdxDiCrossBracketOG,OG,NQ,NQ JUN26,LONG,1,27267.25,27274.75,145.64,141.28,28.3,WIN,STOP_HIT,27218.00,985.00,2026-05-07 09:28:24
2026-04-21,2026-04-21 10:51:00,2026-04-21 11:00:00,OG,Backtest,AdxDiCrossBracketOG,OG_AdxDiCrossBracketOG,OG,NQ,NQ JUN26,SHORT,1,26794.50,26730.75,1270.64,1266.28,253.3,WIN,TARGET_HIT,26859.25,1295.00,2026-05-07 09:28:24
2026-05-01,2026-05-01 10:42:00,2026-05-01 10:48:00,OG,Backtest,AdxDiCrossBracketOG,OG_AdxDiCrossBracketOG,OG,NQ,NQ JUN26,SHORT,1,27791.50,27817.25,-519.36,-523.72,-104.7,LOSS,STOP_HIT,27859.75,1365.00,2026-05-07 09:28:24
2026-05-04,2026-05-04 11:03:00,2026-05-04 11:21:00,OG,Backtest,AdxDiCrossBracketOG,OG_AdxDiCrossBracketOG,OG,NQ,NQ JUN26,SHORT,1,27881.50,27827.25,1080.64,1076.28,215.3,WIN,TARGET_HIT,27936.75,1105.00,2026-05-07 09:28:24
2026-04-21,2026-04-21 10:51:00,2026-04-21 11:00:00,OG,Backtest,AdxDiCrossBracketOG,OG_AdxDiCrossBracketOG,OG,NQ,NQ JUN26,SHORT,1,26794.50,26730.75,1270.64,1266.28,253.3,WIN,TARGET_HIT,26859.25,1295.00,2026-05-07 09:28:24
2026-04-29,2026-04-29 11:27:00,2026-04-29 11:33:00,OG,Backtest,AdxDiCrossBracketOG,OG_AdxDiCrossBracketOG,OG,NQ,NQ JUN26,LONG,1,27267.25,27274.75,145.64,141.28,28.3,WIN,STOP_HIT,27218.00,985.00,2026-05-07 09:28:24
2026-05-06,2026-05-06 11:48:00,2026-05-06 11:51:00,OG,Backtest,AdxDiCrossBracketOG,OG_AdxDiCrossBracketOG,OG,NQ,NQ JUN26,SHORT,1,28556.50,28567.00,-214.36,-218.72,-43.7,LOSS,STOP_HIT,28607.00,1010.00,2026-05-07 09:28:24
2026-05-01,2026-05-01 11:06:00,2026-05-01 11:12:00,OG,Backtest,AdxDiCrossBracketOG,OG_AdxDiCrossBracketOG,OG,NQ,NQ JUN26,SHORT,1,27786.00,27809.25,-469.36,-473.72,-94.7,LOSS,STOP_HIT,27857.50,1430.00,2026-05-07 09:28:24
2026-05-01,2026-05-01 11:18:00,2026-05-01 11:30:00,OG,Backtest,AdxDiCrossBracketOG,OG_AdxDiCrossBracketOG,OG,NQ,NQ JUN26,LONG,1,27837.25,27851.50,280.64,276.28,55.3,WIN,STOP_HIT,27770.75,1330.00,2026-05-07 09:28:24
2026-05-01,2026-05-01 10:42:00,2026-05-01 10:48:00,OG,Backtest,AdxDiCrossBracketOG,OG_AdxDiCrossBracketOG,OG,NQ,NQ JUN26,SHORT,1,27791.50,27817.25,-519.36,-523.72,-104.7,LOSS,STOP_HIT,27859.75,1365.00,2026-05-07 09:28:24
2026-05-01,2026-05-01 11:18:00,2026-05-01 11:30:00,OG,Backtest,AdxDiCrossBracketOG,OG_AdxDiCrossBracketOG,OG,NQ,NQ JUN26,LONG,1,27837.25,27851.50,280.64,276.28,55.3,WIN,STOP_HIT,27770.75,1330.00,2026-05-07 09:28:24
2026-05-01,2026-05-01 11:18:00,2026-05-01 11:30:00,OG,Backtest,AdxDiCrossBracketOG,OG_AdxDiCrossBracketOG,OG,NQ,NQ JUN26,LONG,1,27837.25,27850.00,250.64,246.28,49.3,WIN,STOP_HIT,27770.75,1330.00,2026-05-07 09:28:24
2026-05-04,2026-05-04 11:03:00,2026-05-04 11:21:00,OG,Backtest,AdxDiCrossBracketOG,OG_AdxDiCrossBracketOG,OG,NQ,NQ JUN26,SHORT,1,27881.50,27827.25,1080.64,1076.28,215.3,WIN,TARGET_HIT,27936.75,1105.00,2026-05-07 09:28:24
2026-05-06,2026-05-06 11:48:00,2026-05-06 11:51:00,OG,Backtest,AdxDiCrossBracketOG,OG_AdxDiCrossBracketOG,OG,NQ,NQ JUN26,SHORT,1,28556.50,28567.00,-214.36,-218.72,-43.7,LOSS,STOP_HIT,28607.00,1010.00,2026-05-07 09:28:24
2026-04-21,2026-04-21 10:51:00,2026-04-21 11:00:00,OG,Backtest,AdxDiCrossBracketOG,OG_AdxDiCrossBracketOG,OG,NQ,NQ JUN26,SHORT,1,26794.50,26730.75,1270.64,1266.28,253.3,WIN,TARGET_HIT,26859.25,1295.00,2026-05-07 09:28:24
2026-04-21,2026-04-21 10:51:00,2026-04-21 11:00:00,OG,Backtest,AdxDiCrossBracketOG,OG_AdxDiCrossBracketOG,OG,NQ,NQ JUN26,SHORT,1,26794.50,26730.75,1270.64,1266.28,253.3,WIN,TARGET_HIT,26859.25,1295.00,2026-05-07 09:28:24
2026-05-01,2026-05-01 10:42:00,2026-05-01 10:48:00,OG,Backtest,AdxDiCrossBracketOG,OG_AdxDiCrossBracketOG,OG,NQ,NQ JUN26,SHORT,1,27791.50,27817.25,-519.36,-523.72,-104.7,LOSS,STOP_HIT,27859.75,1365.00,2026-05-07 09:28:24
2026-05-01,2026-05-01 11:06:00,2026-05-01 11:15:00,OG,Backtest,AdxDiCrossBracketOG,OG_AdxDiCrossBracketOG,OG,NQ,NQ JUN26,SHORT,1,27786.00,27815.00,-584.36,-588.72,-117.7,LOSS,STOP_HIT,27857.50,1430.00,2026-05-07 09:28:24
2026-05-01,2026-05-01 11:18:00,2026-05-01 11:30:00,OG,Backtest,AdxDiCrossBracketOG,OG_AdxDiCrossBracketOG,OG,NQ,NQ JUN26,LONG,1,27837.25,27851.50,280.64,276.28,55.3,WIN,STOP_HIT,27770.75,1330.00,2026-05-07 09:28:24
2026-05-06,2026-05-06 11:48:00,2026-05-06 11:51:00,OG,Backtest,AdxDiCrossBracketOG,OG_AdxDiCrossBracketOG,OG,NQ,NQ JUN26,SHORT,1,28556.50,28567.00,-214.36,-218.72,-43.7,LOSS,STOP_HIT,28607.00,1010.00,2026-05-07 09:28:24
2026-04-29,2026-04-29 11:15:00,2026-04-29 11:27:00,OG,Backtest,AdxDiCrossBracketOG,OG_AdxDiCrossBracketOG,OG,NQ,NQ JUN26,SHORT,1,27236.75,27267.25,-614.36,-618.72,-123.7,LOSS,STOP_HIT,27287.25,1010.00,2026-05-07 09:28:24
2026-04-21,2026-04-21 10:51:00,2026-04-21 11:00:00,OG,Backtest,AdxDiCrossBracketOG,OG_AdxDiCrossBracketOG,OG,NQ,NQ JUN26,SHORT,1,26794.50,26730.75,1270.64,1266.28,253.3,WIN,TARGET_HIT,26859.25,1295.00,2026-05-07 09:28:24
2026-05-01,2026-05-01 10:42:00,2026-05-01 10:48:00,OG,Backtest,AdxDiCrossBracketOG,OG_AdxDiCrossBracketOG,OG,NQ,NQ JUN26,SHORT,1,27791.50,27817.25,-519.36,-523.72,-104.7,LOSS,STOP_HIT,27859.75,1365.00,2026-05-07 09:28:24
2026-05-06,2026-05-06 11:48:00,2026-05-06 11:51:00,OG,Backtest,AdxDiCrossBracketOG,OG_AdxDiCrossBracketOG,OG,NQ,NQ JUN26,SHORT,1,28556.50,28567.00,-214.36,-218.72,-43.7,LOSS,STOP_HIT,28607.00,1010.00,2026-05-07 09:28:24
2026-04-29,2026-04-29 11:15:00,2026-04-29 11:24:00,OG,Backtest,AdxDiCrossBracketOG,OG_AdxDiCrossBracketOG,OG,NQ,NQ JUN26,SHORT,1,27236.75,27267.75,-624.36,-628.72,-125.7,LOSS,STOP_HIT,27287.25,1010.00,2026-05-07 09:28:24
2026-04-29,2026-04-29 11:27:00,2026-04-29 11:33:00,OG,Backtest,AdxDiCrossBracketOG,OG_AdxDiCrossBracketOG,OG,NQ,NQ JUN26,LONG,1,27267.25,27274.75,145.64,141.28,28.3,WIN,STOP_HIT,27218.00,985.00,2026-05-07 09:28:24
2026-05-01,2026-05-01 10:42:00,2026-05-01 10:48:00,OG,Backtest,AdxDiCrossBracketOG,OG_AdxDiCrossBracketOG,OG,NQ,NQ JUN26,SHORT,1,27791.50,27817.25,-519.36,-523.72,-104.7,LOSS,STOP_HIT,27859.75,1365.00,2026-05-07 09:28:24
2026-05-01,2026-05-01 10:54:00,2026-05-01 11:00:00,OG,Backtest,AdxDiCrossBracketOG,OG_AdxDiCrossBracketOG,OG,NQ,NQ JUN26,SHORT,1,27799.00,27833.00,-684.36,-688.72,-137.7,LOSS,STOP_HIT,27869.75,1415.00,2026-05-07 09:28:24
2026-05-01,2026-05-01 11:06:00,2026-05-01 11:15:00,OG,Backtest,AdxDiCrossBracketOG,OG_AdxDiCrossBracketOG,OG,NQ,NQ JUN26,SHORT,1,27786.00,27815.00,-584.36,-588.72,-117.7,LOSS,STOP_HIT,27857.50,1430.00,2026-05-07 09:28:24
2026-04-21,2026-04-21 10:51:00,2026-04-21 11:00:00,OG,Backtest,AdxDiCrossBracketOG,OG_AdxDiCrossBracketOG,OG,NQ,NQ JUN26,SHORT,1,26794.50,26730.75,1270.64,1266.28,253.3,WIN,TARGET_HIT,26859.25,1295.00,2026-05-07 09:28:24
2026-04-29,2026-04-29 11:15:00,2026-04-29 11:24:00,OG,Backtest,AdxDiCrossBracketOG,OG_AdxDiCrossBracketOG,OG,NQ,NQ JUN26,SHORT,1,27236.75,27267.75,-624.36,-628.72,-125.7,LOSS,STOP_HIT,27287.25,1010.00,2026-05-07 09:28:24
2026-04-21,2026-04-21 10:51:00,2026-04-21 11:00:00,OG,Backtest,AdxDiCrossBracketOG,OG_AdxDiCrossBracketOG,OG,NQ,NQ JUN26,SHORT,1,26794.50,26730.75,1270.64,1266.28,253.3,WIN,TARGET_HIT,26859.25,1295.00,2026-05-07 09:28:24
2026-04-29,2026-04-29 11:27:00,2026-04-29 11:33:00,OG,Backtest,AdxDiCrossBracketOG,OG_AdxDiCrossBracketOG,OG,NQ,NQ JUN26,LONG,1,27267.25,27274.75,145.64,141.28,28.3,WIN,STOP_HIT,27218.00,985.00,2026-05-07 09:28:24
2026-05-01,2026-05-01 11:06:00,2026-05-01 11:15:00,OG,Backtest,AdxDiCrossBracketOG,OG_AdxDiCrossBracketOG,OG,NQ,NQ JUN26,SHORT,1,27786.00,27815.00,-584.36,-588.72,-117.7,LOSS,STOP_HIT,27857.50,1430.00,2026-05-07 09:28:24
2026-04-21,2026-04-21 10:51:00,2026-04-21 11:00:00,OG,Backtest,AdxDiCrossBracketOG,OG_AdxDiCrossBracketOG,OG,NQ,NQ JUN26,SHORT,1,26794.50,26730.75,1270.64,1266.28,253.3,WIN,TARGET_HIT,26859.25,1295.00,2026-05-07 09:28:24
2026-05-04,2026-05-04 11:03:00,2026-05-04 11:21:00,OG,Backtest,AdxDiCrossBracketOG,OG_AdxDiCrossBracketOG,OG,NQ,NQ JUN26,SHORT,1,27881.50,27827.25,1080.64,1076.28,215.3,WIN,TARGET_HIT,27936.75,1105.00,2026-05-07 09:28:24
2026-04-29,2026-04-29 11:15:00,2026-04-29 11:24:00,OG,Backtest,AdxDiCrossBracketOG,OG_AdxDiCrossBracketOG,OG,NQ,NQ JUN26,SHORT,1,27236.75,27267.75,-624.36,-628.72,-125.7,LOSS,STOP_HIT,27287.25,1010.00,2026-05-07 09:28:24
2026-05-06,2026-05-06 11:48:00,2026-05-06 11:51:00,OG,Backtest,AdxDiCrossBracketOG,OG_AdxDiCrossBracketOG,OG,NQ,NQ JUN26,SHORT,1,28556.50,28567.00,-214.36,-218.72,-43.7,LOSS,STOP_HIT,28607.00,1010.00,2026-05-07 09:28:24
2026-05-01,2026-05-01 10:54:00,2026-05-01 11:00:00,OG,Backtest,AdxDiCrossBracketOG,OG_AdxDiCrossBracketOG,OG,NQ,NQ JUN26,SHORT,1,27799.00,27833.00,-684.36,-688.72,-137.7,LOSS,STOP_HIT,27869.75,1415.00,2026-05-07 09:28:24
2026-05-01,2026-05-01 10:54:00,2026-05-01 11:00:00,OG,Backtest,AdxDiCrossBracketOG,OG_AdxDiCrossBracketOG,OG,NQ,NQ JUN26,SHORT,1,27799.00,27833.00,-684.36,-688.72,-137.7,LOSS,STOP_HIT,27869.75,1415.00,2026-05-07 09:28:24
2026-05-01,2026-05-01 10:54:00,2026-05-01 11:00:00,OG,Backtest,AdxDiCrossBracketOG,OG_AdxDiCrossBracketOG,OG,NQ,NQ JUN26,SHORT,1,27799.00,27833.00,-684.36,-688.72,-137.7,LOSS,STOP_HIT,27869.75,1415.00,2026-05-07 09:28:24
2026-05-01,2026-05-01 11:06:00,2026-05-01 11:15:00,OG,Backtest,AdxDiCrossBracketOG,OG_AdxDiCrossBracketOG,OG,NQ,NQ JUN26,SHORT,1,27786.00,27815.00,-584.36,-588.72,-117.7,LOSS,STOP_HIT,27857.50,1430.00,2026-05-07 09:28:24
2026-05-01,2026-05-01 11:18:00,2026-05-01 11:30:00,OG,Backtest,AdxDiCrossBracketOG,OG_AdxDiCrossBracketOG,OG,NQ,NQ JUN26,LONG,1,27837.25,27850.00,250.64,246.28,49.3,WIN,STOP_HIT,27770.75,1330.00,2026-05-07 09:28:24
2026-05-04,2026-05-04 11:03:00,2026-05-04 11:21:00,OG,Backtest,AdxDiCrossBracketOG,OG_AdxDiCrossBracketOG,OG,NQ,NQ JUN26,SHORT,1,27881.50,27827.25,1080.64,1076.28,215.3,WIN,TARGET_HIT,27936.75,1105.00,2026-05-07 09:28:24
2026-05-01,2026-05-01 10:54:00,2026-05-01 11:00:00,OG,Backtest,AdxDiCrossBracketOG,OG_AdxDiCrossBracketOG,OG,NQ,NQ JUN26,SHORT,1,27799.00,27833.00,-684.36,-688.72,-137.7,LOSS,STOP_HIT,27869.75,1415.00,2026-05-07 09:28:24
2026-05-01,2026-05-01 11:06:00,2026-05-01 11:15:00,OG,Backtest,AdxDiCrossBracketOG,OG_AdxDiCrossBracketOG,OG,NQ,NQ JUN26,SHORT,1,27786.00,27815.00,-584.36,-588.72,-117.7,LOSS,STOP_HIT,27857.50,1430.00,2026-05-07 09:28:24
2026-05-01,2026-05-01 11:18:00,2026-05-01 11:30:00,OG,Backtest,AdxDiCrossBracketOG,OG_AdxDiCrossBracketOG,OG,NQ,NQ JUN26,LONG,1,27837.25,27850.00,250.64,246.28,49.3,WIN,STOP_HIT,27770.75,1330.00,2026-05-07 09:28:24
2026-05-01,2026-05-01 10:42:00,2026-05-01 10:48:00,OG,Backtest,AdxDiCrossBracketOG,OG_AdxDiCrossBracketOG,OG,NQ,NQ JUN26,SHORT,1,27791.50,27817.25,-519.36,-523.72,-104.7,LOSS,STOP_HIT,27859.75,1365.00,2026-05-07 09:28:24
2026-05-01,2026-05-01 10:42:00,2026-05-01 10:48:00,OG,Backtest,AdxDiCrossBracketOG,OG_AdxDiCrossBracketOG,OG,NQ,NQ JUN26,SHORT,1,27791.50,27817.25,-519.36,-523.72,-104.7,LOSS,STOP_HIT,27859.75,1365.00,2026-05-07 09:28:25
2026-05-04,2026-05-04 11:03:00,2026-05-04 11:21:00,OG,Backtest,AdxDiCrossBracketOG,OG_AdxDiCrossBracketOG,OG,NQ,NQ JUN26,SHORT,1,27881.50,27827.25,1080.64,1076.28,215.3,WIN,TARGET_HIT,27936.75,1105.00,2026-05-07 09:28:25
2026-05-04,2026-05-04 11:03:00,2026-05-04 11:21:00,OG,Backtest,AdxDiCrossBracketOG,OG_AdxDiCrossBracketOG,OG,NQ,NQ JUN26,SHORT,1,27881.50,27827.25,1080.64,1076.28,215.3,WIN,TARGET_HIT,27936.75,1105.00,2026-05-07 09:28:25
2026-05-01,2026-05-01 11:06:00,2026-05-01 11:18:00,OG,Backtest,AdxDiCrossBracketOG,OG_AdxDiCrossBracketOG,OG,NQ,NQ JUN26,SHORT,1,27786.00,27837.25,-1029.36,-1033.72,-206.7,LOSS,STOP_HIT,27857.50,1430.00,2026-05-07 09:28:25
2026-04-21,2026-04-21 10:51:00,2026-04-21 11:00:00,OG,Backtest,AdxDiCrossBracketOG,OG_AdxDiCrossBracketOG,OG,NQ,NQ JUN26,SHORT,1,26794.50,26730.75,1270.64,1266.28,253.3,WIN,TARGET_HIT,26859.25,1295.00,2026-05-07 09:28:25
2026-05-06,2026-05-06 11:48:00,2026-05-06 11:51:00,OG,Backtest,AdxDiCrossBracketOG,OG_AdxDiCrossBracketOG,OG,NQ,NQ JUN26,SHORT,1,28556.50,28567.00,-214.36,-218.72,-43.7,LOSS,STOP_HIT,28607.00,1010.00,2026-05-07 09:28:25
2026-05-04,2026-05-04 11:03:00,2026-05-04 11:21:00,OG,Backtest,AdxDiCrossBracketOG,OG_AdxDiCrossBracketOG,OG,NQ,NQ JUN26,SHORT,1,27881.50,27827.25,1080.64,1076.28,215.3,WIN,TARGET_HIT,27936.75,1105.00,2026-05-07 09:28:25
2026-04-29,2026-04-29 11:15:00,2026-04-29 11:27:00,OG,Backtest,AdxDiCrossBracketOG,OG_AdxDiCrossBracketOG,OG,NQ,NQ JUN26,SHORT,1,27236.75,27267.25,-614.36,-618.72,-123.7,LOSS,STOP_HIT,27287.25,1010.00,2026-05-07 09:28:25
2026-05-01,2026-05-01 11:06:00,2026-05-01 11:18:00,OG,Backtest,AdxDiCrossBracketOG,OG_AdxDiCrossBracketOG,OG,NQ,NQ JUN26,SHORT,1,27786.00,27837.25,-1029.36,-1033.72,-206.7,LOSS,STOP_HIT,27857.50,1430.00,2026-05-07 09:28:25
2026-05-01,2026-05-01 10:54:00,2026-05-01 11:00:00,OG,Backtest,AdxDiCrossBracketOG,OG_AdxDiCrossBracketOG,OG,NQ,NQ JUN26,SHORT,1,27799.00,27833.00,-684.36,-688.72,-137.7,LOSS,STOP_HIT,27869.75,1415.00,2026-05-07 09:28:25
2026-05-06,2026-05-06 11:48:00,2026-05-06 11:51:00,OG,Backtest,AdxDiCrossBracketOG,OG_AdxDiCrossBracketOG,OG,NQ,NQ JUN26,SHORT,1,28556.50,28567.00,-214.36,-218.72,-43.7,LOSS,STOP_HIT,28607.00,1010.00,2026-05-07 09:28:25
2026-05-04,2026-05-04 11:03:00,2026-05-04 11:21:00,OG,Backtest,AdxDiCrossBracketOG,OG_AdxDiCrossBracketOG,OG,NQ,NQ JUN26,SHORT,1,27881.50,27827.25,1080.64,1076.28,215.3,WIN,TARGET_HIT,27936.75,1105.00,2026-05-07 09:28:25
2026-05-01,2026-05-01 11:06:00,2026-05-01 11:18:00,OG,Backtest,AdxDiCrossBracketOG,OG_AdxDiCrossBracketOG,OG,NQ,NQ JUN26,SHORT,1,27786.00,27837.25,-1029.36,-1033.72,-206.7,LOSS,STOP_HIT,27857.50,1430.00,2026-05-07 09:28:25
2026-05-04,2026-05-04 11:03:00,2026-05-04 11:21:00,OG,Backtest,AdxDiCrossBracketOG,OG_AdxDiCrossBracketOG,OG,NQ,NQ JUN26,SHORT,1,27881.50,27827.25,1080.64,1076.28,215.3,WIN,TARGET_HIT,27936.75,1105.00,2026-05-07 09:28:25
2026-05-01,2026-05-01 11:06:00,2026-05-01 11:15:00,OG,Backtest,AdxDiCrossBracketOG,OG_AdxDiCrossBracketOG,OG,NQ,NQ JUN26,SHORT,1,27786.00,27815.00,-584.36,-588.72,-117.7,LOSS,STOP_HIT,27857.50,1430.00,2026-05-07 09:28:25
2026-04-21,2026-04-21 10:51:00,2026-04-21 11:00:00,OG,Backtest,AdxDiCrossBracketOG,OG_AdxDiCrossBracketOG,OG,NQ,NQ JUN26,SHORT,1,26794.50,26730.75,1270.64,1266.28,253.3,WIN,TARGET_HIT,26859.25,1295.00,2026-05-07 09:28:25
2026-05-01,2026-05-01 11:18:00,2026-05-01 11:30:00,OG,Backtest,AdxDiCrossBracketOG,OG_AdxDiCrossBracketOG,OG,NQ,NQ JUN26,LONG,1,27837.25,27850.00,250.64,246.28,49.3,WIN,STOP_HIT,27770.75,1330.00,2026-05-07 09:28:25
2026-05-01,2026-05-01 10:54:00,2026-05-01 11:00:00,OG,Backtest,AdxDiCrossBracketOG,OG_AdxDiCrossBracketOG,OG,NQ,NQ JUN26,SHORT,1,27799.00,27833.00,-684.36,-688.72,-137.7,LOSS,STOP_HIT,27869.75,1415.00,2026-05-07 09:28:25
2026-05-04,2026-05-04 11:03:00,2026-05-04 11:21:00,OG,Backtest,AdxDiCrossBracketOG,OG_AdxDiCrossBracketOG,OG,NQ,NQ JUN26,SHORT,1,27881.50,27827.25,1080.64,1076.28,215.3,WIN,TARGET_HIT,27936.75,1105.00,2026-05-07 09:28:25
2026-05-01,2026-05-01 11:06:00,2026-05-01 11:18:00,OG,Backtest,AdxDiCrossBracketOG,OG_AdxDiCrossBracketOG,OG,NQ,NQ JUN26,SHORT,1,27786.00,27837.25,-1029.36,-1033.72,-206.7,LOSS,STOP_HIT,27857.50,1430.00,2026-05-07 09:28:25
2026-04-29,2026-04-29 11:15:00,2026-04-29 11:27:00,OG,Backtest,AdxDiCrossBracketOG,OG_AdxDiCrossBracketOG,OG,NQ,NQ JUN26,SHORT,1,27236.75,27267.25,-614.36,-618.72,-123.7,LOSS,STOP_HIT,27287.25,1010.00,2026-05-07 09:28:25
2026-05-06,2026-05-06 11:48:00,2026-05-06 11:51:00,OG,Backtest,AdxDiCrossBracketOG,OG_AdxDiCrossBracketOG,OG,NQ,NQ JUN26,SHORT,1,28556.50,28567.00,-214.36,-218.72,-43.7,LOSS,STOP_HIT,28607.00,1010.00,2026-05-07 09:28:25
2026-04-21,2026-04-21 10:51:00,2026-04-21 11:00:00,OG,Backtest,AdxDiCrossBracketOG,OG_AdxDiCrossBracketOG,OG,NQ,NQ JUN26,SHORT,1,26794.50,26730.75,1270.64,1266.28,253.3,WIN,TARGET_HIT,26859.25,1295.00,2026-05-07 09:28:25
2026-04-29,2026-04-29 11:15:00,2026-04-29 11:27:00,OG,Backtest,AdxDiCrossBracketOG,OG_AdxDiCrossBracketOG,OG,NQ,NQ JUN26,SHORT,1,27236.75,27267.25,-614.36,-618.72,-123.7,LOSS,STOP_HIT,27287.25,1010.00,2026-05-07 09:28:25
2026-04-29,2026-04-29 11:15:00,2026-04-29 11:24:00,OG,Backtest,AdxDiCrossBracketOG,OG_AdxDiCrossBracketOG,OG,NQ,NQ JUN26,SHORT,1,27236.75,27267.75,-624.36,-628.72,-125.7,LOSS,STOP_HIT,27287.25,1010.00,2026-05-07 09:28:25
2026-05-01,2026-05-01 10:42:00,2026-05-01 10:48:00,OG,Backtest,AdxDiCrossBracketOG,OG_AdxDiCrossBracketOG,OG,NQ,NQ JUN26,SHORT,1,27791.50,27817.25,-519.36,-523.72,-104.7,LOSS,STOP_HIT,27859.75,1365.00,2026-05-07 09:28:25
2026-05-06,2026-05-06 11:48:00,2026-05-06 11:51:00,OG,Backtest,AdxDiCrossBracketOG,OG_AdxDiCrossBracketOG,OG,NQ,NQ JUN26,SHORT,1,28556.50,28567.00,-214.36,-218.72,-43.7,LOSS,STOP_HIT,28607.00,1010.00,2026-05-07 09:28:25
2026-05-06,2026-05-06 11:48:00,2026-05-06 11:51:00,OG,Backtest,AdxDiCrossBracketOG,OG_AdxDiCrossBracketOG,OG,NQ,NQ JUN26,SHORT,1,28556.50,28567.00,-214.36,-218.72,-43.7,LOSS,STOP_HIT,28607.00,1010.00,2026-05-07 09:28:25
2026-05-01,2026-05-01 11:06:00,2026-05-01 11:18:00,OG,Backtest,AdxDiCrossBracketOG,OG_AdxDiCrossBracketOG,OG,NQ,NQ JUN26,SHORT,1,27786.00,27837.25,-1029.36,-1033.72,-206.7,LOSS,STOP_HIT,27857.50,1430.00,2026-05-07 09:28:25
2026-05-04,2026-05-04 11:03:00,2026-05-04 11:21:00,OG,Backtest,AdxDiCrossBracketOG,OG_AdxDiCrossBracketOG,OG,NQ,NQ JUN26,SHORT,1,27881.50,27827.25,1080.64,1076.28,215.3,WIN,TARGET_HIT,27936.75,1105.00,2026-05-07 09:28:25
2026-05-01,2026-05-01 11:06:00,2026-05-01 11:18:00,OG,Backtest,AdxDiCrossBracketOG,OG_AdxDiCrossBracketOG,OG,NQ,NQ JUN26,SHORT,1,27786.00,27837.25,-1029.36,-1033.72,-206.7,LOSS,STOP_HIT,27857.50,1430.00,2026-05-07 09:28:25
2026-05-01,2026-05-01 10:42:00,2026-05-01 10:48:00,OG,Backtest,AdxDiCrossBracketOG,OG_AdxDiCrossBracketOG,OG,NQ,NQ JUN26,SHORT,1,27791.50,27817.25,-519.36,-523.72,-104.7,LOSS,STOP_HIT,27859.75,1365.00,2026-05-07 09:28:25
2026-05-06,2026-05-06 11:48:00,2026-05-06 11:51:00,OG,Backtest,AdxDiCrossBracketOG,OG_AdxDiCrossBracketOG,OG,NQ,NQ JUN26,SHORT,1,28556.50,28567.00,-214.36,-218.72,-43.7,LOSS,STOP_HIT,28607.00,1010.00,2026-05-07 09:28:25
2026-05-01,2026-05-01 11:06:00,2026-05-01 11:18:00,OG,Backtest,AdxDiCrossBracketOG,OG_AdxDiCrossBracketOG,OG,NQ,NQ JUN26,SHORT,1,27786.00,27837.25,-1029.36,-1033.72,-206.7,LOSS,STOP_HIT,27857.50,1430.00,2026-05-07 09:28:25
2026-05-04,2026-05-04 11:03:00,2026-05-04 11:21:00,OG,Backtest,AdxDiCrossBracketOG,OG_AdxDiCrossBracketOG,OG,NQ,NQ JUN26,SHORT,1,27881.50,27827.25,1080.64,1076.28,215.3,WIN,TARGET_HIT,27936.75,1105.00,2026-05-07 09:28:25
2026-05-01,2026-05-01 11:06:00,2026-05-01 11:18:00,OG,Backtest,AdxDiCrossBracketOG,OG_AdxDiCrossBracketOG,OG,NQ,NQ JUN26,SHORT,1,27786.00,27837.25,-1029.36,-1033.72,-206.7,LOSS,STOP_HIT,27857.50,1430.00,2026-05-07 09:28:25
2026-05-06,2026-05-06 11:48:00,2026-05-06 11:51:00,OG,Backtest,AdxDiCrossBracketOG,OG_AdxDiCrossBracketOG,OG,NQ,NQ JUN26,SHORT,1,28556.50,28567.00,-214.36,-218.72,-43.7,LOSS,STOP_HIT,28607.00,1010.00,2026-05-07 09:28:25
2026-05-01,2026-05-01 10:54:00,2026-05-01 11:00:00,OG,Backtest,AdxDiCrossBracketOG,OG_AdxDiCrossBracketOG,OG,NQ,NQ JUN26,SHORT,1,27799.00,27833.00,-684.36,-688.72,-137.7,LOSS,STOP_HIT,27869.75,1415.00,2026-05-07 09:28:25
2026-05-01,2026-05-01 10:54:00,2026-05-01 11:00:00,OG,Backtest,AdxDiCrossBracketOG,OG_AdxDiCrossBracketOG,OG,NQ,NQ JUN26,SHORT,1,27799.00,27833.00,-684.36,-688.72,-137.7,LOSS,STOP_HIT,27869.75,1415.00,2026-05-07 09:28:25
2026-04-29,2026-04-29 11:27:00,2026-04-29 11:33:00,OG,Backtest,AdxDiCrossBracketOG,OG_AdxDiCrossBracketOG,OG,NQ,NQ JUN26,LONG,1,27267.25,27274.75,145.64,141.28,28.3,WIN,STOP_HIT,27218.00,985.00,2026-05-07 09:28:25
2026-05-01,2026-05-01 10:42:00,2026-05-01 10:48:00,OG,Backtest,AdxDiCrossBracketOG,OG_AdxDiCrossBracketOG,OG,NQ,NQ JUN26,SHORT,1,27791.50,27817.25,-519.36,-523.72,-104.7,LOSS,STOP_HIT,27859.75,1365.00,2026-05-07 09:28:25
2026-05-01,2026-05-01 10:42:00,2026-05-01 10:48:00,OG,Backtest,AdxDiCrossBracketOG,OG_AdxDiCrossBracketOG,OG,NQ,NQ JUN26,SHORT,1,27791.50,27817.25,-519.36,-523.72,-104.7,LOSS,STOP_HIT,27859.75,1365.00,2026-05-07 09:28:25
2026-05-06,2026-05-06 11:48:00,2026-05-06 11:51:00,OG,Backtest,AdxDiCrossBracketOG,OG_AdxDiCrossBracketOG,OG,NQ,NQ JUN26,SHORT,1,28556.50,28567.00,-214.36,-218.72,-43.7,LOSS,STOP_HIT,28607.00,1010.00,2026-05-07 09:28:25
2026-05-01,2026-05-01 10:54:00,2026-05-01 11:00:00,OG,Backtest,AdxDiCrossBracketOG,OG_AdxDiCrossBracketOG,OG,NQ,NQ JUN26,SHORT,1,27799.00,27833.00,-684.36,-688.72,-137.7,LOSS,STOP_HIT,27869.75,1415.00,2026-05-07 09:28:25
2026-05-01,2026-05-01 11:06:00,2026-05-01 11:18:00,OG,Backtest,AdxDiCrossBracketOG,OG_AdxDiCrossBracketOG,OG,NQ,NQ JUN26,SHORT,1,27786.00,27837.25,-1029.36,-1033.72,-206.7,LOSS,STOP_HIT,27857.50,1430.00,2026-05-07 09:28:25
2026-05-04,2026-05-04 11:03:00,2026-05-04 11:21:00,OG,Backtest,AdxDiCrossBracketOG,OG_AdxDiCrossBracketOG,OG,NQ,NQ JUN26,SHORT,1,27881.50,27827.25,1080.64,1076.28,215.3,WIN,TARGET_HIT,27936.75,1105.00,2026-05-07 09:28:25
2026-05-01,2026-05-01 10:42:00,2026-05-01 10:48:00,OG,Backtest,AdxDiCrossBracketOG,OG_AdxDiCrossBracketOG,OG,NQ,NQ JUN26,SHORT,1,27791.50,27817.25,-519.36,-523.72,-104.7,LOSS,STOP_HIT,27859.75,1365.00,2026-05-07 09:28:25
2026-05-01,2026-05-01 10:54:00,2026-05-01 11:00:00,OG,Backtest,AdxDiCrossBracketOG,OG_AdxDiCrossBracketOG,OG,NQ,NQ JUN26,SHORT,1,27799.00,27833.00,-684.36,-688.72,-137.7,LOSS,STOP_HIT,27869.75,1415.00,2026-05-07 09:28:25
2026-04-21,2026-04-21 10:51:00,2026-04-21 11:00:00,OG,Backtest,AdxDiCrossBracketOG,OG_AdxDiCrossBracketOG,OG,NQ,NQ JUN26,SHORT,1,26794.50,26730.75,1270.64,1266.28,253.3,WIN,TARGET_HIT,26859.25,1295.00,2026-05-07 09:28:25
2026-05-01,2026-05-01 10:42:00,2026-05-01 10:48:00,OG,Backtest,AdxDiCrossBracketOG,OG_AdxDiCrossBracketOG,OG,NQ,NQ JUN26,SHORT,1,27791.50,27817.25,-519.36,-523.72,-104.7,LOSS,STOP_HIT,27859.75,1365.00,2026-05-07 09:28:25
2026-05-01,2026-05-01 10:48:00,2026-05-01 10:54:00,OG,Backtest,AdxDiCrossBracketOG,OG_AdxDiCrossBracketOG,OG,NQ,NQ JUN26,LONG,1,27817.25,27799.00,-369.36,-373.72,-74.7,LOSS,STOP_HIT,27781.25,720.00,2026-05-07 09:28:25
2026-05-01,2026-05-01 11:06:00,2026-05-01 11:18:00,OG,Backtest,AdxDiCrossBracketOG,OG_AdxDiCrossBracketOG,OG,NQ,NQ JUN26,SHORT,1,27786.00,27837.25,-1029.36,-1033.72,-206.7,LOSS,STOP_HIT,27857.50,1430.00,2026-05-07 09:28:25
2026-05-04,2026-05-04 11:03:00,2026-05-04 11:21:00,OG,Backtest,AdxDiCrossBracketOG,OG_AdxDiCrossBracketOG,OG,NQ,NQ JUN26,SHORT,1,27881.50,27827.25,1080.64,1076.28,215.3,WIN,TARGET_HIT,27936.75,1105.00,2026-05-07 09:28:25
2026-05-06,2026-05-06 11:48:00,2026-05-06 11:51:00,OG,Backtest,AdxDiCrossBracketOG,OG_AdxDiCrossBracketOG,OG,NQ,NQ JUN26,SHORT,1,28556.50,28567.00,-214.36,-218.72,-43.7,LOSS,STOP_HIT,28607.00,1010.00,2026-05-07 09:28:25
2026-04-21,2026-04-21 10:51:00,2026-04-21 11:00:00,OG,Backtest,AdxDiCrossBracketOG,OG_AdxDiCrossBracketOG,OG,NQ,NQ JUN26,SHORT,1,26794.50,26730.75,1270.64,1266.28,253.3,WIN,TARGET_HIT,26859.25,1295.00,2026-05-07 09:28:25
2026-04-21,2026-04-21 10:51:00,2026-04-21 11:00:00,OG,Backtest,AdxDiCrossBracketOG,OG_AdxDiCrossBracketOG,OG,NQ,NQ JUN26,SHORT,1,26794.50,26730.75,1270.64,1266.28,253.3,WIN,TARGET_HIT,26859.25,1295.00,2026-05-07 09:28:25
2026-04-21,2026-04-21 10:51:00,2026-04-21 11:00:00,OG,Backtest,AdxDiCrossBracketOG,OG_AdxDiCrossBracketOG,OG,NQ,NQ JUN26,SHORT,1,26794.50,26762.75,630.64,626.28,125.3,WIN,TARGET_HIT,26827.25,655.00,2026-05-07 09:28:25
2026-04-29,2026-04-29 11:15:00,2026-04-29 11:27:00,OG,Backtest,AdxDiCrossBracketOG,OG_AdxDiCrossBracketOG,OG,NQ,NQ JUN26,SHORT,1,27236.75,27267.25,-614.36,-618.72,-123.7,LOSS,STOP_HIT,27287.25,1010.00,2026-05-07 09:28:25
2026-05-01,2026-05-01 10:42:00,2026-05-01 10:48:00,OG,Backtest,AdxDiCrossBracketOG,OG_AdxDiCrossBracketOG,OG,NQ,NQ JUN26,SHORT,1,27791.50,27817.25,-519.36,-523.72,-104.7,LOSS,STOP_HIT,27859.75,1365.00,2026-05-07 09:28:25
2026-05-01,2026-05-01 10:48:00,2026-05-01 10:54:00,OG,Backtest,AdxDiCrossBracketOG,OG_AdxDiCrossBracketOG,OG,NQ,NQ JUN26,LONG,1,27817.25,27799.00,-369.36,-373.72,-74.7,LOSS,STOP_HIT,27781.25,720.00,2026-05-07 09:28:25
2026-05-01,2026-05-01 11:06:00,2026-05-01 11:18:00,OG,Backtest,AdxDiCrossBracketOG,OG_AdxDiCrossBracketOG,OG,NQ,NQ JUN26,SHORT,1,27786.00,27837.25,-1029.36,-1033.72,-206.7,LOSS,STOP_HIT,27857.50,1430.00,2026-05-07 09:28:25
2026-05-04,2026-05-04 11:03:00,2026-05-04 11:21:00,OG,Backtest,AdxDiCrossBracketOG,OG_AdxDiCrossBracketOG,OG,NQ,NQ JUN26,SHORT,1,27881.50,27827.25,1080.64,1076.28,215.3,WIN,TARGET_HIT,27936.75,1105.00,2026-05-07 09:28:25
2026-05-04,2026-05-04 11:03:00,2026-05-04 11:21:00,OG,Backtest,AdxDiCrossBracketOG,OG_AdxDiCrossBracketOG,OG,NQ,NQ JUN26,SHORT,1,27881.50,27827.25,1080.64,1076.28,215.3,WIN,TARGET_HIT,27936.75,1105.00,2026-05-07 09:28:25
2026-04-21,2026-04-21 10:51:00,2026-04-21 11:00:00,OG,Backtest,AdxDiCrossBracketOG,OG_AdxDiCrossBracketOG,OG,NQ,NQ JUN26,SHORT,1,26794.50,26730.75,1270.64,1266.28,253.3,WIN,TARGET_HIT,26859.25,1295.00,2026-05-07 09:28:25
2026-05-01,2026-05-01 10:54:00,2026-05-01 11:00:00,OG,Backtest,AdxDiCrossBracketOG,OG_AdxDiCrossBracketOG,OG,NQ,NQ JUN26,SHORT,1,27799.00,27833.00,-684.36,-688.72,-137.7,LOSS,STOP_HIT,27869.75,1415.00,2026-05-07 09:28:25
2026-04-21,2026-04-21 10:51:00,2026-04-21 11:00:00,OG,Backtest,AdxDiCrossBracketOG,OG_AdxDiCrossBracketOG,OG,NQ,NQ JUN26,SHORT,1,26794.50,26762.75,630.64,626.28,125.3,WIN,TARGET_HIT,26827.25,655.00,2026-05-07 09:28:25
2026-05-01,2026-05-01 11:06:00,2026-05-01 11:12:00,OG,Backtest,AdxDiCrossBracketOG,OG_AdxDiCrossBracketOG,OG,NQ,NQ JUN26,SHORT,1,27786.00,27809.25,-469.36,-473.72,-94.7,LOSS,STOP_HIT,27821.75,715.00,2026-05-07 09:28:25
2026-04-21,2026-04-21 10:51:00,2026-04-21 11:00:00,OG,Backtest,AdxDiCrossBracketOG,OG_AdxDiCrossBracketOG,OG,NQ,NQ JUN26,SHORT,1,26794.50,26730.75,1270.64,1266.28,253.3,WIN,TARGET_HIT,26859.25,1295.00,2026-05-07 09:28:25
2026-04-21,2026-04-21 10:51:00,2026-04-21 11:00:00,OG,Backtest,AdxDiCrossBracketOG,OG_AdxDiCrossBracketOG,OG,NQ,NQ JUN26,SHORT,1,26794.50,26730.75,1270.64,1266.28,253.3,WIN,TARGET_HIT,26859.25,1295.00,2026-05-07 09:28:25
2026-05-01,2026-05-01 10:48:00,2026-05-01 10:54:00,OG,Backtest,AdxDiCrossBracketOG,OG_AdxDiCrossBracketOG,OG,NQ,NQ JUN26,LONG,1,27817.25,27799.00,-369.36,-373.72,-74.7,LOSS,STOP_HIT,27781.25,720.00,2026-05-07 09:28:25
2026-05-01,2026-05-01 11:06:00,2026-05-01 11:18:00,OG,Backtest,AdxDiCrossBracketOG,OG_AdxDiCrossBracketOG,OG,NQ,NQ JUN26,SHORT,1,27786.00,27837.25,-1029.36,-1033.72,-206.7,LOSS,STOP_HIT,27857.50,1430.00,2026-05-07 09:28:25
2026-05-04,2026-05-04 11:03:00,2026-05-04 11:21:00,OG,Backtest,AdxDiCrossBracketOG,OG_AdxDiCrossBracketOG,OG,NQ,NQ JUN26,SHORT,1,27881.50,27827.25,1080.64,1076.28,215.3,WIN,TARGET_HIT,27936.75,1105.00,2026-05-07 09:28:25
2026-04-29,2026-04-29 11:15:00,2026-04-29 11:21:00,OG,Backtest,AdxDiCrossBracketOG,OG_AdxDiCrossBracketOG,OG,NQ,NQ JUN26,SHORT,1,27236.75,27262.75,-524.36,-528.72,-105.7,LOSS,STOP_HIT,27262.25,510.00,2026-05-07 09:28:25
2026-05-01,2026-05-01 10:48:00,2026-05-01 10:54:00,OG,Backtest,AdxDiCrossBracketOG,OG_AdxDiCrossBracketOG,OG,NQ,NQ JUN26,LONG,1,27817.25,27799.00,-369.36,-373.72,-74.7,LOSS,STOP_HIT,27781.25,720.00,2026-05-07 09:28:25
2026-05-01,2026-05-01 11:00:00,2026-05-01 11:03:00,OG,Backtest,AdxDiCrossBracketOG,OG_AdxDiCrossBracketOG,OG,NQ,NQ JUN26,LONG,1,27833.00,27796.50,-734.36,-738.72,-147.7,LOSS,STOP_HIT,27797.00,720.00,2026-05-07 09:28:25
2026-05-01,2026-05-01 11:06:00,2026-05-01 11:18:00,OG,Backtest,AdxDiCrossBracketOG,OG_AdxDiCrossBracketOG,OG,NQ,NQ JUN26,SHORT,1,27786.00,27837.25,-1029.36,-1033.72,-206.7,LOSS,STOP_HIT,27857.50,1430.00,2026-05-07 09:28:25
2026-05-01,2026-05-01 10:48:00,2026-05-01 10:54:00,OG,Backtest,AdxDiCrossBracketOG,OG_AdxDiCrossBracketOG,OG,NQ,NQ JUN26,LONG,1,27817.25,27799.00,-369.36,-373.72,-74.7,LOSS,STOP_HIT,27781.25,720.00,2026-05-07 09:28:25
2026-04-21,2026-04-21 10:51:00,2026-04-21 11:00:00,OG,Backtest,AdxDiCrossBracketOG,OG_AdxDiCrossBracketOG,OG,NQ,NQ JUN26,SHORT,1,26794.50,26762.75,630.64,626.28,125.3,WIN,TARGET_HIT,26827.25,655.00,2026-05-07 09:28:25
2026-05-06,2026-05-06 11:48:00,2026-05-06 11:51:00,OG,Backtest,AdxDiCrossBracketOG,OG_AdxDiCrossBracketOG,OG,NQ,NQ JUN26,SHORT,1,28556.50,28567.00,-214.36,-218.72,-43.7,LOSS,STOP_HIT,28607.00,1010.00,2026-05-07 09:28:25
2026-05-01,2026-05-01 10:54:00,2026-05-01 11:00:00,OG,Backtest,AdxDiCrossBracketOG,OG_AdxDiCrossBracketOG,OG,NQ,NQ JUN26,SHORT,1,27799.00,27833.00,-684.36,-688.72,-137.7,LOSS,STOP_HIT,27869.75,1415.00,2026-05-07 09:28:25
2026-05-01,2026-05-01 10:42:00,2026-05-01 10:45:00,OG,Backtest,AdxDiCrossBracketOG,OG_AdxDiCrossBracketOG,OG,NQ,NQ JUN26,SHORT,1,27791.50,27826.25,-699.36,-703.72,-140.7,LOSS,STOP_HIT,27825.75,685.00,2026-05-07 09:28:25
2026-05-04,2026-05-04 11:03:00,2026-05-04 11:21:00,OG,Backtest,AdxDiCrossBracketOG,OG_AdxDiCrossBracketOG,OG,NQ,NQ JUN26,SHORT,1,27881.50,27827.25,1080.64,1076.28,215.3,WIN,TARGET_HIT,27936.75,1105.00,2026-05-07 09:28:25
2026-05-06,2026-05-06 11:48:00,2026-05-06 11:51:00,OG,Backtest,AdxDiCrossBracketOG,OG_AdxDiCrossBracketOG,OG,NQ,NQ JUN26,SHORT,1,28556.50,28567.00,-214.36,-218.72,-43.7,LOSS,STOP_HIT,28582.00,510.00,2026-05-07 09:28:25
2026-04-29,2026-04-29 11:15:00,2026-04-29 11:21:00,OG,Backtest,AdxDiCrossBracketOG,OG_AdxDiCrossBracketOG,OG,NQ,NQ JUN26,SHORT,1,27236.75,27262.75,-524.36,-528.72,-105.7,LOSS,STOP_HIT,27262.25,510.00,2026-05-07 09:28:25
2026-05-01,2026-05-01 10:42:00,2026-05-01 10:45:00,OG,Backtest,AdxDiCrossBracketOG,OG_AdxDiCrossBracketOG,OG,NQ,NQ JUN26,SHORT,1,27791.50,27826.25,-699.36,-703.72,-140.7,LOSS,STOP_HIT,27825.75,685.00,2026-05-07 09:28:25
2026-05-01,2026-05-01 10:48:00,2026-05-01 10:54:00,OG,Backtest,AdxDiCrossBracketOG,OG_AdxDiCrossBracketOG,OG,NQ,NQ JUN26,LONG,1,27817.25,27799.00,-369.36,-373.72,-74.7,LOSS,STOP_HIT,27781.25,720.00,2026-05-07 09:28:25
2026-05-01,2026-05-01 11:00:00,2026-05-01 11:03:00,OG,Backtest,AdxDiCrossBracketOG,OG_AdxDiCrossBracketOG,OG,NQ,NQ JUN26,LONG,1,27833.00,27796.50,-734.36,-738.72,-147.7,LOSS,STOP_HIT,27797.00,720.00,2026-05-07 09:28:25
2026-05-01,2026-05-01 11:06:00,2026-05-01 11:12:00,OG,Backtest,AdxDiCrossBracketOG,OG_AdxDiCrossBracketOG,OG,NQ,NQ JUN26,SHORT,1,27786.00,27809.25,-469.36,-473.72,-94.7,LOSS,STOP_HIT,27821.75,715.00,2026-05-07 09:28:25
2026-04-29,2026-04-29 11:15:00,2026-04-29 11:21:00,OG,Backtest,AdxDiCrossBracketOG,OG_AdxDiCrossBracketOG,OG,NQ,NQ JUN26,SHORT,1,27236.75,27262.75,-524.36,-528.72,-105.7,LOSS,STOP_HIT,27262.25,510.00,2026-05-07 09:28:25
2026-04-29,2026-04-29 11:15:00,2026-04-29 11:21:00,OG,Backtest,AdxDiCrossBracketOG,OG_AdxDiCrossBracketOG,OG,NQ,NQ JUN26,SHORT,1,27236.75,27262.75,-524.36,-528.72,-105.7,LOSS,STOP_HIT,27262.25,510.00,2026-05-07 09:28:25
2026-05-01,2026-05-01 11:00:00,2026-05-01 11:03:00,OG,Backtest,AdxDiCrossBracketOG,OG_AdxDiCrossBracketOG,OG,NQ,NQ JUN26,LONG,1,27833.00,27796.50,-734.36,-738.72,-147.7,LOSS,STOP_HIT,27797.00,720.00,2026-05-07 09:28:25
2026-05-01,2026-05-01 11:00:00,2026-05-01 11:03:00,OG,Backtest,AdxDiCrossBracketOG,OG_AdxDiCrossBracketOG,OG,NQ,NQ JUN26,LONG,1,27833.00,27796.50,-734.36,-738.72,-147.7,LOSS,STOP_HIT,27797.00,720.00,2026-05-07 09:28:25
2026-04-21,2026-04-21 10:51:00,2026-04-21 11:00:00,OG,Backtest,AdxDiCrossBracketOG,OG_AdxDiCrossBracketOG,OG,NQ,NQ JUN26,SHORT,1,26794.50,26730.75,1270.64,1266.28,253.3,WIN,TARGET_HIT,26859.25,1295.00,2026-05-07 09:28:25
2026-05-01,2026-05-01 11:18:00,2026-05-01 11:27:00,OG,Backtest,AdxDiCrossBracketOG,OG_AdxDiCrossBracketOG,OG,NQ,NQ JUN26,LONG,1,27837.25,27870.00,650.64,646.28,129.3,WIN,TARGET_HIT,27804.00,665.00,2026-05-07 09:28:25
2026-04-29,2026-04-29 11:15:00,2026-04-29 11:27:00,OG,Backtest,AdxDiCrossBracketOG,OG_AdxDiCrossBracketOG,OG,NQ,NQ JUN26,SHORT,1,27236.75,27267.25,-614.36,-618.72,-123.7,LOSS,STOP_HIT,27287.25,1010.00,2026-05-07 09:28:26
2026-05-01,2026-05-01 11:00:00,2026-05-01 11:03:00,OG,Backtest,AdxDiCrossBracketOG,OG_AdxDiCrossBracketOG,OG,NQ,NQ JUN26,LONG,1,27833.00,27796.50,-734.36,-738.72,-147.7,LOSS,STOP_HIT,27797.00,720.00,2026-05-07 09:28:26
2026-05-01,2026-05-01 10:42:00,2026-05-01 10:45:00,OG,Backtest,AdxDiCrossBracketOG,OG_AdxDiCrossBracketOG,OG,NQ,NQ JUN26,SHORT,1,27791.50,27826.25,-699.36,-703.72,-140.7,LOSS,STOP_HIT,27825.75,685.00,2026-05-07 09:28:26
2026-05-01,2026-05-01 11:06:00,2026-05-01 11:12:00,OG,Backtest,AdxDiCrossBracketOG,OG_AdxDiCrossBracketOG,OG,NQ,NQ JUN26,SHORT,1,27786.00,27809.25,-469.36,-473.72,-94.7,LOSS,STOP_HIT,27821.75,715.00,2026-05-07 09:28:26
2026-05-06,2026-05-06 11:48:00,2026-05-06 11:51:00,OG,Backtest,AdxDiCrossBracketOG,OG_AdxDiCrossBracketOG,OG,NQ,NQ JUN26,SHORT,1,28556.50,28567.00,-214.36,-218.72,-43.7,LOSS,STOP_HIT,28607.00,1010.00,2026-05-07 09:28:26
2026-05-06,2026-05-06 11:48:00,2026-05-06 11:51:00,OG,Backtest,AdxDiCrossBracketOG,OG_AdxDiCrossBracketOG,OG,NQ,NQ JUN26,SHORT,1,28556.50,28567.00,-214.36,-218.72,-43.7,LOSS,STOP_HIT,28582.00,510.00,2026-05-07 09:28:26
2026-05-01,2026-05-01 10:48:00,2026-05-01 10:54:00,OG,Backtest,AdxDiCrossBracketOG,OG_AdxDiCrossBracketOG,OG,NQ,NQ JUN26,LONG,1,27817.25,27799.00,-369.36,-373.72,-74.7,LOSS,STOP_HIT,27781.25,720.00,2026-05-07 09:28:26
2026-05-06,2026-05-06 11:48:00,2026-05-06 11:51:00,OG,Backtest,AdxDiCrossBracketOG,OG_AdxDiCrossBracketOG,OG,NQ,NQ JUN26,SHORT,1,28556.50,28567.00,-214.36,-218.72,-43.7,LOSS,STOP_HIT,28582.00,510.00,2026-05-07 09:28:26
2026-05-01,2026-05-01 11:18:00,2026-05-01 11:27:00,OG,Backtest,AdxDiCrossBracketOG,OG_AdxDiCrossBracketOG,OG,NQ,NQ JUN26,LONG,1,27837.25,27870.00,650.64,646.28,129.3,WIN,TARGET_HIT,27804.00,665.00,2026-05-07 09:28:26
2026-04-21,2026-04-21 10:51:00,2026-04-21 11:00:00,OG,Backtest,AdxDiCrossBracketOG,OG_AdxDiCrossBracketOG,OG,NQ,NQ JUN26,SHORT,1,26794.50,26762.75,630.64,626.28,125.3,WIN,TARGET_HIT,26827.25,655.00,2026-05-07 09:28:26
2026-04-21,2026-04-21 10:51:00,2026-04-21 11:00:00,OG,Backtest,AdxDiCrossBracketOG,OG_AdxDiCrossBracketOG,OG,NQ,NQ JUN26,SHORT,1,26794.50,26762.75,630.64,626.28,125.3,WIN,TARGET_HIT,26827.25,655.00,2026-05-07 09:28:26
2026-05-01,2026-05-01 10:42:00,2026-05-01 10:45:00,OG,Backtest,AdxDiCrossBracketOG,OG_AdxDiCrossBracketOG,OG,NQ,NQ JUN26,SHORT,1,27791.50,27826.25,-699.36,-703.72,-140.7,LOSS,STOP_HIT,27825.75,685.00,2026-05-07 09:28:26
2026-04-29,2026-04-29 11:15:00,2026-04-29 11:21:00,OG,Backtest,AdxDiCrossBracketOG,OG_AdxDiCrossBracketOG,OG,NQ,NQ JUN26,SHORT,1,27236.75,27262.75,-524.36,-528.72,-105.7,LOSS,STOP_HIT,27262.25,510.00,2026-05-07 09:28:26
2026-04-21,2026-04-21 10:51:00,2026-04-21 11:00:00,OG,Backtest,AdxDiCrossBracketOG,OG_AdxDiCrossBracketOG,OG,NQ,NQ JUN26,SHORT,1,26794.50,26762.75,630.64,626.28,125.3,WIN,TARGET_HIT,26827.25,655.00,2026-05-07 09:28:26
2026-05-01,2026-05-01 10:42:00,2026-05-01 10:45:00,OG,Backtest,AdxDiCrossBracketOG,OG_AdxDiCrossBracketOG,OG,NQ,NQ JUN26,SHORT,1,27791.50,27826.25,-699.36,-703.72,-140.7,LOSS,STOP_HIT,27825.75,685.00,2026-05-07 09:28:26
2026-05-01,2026-05-01 11:00:00,2026-05-01 11:03:00,OG,Backtest,AdxDiCrossBracketOG,OG_AdxDiCrossBracketOG,OG,NQ,NQ JUN26,LONG,1,27833.00,27796.50,-734.36,-738.72,-147.7,LOSS,STOP_HIT,27797.00,720.00,2026-05-07 09:28:26
2026-05-01,2026-05-01 11:18:00,2026-05-01 11:27:00,OG,Backtest,AdxDiCrossBracketOG,OG_AdxDiCrossBracketOG,OG,NQ,NQ JUN26,LONG,1,27837.25,27870.00,650.64,646.28,129.3,WIN,TARGET_HIT,27804.00,665.00,2026-05-07 09:28:26
2026-05-01,2026-05-01 11:06:00,2026-05-01 11:15:00,OG,Backtest,AdxDiCrossBracketOG,OG_AdxDiCrossBracketOG,OG,NQ,NQ JUN26,SHORT,1,27786.00,27815.00,-584.36,-588.72,-117.7,LOSS,STOP_HIT,27821.75,715.00,2026-05-07 09:28:26
2026-05-01,2026-05-01 11:18:00,2026-05-01 11:27:00,OG,Backtest,AdxDiCrossBracketOG,OG_AdxDiCrossBracketOG,OG,NQ,NQ JUN26,LONG,1,27837.25,27870.00,650.64,646.28,129.3,WIN,TARGET_HIT,27804.00,665.00,2026-05-07 09:28:26
2026-05-01,2026-05-01 11:18:00,2026-05-01 11:27:00,OG,Backtest,AdxDiCrossBracketOG,OG_AdxDiCrossBracketOG,OG,NQ,NQ JUN26,LONG,1,27837.25,27870.00,650.64,646.28,129.3,WIN,TARGET_HIT,27804.00,665.00,2026-05-07 09:28:26
2026-05-06,2026-05-06 11:48:00,2026-05-06 11:51:00,OG,Backtest,AdxDiCrossBracketOG,OG_AdxDiCrossBracketOG,OG,NQ,NQ JUN26,SHORT,1,28556.50,28567.00,-214.36,-218.72,-43.7,LOSS,STOP_HIT,28582.00,510.00,2026-05-07 09:28:26
2026-05-01,2026-05-01 10:42:00,2026-05-01 10:45:00,OG,Backtest,AdxDiCrossBracketOG,OG_AdxDiCrossBracketOG,OG,NQ,NQ JUN26,SHORT,1,27791.50,27826.25,-699.36,-703.72,-140.7,LOSS,STOP_HIT,27825.75,685.00,2026-05-07 09:28:26
2026-04-21,2026-04-21 10:51:00,2026-04-21 11:00:00,OG,Backtest,AdxDiCrossBracketOG,OG_AdxDiCrossBracketOG,OG,NQ,NQ JUN26,SHORT,1,26794.50,26762.75,630.64,626.28,125.3,WIN,TARGET_HIT,26827.25,655.00,2026-05-07 09:28:26
2026-05-04,2026-05-04 11:03:00,2026-05-04 11:21:00,OG,Backtest,AdxDiCrossBracketOG,OG_AdxDiCrossBracketOG,OG,NQ,NQ JUN26,SHORT,1,27881.50,27827.25,1080.64,1076.28,215.3,WIN,TARGET_HIT,27936.75,1105.00,2026-05-07 09:28:26
2026-04-21,2026-04-21 10:51:00,2026-04-21 11:00:00,OG,Backtest,AdxDiCrossBracketOG,OG_AdxDiCrossBracketOG,OG,NQ,NQ JUN26,SHORT,1,26794.50,26762.75,630.64,626.28,125.3,WIN,TARGET_HIT,26827.25,655.00,2026-05-07 09:28:26
2026-05-01,2026-05-01 11:06:00,2026-05-01 11:12:00,OG,Backtest,AdxDiCrossBracketOG,OG_AdxDiCrossBracketOG,OG,NQ,NQ JUN26,SHORT,1,27786.00,27809.25,-469.36,-473.72,-94.7,LOSS,STOP_HIT,27821.75,715.00,2026-05-07 09:28:26
2026-05-06,2026-05-06 11:48:00,2026-05-06 11:51:00,OG,Backtest,AdxDiCrossBracketOG,OG_AdxDiCrossBracketOG,OG,NQ,NQ JUN26,SHORT,1,28556.50,28567.00,-214.36,-218.72,-43.7,LOSS,STOP_HIT,28582.00,510.00,2026-05-07 09:28:26
2026-04-29,2026-04-29 11:15:00,2026-04-29 11:21:00,OG,Backtest,AdxDiCrossBracketOG,OG_AdxDiCrossBracketOG,OG,NQ,NQ JUN26,SHORT,1,27236.75,27262.75,-524.36,-528.72,-105.7,LOSS,STOP_HIT,27262.25,510.00,2026-05-07 09:28:26
2026-05-01,2026-05-01 11:06:00,2026-05-01 11:12:00,OG,Backtest,AdxDiCrossBracketOG,OG_AdxDiCrossBracketOG,OG,NQ,NQ JUN26,SHORT,1,27786.00,27809.25,-469.36,-473.72,-94.7,LOSS,STOP_HIT,27821.75,715.00,2026-05-07 09:28:26
2026-05-01,2026-05-01 10:42:00,2026-05-01 10:45:00,OG,Backtest,AdxDiCrossBracketOG,OG_AdxDiCrossBracketOG,OG,NQ,NQ JUN26,SHORT,1,27791.50,27826.25,-699.36,-703.72,-140.7,LOSS,STOP_HIT,27825.75,685.00,2026-05-07 09:28:26
2026-05-01,2026-05-01 11:18:00,2026-05-01 11:27:00,OG,Backtest,AdxDiCrossBracketOG,OG_AdxDiCrossBracketOG,OG,NQ,NQ JUN26,LONG,1,27837.25,27870.00,650.64,646.28,129.3,WIN,TARGET_HIT,27804.00,665.00,2026-05-07 09:28:26
2026-04-29,2026-04-29 11:15:00,2026-04-29 11:21:00,OG,Backtest,AdxDiCrossBracketOG,OG_AdxDiCrossBracketOG,OG,NQ,NQ JUN26,SHORT,1,27236.75,27262.75,-524.36,-528.72,-105.7,LOSS,STOP_HIT,27262.25,510.00,2026-05-07 09:28:26
2026-05-06,2026-05-06 11:48:00,2026-05-06 11:51:00,OG,Backtest,AdxDiCrossBracketOG,OG_AdxDiCrossBracketOG,OG,NQ,NQ JUN26,SHORT,1,28556.50,28567.00,-214.36,-218.72,-43.7,LOSS,STOP_HIT,28582.00,510.00,2026-05-07 09:28:26
2026-05-01,2026-05-01 10:42:00,2026-05-01 10:45:00,OG,Backtest,AdxDiCrossBracketOG,OG_AdxDiCrossBracketOG,OG,NQ,NQ JUN26,SHORT,1,27791.50,27826.25,-699.36,-703.72,-140.7,LOSS,STOP_HIT,27825.75,685.00,2026-05-07 09:28:26
2026-05-01,2026-05-01 11:06:00,2026-05-01 11:12:00,OG,Backtest,AdxDiCrossBracketOG,OG_AdxDiCrossBracketOG,OG,NQ,NQ JUN26,SHORT,1,27786.00,27809.25,-469.36,-473.72,-94.7,LOSS,STOP_HIT,27821.75,715.00,2026-05-07 09:28:26
2026-05-06,2026-05-06 11:48:00,2026-05-06 11:51:00,OG,Backtest,AdxDiCrossBracketOG,OG_AdxDiCrossBracketOG,OG,NQ,NQ JUN26,SHORT,1,28556.50,28567.00,-214.36,-218.72,-43.7,LOSS,STOP_HIT,28582.00,510.00,2026-05-07 09:28:26
2026-05-01,2026-05-01 10:48:00,2026-05-01 10:54:00,OG,Backtest,AdxDiCrossBracketOG,OG_AdxDiCrossBracketOG,OG,NQ,NQ JUN26,LONG,1,27817.25,27799.00,-369.36,-373.72,-74.7,LOSS,STOP_HIT,27781.25,720.00,2026-05-07 09:28:26
2026-05-01,2026-05-01 11:00:00,2026-05-01 11:03:00,OG,Backtest,AdxDiCrossBracketOG,OG_AdxDiCrossBracketOG,OG,NQ,NQ JUN26,LONG,1,27833.00,27796.50,-734.36,-738.72,-147.7,LOSS,STOP_HIT,27797.00,720.00,2026-05-07 09:28:26
2026-05-01,2026-05-01 10:42:00,2026-05-01 10:45:00,OG,Backtest,AdxDiCrossBracketOG,OG_AdxDiCrossBracketOG,OG,NQ,NQ JUN26,SHORT,1,27791.50,27826.25,-699.36,-703.72,-140.7,LOSS,STOP_HIT,27825.75,685.00,2026-05-07 09:28:26
2026-05-01,2026-05-01 11:18:00,2026-05-01 11:27:00,OG,Backtest,AdxDiCrossBracketOG,OG_AdxDiCrossBracketOG,OG,NQ,NQ JUN26,LONG,1,27837.25,27870.00,650.64,646.28,129.3,WIN,TARGET_HIT,27804.00,665.00,2026-05-07 09:28:26
2026-05-01,2026-05-01 11:06:00,2026-05-01 11:12:00,OG,Backtest,AdxDiCrossBracketOG,OG_AdxDiCrossBracketOG,OG,NQ,NQ JUN26,SHORT,1,27786.00,27809.25,-469.36,-473.72,-94.7,LOSS,STOP_HIT,27821.75,715.00,2026-05-07 09:28:26
2026-05-01,2026-05-01 11:18:00,2026-05-01 11:27:00,OG,Backtest,AdxDiCrossBracketOG,OG_AdxDiCrossBracketOG,OG,NQ,NQ JUN26,LONG,1,27837.25,27870.00,650.64,646.28,129.3,WIN,TARGET_HIT,27804.00,665.00,2026-05-07 09:28:26
2026-05-06,2026-05-06 11:48:00,2026-05-06 11:51:00,OG,Backtest,AdxDiCrossBracketOG,OG_AdxDiCrossBracketOG,OG,NQ,NQ JUN26,SHORT,1,28556.50,28567.00,-214.36,-218.72,-43.7,LOSS,STOP_HIT,28582.00,510.00,2026-05-07 09:28:26
2026-04-21,2026-04-21 10:51:00,2026-04-21 11:00:00,OG,Backtest,AdxDiCrossBracketOG,OG_AdxDiCrossBracketOG,OG,NQ,NQ JUN26,SHORT,1,26794.50,26762.75,630.64,626.28,125.3,WIN,TARGET_HIT,26827.25,655.00,2026-05-07 09:28:26
2026-04-21,2026-04-21 10:51:00,2026-04-21 11:00:00,OG,Backtest,AdxDiCrossBracketOG,OG_AdxDiCrossBracketOG,OG,NQ,NQ JUN26,SHORT,1,26794.50,26762.75,630.64,626.28,125.3,WIN,TARGET_HIT,26827.25,655.00,2026-05-07 09:28:26
2026-04-29,2026-04-29 11:15:00,2026-04-29 11:21:00,OG,Backtest,AdxDiCrossBracketOG,OG_AdxDiCrossBracketOG,OG,NQ,NQ JUN26,SHORT,1,27236.75,27262.75,-524.36,-528.72,-105.7,LOSS,STOP_HIT,27262.25,510.00,2026-05-07 09:28:26
2026-05-01,2026-05-01 11:18:00,2026-05-01 11:27:00,OG,Backtest,AdxDiCrossBracketOG,OG_AdxDiCrossBracketOG,OG,NQ,NQ JUN26,LONG,1,27837.25,27870.00,650.64,646.28,129.3,WIN,TARGET_HIT,27804.00,665.00,2026-05-07 09:28:26
2026-05-01,2026-05-01 11:06:00,2026-05-01 11:15:00,OG,Backtest,AdxDiCrossBracketOG,OG_AdxDiCrossBracketOG,OG,NQ,NQ JUN26,SHORT,1,27786.00,27822.25,-729.36,-733.72,-146.7,LOSS,STOP_HIT,27821.75,715.00,2026-05-07 09:28:26
2026-04-21,2026-04-21 10:51:00,2026-04-21 11:00:00,OG,Backtest,AdxDiCrossBracketOG,OG_AdxDiCrossBracketOG,OG,NQ,NQ JUN26,SHORT,1,26794.50,26762.75,630.64,626.28,125.3,WIN,TARGET_HIT,26827.25,655.00,2026-05-07 09:28:26
2026-05-06,2026-05-06 11:48:00,2026-05-06 11:51:00,OG,Backtest,AdxDiCrossBracketOG,OG_AdxDiCrossBracketOG,OG,NQ,NQ JUN26,SHORT,1,28556.50,28567.00,-214.36,-218.72,-43.7,LOSS,STOP_HIT,28582.00,510.00,2026-05-07 09:28:26
2026-05-01,2026-05-01 10:48:00,2026-05-01 10:54:00,OG,Backtest,AdxDiCrossBracketOG,OG_AdxDiCrossBracketOG,OG,NQ,NQ JUN26,LONG,1,27817.25,27799.00,-369.36,-373.72,-74.7,LOSS,STOP_HIT,27781.25,720.00,2026-05-07 09:28:26
2026-05-06,2026-05-06 11:48:00,2026-05-06 11:51:00,OG,Backtest,AdxDiCrossBracketOG,OG_AdxDiCrossBracketOG,OG,NQ,NQ JUN26,SHORT,1,28556.50,28567.00,-214.36,-218.72,-43.7,LOSS,STOP_HIT,28582.00,510.00,2026-05-07 09:28:26
2026-05-01,2026-05-01 11:06:00,2026-05-01 11:15:00,OG,Backtest,AdxDiCrossBracketOG,OG_AdxDiCrossBracketOG,OG,NQ,NQ JUN26,SHORT,1,27786.00,27815.00,-584.36,-588.72,-117.7,LOSS,STOP_HIT,27821.75,715.00,2026-05-07 09:28:26
2026-05-01,2026-05-01 11:06:00,2026-05-01 11:15:00,OG,Backtest,AdxDiCrossBracketOG,OG_AdxDiCrossBracketOG,OG,NQ,NQ JUN26,SHORT,1,27786.00,27815.00,-584.36,-588.72,-117.7,LOSS,STOP_HIT,27821.75,715.00,2026-05-07 09:28:26
2026-04-29,2026-04-29 11:15:00,2026-04-29 11:21:00,OG,Backtest,AdxDiCrossBracketOG,OG_AdxDiCrossBracketOG,OG,NQ,NQ JUN26,SHORT,1,27236.75,27262.75,-524.36,-528.72,-105.7,LOSS,STOP_HIT,27262.25,510.00,2026-05-07 09:28:26
2026-05-06,2026-05-06 11:48:00,2026-05-06 11:51:00,OG,Backtest,AdxDiCrossBracketOG,OG_AdxDiCrossBracketOG,OG,NQ,NQ JUN26,SHORT,1,28556.50,28567.00,-214.36,-218.72,-43.7,LOSS,STOP_HIT,28582.00,510.00,2026-05-07 09:28:26
2026-05-01,2026-05-01 11:00:00,2026-05-01 11:03:00,OG,Backtest,AdxDiCrossBracketOG,OG_AdxDiCrossBracketOG,OG,NQ,NQ JUN26,LONG,1,27833.00,27796.50,-734.36,-738.72,-147.7,LOSS,STOP_HIT,27797.00,720.00,2026-05-07 09:28:26
2026-04-21,2026-04-21 10:51:00,2026-04-21 11:00:00,OG,Backtest,AdxDiCrossBracketOG,OG_AdxDiCrossBracketOG,OG,NQ,NQ JUN26,SHORT,1,26794.50,26762.75,630.64,626.28,125.3,WIN,TARGET_HIT,26827.25,655.00,2026-05-07 09:28:26
2026-05-06,2026-05-06 11:48:00,2026-05-06 11:51:00,OG,Backtest,AdxDiCrossBracketOG,OG_AdxDiCrossBracketOG,OG,NQ,NQ JUN26,SHORT,1,28556.50,28567.00,-214.36,-218.72,-43.7,LOSS,STOP_HIT,28582.00,510.00,2026-05-07 09:28:26
2026-05-01,2026-05-01 11:00:00,2026-05-01 11:03:00,OG,Backtest,AdxDiCrossBracketOG,OG_AdxDiCrossBracketOG,OG,NQ,NQ JUN26,LONG,1,27833.00,27796.50,-734.36,-738.72,-147.7,LOSS,STOP_HIT,27797.00,720.00,2026-05-07 09:28:26
2026-04-29,2026-04-29 11:15:00,2026-04-29 11:21:00,OG,Backtest,AdxDiCrossBracketOG,OG_AdxDiCrossBracketOG,OG,NQ,NQ JUN26,SHORT,1,27236.75,27262.75,-524.36,-528.72,-105.7,LOSS,STOP_HIT,27262.25,510.00,2026-05-07 09:28:26
2026-04-21,2026-04-21 10:51:00,2026-04-21 11:00:00,OG,Backtest,AdxDiCrossBracketOG,OG_AdxDiCrossBracketOG,OG,NQ,NQ JUN26,SHORT,1,26794.50,26762.75,630.64,626.28,125.3,WIN,TARGET_HIT,26827.25,655.00,2026-05-07 09:28:26
2026-05-01,2026-05-01 11:00:00,2026-05-01 11:03:00,OG,Backtest,AdxDiCrossBracketOG,OG_AdxDiCrossBracketOG,OG,NQ,NQ JUN26,LONG,1,27833.00,27796.50,-734.36,-738.72,-147.7,LOSS,STOP_HIT,27797.00,720.00,2026-05-07 09:28:26
2026-05-01,2026-05-01 11:18:00,2026-05-01 11:27:00,OG,Backtest,AdxDiCrossBracketOG,OG_AdxDiCrossBracketOG,OG,NQ,NQ JUN26,LONG,1,27837.25,27870.00,650.64,646.28,129.3,WIN,TARGET_HIT,27804.00,665.00,2026-05-07 09:28:26
2026-05-01,2026-05-01 10:48:00,2026-05-01 10:54:00,OG,Backtest,AdxDiCrossBracketOG,OG_AdxDiCrossBracketOG,OG,NQ,NQ JUN26,LONG,1,27817.25,27799.00,-369.36,-373.72,-74.7,LOSS,STOP_HIT,27781.25,720.00,2026-05-07 09:28:26
2026-05-01,2026-05-01 10:48:00,2026-05-01 10:54:00,OG,Backtest,AdxDiCrossBracketOG,OG_AdxDiCrossBracketOG,OG,NQ,NQ JUN26,LONG,1,27817.25,27799.00,-369.36,-373.72,-74.7,LOSS,STOP_HIT,27781.25,720.00,2026-05-07 09:28:26
2026-05-06,2026-05-06 11:48:00,2026-05-06 11:51:00,OG,Backtest,AdxDiCrossBracketOG,OG_AdxDiCrossBracketOG,OG,NQ,NQ JUN26,SHORT,1,28556.50,28567.00,-214.36,-218.72,-43.7,LOSS,STOP_HIT,28582.00,510.00,2026-05-07 09:28:26
2026-05-01,2026-05-01 10:42:00,2026-05-01 10:45:00,OG,Backtest,AdxDiCrossBracketOG,OG_AdxDiCrossBracketOG,OG,NQ,NQ JUN26,SHORT,1,27791.50,27826.25,-699.36,-703.72,-140.7,LOSS,STOP_HIT,27825.75,685.00,2026-05-07 09:28:26
2026-05-01,2026-05-01 11:06:00,2026-05-01 11:15:00,OG,Backtest,AdxDiCrossBracketOG,OG_AdxDiCrossBracketOG,OG,NQ,NQ JUN26,SHORT,1,27786.00,27815.00,-584.36,-588.72,-117.7,LOSS,STOP_HIT,27821.75,715.00,2026-05-07 09:28:26
2026-05-01,2026-05-01 11:00:00,2026-05-01 11:03:00,OG,Backtest,AdxDiCrossBracketOG,OG_AdxDiCrossBracketOG,OG,NQ,NQ JUN26,LONG,1,27833.00,27796.50,-734.36,-738.72,-147.7,LOSS,STOP_HIT,27797.00,720.00,2026-05-07 09:28:26
2026-04-21,2026-04-21 10:51:00,2026-04-21 11:00:00,OG,Backtest,AdxDiCrossBracketOG,OG_AdxDiCrossBracketOG,OG,NQ,NQ JUN26,SHORT,1,26794.50,26762.75,630.64,626.28,125.3,WIN,TARGET_HIT,26827.25,655.00,2026-05-07 09:28:26
2026-05-06,2026-05-06 11:48:00,2026-05-06 11:51:00,OG,Backtest,AdxDiCrossBracketOG,OG_AdxDiCrossBracketOG,OG,NQ,NQ JUN26,SHORT,1,28556.50,28567.00,-214.36,-218.72,-43.7,LOSS,STOP_HIT,28582.00,510.00,2026-05-07 09:28:26
2026-05-06,2026-05-06 11:48:00,2026-05-06 11:51:00,OG,Backtest,AdxDiCrossBracketOG,OG_AdxDiCrossBracketOG,OG,NQ,NQ JUN26,SHORT,1,28556.50,28567.00,-214.36,-218.72,-43.7,LOSS,STOP_HIT,28582.00,510.00,2026-05-07 09:28:26
2026-05-01,2026-05-01 10:42:00,2026-05-01 10:45:00,OG,Backtest,AdxDiCrossBracketOG,OG_AdxDiCrossBracketOG,OG,NQ,NQ JUN26,SHORT,1,27791.50,27826.25,-699.36,-703.72,-140.7,LOSS,STOP_HIT,27825.75,685.00,2026-05-07 09:28:26
2026-05-01,2026-05-01 10:48:00,2026-05-01 10:54:00,OG,Backtest,AdxDiCrossBracketOG,OG_AdxDiCrossBracketOG,OG,NQ,NQ JUN26,LONG,1,27817.25,27799.00,-369.36,-373.72,-74.7,LOSS,STOP_HIT,27781.25,720.00,2026-05-07 09:28:26
2026-05-01,2026-05-01 11:06:00,2026-05-01 11:15:00,OG,Backtest,AdxDiCrossBracketOG,OG_AdxDiCrossBracketOG,OG,NQ,NQ JUN26,SHORT,1,27786.00,27822.25,-729.36,-733.72,-146.7,LOSS,STOP_HIT,27821.75,715.00,2026-05-07 09:28:26
2026-05-06,2026-05-06 11:48:00,2026-05-06 11:51:00,OG,Backtest,AdxDiCrossBracketOG,OG_AdxDiCrossBracketOG,OG,NQ,NQ JUN26,SHORT,1,28556.50,28567.00,-214.36,-218.72,-43.7,LOSS,STOP_HIT,28582.00,510.00,2026-05-07 09:28:26
2026-05-06,2026-05-06 11:48:00,2026-05-06 11:51:00,OG,Backtest,AdxDiCrossBracketOG,OG_AdxDiCrossBracketOG,OG,NQ,NQ JUN26,SHORT,1,28556.50,28567.00,-214.36,-218.72,-43.7,LOSS,STOP_HIT,28582.00,510.00,2026-05-07 09:28:26
2026-04-21,2026-04-21 10:51:00,2026-04-21 11:00:00,OG,Backtest,AdxDiCrossBracketOG,OG_AdxDiCrossBracketOG,OG,NQ,NQ JUN26,SHORT,1,26794.50,26762.75,630.64,626.28,125.3,WIN,TARGET_HIT,26827.25,655.00,2026-05-07 09:28:26
2026-05-01,2026-05-01 11:00:00,2026-05-01 11:03:00,OG,Backtest,AdxDiCrossBracketOG,OG_AdxDiCrossBracketOG,OG,NQ,NQ JUN26,LONG,1,27833.00,27796.50,-734.36,-738.72,-147.7,LOSS,STOP_HIT,27797.00,720.00,2026-05-07 09:28:26
2026-05-01,2026-05-01 11:06:00,2026-05-01 11:15:00,OG,Backtest,AdxDiCrossBracketOG,OG_AdxDiCrossBracketOG,OG,NQ,NQ JUN26,SHORT,1,27786.00,27815.00,-584.36,-588.72,-117.7,LOSS,STOP_HIT,27821.75,715.00,2026-05-07 09:28:26
2026-04-29,2026-04-29 11:15:00,2026-04-29 11:21:00,OG,Backtest,AdxDiCrossBracketOG,OG_AdxDiCrossBracketOG,OG,NQ,NQ JUN26,SHORT,1,27236.75,27262.75,-524.36,-528.72,-105.7,LOSS,STOP_HIT,27262.25,510.00,2026-05-07 09:28:26
2026-05-01,2026-05-01 11:18:00,2026-05-01 11:27:00,OG,Backtest,AdxDiCrossBracketOG,OG_AdxDiCrossBracketOG,OG,NQ,NQ JUN26,LONG,1,27837.25,27870.00,650.64,646.28,129.3,WIN,TARGET_HIT,27804.00,665.00,2026-05-07 09:28:26
2026-05-01,2026-05-01 11:00:00,2026-05-01 11:03:00,OG,Backtest,AdxDiCrossBracketOG,OG_AdxDiCrossBracketOG,OG,NQ,NQ JUN26,LONG,1,27833.00,27796.50,-734.36,-738.72,-147.7,LOSS,STOP_HIT,27797.00,720.00,2026-05-07 09:28:26
2026-05-01,2026-05-01 11:06:00,2026-05-01 11:15:00,OG,Backtest,AdxDiCrossBracketOG,OG_AdxDiCrossBracketOG,OG,NQ,NQ JUN26,SHORT,1,27786.00,27822.25,-729.36,-733.72,-146.7,LOSS,STOP_HIT,27821.75,715.00,2026-05-07 09:28:26
2026-04-21,2026-04-21 10:51:00,2026-04-21 11:00:00,OG,Backtest,AdxDiCrossBracketOG,OG_AdxDiCrossBracketOG,OG,NQ,NQ JUN26,SHORT,1,26794.50,26762.75,630.64,626.28,125.3,WIN,TARGET_HIT,26827.25,655.00,2026-05-07 09:28:26
2026-05-01,2026-05-01 10:42:00,2026-05-01 10:45:00,OG,Backtest,AdxDiCrossBracketOG,OG_AdxDiCrossBracketOG,OG,NQ,NQ JUN26,SHORT,1,27791.50,27826.25,-699.36,-703.72,-140.7,LOSS,STOP_HIT,27825.75,685.00,2026-05-07 09:28:26
2026-04-21,2026-04-21 10:51:00,2026-04-21 11:00:00,OG,Backtest,AdxDiCrossBracketOG,OG_AdxDiCrossBracketOG,OG,NQ,NQ JUN26,SHORT,1,26794.50,26762.75,630.64,626.28,125.3,WIN,TARGET_HIT,26827.25,655.00,2026-05-07 09:28:26
2026-05-01,2026-05-01 10:42:00,2026-05-01 10:45:00,OG,Backtest,AdxDiCrossBracketOG,OG_AdxDiCrossBracketOG,OG,NQ,NQ JUN26,SHORT,1,27791.50,27826.25,-699.36,-703.72,-140.7,LOSS,STOP_HIT,27825.75,685.00,2026-05-07 09:28:26
2026-05-01,2026-05-01 11:00:00,2026-05-01 11:03:00,OG,Backtest,AdxDiCrossBracketOG,OG_AdxDiCrossBracketOG,OG,NQ,NQ JUN26,LONG,1,27833.00,27796.50,-734.36,-738.72,-147.7,LOSS,STOP_HIT,27797.00,720.00,2026-05-07 09:28:26
2026-05-01,2026-05-01 10:48:00,2026-05-01 10:54:00,OG,Backtest,AdxDiCrossBracketOG,OG_AdxDiCrossBracketOG,OG,NQ,NQ JUN26,LONG,1,27817.25,27799.00,-369.36,-373.72,-74.7,LOSS,STOP_HIT,27781.25,720.00,2026-05-07 09:28:26
2026-05-01,2026-05-01 10:48:00,2026-05-01 10:54:00,OG,Backtest,AdxDiCrossBracketOG,OG_AdxDiCrossBracketOG,OG,NQ,NQ JUN26,LONG,1,27817.25,27799.00,-369.36,-373.72,-74.7,LOSS,STOP_HIT,27781.25,720.00,2026-05-07 09:28:26
2026-05-01,2026-05-01 11:00:00,2026-05-01 11:03:00,OG,Backtest,AdxDiCrossBracketOG,OG_AdxDiCrossBracketOG,OG,NQ,NQ JUN26,LONG,1,27833.00,27796.50,-734.36,-738.72,-147.7,LOSS,STOP_HIT,27797.00,720.00,2026-05-07 09:28:26
2026-05-01,2026-05-01 11:06:00,2026-05-01 11:15:00,OG,Backtest,AdxDiCrossBracketOG,OG_AdxDiCrossBracketOG,OG,NQ,NQ JUN26,SHORT,1,27786.00,27822.25,-729.36,-733.72,-146.7,LOSS,STOP_HIT,27821.75,715.00,2026-05-07 09:28:26
2026-05-01,2026-05-01 10:48:00,2026-05-01 10:54:00,OG,Backtest,AdxDiCrossBracketOG,OG_AdxDiCrossBracketOG,OG,NQ,NQ JUN26,LONG,1,27817.25,27799.00,-369.36,-373.72,-74.7,LOSS,STOP_HIT,27781.25,720.00,2026-05-07 09:28:26
2026-05-01,2026-05-01 11:18:00,2026-05-01 11:27:00,OG,Backtest,AdxDiCrossBracketOG,OG_AdxDiCrossBracketOG,OG,NQ,NQ JUN26,LONG,1,27837.25,27870.00,650.64,646.28,129.3,WIN,TARGET_HIT,27804.00,665.00,2026-05-07 09:28:26
2026-05-01,2026-05-01 11:06:00,2026-05-01 11:15:00,OG,Backtest,AdxDiCrossBracketOG,OG_AdxDiCrossBracketOG,OG,NQ,NQ JUN26,SHORT,1,27786.00,27822.25,-729.36,-733.72,-146.7,LOSS,STOP_HIT,27821.75,715.00,2026-05-07 09:28:26
2026-04-29,2026-04-29 11:15:00,2026-04-29 11:21:00,OG,Backtest,AdxDiCrossBracketOG,OG_AdxDiCrossBracketOG,OG,NQ,NQ JUN26,SHORT,1,27236.75,27262.75,-524.36,-528.72,-105.7,LOSS,STOP_HIT,27262.25,510.00,2026-05-07 09:28:26
2026-05-06,2026-05-06 11:48:00,2026-05-06 11:51:00,OG,Backtest,AdxDiCrossBracketOG,OG_AdxDiCrossBracketOG,OG,NQ,NQ JUN26,SHORT,1,28556.50,28567.00,-214.36,-218.72,-43.7,LOSS,STOP_HIT,28582.00,510.00,2026-05-07 09:28:26
2026-05-01,2026-05-01 10:48:00,2026-05-01 10:54:00,OG,Backtest,AdxDiCrossBracketOG,OG_AdxDiCrossBracketOG,OG,NQ,NQ JUN26,LONG,1,27817.25,27799.00,-369.36,-373.72,-74.7,LOSS,STOP_HIT,27781.25,720.00,2026-05-07 09:28:26
2026-05-01,2026-05-01 10:48:00,2026-05-01 10:54:00,OG,Backtest,AdxDiCrossBracketOG,OG_AdxDiCrossBracketOG,OG,NQ,NQ JUN26,LONG,1,27817.25,27799.00,-369.36,-373.72,-74.7,LOSS,STOP_HIT,27781.25,720.00,2026-05-07 09:28:26
2026-04-21,2026-04-21 10:51:00,2026-04-21 11:00:00,OG,Backtest,AdxDiCrossBracketOG,OG_AdxDiCrossBracketOG,OG,NQ,NQ JUN26,SHORT,1,26794.50,26762.75,630.64,626.28,125.3,WIN,TARGET_HIT,26827.25,655.00,2026-05-07 09:28:26
2026-05-06,2026-05-06 11:48:00,2026-05-06 11:51:00,OG,Backtest,AdxDiCrossBracketOG,OG_AdxDiCrossBracketOG,OG,NQ,NQ JUN26,SHORT,1,28556.50,28567.00,-214.36,-218.72,-43.7,LOSS,STOP_HIT,28582.00,510.00,2026-05-07 09:28:26
2026-05-01,2026-05-01 11:06:00,2026-05-01 11:15:00,OG,Backtest,AdxDiCrossBracketOG,OG_AdxDiCrossBracketOG,OG,NQ,NQ JUN26,SHORT,1,27786.00,27822.25,-729.36,-733.72,-146.7,LOSS,STOP_HIT,27821.75,715.00,2026-05-07 09:28:26
2026-05-06,2026-05-06 11:48:00,2026-05-06 11:51:00,OG,Backtest,AdxDiCrossBracketOG,OG_AdxDiCrossBracketOG,OG,NQ,NQ JUN26,SHORT,1,28556.50,28567.00,-214.36,-218.72,-43.7,LOSS,STOP_HIT,28582.00,510.00,2026-05-07 09:28:26
2026-05-01,2026-05-01 10:48:00,2026-05-01 10:54:00,OG,Backtest,AdxDiCrossBracketOG,OG_AdxDiCrossBracketOG,OG,NQ,NQ JUN26,LONG,1,27817.25,27799.00,-369.36,-373.72,-74.7,LOSS,STOP_HIT,27781.25,720.00,2026-05-07 09:28:26
2026-05-01,2026-05-01 10:48:00,2026-05-01 10:54:00,OG,Backtest,AdxDiCrossBracketOG,OG_AdxDiCrossBracketOG,OG,NQ,NQ JUN26,LONG,1,27817.25,27799.00,-369.36,-373.72,-74.7,LOSS,STOP_HIT,27781.25,720.00,2026-05-07 09:28:26
2026-05-01,2026-05-01 11:18:00,2026-05-01 11:27:00,OG,Backtest,AdxDiCrossBracketOG,OG_AdxDiCrossBracketOG,OG,NQ,NQ JUN26,LONG,1,27837.25,27870.00,650.64,646.28,129.3,WIN,TARGET_HIT,27804.00,665.00,2026-05-07 09:28:26
2026-05-01,2026-05-01 11:00:00,2026-05-01 11:03:00,OG,Backtest,AdxDiCrossBracketOG,OG_AdxDiCrossBracketOG,OG,NQ,NQ JUN26,LONG,1,27833.00,27796.50,-734.36,-738.72,-147.7,LOSS,STOP_HIT,27797.00,720.00,2026-05-07 09:28:26
2026-04-29,2026-04-29 11:15:00,2026-04-29 11:21:00,OG,Backtest,AdxDiCrossBracketOG,OG_AdxDiCrossBracketOG,OG,NQ,NQ JUN26,SHORT,1,27236.75,27262.75,-524.36,-528.72,-105.7,LOSS,STOP_HIT,27262.25,510.00,2026-05-07 09:28:26
2026-05-01,2026-05-01 10:48:00,2026-05-01 10:54:00,OG,Backtest,AdxDiCrossBracketOG,OG_AdxDiCrossBracketOG,OG,NQ,NQ JUN26,LONG,1,27817.25,27799.00,-369.36,-373.72,-74.7,LOSS,STOP_HIT,27781.25,720.00,2026-05-07 09:28:26
2026-05-01,2026-05-01 10:42:00,2026-05-01 10:45:00,OG,Backtest,AdxDiCrossBracketOG,OG_AdxDiCrossBracketOG,OG,NQ,NQ JUN26,SHORT,1,27791.50,27826.25,-699.36,-703.72,-140.7,LOSS,STOP_HIT,27825.75,685.00,2026-05-07 09:28:26
2026-05-06,2026-05-06 11:48:00,2026-05-06 11:51:00,OG,Backtest,AdxDiCrossBracketOG,OG_AdxDiCrossBracketOG,OG,NQ,NQ JUN26,SHORT,1,28556.50,28567.00,-214.36,-218.72,-43.7,LOSS,STOP_HIT,28582.00,510.00,2026-05-07 09:28:26
2026-05-06,2026-05-06 11:48:00,2026-05-06 11:51:00,OG,Backtest,AdxDiCrossBracketOG,OG_AdxDiCrossBracketOG,OG,NQ,NQ JUN26,SHORT,1,28556.50,28567.00,-214.36,-218.72,-43.7,LOSS,STOP_HIT,28582.00,510.00,2026-05-07 09:28:26
2026-05-01,2026-05-01 11:06:00,2026-05-01 11:15:00,OG,Backtest,AdxDiCrossBracketOG,OG_AdxDiCrossBracketOG,OG,NQ,NQ JUN26,SHORT,1,27786.00,27822.25,-729.36,-733.72,-146.7,LOSS,STOP_HIT,27821.75,715.00,2026-05-07 09:28:26
2026-05-01,2026-05-01 11:18:00,2026-05-01 11:27:00,OG,Backtest,AdxDiCrossBracketOG,OG_AdxDiCrossBracketOG,OG,NQ,NQ JUN26,LONG,1,27837.25,27870.00,650.64,646.28,129.3,WIN,TARGET_HIT,27804.00,665.00,2026-05-07 09:28:27
2026-05-06,2026-05-06 11:48:00,2026-05-06 11:51:00,OG,Backtest,AdxDiCrossBracketOG,OG_AdxDiCrossBracketOG,OG,NQ,NQ JUN26,SHORT,1,28556.50,28567.00,-214.36,-218.72,-43.7,LOSS,STOP_HIT,28582.00,510.00,2026-05-07 09:28:27
2026-05-01,2026-05-01 11:00:00,2026-05-01 11:03:00,OG,Backtest,AdxDiCrossBracketOG,OG_AdxDiCrossBracketOG,OG,NQ,NQ JUN26,LONG,1,27833.00,27796.50,-734.36,-738.72,-147.7,LOSS,STOP_HIT,27797.00,720.00,2026-05-07 09:28:27
2026-05-01,2026-05-01 10:48:00,2026-05-01 10:54:00,OG,Backtest,AdxDiCrossBracketOG,OG_AdxDiCrossBracketOG,OG,NQ,NQ JUN26,LONG,1,27817.25,27799.00,-369.36,-373.72,-74.7,LOSS,STOP_HIT,27781.25,720.00,2026-05-07 09:28:27
2026-05-06,2026-05-06 11:48:00,2026-05-06 11:51:00,OG,Backtest,AdxDiCrossBracketOG,OG_AdxDiCrossBracketOG,OG,NQ,NQ JUN26,SHORT,1,28556.50,28567.00,-214.36,-218.72,-43.7,LOSS,STOP_HIT,28582.00,510.00,2026-05-07 09:28:27
2026-04-21,2026-04-21 10:51:00,2026-04-21 11:00:00,OG,Backtest,AdxDiCrossBracketOG,OG_AdxDiCrossBracketOG,OG,NQ,NQ JUN26,SHORT,1,26794.50,26762.75,630.64,626.28,125.3,WIN,TARGET_HIT,26827.25,655.00,2026-05-07 09:28:27
2026-04-29,2026-04-29 11:15:00,2026-04-29 11:21:00,OG,Backtest,AdxDiCrossBracketOG,OG_AdxDiCrossBracketOG,OG,NQ,NQ JUN26,SHORT,1,27236.75,27263.00,-529.36,-533.72,-106.7,LOSS,STOP_HIT,27274.75,760.00,2026-05-07 09:28:27
2026-04-21,2026-04-21 10:51:00,2026-04-21 11:00:00,OG,Backtest,AdxDiCrossBracketOG,OG_AdxDiCrossBracketOG,OG,NQ,NQ JUN26,SHORT,1,26794.50,26762.75,630.64,626.28,125.3,WIN,TARGET_HIT,26827.25,655.00,2026-05-07 09:28:27
2026-05-01,2026-05-01 11:00:00,2026-05-01 11:03:00,OG,Backtest,AdxDiCrossBracketOG,OG_AdxDiCrossBracketOG,OG,NQ,NQ JUN26,LONG,1,27833.00,27796.50,-734.36,-738.72,-147.7,LOSS,STOP_HIT,27797.00,720.00,2026-05-07 09:28:27
2026-05-01,2026-05-01 10:54:00,2026-05-01 11:00:00,OG,Backtest,AdxDiCrossBracketOG,OG_AdxDiCrossBracketOG,OG,NQ,NQ JUN26,SHORT,1,27799.00,27833.00,-684.36,-688.72,-137.7,LOSS,STOP_HIT,27852.00,1060.00,2026-05-07 09:28:27
2026-05-01,2026-05-01 11:18:00,2026-05-01 11:27:00,OG,Backtest,AdxDiCrossBracketOG,OG_AdxDiCrossBracketOG,OG,NQ,NQ JUN26,LONG,1,27837.25,27870.00,650.64,646.28,129.3,WIN,TARGET_HIT,27804.00,665.00,2026-05-07 09:28:27
2026-05-01,2026-05-01 11:06:00,2026-05-01 11:12:00,OG,Backtest,AdxDiCrossBracketOG,OG_AdxDiCrossBracketOG,OG,NQ,NQ JUN26,SHORT,1,27786.00,27809.25,-469.36,-473.72,-94.7,LOSS,STOP_HIT,27839.75,1075.00,2026-05-07 09:28:27
2026-05-01,2026-05-01 10:48:00,2026-05-01 10:54:00,OG,Backtest,AdxDiCrossBracketOG,OG_AdxDiCrossBracketOG,OG,NQ,NQ JUN26,LONG,1,27817.25,27799.00,-369.36,-373.72,-74.7,LOSS,STOP_HIT,27781.25,720.00,2026-05-07 09:28:27
2026-05-01,2026-05-01 11:00:00,2026-05-01 11:03:00,OG,Backtest,AdxDiCrossBracketOG,OG_AdxDiCrossBracketOG,OG,NQ,NQ JUN26,LONG,1,27833.00,27796.50,-734.36,-738.72,-147.7,LOSS,STOP_HIT,27797.00,720.00,2026-05-07 09:28:27
2026-05-01,2026-05-01 11:18:00,2026-05-01 11:30:00,OG,Backtest,AdxDiCrossBracketOG,OG_AdxDiCrossBracketOG,OG,NQ,NQ JUN26,LONG,1,27837.25,27851.50,280.64,276.28,55.3,WIN,STOP_HIT,27787.25,1000.00,2026-05-07 09:28:27
2026-05-01,2026-05-01 11:18:00,2026-05-01 11:27:00,OG,Backtest,AdxDiCrossBracketOG,OG_AdxDiCrossBracketOG,OG,NQ,NQ JUN26,LONG,1,27837.25,27870.00,650.64,646.28,129.3,WIN,TARGET_HIT,27804.00,665.00,2026-05-07 09:28:27
2026-05-06,2026-05-06 11:48:00,2026-05-06 11:51:00,OG,Backtest,AdxDiCrossBracketOG,OG_AdxDiCrossBracketOG,OG,NQ,NQ JUN26,SHORT,1,28556.50,28567.00,-214.36,-218.72,-43.7,LOSS,STOP_HIT,28594.50,760.00,2026-05-07 09:28:27
2026-05-06,2026-05-06 11:48:00,2026-05-06 11:51:00,OG,Backtest,AdxDiCrossBracketOG,OG_AdxDiCrossBracketOG,OG,NQ,NQ JUN26,SHORT,1,28556.50,28567.00,-214.36,-218.72,-43.7,LOSS,STOP_HIT,28582.00,510.00,2026-05-07 09:28:27
2026-04-21,2026-04-21 10:51:00,2026-04-21 11:00:00,OG,Backtest,AdxDiCrossBracketOG,OG_AdxDiCrossBracketOG,OG,NQ,NQ JUN26,SHORT,1,26794.50,26762.75,630.64,626.28,125.3,WIN,TARGET_HIT,26827.25,655.00,2026-05-07 09:28:27
2026-05-01,2026-05-01 10:48:00,2026-05-01 10:54:00,OG,Backtest,AdxDiCrossBracketOG,OG_AdxDiCrossBracketOG,OG,NQ,NQ JUN26,LONG,1,27817.25,27799.00,-369.36,-373.72,-74.7,LOSS,STOP_HIT,27781.25,720.00,2026-05-07 09:28:27
2026-04-29,2026-04-29 11:15:00,2026-04-29 11:21:00,OG,Backtest,AdxDiCrossBracketOG,OG_AdxDiCrossBracketOG,OG,NQ,NQ JUN26,SHORT,1,27236.75,27262.75,-524.36,-528.72,-105.7,LOSS,STOP_HIT,27262.25,510.00,2026-05-07 09:28:27
2026-05-01,2026-05-01 11:06:00,2026-05-01 11:15:00,OG,Backtest,AdxDiCrossBracketOG,OG_AdxDiCrossBracketOG,OG,NQ,NQ JUN26,SHORT,1,27786.00,27822.25,-729.36,-733.72,-146.7,LOSS,STOP_HIT,27821.75,715.00,2026-05-07 09:28:27
2026-05-01,2026-05-01 11:06:00,2026-05-01 11:15:00,OG,Backtest,AdxDiCrossBracketOG,OG_AdxDiCrossBracketOG,OG,NQ,NQ JUN26,SHORT,1,27786.00,27822.25,-729.36,-733.72,-146.7,LOSS,STOP_HIT,27821.75,715.00,2026-05-07 09:28:27
2026-05-01,2026-05-01 10:42:00,2026-05-01 10:45:00,OG,Backtest,AdxDiCrossBracketOG,OG_AdxDiCrossBracketOG,OG,NQ,NQ JUN26,SHORT,1,27791.50,27826.25,-699.36,-703.72,-140.7,LOSS,STOP_HIT,27825.75,685.00,2026-05-07 09:28:27
2026-05-01,2026-05-01 11:00:00,2026-05-01 11:03:00,OG,Backtest,AdxDiCrossBracketOG,OG_AdxDiCrossBracketOG,OG,NQ,NQ JUN26,LONG,1,27833.00,27796.50,-734.36,-738.72,-147.7,LOSS,STOP_HIT,27797.00,720.00,2026-05-07 09:28:27
2026-05-01,2026-05-01 10:48:00,2026-05-01 10:54:00,OG,Backtest,AdxDiCrossBracketOG,OG_AdxDiCrossBracketOG,OG,NQ,NQ JUN26,LONG,1,27817.25,27799.00,-369.36,-373.72,-74.7,LOSS,STOP_HIT,27781.25,720.00,2026-05-07 09:28:27
2026-05-01,2026-05-01 11:00:00,2026-05-01 11:03:00,OG,Backtest,AdxDiCrossBracketOG,OG_AdxDiCrossBracketOG,OG,NQ,NQ JUN26,LONG,1,27833.00,27796.50,-734.36,-738.72,-147.7,LOSS,STOP_HIT,27797.00,720.00,2026-05-07 09:28:27
2026-04-29,2026-04-29 11:15:00,2026-04-29 11:21:00,OG,Backtest,AdxDiCrossBracketOG,OG_AdxDiCrossBracketOG,OG,NQ,NQ JUN26,SHORT,1,27236.75,27262.75,-524.36,-528.72,-105.7,LOSS,STOP_HIT,27262.25,510.00,2026-05-07 09:28:27
2026-04-21,2026-04-21 10:51:00,2026-04-21 11:00:00,OG,Backtest,AdxDiCrossBracketOG,OG_AdxDiCrossBracketOG,OG,NQ,NQ JUN26,SHORT,1,26794.50,26762.75,630.64,626.28,125.3,WIN,TARGET_HIT,26827.25,655.00,2026-05-07 09:28:27
2026-05-01,2026-05-01 11:06:00,2026-05-01 11:15:00,OG,Backtest,AdxDiCrossBracketOG,OG_AdxDiCrossBracketOG,OG,NQ,NQ JUN26,SHORT,1,27786.00,27822.25,-729.36,-733.72,-146.7,LOSS,STOP_HIT,27821.75,715.00,2026-05-07 09:28:27
2026-05-01,2026-05-01 11:06:00,2026-05-01 11:15:00,OG,Backtest,AdxDiCrossBracketOG,OG_AdxDiCrossBracketOG,OG,NQ,NQ JUN26,SHORT,1,27786.00,27822.25,-729.36,-733.72,-146.7,LOSS,STOP_HIT,27821.75,715.00,2026-05-07 09:28:27
2026-04-21,2026-04-21 10:51:00,2026-04-21 11:00:00,OG,Backtest,AdxDiCrossBracketOG,OG_AdxDiCrossBracketOG,OG,NQ,NQ JUN26,SHORT,1,26794.50,26762.75,630.64,626.28,125.3,WIN,TARGET_HIT,26827.25,655.00,2026-05-07 09:28:27
2026-04-21,2026-04-21 10:51:00,2026-04-21 11:00:00,OG,Backtest,AdxDiCrossBracketOG,OG_AdxDiCrossBracketOG,OG,NQ,NQ JUN26,SHORT,1,26794.50,26762.75,630.64,626.28,125.3,WIN,TARGET_HIT,26827.25,655.00,2026-05-07 09:28:27
2026-04-29,2026-04-29 11:15:00,2026-04-29 11:21:00,OG,Backtest,AdxDiCrossBracketOG,OG_AdxDiCrossBracketOG,OG,NQ,NQ JUN26,SHORT,1,27236.75,27263.00,-529.36,-533.72,-106.7,LOSS,STOP_HIT,27274.75,760.00,2026-05-07 09:28:27
2026-04-29,2026-04-29 11:15:00,2026-04-29 11:21:00,OG,Backtest,AdxDiCrossBracketOG,OG_AdxDiCrossBracketOG,OG,NQ,NQ JUN26,SHORT,1,27236.75,27262.75,-524.36,-528.72,-105.7,LOSS,STOP_HIT,27262.25,510.00,2026-05-07 09:28:27
2026-05-01,2026-05-01 10:42:00,2026-05-01 10:45:00,OG,Backtest,AdxDiCrossBracketOG,OG_AdxDiCrossBracketOG,OG,NQ,NQ JUN26,SHORT,1,27791.50,27826.25,-699.36,-703.72,-140.7,LOSS,STOP_HIT,27825.75,685.00,2026-05-07 09:28:27
2026-05-01,2026-05-01 10:42:00,2026-05-01 10:45:00,OG,Backtest,AdxDiCrossBracketOG,OG_AdxDiCrossBracketOG,OG,NQ,NQ JUN26,SHORT,1,27791.50,27826.25,-699.36,-703.72,-140.7,LOSS,STOP_HIT,27825.75,685.00,2026-05-07 09:28:27
2026-05-01,2026-05-01 10:42:00,2026-05-01 10:48:00,OG,Backtest,AdxDiCrossBracketOG,OG_AdxDiCrossBracketOG,OG,NQ,NQ JUN26,SHORT,1,27791.50,27817.25,-519.36,-523.72,-104.7,LOSS,STOP_HIT,27842.75,1025.00,2026-05-07 09:28:27
2026-04-29,2026-04-29 11:15:00,2026-04-29 11:21:00,OG,Backtest,AdxDiCrossBracketOG,OG_AdxDiCrossBracketOG,OG,NQ,NQ JUN26,SHORT,1,27236.75,27263.00,-529.36,-533.72,-106.7,LOSS,STOP_HIT,27274.75,760.00,2026-05-07 09:28:27
2026-05-01,2026-05-01 11:06:00,2026-05-01 11:12:00,OG,Backtest,AdxDiCrossBracketOG,OG_AdxDiCrossBracketOG,OG,NQ,NQ JUN26,SHORT,1,27786.00,27809.25,-469.36,-473.72,-94.7,LOSS,STOP_HIT,27839.75,1075.00,2026-05-07 09:28:27
2026-05-01,2026-05-01 10:48:00,2026-05-01 10:54:00,OG,Backtest,AdxDiCrossBracketOG,OG_AdxDiCrossBracketOG,OG,NQ,NQ JUN26,LONG,1,27817.25,27799.00,-369.36,-373.72,-74.7,LOSS,STOP_HIT,27781.25,720.00,2026-05-07 09:28:27
2026-05-01,2026-05-01 10:48:00,2026-05-01 10:54:00,OG,Backtest,AdxDiCrossBracketOG,OG_AdxDiCrossBracketOG,OG,NQ,NQ JUN26,LONG,1,27817.25,27799.00,-369.36,-373.72,-74.7,LOSS,STOP_HIT,27781.25,720.00,2026-05-07 09:28:27
2026-05-06,2026-05-06 11:48:00,2026-05-06 11:51:00,OG,Backtest,AdxDiCrossBracketOG,OG_AdxDiCrossBracketOG,OG,NQ,NQ JUN26,SHORT,1,28556.50,28567.00,-214.36,-218.72,-43.7,LOSS,STOP_HIT,28594.50,760.00,2026-05-07 09:28:27
2026-05-01,2026-05-01 11:18:00,2026-05-01 11:27:00,OG,Backtest,AdxDiCrossBracketOG,OG_AdxDiCrossBracketOG,OG,NQ,NQ JUN26,LONG,1,27837.25,27870.00,650.64,646.28,129.3,WIN,TARGET_HIT,27804.00,665.00,2026-05-07 09:28:27
2026-04-29,2026-04-29 11:15:00,2026-04-29 11:21:00,OG,Backtest,AdxDiCrossBracketOG,OG_AdxDiCrossBracketOG,OG,NQ,NQ JUN26,SHORT,1,27236.75,27262.75,-524.36,-528.72,-105.7,LOSS,STOP_HIT,27262.25,510.00,2026-05-07 09:28:27
2026-05-06,2026-05-06 11:48:00,2026-05-06 11:51:00,OG,Backtest,AdxDiCrossBracketOG,OG_AdxDiCrossBracketOG,OG,NQ,NQ JUN26,SHORT,1,28556.50,28567.00,-214.36,-218.72,-43.7,LOSS,STOP_HIT,28582.00,510.00,2026-05-07 09:28:27
2026-05-01,2026-05-01 11:18:00,2026-05-01 11:27:00,OG,Backtest,AdxDiCrossBracketOG,OG_AdxDiCrossBracketOG,OG,NQ,NQ JUN26,LONG,1,27837.25,27870.00,650.64,646.28,129.3,WIN,TARGET_HIT,27804.00,665.00,2026-05-07 09:28:27
2026-05-01,2026-05-01 11:00:00,2026-05-01 11:03:00,OG,Backtest,AdxDiCrossBracketOG,OG_AdxDiCrossBracketOG,OG,NQ,NQ JUN26,LONG,1,27833.00,27796.50,-734.36,-738.72,-147.7,LOSS,STOP_HIT,27797.00,720.00,2026-05-07 09:28:27
2026-05-06,2026-05-06 11:48:00,2026-05-06 11:51:00,OG,Backtest,AdxDiCrossBracketOG,OG_AdxDiCrossBracketOG,OG,NQ,NQ JUN26,SHORT,1,28556.50,28567.00,-214.36,-218.72,-43.7,LOSS,STOP_HIT,28582.00,510.00,2026-05-07 09:28:27
2026-05-06,2026-05-06 11:48:00,2026-05-06 11:51:00,OG,Backtest,AdxDiCrossBracketOG,OG_AdxDiCrossBracketOG,OG,NQ,NQ JUN26,SHORT,1,28556.50,28567.00,-214.36,-218.72,-43.7,LOSS,STOP_HIT,28594.50,760.00,2026-05-07 09:28:27
2026-05-01,2026-05-01 10:42:00,2026-05-01 10:48:00,OG,Backtest,AdxDiCrossBracketOG,OG_AdxDiCrossBracketOG,OG,NQ,NQ JUN26,SHORT,1,27791.50,27817.25,-519.36,-523.72,-104.7,LOSS,STOP_HIT,27842.75,1025.00,2026-05-07 09:28:27
2026-04-21,2026-04-21 10:51:00,2026-04-21 11:00:00,OG,Backtest,AdxDiCrossBracketOG,OG_AdxDiCrossBracketOG,OG,NQ,NQ JUN26,SHORT,1,26794.50,26746.75,950.64,946.28,189.3,WIN,TARGET_HIT,26843.25,975.00,2026-05-07 09:28:27
2026-04-29,2026-04-29 11:15:00,2026-04-29 11:21:00,OG,Backtest,AdxDiCrossBracketOG,OG_AdxDiCrossBracketOG,OG,NQ,NQ JUN26,SHORT,1,27236.75,27263.00,-529.36,-533.72,-106.7,LOSS,STOP_HIT,27274.75,760.00,2026-05-07 09:28:27
2026-05-01,2026-05-01 10:42:00,2026-05-01 10:48:00,OG,Backtest,AdxDiCrossBracketOG,OG_AdxDiCrossBracketOG,OG,NQ,NQ JUN26,SHORT,1,27791.50,27817.25,-519.36,-523.72,-104.7,LOSS,STOP_HIT,27842.75,1025.00,2026-05-07 09:28:27
2026-05-01,2026-05-01 10:54:00,2026-05-01 11:00:00,OG,Backtest,AdxDiCrossBracketOG,OG_AdxDiCrossBracketOG,OG,NQ,NQ JUN26,SHORT,1,27799.00,27833.00,-684.36,-688.72,-137.7,LOSS,STOP_HIT,27852.00,1060.00,2026-05-07 09:28:27
2026-05-01,2026-05-01 11:06:00,2026-05-01 11:12:00,OG,Backtest,AdxDiCrossBracketOG,OG_AdxDiCrossBracketOG,OG,NQ,NQ JUN26,SHORT,1,27786.00,27809.25,-469.36,-473.72,-94.7,LOSS,STOP_HIT,27839.75,1075.00,2026-05-07 09:28:27
2026-04-21,2026-04-21 10:51:00,2026-04-21 11:00:00,OG,Backtest,AdxDiCrossBracketOG,OG_AdxDiCrossBracketOG,OG,NQ,NQ JUN26,SHORT,1,26794.50,26746.75,950.64,946.28,189.3,WIN,TARGET_HIT,26843.25,975.00,2026-05-07 09:28:27
2026-04-29,2026-04-29 11:15:00,2026-04-29 11:21:00,OG,Backtest,AdxDiCrossBracketOG,OG_AdxDiCrossBracketOG,OG,NQ,NQ JUN26,SHORT,1,27236.75,27263.00,-529.36,-533.72,-106.7,LOSS,STOP_HIT,27274.75,760.00,2026-05-07 09:28:27
2026-05-01,2026-05-01 10:42:00,2026-05-01 10:48:00,OG,Backtest,AdxDiCrossBracketOG,OG_AdxDiCrossBracketOG,OG,NQ,NQ JUN26,SHORT,1,27791.50,27817.25,-519.36,-523.72,-104.7,LOSS,STOP_HIT,27842.75,1025.00,2026-05-07 09:28:27
2026-05-01,2026-05-01 10:54:00,2026-05-01 11:00:00,OG,Backtest,AdxDiCrossBracketOG,OG_AdxDiCrossBracketOG,OG,NQ,NQ JUN26,SHORT,1,27799.00,27833.00,-684.36,-688.72,-137.7,LOSS,STOP_HIT,27852.00,1060.00,2026-05-07 09:28:27
2026-05-01,2026-05-01 10:42:00,2026-05-01 10:45:00,OG,Backtest,AdxDiCrossBracketOG,OG_AdxDiCrossBracketOG,OG,NQ,NQ JUN26,SHORT,1,27791.50,27826.25,-699.36,-703.72,-140.7,LOSS,STOP_HIT,27825.75,685.00,2026-05-07 09:28:27
2026-05-01,2026-05-01 11:18:00,2026-05-01 11:30:00,OG,Backtest,AdxDiCrossBracketOG,OG_AdxDiCrossBracketOG,OG,NQ,NQ JUN26,LONG,1,27837.25,27851.50,280.64,276.28,55.3,WIN,STOP_HIT,27787.25,1000.00,2026-05-07 09:28:27
2026-04-21,2026-04-21 10:51:00,2026-04-21 11:00:00,OG,Backtest,AdxDiCrossBracketOG,OG_AdxDiCrossBracketOG,OG,NQ,NQ JUN26,SHORT,1,26794.50,26746.75,950.64,946.28,189.3,WIN,TARGET_HIT,26843.25,975.00,2026-05-07 09:28:27
2026-05-01,2026-05-01 11:06:00,2026-05-01 11:15:00,OG,Backtest,AdxDiCrossBracketOG,OG_AdxDiCrossBracketOG,OG,NQ,NQ JUN26,SHORT,1,27786.00,27822.25,-729.36,-733.72,-146.7,LOSS,STOP_HIT,27821.75,715.00,2026-05-07 09:28:27
2026-04-29,2026-04-29 11:15:00,2026-04-29 11:24:00,OG,Backtest,AdxDiCrossBracketOG,OG_AdxDiCrossBracketOG,OG,NQ,NQ JUN26,SHORT,1,27236.75,27267.75,-624.36,-628.72,-125.7,LOSS,STOP_HIT,27274.75,760.00,2026-05-07 09:28:27
2026-05-01,2026-05-01 10:42:00,2026-05-01 10:48:00,OG,Backtest,AdxDiCrossBracketOG,OG_AdxDiCrossBracketOG,OG,NQ,NQ JUN26,SHORT,1,27791.50,27817.25,-519.36,-523.72,-104.7,LOSS,STOP_HIT,27842.75,1025.00,2026-05-07 09:28:27
2026-04-29,2026-04-29 11:15:00,2026-04-29 11:21:00,OG,Backtest,AdxDiCrossBracketOG,OG_AdxDiCrossBracketOG,OG,NQ,NQ JUN26,SHORT,1,27236.75,27263.00,-529.36,-533.72,-106.7,LOSS,STOP_HIT,27274.75,760.00,2026-05-07 09:28:27
2026-05-01,2026-05-01 10:42:00,2026-05-01 10:48:00,OG,Backtest,AdxDiCrossBracketOG,OG_AdxDiCrossBracketOG,OG,NQ,NQ JUN26,SHORT,1,27791.50,27817.25,-519.36,-523.72,-104.7,LOSS,STOP_HIT,27842.75,1025.00,2026-05-07 09:28:27
2026-05-01,2026-05-01 10:42:00,2026-05-01 10:48:00,OG,Backtest,AdxDiCrossBracketOG,OG_AdxDiCrossBracketOG,OG,NQ,NQ JUN26,SHORT,1,27791.50,27817.25,-519.36,-523.72,-104.7,LOSS,STOP_HIT,27842.75,1025.00,2026-05-07 09:28:27
2026-05-01,2026-05-01 11:06:00,2026-05-01 11:18:00,OG,Backtest,AdxDiCrossBracketOG,OG_AdxDiCrossBracketOG,OG,NQ,NQ JUN26,SHORT,1,27786.00,27837.25,-1029.36,-1033.72,-206.7,LOSS,STOP_HIT,27839.75,1075.00,2026-05-07 09:28:27
2026-05-01,2026-05-01 11:06:00,2026-05-01 11:15:00,OG,Backtest,AdxDiCrossBracketOG,OG_AdxDiCrossBracketOG,OG,NQ,NQ JUN26,SHORT,1,27786.00,27815.00,-584.36,-588.72,-117.7,LOSS,STOP_HIT,27839.75,1075.00,2026-05-07 09:28:27
2026-05-01,2026-05-01 11:06:00,2026-05-01 11:15:00,OG,Backtest,AdxDiCrossBracketOG,OG_AdxDiCrossBracketOG,OG,NQ,NQ JUN26,SHORT,1,27786.00,27822.25,-729.36,-733.72,-146.7,LOSS,STOP_HIT,27821.75,715.00,2026-05-07 09:28:27
2026-05-01,2026-05-01 11:00:00,2026-05-01 11:03:00,OG,Backtest,AdxDiCrossBracketOG,OG_AdxDiCrossBracketOG,OG,NQ,NQ JUN26,LONG,1,27833.00,27796.50,-734.36,-738.72,-147.7,LOSS,STOP_HIT,27797.00,720.00,2026-05-07 09:28:27
2026-04-29,2026-04-29 11:15:00,2026-04-29 11:21:00,OG,Backtest,AdxDiCrossBracketOG,OG_AdxDiCrossBracketOG,OG,NQ,NQ JUN26,SHORT,1,27236.75,27262.75,-524.36,-528.72,-105.7,LOSS,STOP_HIT,27262.25,510.00,2026-05-07 09:28:27
2026-04-29,2026-04-29 11:15:00,2026-04-29 11:24:00,OG,Backtest,AdxDiCrossBracketOG,OG_AdxDiCrossBracketOG,OG,NQ,NQ JUN26,SHORT,1,27236.75,27267.75,-624.36,-628.72,-125.7,LOSS,STOP_HIT,27274.75,760.00,2026-05-07 09:28:27
2026-05-06,2026-05-06 11:48:00,2026-05-06 11:51:00,OG,Backtest,AdxDiCrossBracketOG,OG_AdxDiCrossBracketOG,OG,NQ,NQ JUN26,SHORT,1,28556.50,28567.00,-214.36,-218.72,-43.7,LOSS,STOP_HIT,28582.00,510.00,2026-05-07 09:28:27
2026-04-29,2026-04-29 11:15:00,2026-04-29 11:21:00,OG,Backtest,AdxDiCrossBracketOG,OG_AdxDiCrossBracketOG,OG,NQ,NQ JUN26,SHORT,1,27236.75,27263.00,-529.36,-533.72,-106.7,LOSS,STOP_HIT,27274.75,760.00,2026-05-07 09:28:27
2026-05-01,2026-05-01 10:48:00,2026-05-01 10:54:00,OG,Backtest,AdxDiCrossBracketOG,OG_AdxDiCrossBracketOG,OG,NQ,NQ JUN26,LONG,1,27817.25,27799.00,-369.36,-373.72,-74.7,LOSS,STOP_HIT,27781.25,720.00,2026-05-07 09:28:27
2026-05-01,2026-05-01 10:42:00,2026-05-01 10:48:00,OG,Backtest,AdxDiCrossBracketOG,OG_AdxDiCrossBracketOG,OG,NQ,NQ JUN26,SHORT,1,27791.50,27817.25,-519.36,-523.72,-104.7,LOSS,STOP_HIT,27842.75,1025.00,2026-05-07 09:28:27
2026-04-21,2026-04-21 10:51:00,2026-04-21 11:00:00,OG,Backtest,AdxDiCrossBracketOG,OG_AdxDiCrossBracketOG,OG,NQ,NQ JUN26,SHORT,1,26794.50,26746.75,950.64,946.28,189.3,WIN,TARGET_HIT,26843.25,975.00,2026-05-07 09:28:27
2026-05-06,2026-05-06 11:48:00,2026-05-06 11:51:00,OG,Backtest,AdxDiCrossBracketOG,OG_AdxDiCrossBracketOG,OG,NQ,NQ JUN26,SHORT,1,28556.50,28567.00,-214.36,-218.72,-43.7,LOSS,STOP_HIT,28594.50,760.00,2026-05-07 09:28:27
2026-05-01,2026-05-01 10:54:00,2026-05-01 11:00:00,OG,Backtest,AdxDiCrossBracketOG,OG_AdxDiCrossBracketOG,OG,NQ,NQ JUN26,SHORT,1,27799.00,27833.00,-684.36,-688.72,-137.7,LOSS,STOP_HIT,27852.00,1060.00,2026-05-07 09:28:27
2026-05-06,2026-05-06 11:48:00,2026-05-06 11:51:00,OG,Backtest,AdxDiCrossBracketOG,OG_AdxDiCrossBracketOG,OG,NQ,NQ JUN26,SHORT,1,28556.50,28567.00,-214.36,-218.72,-43.7,LOSS,STOP_HIT,28582.00,510.00,2026-05-07 09:28:27
2026-05-06,2026-05-06 11:48:00,2026-05-06 11:51:00,OG,Backtest,AdxDiCrossBracketOG,OG_AdxDiCrossBracketOG,OG,NQ,NQ JUN26,SHORT,1,28556.50,28567.00,-214.36,-218.72,-43.7,LOSS,STOP_HIT,28594.50,760.00,2026-05-07 09:28:27
2026-04-21,2026-04-21 10:51:00,2026-04-21 11:00:00,OG,Backtest,AdxDiCrossBracketOG,OG_AdxDiCrossBracketOG,OG,NQ,NQ JUN26,SHORT,1,26794.50,26746.75,950.64,946.28,189.3,WIN,TARGET_HIT,26843.25,975.00,2026-05-07 09:28:27
2026-05-06,2026-05-06 11:48:00,2026-05-06 11:51:00,OG,Backtest,AdxDiCrossBracketOG,OG_AdxDiCrossBracketOG,OG,NQ,NQ JUN26,SHORT,1,28556.50,28567.00,-214.36,-218.72,-43.7,LOSS,STOP_HIT,28594.50,760.00,2026-05-07 09:28:27
2026-04-21,2026-04-21 10:51:00,2026-04-21 11:00:00,OG,Backtest,AdxDiCrossBracketOG,OG_AdxDiCrossBracketOG,OG,NQ,NQ JUN26,SHORT,1,26794.50,26746.75,950.64,946.28,189.3,WIN,TARGET_HIT,26843.25,975.00,2026-05-07 09:28:27
2026-05-06,2026-05-06 11:48:00,2026-05-06 11:51:00,OG,Backtest,AdxDiCrossBracketOG,OG_AdxDiCrossBracketOG,OG,NQ,NQ JUN26,SHORT,1,28556.50,28567.00,-214.36,-218.72,-43.7,LOSS,STOP_HIT,28594.50,760.00,2026-05-07 09:28:27
2026-05-06,2026-05-06 11:48:00,2026-05-06 11:51:00,OG,Backtest,AdxDiCrossBracketOG,OG_AdxDiCrossBracketOG,OG,NQ,NQ JUN26,SHORT,1,28556.50,28567.00,-214.36,-218.72,-43.7,LOSS,STOP_HIT,28594.50,760.00,2026-05-07 09:28:27
2026-04-21,2026-04-21 10:51:00,2026-04-21 11:00:00,OG,Backtest,AdxDiCrossBracketOG,OG_AdxDiCrossBracketOG,OG,NQ,NQ JUN26,SHORT,1,26794.50,26746.75,950.64,946.28,189.3,WIN,TARGET_HIT,26843.25,975.00,2026-05-07 09:28:27
2026-04-29,2026-04-29 11:15:00,2026-04-29 11:24:00,OG,Backtest,AdxDiCrossBracketOG,OG_AdxDiCrossBracketOG,OG,NQ,NQ JUN26,SHORT,1,27236.75,27267.75,-624.36,-628.72,-125.7,LOSS,STOP_HIT,27274.75,760.00,2026-05-07 09:28:27
2026-05-01,2026-05-01 10:42:00,2026-05-01 10:48:00,OG,Backtest,AdxDiCrossBracketOG,OG_AdxDiCrossBracketOG,OG,NQ,NQ JUN26,SHORT,1,27791.50,27817.25,-519.36,-523.72,-104.7,LOSS,STOP_HIT,27842.75,1025.00,2026-05-07 09:28:27
2026-05-01,2026-05-01 11:06:00,2026-05-01 11:15:00,OG,Backtest,AdxDiCrossBracketOG,OG_AdxDiCrossBracketOG,OG,NQ,NQ JUN26,SHORT,1,27786.00,27815.00,-584.36,-588.72,-117.7,LOSS,STOP_HIT,27839.75,1075.00,2026-05-07 09:28:27
2026-05-01,2026-05-01 11:18:00,2026-05-01 11:30:00,OG,Backtest,AdxDiCrossBracketOG,OG_AdxDiCrossBracketOG,OG,NQ,NQ JUN26,LONG,1,27837.25,27851.50,280.64,276.28,55.3,WIN,STOP_HIT,27787.25,1000.00,2026-05-07 09:28:27
2026-05-01,2026-05-01 11:06:00,2026-05-01 11:18:00,OG,Backtest,AdxDiCrossBracketOG,OG_AdxDiCrossBracketOG,OG,NQ,NQ JUN26,SHORT,1,27786.00,27837.25,-1029.36,-1033.72,-206.7,LOSS,STOP_HIT,27839.75,1075.00,2026-05-07 09:28:27
2026-05-01,2026-05-01 11:18:00,2026-05-01 11:30:00,OG,Backtest,AdxDiCrossBracketOG,OG_AdxDiCrossBracketOG,OG,NQ,NQ JUN26,LONG,1,27837.25,27850.00,250.64,246.28,49.3,WIN,STOP_HIT,27787.25,1000.00,2026-05-07 09:28:27
2026-05-01,2026-05-01 11:06:00,2026-05-01 11:15:00,OG,Backtest,AdxDiCrossBracketOG,OG_AdxDiCrossBracketOG,OG,NQ,NQ JUN26,SHORT,1,27786.00,27815.00,-584.36,-588.72,-117.7,LOSS,STOP_HIT,27839.75,1075.00,2026-05-07 09:28:27
2026-05-06,2026-05-06 11:48:00,2026-05-06 11:51:00,OG,Backtest,AdxDiCrossBracketOG,OG_AdxDiCrossBracketOG,OG,NQ,NQ JUN26,SHORT,1,28556.50,28567.00,-214.36,-218.72,-43.7,LOSS,STOP_HIT,28594.50,760.00,2026-05-07 09:28:27
2026-05-01,2026-05-01 10:54:00,2026-05-01 11:00:00,OG,Backtest,AdxDiCrossBracketOG,OG_AdxDiCrossBracketOG,OG,NQ,NQ JUN26,SHORT,1,27799.00,27833.00,-684.36,-688.72,-137.7,LOSS,STOP_HIT,27852.00,1060.00,2026-05-07 09:28:27
2026-05-01,2026-05-01 10:54:00,2026-05-01 11:00:00,OG,Backtest,AdxDiCrossBracketOG,OG_AdxDiCrossBracketOG,OG,NQ,NQ JUN26,SHORT,1,27799.00,27833.00,-684.36,-688.72,-137.7,LOSS,STOP_HIT,27852.00,1060.00,2026-05-07 09:28:27
2026-05-01,2026-05-01 10:42:00,2026-05-01 10:48:00,OG,Backtest,AdxDiCrossBracketOG,OG_AdxDiCrossBracketOG,OG,NQ,NQ JUN26,SHORT,1,27791.50,27817.25,-519.36,-523.72,-104.7,LOSS,STOP_HIT,27842.75,1025.00,2026-05-07 09:28:27
2026-05-06,2026-05-06 11:48:00,2026-05-06 11:51:00,OG,Backtest,AdxDiCrossBracketOG,OG_AdxDiCrossBracketOG,OG,NQ,NQ JUN26,SHORT,1,28556.50,28567.00,-214.36,-218.72,-43.7,LOSS,STOP_HIT,28594.50,760.00,2026-05-07 09:28:27
2026-04-29,2026-04-29 11:15:00,2026-04-29 11:27:00,OG,Backtest,AdxDiCrossBracketOG,OG_AdxDiCrossBracketOG,OG,NQ,NQ JUN26,SHORT,1,27236.75,27267.25,-614.36,-618.72,-123.7,LOSS,STOP_HIT,27274.75,760.00,2026-05-07 09:28:27
2026-04-29,2026-04-29 11:15:00,2026-04-29 11:27:00,OG,Backtest,AdxDiCrossBracketOG,OG_AdxDiCrossBracketOG,OG,NQ,NQ JUN26,SHORT,1,27236.75,27267.25,-614.36,-618.72,-123.7,LOSS,STOP_HIT,27274.75,760.00,2026-05-07 09:28:27
2026-05-01,2026-05-01 11:06:00,2026-05-01 11:12:00,OG,Backtest,AdxDiCrossBracketOG,OG_AdxDiCrossBracketOG,OG,NQ,NQ JUN26,SHORT,1,27786.00,27809.25,-469.36,-473.72,-94.7,LOSS,STOP_HIT,27839.75,1075.00,2026-05-07 09:28:27
2026-04-21,2026-04-21 10:51:00,2026-04-21 11:00:00,OG,Backtest,AdxDiCrossBracketOG,OG_AdxDiCrossBracketOG,OG,NQ,NQ JUN26,SHORT,1,26794.50,26746.75,950.64,946.28,189.3,WIN,TARGET_HIT,26843.25,975.00,2026-05-07 09:28:27
2026-05-01,2026-05-01 11:18:00,2026-05-01 11:30:00,OG,Backtest,AdxDiCrossBracketOG,OG_AdxDiCrossBracketOG,OG,NQ,NQ JUN26,LONG,1,27837.25,27851.50,280.64,276.28,55.3,WIN,STOP_HIT,27787.25,1000.00,2026-05-07 09:28:27
2026-05-01,2026-05-01 11:06:00,2026-05-01 11:15:00,OG,Backtest,AdxDiCrossBracketOG,OG_AdxDiCrossBracketOG,OG,NQ,NQ JUN26,SHORT,1,27786.00,27815.00,-584.36,-588.72,-117.7,LOSS,STOP_HIT,27839.75,1075.00,2026-05-07 09:28:27
2026-05-01,2026-05-01 10:42:00,2026-05-01 10:48:00,OG,Backtest,AdxDiCrossBracketOG,OG_AdxDiCrossBracketOG,OG,NQ,NQ JUN26,SHORT,1,27791.50,27817.25,-519.36,-523.72,-104.7,LOSS,STOP_HIT,27842.75,1025.00,2026-05-07 09:28:27
2026-04-29,2026-04-29 11:15:00,2026-04-29 11:27:00,OG,Backtest,AdxDiCrossBracketOG,OG_AdxDiCrossBracketOG,OG,NQ,NQ JUN26,SHORT,1,27236.75,27267.25,-614.36,-618.72,-123.7,LOSS,STOP_HIT,27274.75,760.00,2026-05-07 09:28:27
2026-05-01,2026-05-01 10:42:00,2026-05-01 10:48:00,OG,Backtest,AdxDiCrossBracketOG,OG_AdxDiCrossBracketOG,OG,NQ,NQ JUN26,SHORT,1,27791.50,27817.25,-519.36,-523.72,-104.7,LOSS,STOP_HIT,27842.75,1025.00,2026-05-07 09:28:27
2026-04-21,2026-04-21 10:51:00,2026-04-21 11:00:00,OG,Backtest,AdxDiCrossBracketOG,OG_AdxDiCrossBracketOG,OG,NQ,NQ JUN26,SHORT,1,26794.50,26746.75,950.64,946.28,189.3,WIN,TARGET_HIT,26843.25,975.00,2026-05-07 09:28:27
2026-05-06,2026-05-06 11:48:00,2026-05-06 11:51:00,OG,Backtest,AdxDiCrossBracketOG,OG_AdxDiCrossBracketOG,OG,NQ,NQ JUN26,SHORT,1,28556.50,28567.00,-214.36,-218.72,-43.7,LOSS,STOP_HIT,28594.50,760.00,2026-05-07 09:28:27
2026-05-01,2026-05-01 11:06:00,2026-05-01 11:18:00,OG,Backtest,AdxDiCrossBracketOG,OG_AdxDiCrossBracketOG,OG,NQ,NQ JUN26,SHORT,1,27786.00,27837.25,-1029.36,-1033.72,-206.7,LOSS,STOP_HIT,27839.75,1075.00,2026-05-07 09:28:27
2026-05-06,2026-05-06 11:48:00,2026-05-06 11:51:00,OG,Backtest,AdxDiCrossBracketOG,OG_AdxDiCrossBracketOG,OG,NQ,NQ JUN26,SHORT,1,28556.50,28567.00,-214.36,-218.72,-43.7,LOSS,STOP_HIT,28594.50,760.00,2026-05-07 09:28:27
2026-05-01,2026-05-01 11:06:00,2026-05-01 11:15:00,OG,Backtest,AdxDiCrossBracketOG,OG_AdxDiCrossBracketOG,OG,NQ,NQ JUN26,SHORT,1,27786.00,27815.00,-584.36,-588.72,-117.7,LOSS,STOP_HIT,27839.75,1075.00,2026-05-07 09:28:27
2026-05-01,2026-05-01 11:18:00,2026-05-01 11:30:00,OG,Backtest,AdxDiCrossBracketOG,OG_AdxDiCrossBracketOG,OG,NQ,NQ JUN26,LONG,1,27837.25,27850.00,250.64,246.28,49.3,WIN,STOP_HIT,27787.25,1000.00,2026-05-07 09:28:28
2026-05-06,2026-05-06 11:48:00,2026-05-06 11:51:00,OG,Backtest,AdxDiCrossBracketOG,OG_AdxDiCrossBracketOG,OG,NQ,NQ JUN26,SHORT,1,28556.50,28567.00,-214.36,-218.72,-43.7,LOSS,STOP_HIT,28594.50,760.00,2026-05-07 09:28:28
2026-04-21,2026-04-21 10:51:00,2026-04-21 11:00:00,OG,Backtest,AdxDiCrossBracketOG,OG_AdxDiCrossBracketOG,OG,NQ,NQ JUN26,SHORT,1,26794.50,26746.75,950.64,946.28,189.3,WIN,TARGET_HIT,26843.25,975.00,2026-05-07 09:28:28
2026-04-29,2026-04-29 11:15:00,2026-04-29 11:27:00,OG,Backtest,AdxDiCrossBracketOG,OG_AdxDiCrossBracketOG,OG,NQ,NQ JUN26,SHORT,1,27236.75,27267.25,-614.36,-618.72,-123.7,LOSS,STOP_HIT,27274.75,760.00,2026-05-07 09:28:28
2026-05-01,2026-05-01 10:42:00,2026-05-01 10:48:00,OG,Backtest,AdxDiCrossBracketOG,OG_AdxDiCrossBracketOG,OG,NQ,NQ JUN26,SHORT,1,27791.50,27817.25,-519.36,-523.72,-104.7,LOSS,STOP_HIT,27842.75,1025.00,2026-05-07 09:28:28
2026-05-01,2026-05-01 10:54:00,2026-05-01 11:00:00,OG,Backtest,AdxDiCrossBracketOG,OG_AdxDiCrossBracketOG,OG,NQ,NQ JUN26,SHORT,1,27799.00,27833.00,-684.36,-688.72,-137.7,LOSS,STOP_HIT,27852.00,1060.00,2026-05-07 09:28:28
2026-04-21,2026-04-21 10:51:00,2026-04-21 11:00:00,OG,Backtest,AdxDiCrossBracketOG,OG_AdxDiCrossBracketOG,OG,NQ,NQ JUN26,SHORT,1,26794.50,26746.75,950.64,946.28,189.3,WIN,TARGET_HIT,26843.25,975.00,2026-05-07 09:28:28
2026-05-06,2026-05-06 11:48:00,2026-05-06 11:51:00,OG,Backtest,AdxDiCrossBracketOG,OG_AdxDiCrossBracketOG,OG,NQ,NQ JUN26,SHORT,1,28556.50,28567.00,-214.36,-218.72,-43.7,LOSS,STOP_HIT,28594.50,760.00,2026-05-07 09:28:28
2026-04-29,2026-04-29 11:15:00,2026-04-29 11:27:00,OG,Backtest,AdxDiCrossBracketOG,OG_AdxDiCrossBracketOG,OG,NQ,NQ JUN26,SHORT,1,27236.75,27267.25,-614.36,-618.72,-123.7,LOSS,STOP_HIT,27274.75,760.00,2026-05-07 09:28:28
2026-04-21,2026-04-21 10:51:00,2026-04-21 11:00:00,OG,Backtest,AdxDiCrossBracketOG,OG_AdxDiCrossBracketOG,OG,NQ,NQ JUN26,SHORT,1,26794.50,26746.75,950.64,946.28,189.3,WIN,TARGET_HIT,26843.25,975.00,2026-05-07 09:28:28
2026-04-21,2026-04-21 10:51:00,2026-04-21 11:00:00,OG,Backtest,AdxDiCrossBracketOG,OG_AdxDiCrossBracketOG,OG,NQ,NQ JUN26,SHORT,1,26794.50,26746.75,950.64,946.28,189.3,WIN,TARGET_HIT,26843.25,975.00,2026-05-07 09:28:28
2026-04-21,2026-04-21 10:51:00,2026-04-21 11:00:00,OG,Backtest,AdxDiCrossBracketOG,OG_AdxDiCrossBracketOG,OG,NQ,NQ JUN26,SHORT,1,26794.50,26746.75,950.64,946.28,189.3,WIN,TARGET_HIT,26843.25,975.00,2026-05-07 09:28:28
2026-04-29,2026-04-29 11:15:00,2026-04-29 11:27:00,OG,Backtest,AdxDiCrossBracketOG,OG_AdxDiCrossBracketOG,OG,NQ,NQ JUN26,SHORT,1,27236.75,27267.25,-614.36,-618.72,-123.7,LOSS,STOP_HIT,27274.75,760.00,2026-05-07 09:28:28
2026-05-01,2026-05-01 11:06:00,2026-05-01 11:18:00,OG,Backtest,AdxDiCrossBracketOG,OG_AdxDiCrossBracketOG,OG,NQ,NQ JUN26,SHORT,1,27786.00,27837.25,-1029.36,-1033.72,-206.7,LOSS,STOP_HIT,27839.75,1075.00,2026-05-07 09:28:28
2026-04-29,2026-04-29 11:15:00,2026-04-29 11:27:00,OG,Backtest,AdxDiCrossBracketOG,OG_AdxDiCrossBracketOG,OG,NQ,NQ JUN26,SHORT,1,27236.75,27267.25,-614.36,-618.72,-123.7,LOSS,STOP_HIT,27274.75,760.00,2026-05-07 09:28:28
2026-05-01,2026-05-01 10:42:00,2026-05-01 10:48:00,OG,Backtest,AdxDiCrossBracketOG,OG_AdxDiCrossBracketOG,OG,NQ,NQ JUN26,SHORT,1,27791.50,27817.25,-519.36,-523.72,-104.7,LOSS,STOP_HIT,27842.75,1025.00,2026-05-07 09:28:28
2026-05-01,2026-05-01 10:54:00,2026-05-01 11:00:00,OG,Backtest,AdxDiCrossBracketOG,OG_AdxDiCrossBracketOG,OG,NQ,NQ JUN26,SHORT,1,27799.00,27833.00,-684.36,-688.72,-137.7,LOSS,STOP_HIT,27852.00,1060.00,2026-05-07 09:28:28
2026-05-01,2026-05-01 10:42:00,2026-05-01 10:48:00,OG,Backtest,AdxDiCrossBracketOG,OG_AdxDiCrossBracketOG,OG,NQ,NQ JUN26,SHORT,1,27791.50,27817.25,-519.36,-523.72,-104.7,LOSS,STOP_HIT,27842.75,1025.00,2026-05-07 09:28:28
2026-05-01,2026-05-01 11:18:00,2026-05-01 11:30:00,OG,Backtest,AdxDiCrossBracketOG,OG_AdxDiCrossBracketOG,OG,NQ,NQ JUN26,LONG,1,27837.25,27850.00,250.64,246.28,49.3,WIN,STOP_HIT,27787.25,1000.00,2026-05-07 09:28:28
2026-05-01,2026-05-01 11:18:00,2026-05-01 11:30:00,OG,Backtest,AdxDiCrossBracketOG,OG_AdxDiCrossBracketOG,OG,NQ,NQ JUN26,LONG,1,27837.25,27850.00,250.64,246.28,49.3,WIN,STOP_HIT,27787.25,1000.00,2026-05-07 09:28:28
2026-04-21,2026-04-21 10:51:00,2026-04-21 11:00:00,OG,Backtest,AdxDiCrossBracketOG,OG_AdxDiCrossBracketOG,OG,NQ,NQ JUN26,SHORT,1,26794.50,26746.75,950.64,946.28,189.3,WIN,TARGET_HIT,26843.25,975.00,2026-05-07 09:28:28
2026-05-01,2026-05-01 10:54:00,2026-05-01 11:00:00,OG,Backtest,AdxDiCrossBracketOG,OG_AdxDiCrossBracketOG,OG,NQ,NQ JUN26,SHORT,1,27799.00,27833.00,-684.36,-688.72,-137.7,LOSS,STOP_HIT,27852.00,1060.00,2026-05-07 09:28:28
2026-04-29,2026-04-29 11:15:00,2026-04-29 11:24:00,OG,Backtest,AdxDiCrossBracketOG,OG_AdxDiCrossBracketOG,OG,NQ,NQ JUN26,SHORT,1,27236.75,27267.75,-624.36,-628.72,-125.7,LOSS,STOP_HIT,27274.75,760.00,2026-05-07 09:28:28
2026-05-06,2026-05-06 11:48:00,2026-05-06 11:51:00,OG,Backtest,AdxDiCrossBracketOG,OG_AdxDiCrossBracketOG,OG,NQ,NQ JUN26,SHORT,1,28556.50,28567.00,-214.36,-218.72,-43.7,LOSS,STOP_HIT,28594.50,760.00,2026-05-07 09:28:28
2026-04-29,2026-04-29 11:15:00,2026-04-29 11:27:00,OG,Backtest,AdxDiCrossBracketOG,OG_AdxDiCrossBracketOG,OG,NQ,NQ JUN26,SHORT,1,27236.75,27267.25,-614.36,-618.72,-123.7,LOSS,STOP_HIT,27274.75,760.00,2026-05-07 09:28:28
2026-05-01,2026-05-01 10:54:00,2026-05-01 11:00:00,OG,Backtest,AdxDiCrossBracketOG,OG_AdxDiCrossBracketOG,OG,NQ,NQ JUN26,SHORT,1,27799.00,27833.00,-684.36,-688.72,-137.7,LOSS,STOP_HIT,27852.00,1060.00,2026-05-07 09:28:28
2026-05-01,2026-05-01 11:06:00,2026-05-01 11:15:00,OG,Backtest,AdxDiCrossBracketOG,OG_AdxDiCrossBracketOG,OG,NQ,NQ JUN26,SHORT,1,27786.00,27815.00,-584.36,-588.72,-117.7,LOSS,STOP_HIT,27839.75,1075.00,2026-05-07 09:28:28
2026-05-01,2026-05-01 11:18:00,2026-05-01 11:30:00,OG,Backtest,AdxDiCrossBracketOG,OG_AdxDiCrossBracketOG,OG,NQ,NQ JUN26,LONG,1,27837.25,27850.00,250.64,246.28,49.3,WIN,STOP_HIT,27787.25,1000.00,2026-05-07 09:28:28
2026-05-06,2026-05-06 11:48:00,2026-05-06 11:51:00,OG,Backtest,AdxDiCrossBracketOG,OG_AdxDiCrossBracketOG,OG,NQ,NQ JUN26,SHORT,1,28556.50,28567.00,-214.36,-218.72,-43.7,LOSS,STOP_HIT,28594.50,760.00,2026-05-07 09:28:28
2026-05-06,2026-05-06 11:48:00,2026-05-06 11:51:00,OG,Backtest,AdxDiCrossBracketOG,OG_AdxDiCrossBracketOG,OG,NQ,NQ JUN26,SHORT,1,28556.50,28567.00,-214.36,-218.72,-43.7,LOSS,STOP_HIT,28594.50,760.00,2026-05-07 09:28:28
2026-04-21,2026-04-21 10:51:00,2026-04-21 11:00:00,OG,Backtest,AdxDiCrossBracketOG,OG_AdxDiCrossBracketOG,OG,NQ,NQ JUN26,SHORT,1,26794.50,26746.75,950.64,946.28,189.3,WIN,TARGET_HIT,26843.25,975.00,2026-05-07 09:28:28
2026-05-01,2026-05-01 11:06:00,2026-05-01 11:18:00,OG,Backtest,AdxDiCrossBracketOG,OG_AdxDiCrossBracketOG,OG,NQ,NQ JUN26,SHORT,1,27786.00,27837.25,-1029.36,-1033.72,-206.7,LOSS,STOP_HIT,27839.75,1075.00,2026-05-07 09:28:28
2026-04-29,2026-04-29 11:15:00,2026-04-29 11:27:00,OG,Backtest,AdxDiCrossBracketOG,OG_AdxDiCrossBracketOG,OG,NQ,NQ JUN26,SHORT,1,27236.75,27267.25,-614.36,-618.72,-123.7,LOSS,STOP_HIT,27274.75,760.00,2026-05-07 09:28:28
2026-05-06,2026-05-06 11:48:00,2026-05-06 11:51:00,OG,Backtest,AdxDiCrossBracketOG,OG_AdxDiCrossBracketOG,OG,NQ,NQ JUN26,SHORT,1,28556.50,28567.00,-214.36,-218.72,-43.7,LOSS,STOP_HIT,28594.50,760.00,2026-05-07 09:28:28
2026-05-01,2026-05-01 10:54:00,2026-05-01 11:00:00,OG,Backtest,AdxDiCrossBracketOG,OG_AdxDiCrossBracketOG,OG,NQ,NQ JUN26,SHORT,1,27799.00,27833.00,-684.36,-688.72,-137.7,LOSS,STOP_HIT,27852.00,1060.00,2026-05-07 09:28:28
2026-04-29,2026-04-29 11:15:00,2026-04-29 11:27:00,OG,Backtest,AdxDiCrossBracketOG,OG_AdxDiCrossBracketOG,OG,NQ,NQ JUN26,SHORT,1,27236.75,27267.25,-614.36,-618.72,-123.7,LOSS,STOP_HIT,27274.75,760.00,2026-05-07 09:28:28
2026-05-01,2026-05-01 11:18:00,2026-05-01 11:30:00,OG,Backtest,AdxDiCrossBracketOG,OG_AdxDiCrossBracketOG,OG,NQ,NQ JUN26,LONG,1,27837.25,27850.00,250.64,246.28,49.3,WIN,STOP_HIT,27787.25,1000.00,2026-05-07 09:28:28
2026-05-01,2026-05-01 10:54:00,2026-05-01 11:00:00,OG,Backtest,AdxDiCrossBracketOG,OG_AdxDiCrossBracketOG,OG,NQ,NQ JUN26,SHORT,1,27799.00,27833.00,-684.36,-688.72,-137.7,LOSS,STOP_HIT,27852.00,1060.00,2026-05-07 09:28:28
2026-05-06,2026-05-06 11:48:00,2026-05-06 11:51:00,OG,Backtest,AdxDiCrossBracketOG,OG_AdxDiCrossBracketOG,OG,NQ,NQ JUN26,SHORT,1,28556.50,28567.00,-214.36,-218.72,-43.7,LOSS,STOP_HIT,28594.50,760.00,2026-05-07 09:28:28
2026-05-06,2026-05-06 11:48:00,2026-05-06 11:51:00,OG,Backtest,AdxDiCrossBracketOG,OG_AdxDiCrossBracketOG,OG,NQ,NQ JUN26,SHORT,1,28556.50,28567.00,-214.36,-218.72,-43.7,LOSS,STOP_HIT,28594.50,760.00,2026-05-07 09:28:28
2026-04-21,2026-04-21 10:51:00,2026-04-21 11:00:00,OG,Backtest,AdxDiCrossBracketOG,OG_AdxDiCrossBracketOG,OG,NQ,NQ JUN26,SHORT,1,26794.50,26746.75,950.64,946.28,189.3,WIN,TARGET_HIT,26843.25,975.00,2026-05-07 09:28:28
2026-05-01,2026-05-01 10:54:00,2026-05-01 11:00:00,OG,Backtest,AdxDiCrossBracketOG,OG_AdxDiCrossBracketOG,OG,NQ,NQ JUN26,SHORT,1,27799.00,27833.00,-684.36,-688.72,-137.7,LOSS,STOP_HIT,27852.00,1060.00,2026-05-07 09:28:28
2026-05-01,2026-05-01 10:42:00,2026-05-01 10:48:00,OG,Backtest,AdxDiCrossBracketOG,OG_AdxDiCrossBracketOG,OG,NQ,NQ JUN26,SHORT,1,27791.50,27817.25,-519.36,-523.72,-104.7,LOSS,STOP_HIT,27859.75,1365.00,2026-05-07 09:28:28
2026-05-06,2026-05-06 11:48:00,2026-05-06 11:51:00,OG,Backtest,AdxDiCrossBracketOG,OG_AdxDiCrossBracketOG,OG,NQ,NQ JUN26,SHORT,1,28556.50,28567.00,-214.36,-218.72,-43.7,LOSS,STOP_HIT,28594.50,760.00,2026-05-07 09:28:28
2026-05-01,2026-05-01 11:06:00,2026-05-01 11:12:00,OG,Backtest,AdxDiCrossBracketOG,OG_AdxDiCrossBracketOG,OG,NQ,NQ JUN26,SHORT,1,27786.00,27809.25,-469.36,-473.72,-94.7,LOSS,STOP_HIT,27857.50,1430.00,2026-05-07 09:28:28
2026-04-29,2026-04-29 11:15:00,2026-04-29 11:27:00,OG,Backtest,AdxDiCrossBracketOG,OG_AdxDiCrossBracketOG,OG,NQ,NQ JUN26,SHORT,1,27236.75,27267.25,-614.36,-618.72,-123.7,LOSS,STOP_HIT,27274.75,760.00,2026-05-07 09:28:28
2026-05-01,2026-05-01 11:06:00,2026-05-01 11:18:00,OG,Backtest,AdxDiCrossBracketOG,OG_AdxDiCrossBracketOG,OG,NQ,NQ JUN26,SHORT,1,27786.00,27837.25,-1029.36,-1033.72,-206.7,LOSS,STOP_HIT,27839.75,1075.00,2026-05-07 09:28:28
2026-05-06,2026-05-06 11:48:00,2026-05-06 11:51:00,OG,Backtest,AdxDiCrossBracketOG,OG_AdxDiCrossBracketOG,OG,NQ,NQ JUN26,SHORT,1,28556.50,28567.00,-214.36,-218.72,-43.7,LOSS,STOP_HIT,28594.50,760.00,2026-05-07 09:28:28
2026-04-21,2026-04-21 10:51:00,2026-04-21 11:00:00,OG,Backtest,AdxDiCrossBracketOG,OG_AdxDiCrossBracketOG,OG,NQ,NQ JUN26,SHORT,1,26794.50,26746.75,950.64,946.28,189.3,WIN,TARGET_HIT,26843.25,975.00,2026-05-07 09:28:28
2026-05-01,2026-05-01 10:42:00,2026-05-01 10:48:00,OG,Backtest,AdxDiCrossBracketOG,OG_AdxDiCrossBracketOG,OG,NQ,NQ JUN26,SHORT,1,27791.50,27817.25,-519.36,-523.72,-104.7,LOSS,STOP_HIT,27842.75,1025.00,2026-05-07 09:28:28
2026-04-21,2026-04-21 10:51:00,2026-04-21 11:00:00,OG,Backtest,AdxDiCrossBracketOG,OG_AdxDiCrossBracketOG,OG,NQ,NQ JUN26,SHORT,1,26794.50,26746.75,950.64,946.28,189.3,WIN,TARGET_HIT,26843.25,975.00,2026-05-07 09:28:28
2026-05-01,2026-05-01 11:06:00,2026-05-01 11:18:00,OG,Backtest,AdxDiCrossBracketOG,OG_AdxDiCrossBracketOG,OG,NQ,NQ JUN26,SHORT,1,27786.00,27837.25,-1029.36,-1033.72,-206.7,LOSS,STOP_HIT,27839.75,1075.00,2026-05-07 09:28:28
2026-04-21,2026-04-21 10:51:00,2026-04-21 11:00:00,OG,Backtest,AdxDiCrossBracketOG,OG_AdxDiCrossBracketOG,OG,NQ,NQ JUN26,SHORT,1,26794.50,26746.75,950.64,946.28,189.3,WIN,TARGET_HIT,26843.25,975.00,2026-05-07 09:28:28
2026-04-21,2026-04-21 10:51:00,2026-04-21 11:00:00,OG,Backtest,AdxDiCrossBracketOG,OG_AdxDiCrossBracketOG,OG,NQ,NQ JUN26,SHORT,1,26794.50,26746.75,950.64,946.28,189.3,WIN,TARGET_HIT,26843.25,975.00,2026-05-07 09:28:28
2026-04-29,2026-04-29 11:15:00,2026-04-29 11:24:00,OG,Backtest,AdxDiCrossBracketOG,OG_AdxDiCrossBracketOG,OG,NQ,NQ JUN26,SHORT,1,27236.75,27267.75,-624.36,-628.72,-125.7,LOSS,STOP_HIT,27274.75,760.00,2026-05-07 09:28:28
2026-05-01,2026-05-01 11:06:00,2026-05-01 11:12:00,OG,Backtest,AdxDiCrossBracketOG,OG_AdxDiCrossBracketOG,OG,NQ,NQ JUN26,SHORT,1,27786.00,27809.25,-469.36,-473.72,-94.7,LOSS,STOP_HIT,27857.50,1430.00,2026-05-07 09:28:28
2026-05-01,2026-05-01 10:54:00,2026-05-01 11:00:00,OG,Backtest,AdxDiCrossBracketOG,OG_AdxDiCrossBracketOG,OG,NQ,NQ JUN26,SHORT,1,27799.00,27833.00,-684.36,-688.72,-137.7,LOSS,STOP_HIT,27852.00,1060.00,2026-05-07 09:28:28
2026-05-01,2026-05-01 10:54:00,2026-05-01 11:00:00,OG,Backtest,AdxDiCrossBracketOG,OG_AdxDiCrossBracketOG,OG,NQ,NQ JUN26,SHORT,1,27799.00,27833.00,-684.36,-688.72,-137.7,LOSS,STOP_HIT,27852.00,1060.00,2026-05-07 09:28:28
2026-05-06,2026-05-06 11:48:00,2026-05-06 11:51:00,OG,Backtest,AdxDiCrossBracketOG,OG_AdxDiCrossBracketOG,OG,NQ,NQ JUN26,SHORT,1,28556.50,28567.00,-214.36,-218.72,-43.7,LOSS,STOP_HIT,28594.50,760.00,2026-05-07 09:28:28
2026-05-06,2026-05-06 11:48:00,2026-05-06 11:51:00,OG,Backtest,AdxDiCrossBracketOG,OG_AdxDiCrossBracketOG,OG,NQ,NQ JUN26,SHORT,1,28556.50,28567.00,-214.36,-218.72,-43.7,LOSS,STOP_HIT,28594.50,760.00,2026-05-07 09:28:28
2026-05-06,2026-05-06 11:48:00,2026-05-06 11:51:00,OG,Backtest,AdxDiCrossBracketOG,OG_AdxDiCrossBracketOG,OG,NQ,NQ JUN26,SHORT,1,28556.50,28567.00,-214.36,-218.72,-43.7,LOSS,STOP_HIT,28594.50,760.00,2026-05-07 09:28:28
2026-05-06,2026-05-06 11:48:00,2026-05-06 11:51:00,OG,Backtest,AdxDiCrossBracketOG,OG_AdxDiCrossBracketOG,OG,NQ,NQ JUN26,SHORT,1,28556.50,28567.00,-214.36,-218.72,-43.7,LOSS,STOP_HIT,28594.50,760.00,2026-05-07 09:28:28
2026-04-21,2026-04-21 10:51:00,2026-04-21 11:00:00,OG,Backtest,AdxDiCrossBracketOG,OG_AdxDiCrossBracketOG,OG,NQ,NQ JUN26,SHORT,1,26794.50,26730.75,1270.64,1266.28,253.3,WIN,TARGET_HIT,26859.25,1295.00,2026-05-07 09:28:28
2026-04-29,2026-04-29 11:15:00,2026-04-29 11:21:00,OG,Backtest,AdxDiCrossBracketOG,OG_AdxDiCrossBracketOG,OG,NQ,NQ JUN26,SHORT,1,27236.75,27263.00,-529.36,-533.72,-106.7,LOSS,STOP_HIT,27287.25,1010.00,2026-05-07 09:28:28
2026-05-01,2026-05-01 10:42:00,2026-05-01 10:48:00,OG,Backtest,AdxDiCrossBracketOG,OG_AdxDiCrossBracketOG,OG,NQ,NQ JUN26,SHORT,1,27791.50,27817.25,-519.36,-523.72,-104.7,LOSS,STOP_HIT,27859.75,1365.00,2026-05-07 09:28:28
2026-05-01,2026-05-01 10:54:00,2026-05-01 11:00:00,OG,Backtest,AdxDiCrossBracketOG,OG_AdxDiCrossBracketOG,OG,NQ,NQ JUN26,SHORT,1,27799.00,27833.00,-684.36,-688.72,-137.7,LOSS,STOP_HIT,27869.75,1415.00,2026-05-07 09:28:28
2026-05-01,2026-05-01 10:42:00,2026-05-01 10:48:00,OG,Backtest,AdxDiCrossBracketOG,OG_AdxDiCrossBracketOG,OG,NQ,NQ JUN26,SHORT,1,27791.50,27817.25,-519.36,-523.72,-104.7,LOSS,STOP_HIT,27859.75,1365.00,2026-05-07 09:28:28
2026-05-01,2026-05-01 11:06:00,2026-05-01 11:12:00,OG,Backtest,AdxDiCrossBracketOG,OG_AdxDiCrossBracketOG,OG,NQ,NQ JUN26,SHORT,1,27786.00,27809.25,-469.36,-473.72,-94.7,LOSS,STOP_HIT,27857.50,1430.00,2026-05-07 09:28:28
2026-05-01,2026-05-01 10:54:00,2026-05-01 11:00:00,OG,Backtest,AdxDiCrossBracketOG,OG_AdxDiCrossBracketOG,OG,NQ,NQ JUN26,SHORT,1,27799.00,27833.00,-684.36,-688.72,-137.7,LOSS,STOP_HIT,27869.75,1415.00,2026-05-07 09:28:28
2026-05-06,2026-05-06 11:48:00,2026-05-06 11:51:00,OG,Backtest,AdxDiCrossBracketOG,OG_AdxDiCrossBracketOG,OG,NQ,NQ JUN26,SHORT,1,28556.50,28567.00,-214.36,-218.72,-43.7,LOSS,STOP_HIT,28607.00,1010.00,2026-05-07 09:28:28
2026-05-06,2026-05-06 11:48:00,2026-05-06 11:51:00,OG,Backtest,AdxDiCrossBracketOG,OG_AdxDiCrossBracketOG,OG,NQ,NQ JUN26,SHORT,1,28556.50,28567.00,-214.36,-218.72,-43.7,LOSS,STOP_HIT,28607.00,1010.00,2026-05-07 09:28:28
2026-04-21,2026-04-21 10:51:00,2026-04-21 11:00:00,OG,Backtest,AdxDiCrossBracketOG,OG_AdxDiCrossBracketOG,OG,NQ,NQ JUN26,SHORT,1,26794.50,26730.75,1270.64,1266.28,253.3,WIN,TARGET_HIT,26859.25,1295.00,2026-05-07 09:28:28
2026-05-01,2026-05-01 10:42:00,2026-05-01 10:48:00,OG,Backtest,AdxDiCrossBracketOG,OG_AdxDiCrossBracketOG,OG,NQ,NQ JUN26,SHORT,1,27791.50,27817.25,-519.36,-523.72,-104.7,LOSS,STOP_HIT,27842.75,1025.00,2026-05-07 09:28:28
2026-05-01,2026-05-01 10:54:00,2026-05-01 11:00:00,OG,Backtest,AdxDiCrossBracketOG,OG_AdxDiCrossBracketOG,OG,NQ,NQ JUN26,SHORT,1,27799.00,27833.00,-684.36,-688.72,-137.7,LOSS,STOP_HIT,27852.00,1060.00,2026-05-07 09:28:28
2026-05-01,2026-05-01 10:42:00,2026-05-01 10:48:00,OG,Backtest,AdxDiCrossBracketOG,OG_AdxDiCrossBracketOG,OG,NQ,NQ JUN26,SHORT,1,27791.50,27817.25,-519.36,-523.72,-104.7,LOSS,STOP_HIT,27842.75,1025.00,2026-05-07 09:28:28
2026-05-01,2026-05-01 10:42:00,2026-05-01 10:48:00,OG,Backtest,AdxDiCrossBracketOG,OG_AdxDiCrossBracketOG,OG,NQ,NQ JUN26,SHORT,1,27791.50,27817.25,-519.36,-523.72,-104.7,LOSS,STOP_HIT,27859.75,1365.00,2026-05-07 09:28:28
2026-05-01,2026-05-01 10:54:00,2026-05-01 11:00:00,OG,Backtest,AdxDiCrossBracketOG,OG_AdxDiCrossBracketOG,OG,NQ,NQ JUN26,SHORT,1,27799.00,27833.00,-684.36,-688.72,-137.7,LOSS,STOP_HIT,27852.00,1060.00,2026-05-07 09:28:28
2026-04-29,2026-04-29 11:15:00,2026-04-29 11:27:00,OG,Backtest,AdxDiCrossBracketOG,OG_AdxDiCrossBracketOG,OG,NQ,NQ JUN26,SHORT,1,27236.75,27267.25,-614.36,-618.72,-123.7,LOSS,STOP_HIT,27274.75,760.00,2026-05-07 09:28:28
2026-05-01,2026-05-01 11:06:00,2026-05-01 11:12:00,OG,Backtest,AdxDiCrossBracketOG,OG_AdxDiCrossBracketOG,OG,NQ,NQ JUN26,SHORT,1,27786.00,27809.25,-469.36,-473.72,-94.7,LOSS,STOP_HIT,27857.50,1430.00,2026-05-07 09:28:28
2026-05-01,2026-05-01 11:06:00,2026-05-01 11:15:00,OG,Backtest,AdxDiCrossBracketOG,OG_AdxDiCrossBracketOG,OG,NQ,NQ JUN26,SHORT,1,27786.00,27815.00,-584.36,-588.72,-117.7,LOSS,STOP_HIT,27857.50,1430.00,2026-05-07 09:28:28
2026-05-01,2026-05-01 10:42:00,2026-05-01 10:48:00,OG,Backtest,AdxDiCrossBracketOG,OG_AdxDiCrossBracketOG,OG,NQ,NQ JUN26,SHORT,1,27791.50,27817.25,-519.36,-523.72,-104.7,LOSS,STOP_HIT,27842.75,1025.00,2026-05-07 09:28:28
2026-05-01,2026-05-01 11:18:00,2026-05-01 11:30:00,OG,Backtest,AdxDiCrossBracketOG,OG_AdxDiCrossBracketOG,OG,NQ,NQ JUN26,LONG,1,27837.25,27851.50,280.64,276.28,55.3,WIN,STOP_HIT,27770.75,1330.00,2026-05-07 09:28:28
2026-05-01,2026-05-01 10:54:00,2026-05-01 11:00:00,OG,Backtest,AdxDiCrossBracketOG,OG_AdxDiCrossBracketOG,OG,NQ,NQ JUN26,SHORT,1,27799.00,27833.00,-684.36,-688.72,-137.7,LOSS,STOP_HIT,27869.75,1415.00,2026-05-07 09:28:28
2026-05-01,2026-05-01 11:06:00,2026-05-01 11:18:00,OG,Backtest,AdxDiCrossBracketOG,OG_AdxDiCrossBracketOG,OG,NQ,NQ JUN26,SHORT,1,27786.00,27837.25,-1029.36,-1033.72,-206.7,LOSS,STOP_HIT,27839.75,1075.00,2026-05-07 09:28:28
2026-05-01,2026-05-01 11:06:00,2026-05-01 11:12:00,OG,Backtest,AdxDiCrossBracketOG,OG_AdxDiCrossBracketOG,OG,NQ,NQ JUN26,SHORT,1,27786.00,27809.25,-469.36,-473.72,-94.7,LOSS,STOP_HIT,27857.50,1430.00,2026-05-07 09:28:28
2026-05-01,2026-05-01 11:06:00,2026-05-01 11:18:00,OG,Backtest,AdxDiCrossBracketOG,OG_AdxDiCrossBracketOG,OG,NQ,NQ JUN26,SHORT,1,27786.00,27837.25,-1029.36,-1033.72,-206.7,LOSS,STOP_HIT,27839.75,1075.00,2026-05-07 09:28:28
2026-05-06,2026-05-06 11:48:00,2026-05-06 11:51:00,OG,Backtest,AdxDiCrossBracketOG,OG_AdxDiCrossBracketOG,OG,NQ,NQ JUN26,SHORT,1,28556.50,28567.00,-214.36,-218.72,-43.7,LOSS,STOP_HIT,28594.50,760.00,2026-05-07 09:28:28
2026-04-29,2026-04-29 11:15:00,2026-04-29 11:27:00,OG,Backtest,AdxDiCrossBracketOG,OG_AdxDiCrossBracketOG,OG,NQ,NQ JUN26,SHORT,1,27236.75,27267.25,-614.36,-618.72,-123.7,LOSS,STOP_HIT,27274.75,760.00,2026-05-07 09:28:28
2026-05-01,2026-05-01 10:54:00,2026-05-01 11:00:00,OG,Backtest,AdxDiCrossBracketOG,OG_AdxDiCrossBracketOG,OG,NQ,NQ JUN26,SHORT,1,27799.00,27833.00,-684.36,-688.72,-137.7,LOSS,STOP_HIT,27852.00,1060.00,2026-05-07 09:28:28
2026-05-06,2026-05-06 11:48:00,2026-05-06 11:51:00,OG,Backtest,AdxDiCrossBracketOG,OG_AdxDiCrossBracketOG,OG,NQ,NQ JUN26,SHORT,1,28556.50,28567.00,-214.36,-218.72,-43.7,LOSS,STOP_HIT,28607.00,1010.00,2026-05-07 09:28:28
2026-05-01,2026-05-01 11:06:00,2026-05-01 11:18:00,OG,Backtest,AdxDiCrossBracketOG,OG_AdxDiCrossBracketOG,OG,NQ,NQ JUN26,SHORT,1,27786.00,27837.25,-1029.36,-1033.72,-206.7,LOSS,STOP_HIT,27839.75,1075.00,2026-05-07 09:28:28
2026-05-01,2026-05-01 10:42:00,2026-05-01 10:48:00,OG,Backtest,AdxDiCrossBracketOG,OG_AdxDiCrossBracketOG,OG,NQ,NQ JUN26,SHORT,1,27791.50,27817.25,-519.36,-523.72,-104.7,LOSS,STOP_HIT,27842.75,1025.00,2026-05-07 09:28:28
2026-05-06,2026-05-06 11:48:00,2026-05-06 11:51:00,OG,Backtest,AdxDiCrossBracketOG,OG_AdxDiCrossBracketOG,OG,NQ,NQ JUN26,SHORT,1,28556.50,28567.00,-214.36,-218.72,-43.7,LOSS,STOP_HIT,28594.50,760.00,2026-05-07 09:28:28
2026-05-06,2026-05-06 11:48:00,2026-05-06 11:51:00,OG,Backtest,AdxDiCrossBracketOG,OG_AdxDiCrossBracketOG,OG,NQ,NQ JUN26,SHORT,1,28556.50,28567.00,-214.36,-218.72,-43.7,LOSS,STOP_HIT,28594.50,760.00,2026-05-07 09:28:28
2026-05-01,2026-05-01 11:06:00,2026-05-01 11:18:00,OG,Backtest,AdxDiCrossBracketOG,OG_AdxDiCrossBracketOG,OG,NQ,NQ JUN26,SHORT,1,27786.00,27837.25,-1029.36,-1033.72,-206.7,LOSS,STOP_HIT,27839.75,1075.00,2026-05-07 09:28:28
2026-05-01,2026-05-01 11:06:00,2026-05-01 11:18:00,OG,Backtest,AdxDiCrossBracketOG,OG_AdxDiCrossBracketOG,OG,NQ,NQ JUN26,SHORT,1,27786.00,27837.25,-1029.36,-1033.72,-206.7,LOSS,STOP_HIT,27839.75,1075.00,2026-05-07 09:28:28
2026-05-01,2026-05-01 10:54:00,2026-05-01 11:00:00,OG,Backtest,AdxDiCrossBracketOG,OG_AdxDiCrossBracketOG,OG,NQ,NQ JUN26,SHORT,1,27799.00,27833.00,-684.36,-688.72,-137.7,LOSS,STOP_HIT,27852.00,1060.00,2026-05-07 09:28:28
2026-05-06,2026-05-06 11:48:00,2026-05-06 11:51:00,OG,Backtest,AdxDiCrossBracketOG,OG_AdxDiCrossBracketOG,OG,NQ,NQ JUN26,SHORT,1,28556.50,28567.00,-214.36,-218.72,-43.7,LOSS,STOP_HIT,28594.50,760.00,2026-05-07 09:28:28
2026-04-29,2026-04-29 11:15:00,2026-04-29 11:24:00,OG,Backtest,AdxDiCrossBracketOG,OG_AdxDiCrossBracketOG,OG,NQ,NQ JUN26,SHORT,1,27236.75,27267.75,-624.36,-628.72,-125.7,LOSS,STOP_HIT,27287.25,1010.00,2026-05-07 09:28:28
2026-04-29,2026-04-29 11:15:00,2026-04-29 11:24:00,OG,Backtest,AdxDiCrossBracketOG,OG_AdxDiCrossBracketOG,OG,NQ,NQ JUN26,SHORT,1,27236.75,27267.75,-624.36,-628.72,-125.7,LOSS,STOP_HIT,27287.25,1010.00,2026-05-07 09:28:28
2026-05-01,2026-05-01 10:42:00,2026-05-01 10:48:00,OG,Backtest,AdxDiCrossBracketOG,OG_AdxDiCrossBracketOG,OG,NQ,NQ JUN26,SHORT,1,27791.50,27817.25,-519.36,-523.72,-104.7,LOSS,STOP_HIT,27859.75,1365.00,2026-05-07 09:28:28
2026-05-01,2026-05-01 10:54:00,2026-05-01 11:00:00,OG,Backtest,AdxDiCrossBracketOG,OG_AdxDiCrossBracketOG,OG,NQ,NQ JUN26,SHORT,1,27799.00,27833.00,-684.36,-688.72,-137.7,LOSS,STOP_HIT,27869.75,1415.00,2026-05-07 09:28:28
2026-05-01,2026-05-01 11:06:00,2026-05-01 11:15:00,OG,Backtest,AdxDiCrossBracketOG,OG_AdxDiCrossBracketOG,OG,NQ,NQ JUN26,SHORT,1,27786.00,27815.00,-584.36,-588.72,-117.7,LOSS,STOP_HIT,27857.50,1430.00,2026-05-07 09:28:28
2026-05-06,2026-05-06 11:48:00,2026-05-06 11:51:00,OG,Backtest,AdxDiCrossBracketOG,OG_AdxDiCrossBracketOG,OG,NQ,NQ JUN26,SHORT,1,28556.50,28567.00,-214.36,-218.72,-43.7,LOSS,STOP_HIT,28607.00,1010.00,2026-05-07 09:28:28
2026-04-21,2026-04-21 10:51:00,2026-04-21 11:00:00,OG,Backtest,AdxDiCrossBracketOG,OG_AdxDiCrossBracketOG,OG,NQ,NQ JUN26,SHORT,1,26794.50,26730.75,1270.64,1266.28,253.3,WIN,TARGET_HIT,26859.25,1295.00,2026-05-07 09:28:29
2026-04-21,2026-04-21 10:51:00,2026-04-21 11:00:00,OG,Backtest,AdxDiCrossBracketOG,OG_AdxDiCrossBracketOG,OG,NQ,NQ JUN26,SHORT,1,26794.50,26746.75,950.64,946.28,189.3,WIN,TARGET_HIT,26843.25,975.00,2026-05-07 09:28:29
2026-04-21,2026-04-21 10:51:00,2026-04-21 11:00:00,OG,Backtest,AdxDiCrossBracketOG,OG_AdxDiCrossBracketOG,OG,NQ,NQ JUN26,SHORT,1,26794.50,26730.75,1270.64,1266.28,253.3,WIN,TARGET_HIT,26859.25,1295.00,2026-05-07 09:28:29
2026-04-21,2026-04-21 10:51:00,2026-04-21 11:00:00,OG,Backtest,AdxDiCrossBracketOG,OG_AdxDiCrossBracketOG,OG,NQ,NQ JUN26,SHORT,1,26794.50,26730.75,1270.64,1266.28,253.3,WIN,TARGET_HIT,26859.25,1295.00,2026-05-07 09:28:29
2026-05-01,2026-05-01 10:42:00,2026-05-01 10:48:00,OG,Backtest,AdxDiCrossBracketOG,OG_AdxDiCrossBracketOG,OG,NQ,NQ JUN26,SHORT,1,27791.50,27817.25,-519.36,-523.72,-104.7,LOSS,STOP_HIT,27859.75,1365.00,2026-05-07 09:28:29
2026-04-21,2026-04-21 10:51:00,2026-04-21 11:00:00,OG,Backtest,AdxDiCrossBracketOG,OG_AdxDiCrossBracketOG,OG,NQ,NQ JUN26,SHORT,1,26794.50,26746.75,950.64,946.28,189.3,WIN,TARGET_HIT,26843.25,975.00,2026-05-07 09:28:29
2026-05-01,2026-05-01 10:54:00,2026-05-01 11:00:00,OG,Backtest,AdxDiCrossBracketOG,OG_AdxDiCrossBracketOG,OG,NQ,NQ JUN26,SHORT,1,27799.00,27833.00,-684.36,-688.72,-137.7,LOSS,STOP_HIT,27869.75,1415.00,2026-05-07 09:28:29
2026-05-01,2026-05-01 11:18:00,2026-05-01 11:30:00,OG,Backtest,AdxDiCrossBracketOG,OG_AdxDiCrossBracketOG,OG,NQ,NQ JUN26,LONG,1,27837.25,27850.00,250.64,246.28,49.3,WIN,STOP_HIT,27770.75,1330.00,2026-05-07 09:28:29
2026-04-29,2026-04-29 11:15:00,2026-04-29 11:21:00,OG,Backtest,AdxDiCrossBracketOG,OG_AdxDiCrossBracketOG,OG,NQ,NQ JUN26,SHORT,1,27236.75,27263.00,-529.36,-533.72,-106.7,LOSS,STOP_HIT,27287.25,1010.00,2026-05-07 09:28:29
2026-05-01,2026-05-01 10:42:00,2026-05-01 10:48:00,OG,Backtest,AdxDiCrossBracketOG,OG_AdxDiCrossBracketOG,OG,NQ,NQ JUN26,SHORT,1,27791.50,27817.25,-519.36,-523.72,-104.7,LOSS,STOP_HIT,27859.75,1365.00,2026-05-07 09:28:29
2026-05-01,2026-05-01 10:42:00,2026-05-01 10:48:00,OG,Backtest,AdxDiCrossBracketOG,OG_AdxDiCrossBracketOG,OG,NQ,NQ JUN26,SHORT,1,27791.50,27817.25,-519.36,-523.72,-104.7,LOSS,STOP_HIT,27859.75,1365.00,2026-05-07 09:28:29
2026-05-01,2026-05-01 10:42:00,2026-05-01 10:48:00,OG,Backtest,AdxDiCrossBracketOG,OG_AdxDiCrossBracketOG,OG,NQ,NQ JUN26,SHORT,1,27791.50,27817.25,-519.36,-523.72,-104.7,LOSS,STOP_HIT,27859.75,1365.00,2026-05-07 09:28:29
2026-05-01,2026-05-01 10:42:00,2026-05-01 10:48:00,OG,Backtest,AdxDiCrossBracketOG,OG_AdxDiCrossBracketOG,OG,NQ,NQ JUN26,SHORT,1,27791.50,27817.25,-519.36,-523.72,-104.7,LOSS,STOP_HIT,27859.75,1365.00,2026-05-07 09:28:29
2026-04-21,2026-04-21 10:51:00,2026-04-21 11:00:00,OG,Backtest,AdxDiCrossBracketOG,OG_AdxDiCrossBracketOG,OG,NQ,NQ JUN26,SHORT,1,26794.50,26746.75,950.64,946.28,189.3,WIN,TARGET_HIT,26843.25,975.00,2026-05-07 09:28:29
2026-05-06,2026-05-06 11:48:00,2026-05-06 11:51:00,OG,Backtest,AdxDiCrossBracketOG,OG_AdxDiCrossBracketOG,OG,NQ,NQ JUN26,SHORT,1,28556.50,28567.00,-214.36,-218.72,-43.7,LOSS,STOP_HIT,28607.00,1010.00,2026-05-07 09:28:29
2026-05-01,2026-05-01 10:42:00,2026-05-01 10:48:00,OG,Backtest,AdxDiCrossBracketOG,OG_AdxDiCrossBracketOG,OG,NQ,NQ JUN26,SHORT,1,27791.50,27817.25,-519.36,-523.72,-104.7,LOSS,STOP_HIT,27859.75,1365.00,2026-05-07 09:28:29
2026-04-29,2026-04-29 11:15:00,2026-04-29 11:21:00,OG,Backtest,AdxDiCrossBracketOG,OG_AdxDiCrossBracketOG,OG,NQ,NQ JUN26,SHORT,1,27236.75,27263.00,-529.36,-533.72,-106.7,LOSS,STOP_HIT,27287.25,1010.00,2026-05-07 09:28:29
2026-05-01,2026-05-01 10:54:00,2026-05-01 11:00:00,OG,Backtest,AdxDiCrossBracketOG,OG_AdxDiCrossBracketOG,OG,NQ,NQ JUN26,SHORT,1,27799.00,27833.00,-684.36,-688.72,-137.7,LOSS,STOP_HIT,27869.75,1415.00,2026-05-07 09:28:29
2026-05-06,2026-05-06 11:48:00,2026-05-06 11:51:00,OG,Backtest,AdxDiCrossBracketOG,OG_AdxDiCrossBracketOG,OG,NQ,NQ JUN26,SHORT,1,28556.50,28567.00,-214.36,-218.72,-43.7,LOSS,STOP_HIT,28607.00,1010.00,2026-05-07 09:28:29
2026-04-29,2026-04-29 11:15:00,2026-04-29 11:27:00,OG,Backtest,AdxDiCrossBracketOG,OG_AdxDiCrossBracketOG,OG,NQ,NQ JUN26,SHORT,1,27236.75,27267.25,-614.36,-618.72,-123.7,LOSS,STOP_HIT,27274.75,760.00,2026-05-07 09:28:29
2026-05-01,2026-05-01 11:06:00,2026-05-01 11:18:00,OG,Backtest,AdxDiCrossBracketOG,OG_AdxDiCrossBracketOG,OG,NQ,NQ JUN26,SHORT,1,27786.00,27837.25,-1029.36,-1033.72,-206.7,LOSS,STOP_HIT,27839.75,1075.00,2026-05-07 09:28:29
2026-05-01,2026-05-01 10:42:00,2026-05-01 10:48:00,OG,Backtest,AdxDiCrossBracketOG,OG_AdxDiCrossBracketOG,OG,NQ,NQ JUN26,SHORT,1,27791.50,27817.25,-519.36,-523.72,-104.7,LOSS,STOP_HIT,27842.75,1025.00,2026-05-07 09:28:29
2026-05-01,2026-05-01 11:18:00,2026-05-01 11:30:00,OG,Backtest,AdxDiCrossBracketOG,OG_AdxDiCrossBracketOG,OG,NQ,NQ JUN26,LONG,1,27837.25,27850.00,250.64,246.28,49.3,WIN,STOP_HIT,27770.75,1330.00,2026-05-07 09:28:29
2026-05-01,2026-05-01 11:18:00,2026-05-01 11:30:00,OG,Backtest,AdxDiCrossBracketOG,OG_AdxDiCrossBracketOG,OG,NQ,NQ JUN26,LONG,1,27837.25,27851.50,280.64,276.28,55.3,WIN,STOP_HIT,27770.75,1330.00,2026-05-07 09:28:29
2026-05-01,2026-05-01 11:06:00,2026-05-01 11:15:00,OG,Backtest,AdxDiCrossBracketOG,OG_AdxDiCrossBracketOG,OG,NQ,NQ JUN26,SHORT,1,27786.00,27815.00,-584.36,-588.72,-117.7,LOSS,STOP_HIT,27857.50,1430.00,2026-05-07 09:28:29
2026-05-01,2026-05-01 10:42:00,2026-05-01 10:48:00,OG,Backtest,AdxDiCrossBracketOG,OG_AdxDiCrossBracketOG,OG,NQ,NQ JUN26,SHORT,1,27791.50,27817.25,-519.36,-523.72,-104.7,LOSS,STOP_HIT,27859.75,1365.00,2026-05-07 09:28:29
2026-04-21,2026-04-21 10:51:00,2026-04-21 11:00:00,OG,Backtest,AdxDiCrossBracketOG,OG_AdxDiCrossBracketOG,OG,NQ,NQ JUN26,SHORT,1,26794.50,26746.75,950.64,946.28,189.3,WIN,TARGET_HIT,26843.25,975.00,2026-05-07 09:28:29
2026-05-06,2026-05-06 11:48:00,2026-05-06 11:51:00,OG,Backtest,AdxDiCrossBracketOG,OG_AdxDiCrossBracketOG,OG,NQ,NQ JUN26,SHORT,1,28556.50,28567.00,-214.36,-218.72,-43.7,LOSS,STOP_HIT,28607.00,1010.00,2026-05-07 09:28:29
2026-05-06,2026-05-06 11:48:00,2026-05-06 11:51:00,OG,Backtest,AdxDiCrossBracketOG,OG_AdxDiCrossBracketOG,OG,NQ,NQ JUN26,SHORT,1,28556.50,28567.00,-214.36,-218.72,-43.7,LOSS,STOP_HIT,28607.00,1010.00,2026-05-07 09:28:29
2026-05-06,2026-05-06 11:48:00,2026-05-06 11:51:00,OG,Backtest,AdxDiCrossBracketOG,OG_AdxDiCrossBracketOG,OG,NQ,NQ JUN26,SHORT,1,28556.50,28567.00,-214.36,-218.72,-43.7,LOSS,STOP_HIT,28607.00,1010.00,2026-05-07 09:28:29
2026-04-29,2026-04-29 11:15:00,2026-04-29 11:27:00,OG,Backtest,AdxDiCrossBracketOG,OG_AdxDiCrossBracketOG,OG,NQ,NQ JUN26,SHORT,1,27236.75,27267.25,-614.36,-618.72,-123.7,LOSS,STOP_HIT,27274.75,760.00,2026-05-07 09:28:29
2026-05-01,2026-05-01 10:42:00,2026-05-01 10:48:00,OG,Backtest,AdxDiCrossBracketOG,OG_AdxDiCrossBracketOG,OG,NQ,NQ JUN26,SHORT,1,27791.50,27817.25,-519.36,-523.72,-104.7,LOSS,STOP_HIT,27842.75,1025.00,2026-05-07 09:28:29
2026-05-01,2026-05-01 10:54:00,2026-05-01 11:00:00,OG,Backtest,AdxDiCrossBracketOG,OG_AdxDiCrossBracketOG,OG,NQ,NQ JUN26,SHORT,1,27799.00,27833.00,-684.36,-688.72,-137.7,LOSS,STOP_HIT,27852.00,1060.00,2026-05-07 09:28:29
2026-05-01,2026-05-01 11:06:00,2026-05-01 11:18:00,OG,Backtest,AdxDiCrossBracketOG,OG_AdxDiCrossBracketOG,OG,NQ,NQ JUN26,SHORT,1,27786.00,27837.25,-1029.36,-1033.72,-206.7,LOSS,STOP_HIT,27839.75,1075.00,2026-05-07 09:28:29
2026-05-06,2026-05-06 11:48:00,2026-05-06 11:51:00,OG,Backtest,AdxDiCrossBracketOG,OG_AdxDiCrossBracketOG,OG,NQ,NQ JUN26,SHORT,1,28556.50,28567.00,-214.36,-218.72,-43.7,LOSS,STOP_HIT,28594.50,760.00,2026-05-07 09:28:29
2026-04-21,2026-04-21 10:51:00,2026-04-21 11:00:00,OG,Backtest,AdxDiCrossBracketOG,OG_AdxDiCrossBracketOG,OG,NQ,NQ JUN26,SHORT,1,26794.50,26730.75,1270.64,1266.28,253.3,WIN,TARGET_HIT,26859.25,1295.00,2026-05-07 09:28:29
2026-04-29,2026-04-29 11:15:00,2026-04-29 11:24:00,OG,Backtest,AdxDiCrossBracketOG,OG_AdxDiCrossBracketOG,OG,NQ,NQ JUN26,SHORT,1,27236.75,27267.75,-624.36,-628.72,-125.7,LOSS,STOP_HIT,27287.25,1010.00,2026-05-07 09:28:29
2026-04-29,2026-04-29 11:15:00,2026-04-29 11:24:00,OG,Backtest,AdxDiCrossBracketOG,OG_AdxDiCrossBracketOG,OG,NQ,NQ JUN26,SHORT,1,27236.75,27267.75,-624.36,-628.72,-125.7,LOSS,STOP_HIT,27287.25,1010.00,2026-05-07 09:28:29
2026-04-21,2026-04-21 10:51:00,2026-04-21 11:00:00,OG,Backtest,AdxDiCrossBracketOG,OG_AdxDiCrossBracketOG,OG,NQ,NQ JUN26,SHORT,1,26794.50,26730.75,1270.64,1266.28,253.3,WIN,TARGET_HIT,26859.25,1295.00,2026-05-07 09:28:29
2026-05-01,2026-05-01 10:42:00,2026-05-01 10:48:00,OG,Backtest,AdxDiCrossBracketOG,OG_AdxDiCrossBracketOG,OG,NQ,NQ JUN26,SHORT,1,27791.50,27817.25,-519.36,-523.72,-104.7,LOSS,STOP_HIT,27859.75,1365.00,2026-05-07 09:28:29
2026-04-29,2026-04-29 11:15:00,2026-04-29 11:21:00,OG,Backtest,AdxDiCrossBracketOG,OG_AdxDiCrossBracketOG,OG,NQ,NQ JUN26,SHORT,1,27236.75,27263.00,-529.36,-533.72,-106.7,LOSS,STOP_HIT,27287.25,1010.00,2026-05-07 09:28:29
2026-04-29,2026-04-29 11:15:00,2026-04-29 11:27:00,OG,Backtest,AdxDiCrossBracketOG,OG_AdxDiCrossBracketOG,OG,NQ,NQ JUN26,SHORT,1,27236.75,27267.25,-614.36,-618.72,-123.7,LOSS,STOP_HIT,27287.25,1010.00,2026-05-07 09:28:29
2026-04-29,2026-04-29 11:15:00,2026-04-29 11:27:00,OG,Backtest,AdxDiCrossBracketOG,OG_AdxDiCrossBracketOG,OG,NQ,NQ JUN26,SHORT,1,27236.75,27267.25,-614.36,-618.72,-123.7,LOSS,STOP_HIT,27287.25,1010.00,2026-05-07 09:28:29
2026-05-01,2026-05-01 11:06:00,2026-05-01 11:18:00,OG,Backtest,AdxDiCrossBracketOG,OG_AdxDiCrossBracketOG,OG,NQ,NQ JUN26,SHORT,1,27786.00,27837.25,-1029.36,-1033.72,-206.7,LOSS,STOP_HIT,27857.50,1430.00,2026-05-07 09:28:29
2026-05-01,2026-05-01 11:06:00,2026-05-01 11:18:00,OG,Backtest,AdxDiCrossBracketOG,OG_AdxDiCrossBracketOG,OG,NQ,NQ JUN26,SHORT,1,27786.00,27837.25,-1029.36,-1033.72,-206.7,LOSS,STOP_HIT,27857.50,1430.00,2026-05-07 09:28:29
2026-05-01,2026-05-01 10:54:00,2026-05-01 11:00:00,OG,Backtest,AdxDiCrossBracketOG,OG_AdxDiCrossBracketOG,OG,NQ,NQ JUN26,SHORT,1,27799.00,27833.00,-684.36,-688.72,-137.7,LOSS,STOP_HIT,27869.75,1415.00,2026-05-07 09:28:29
2026-05-06,2026-05-06 11:48:00,2026-05-06 11:51:00,OG,Backtest,AdxDiCrossBracketOG,OG_AdxDiCrossBracketOG,OG,NQ,NQ JUN26,SHORT,1,28556.50,28567.00,-214.36,-218.72,-43.7,LOSS,STOP_HIT,28607.00,1010.00,2026-05-07 09:28:29
2026-05-01,2026-05-01 11:06:00,2026-05-01 11:15:00,OG,Backtest,AdxDiCrossBracketOG,OG_AdxDiCrossBracketOG,OG,NQ,NQ JUN26,SHORT,1,27786.00,27815.00,-584.36,-588.72,-117.7,LOSS,STOP_HIT,27857.50,1430.00,2026-05-07 09:28:29
2026-05-01,2026-05-01 11:18:00,2026-05-01 11:30:00,OG,Backtest,AdxDiCrossBracketOG,OG_AdxDiCrossBracketOG,OG,NQ,NQ JUN26,LONG,1,27837.25,27851.50,280.64,276.28,55.3,WIN,STOP_HIT,27770.75,1330.00,2026-05-07 09:28:29
2026-05-01,2026-05-01 11:18:00,2026-05-01 11:30:00,OG,Backtest,AdxDiCrossBracketOG,OG_AdxDiCrossBracketOG,OG,NQ,NQ JUN26,LONG,1,27837.25,27850.00,250.64,246.28,49.3,WIN,STOP_HIT,27770.75,1330.00,2026-05-07 09:28:29
2026-05-06,2026-05-06 11:48:00,2026-05-06 11:51:00,OG,Backtest,AdxDiCrossBracketOG,OG_AdxDiCrossBracketOG,OG,NQ,NQ JUN26,SHORT,1,28556.50,28567.00,-214.36,-218.72,-43.7,LOSS,STOP_HIT,28607.00,1010.00,2026-05-07 09:28:29
2026-05-06,2026-05-06 11:48:00,2026-05-06 11:51:00,OG,Backtest,AdxDiCrossBracketOG,OG_AdxDiCrossBracketOG,OG,NQ,NQ JUN26,SHORT,1,28556.50,28567.00,-214.36,-218.72,-43.7,LOSS,STOP_HIT,28607.00,1010.00,2026-05-07 09:28:29
2026-04-29,2026-04-29 11:15:00,2026-04-29 11:24:00,OG,Backtest,AdxDiCrossBracketOG,OG_AdxDiCrossBracketOG,OG,NQ,NQ JUN26,SHORT,1,27236.75,27267.75,-624.36,-628.72,-125.7,LOSS,STOP_HIT,27287.25,1010.00,2026-05-07 09:28:29
2026-05-06,2026-05-06 11:48:00,2026-05-06 11:51:00,OG,Backtest,AdxDiCrossBracketOG,OG_AdxDiCrossBracketOG,OG,NQ,NQ JUN26,SHORT,1,28556.50,28567.00,-214.36,-218.72,-43.7,LOSS,STOP_HIT,28607.00,1010.00,2026-05-07 09:28:29
2026-05-01,2026-05-01 11:18:00,2026-05-01 11:30:00,OG,Backtest,AdxDiCrossBracketOG,OG_AdxDiCrossBracketOG,OG,NQ,NQ JUN26,LONG,1,27837.25,27850.00,250.64,246.28,49.3,WIN,STOP_HIT,27770.75,1330.00,2026-05-07 09:28:29
2026-05-01,2026-05-01 11:18:00,2026-05-01 11:30:00,OG,Backtest,AdxDiCrossBracketOG,OG_AdxDiCrossBracketOG,OG,NQ,NQ JUN26,LONG,1,27837.25,27851.50,280.64,276.28,55.3,WIN,STOP_HIT,27770.75,1330.00,2026-05-07 09:28:29
2026-05-01,2026-05-01 10:42:00,2026-05-01 10:48:00,OG,Backtest,AdxDiCrossBracketOG,OG_AdxDiCrossBracketOG,OG,NQ,NQ JUN26,SHORT,1,27791.50,27817.25,-519.36,-523.72,-104.7,LOSS,STOP_HIT,27859.75,1365.00,2026-05-07 09:28:29
2026-04-29,2026-04-29 11:15:00,2026-04-29 11:27:00,OG,Backtest,AdxDiCrossBracketOG,OG_AdxDiCrossBracketOG,OG,NQ,NQ JUN26,SHORT,1,27236.75,27267.25,-614.36,-618.72,-123.7,LOSS,STOP_HIT,27287.25,1010.00,2026-05-07 09:28:29
2026-05-01,2026-05-01 10:54:00,2026-05-01 11:00:00,OG,Backtest,AdxDiCrossBracketOG,OG_AdxDiCrossBracketOG,OG,NQ,NQ JUN26,SHORT,1,27799.00,27833.00,-684.36,-688.72,-137.7,LOSS,STOP_HIT,27869.75,1415.00,2026-05-07 09:28:29
2026-05-01,2026-05-01 10:54:00,2026-05-01 11:00:00,OG,Backtest,AdxDiCrossBracketOG,OG_AdxDiCrossBracketOG,OG,NQ,NQ JUN26,SHORT,1,27799.00,27833.00,-684.36,-688.72,-137.7,LOSS,STOP_HIT,27869.75,1415.00,2026-05-07 09:28:29
2026-05-01,2026-05-01 11:06:00,2026-05-01 11:18:00,OG,Backtest,AdxDiCrossBracketOG,OG_AdxDiCrossBracketOG,OG,NQ,NQ JUN26,SHORT,1,27786.00,27837.25,-1029.36,-1033.72,-206.7,LOSS,STOP_HIT,27857.50,1430.00,2026-05-07 09:28:29
2026-05-01,2026-05-01 10:54:00,2026-05-01 11:00:00,OG,Backtest,AdxDiCrossBracketOG,OG_AdxDiCrossBracketOG,OG,NQ,NQ JUN26,SHORT,1,27799.00,27833.00,-684.36,-688.72,-137.7,LOSS,STOP_HIT,27869.75,1415.00,2026-05-07 09:28:29
2026-04-29,2026-04-29 11:15:00,2026-04-29 11:21:00,OG,Backtest,AdxDiCrossBracketOG,OG_AdxDiCrossBracketOG,OG,NQ,NQ JUN26,SHORT,1,27236.75,27263.00,-529.36,-533.72,-106.7,LOSS,STOP_HIT,27287.25,1010.00,2026-05-07 09:28:29
2026-04-29,2026-04-29 11:15:00,2026-04-29 11:21:00,OG,Backtest,AdxDiCrossBracketOG,OG_AdxDiCrossBracketOG,OG,NQ,NQ JUN26,SHORT,1,27236.75,27263.00,-529.36,-533.72,-106.7,LOSS,STOP_HIT,27287.25,1010.00,2026-05-07 09:28:29
2026-05-01,2026-05-01 10:42:00,2026-05-01 10:48:00,OG,Backtest,AdxDiCrossBracketOG,OG_AdxDiCrossBracketOG,OG,NQ,NQ JUN26,SHORT,1,27791.50,27817.25,-519.36,-523.72,-104.7,LOSS,STOP_HIT,27859.75,1365.00,2026-05-07 09:28:29
2026-05-06,2026-05-06 11:48:00,2026-05-06 11:51:00,OG,Backtest,AdxDiCrossBracketOG,OG_AdxDiCrossBracketOG,OG,NQ,NQ JUN26,SHORT,1,28556.50,28567.00,-214.36,-218.72,-43.7,LOSS,STOP_HIT,28607.00,1010.00,2026-05-07 09:28:29
2026-05-06,2026-05-06 11:48:00,2026-05-06 11:51:00,OG,Backtest,AdxDiCrossBracketOG,OG_AdxDiCrossBracketOG,OG,NQ,NQ JUN26,SHORT,1,28556.50,28567.00,-214.36,-218.72,-43.7,LOSS,STOP_HIT,28607.00,1010.00,2026-05-07 09:28:29
2026-05-01,2026-05-01 10:42:00,2026-05-01 10:48:00,OG,Backtest,AdxDiCrossBracketOG,OG_AdxDiCrossBracketOG,OG,NQ,NQ JUN26,SHORT,1,27791.50,27817.25,-519.36,-523.72,-104.7,LOSS,STOP_HIT,27859.75,1365.00,2026-05-07 09:28:29
2026-05-01,2026-05-01 11:18:00,2026-05-01 11:30:00,OG,Backtest,AdxDiCrossBracketOG,OG_AdxDiCrossBracketOG,OG,NQ,NQ JUN26,LONG,1,27837.25,27851.50,280.64,276.28,55.3,WIN,STOP_HIT,27770.75,1330.00,2026-05-07 09:28:29
2026-05-06,2026-05-06 11:48:00,2026-05-06 11:51:00,OG,Backtest,AdxDiCrossBracketOG,OG_AdxDiCrossBracketOG,OG,NQ,NQ JUN26,SHORT,1,28556.50,28567.00,-214.36,-218.72,-43.7,LOSS,STOP_HIT,28607.00,1010.00,2026-05-07 09:28:29
2026-05-06,2026-05-06 11:48:00,2026-05-06 11:51:00,OG,Backtest,AdxDiCrossBracketOG,OG_AdxDiCrossBracketOG,OG,NQ,NQ JUN26,SHORT,1,28556.50,28567.00,-214.36,-218.72,-43.7,LOSS,STOP_HIT,28607.00,1010.00,2026-05-07 09:28:29
2026-04-29,2026-04-29 11:15:00,2026-04-29 11:24:00,OG,Backtest,AdxDiCrossBracketOG,OG_AdxDiCrossBracketOG,OG,NQ,NQ JUN26,SHORT,1,27236.75,27267.75,-624.36,-628.72,-125.7,LOSS,STOP_HIT,27287.25,1010.00,2026-05-07 09:28:29
2026-05-01,2026-05-01 10:42:00,2026-05-01 10:48:00,OG,Backtest,AdxDiCrossBracketOG,OG_AdxDiCrossBracketOG,OG,NQ,NQ JUN26,SHORT,1,27791.50,27817.25,-519.36,-523.72,-104.7,LOSS,STOP_HIT,27859.75,1365.00,2026-05-07 09:28:29
2026-04-29,2026-04-29 11:15:00,2026-04-29 11:27:00,OG,Backtest,AdxDiCrossBracketOG,OG_AdxDiCrossBracketOG,OG,NQ,NQ JUN26,SHORT,1,27236.75,27267.25,-614.36,-618.72,-123.7,LOSS,STOP_HIT,27287.25,1010.00,2026-05-07 09:28:29
2026-05-06,2026-05-06 11:48:00,2026-05-06 11:51:00,OG,Backtest,AdxDiCrossBracketOG,OG_AdxDiCrossBracketOG,OG,NQ,NQ JUN26,SHORT,1,28556.50,28567.00,-214.36,-218.72,-43.7,LOSS,STOP_HIT,28607.00,1010.00,2026-05-07 09:28:29
2026-05-01,2026-05-01 10:42:00,2026-05-01 10:48:00,OG,Backtest,AdxDiCrossBracketOG,OG_AdxDiCrossBracketOG,OG,NQ,NQ JUN26,SHORT,1,27791.50,27817.25,-519.36,-523.72,-104.7,LOSS,STOP_HIT,27859.75,1365.00,2026-05-07 09:28:29
2026-05-01,2026-05-01 10:54:00,2026-05-01 11:00:00,OG,Backtest,AdxDiCrossBracketOG,OG_AdxDiCrossBracketOG,OG,NQ,NQ JUN26,SHORT,1,27799.00,27833.00,-684.36,-688.72,-137.7,LOSS,STOP_HIT,27869.75,1415.00,2026-05-07 09:28:29
2026-05-01,2026-05-01 11:18:00,2026-05-01 11:30:00,OG,Backtest,AdxDiCrossBracketOG,OG_AdxDiCrossBracketOG,OG,NQ,NQ JUN26,LONG,1,27837.25,27850.00,250.64,246.28,49.3,WIN,STOP_HIT,27770.75,1330.00,2026-05-07 09:28:29
2026-05-01,2026-05-01 11:18:00,2026-05-01 11:30:00,OG,Backtest,AdxDiCrossBracketOG,OG_AdxDiCrossBracketOG,OG,NQ,NQ JUN26,LONG,1,27837.25,27851.50,280.64,276.28,55.3,WIN,STOP_HIT,27770.75,1330.00,2026-05-07 09:28:29
2026-05-06,2026-05-06 11:48:00,2026-05-06 11:51:00,OG,Backtest,AdxDiCrossBracketOG,OG_AdxDiCrossBracketOG,OG,NQ,NQ JUN26,SHORT,1,28556.50,28567.00,-214.36,-218.72,-43.7,LOSS,STOP_HIT,28607.00,1010.00,2026-05-07 09:28:29
2026-04-21,2026-04-21 10:51:00,2026-04-21 11:00:00,OG,Backtest,AdxDiCrossBracketOG,OG_AdxDiCrossBracketOG,OG,NQ,NQ JUN26,SHORT,1,26794.50,26730.75,1270.64,1266.28,253.3,WIN,TARGET_HIT,26859.25,1295.00,2026-05-07 09:28:29
2026-05-01,2026-05-01 10:54:00,2026-05-01 11:00:00,OG,Backtest,AdxDiCrossBracketOG,OG_AdxDiCrossBracketOG,OG,NQ,NQ JUN26,SHORT,1,27799.00,27833.00,-684.36,-688.72,-137.7,LOSS,STOP_HIT,27869.75,1415.00,2026-05-07 09:28:29
2026-05-01,2026-05-01 10:54:00,2026-05-01 11:00:00,OG,Backtest,AdxDiCrossBracketOG,OG_AdxDiCrossBracketOG,OG,NQ,NQ JUN26,SHORT,1,27799.00,27833.00,-684.36,-688.72,-137.7,LOSS,STOP_HIT,27869.75,1415.00,2026-05-07 09:28:29
2026-05-01,2026-05-01 10:42:00,2026-05-01 10:48:00,OG,Backtest,AdxDiCrossBracketOG,OG_AdxDiCrossBracketOG,OG,NQ,NQ JUN26,SHORT,1,27791.50,27817.25,-519.36,-523.72,-104.7,LOSS,STOP_HIT,27859.75,1365.00,2026-05-07 09:28:29
2026-04-29,2026-04-29 11:15:00,2026-04-29 11:27:00,OG,Backtest,AdxDiCrossBracketOG,OG_AdxDiCrossBracketOG,OG,NQ,NQ JUN26,SHORT,1,27236.75,27267.25,-614.36,-618.72,-123.7,LOSS,STOP_HIT,27287.25,1010.00,2026-05-07 09:28:29
2026-05-01,2026-05-01 10:54:00,2026-05-01 11:00:00,OG,Backtest,AdxDiCrossBracketOG,OG_AdxDiCrossBracketOG,OG,NQ,NQ JUN26,SHORT,1,27799.00,27833.00,-684.36,-688.72,-137.7,LOSS,STOP_HIT,27869.75,1415.00,2026-05-07 09:28:29
2026-05-01,2026-05-01 10:54:00,2026-05-01 11:00:00,OG,Backtest,AdxDiCrossBracketOG,OG_AdxDiCrossBracketOG,OG,NQ,NQ JUN26,SHORT,1,27799.00,27833.00,-684.36,-688.72,-137.7,LOSS,STOP_HIT,27869.75,1415.00,2026-05-07 09:28:29
2026-05-06,2026-05-06 11:48:00,2026-05-06 11:51:00,OG,Backtest,AdxDiCrossBracketOG,OG_AdxDiCrossBracketOG,OG,NQ,NQ JUN26,SHORT,1,28556.50,28567.00,-214.36,-218.72,-43.7,LOSS,STOP_HIT,28607.00,1010.00,2026-05-07 09:28:29
2026-05-06,2026-05-06 11:48:00,2026-05-06 11:51:00,OG,Backtest,AdxDiCrossBracketOG,OG_AdxDiCrossBracketOG,OG,NQ,NQ JUN26,SHORT,1,28556.50,28567.00,-214.36,-218.72,-43.7,LOSS,STOP_HIT,28607.00,1010.00,2026-05-07 09:28:29
2026-04-21,2026-04-21 10:51:00,2026-04-21 11:00:00,OG,Backtest,AdxDiCrossBracketOG,OG_AdxDiCrossBracketOG,OG,NQ,NQ JUN26,SHORT,1,26794.50,26730.75,1270.64,1266.28,253.3,WIN,TARGET_HIT,26859.25,1295.00,2026-05-07 09:28:29
2026-04-21,2026-04-21 10:51:00,2026-04-21 11:00:00,OG,Backtest,AdxDiCrossBracketOG,OG_AdxDiCrossBracketOG,OG,NQ,NQ JUN26,SHORT,1,26794.50,26730.75,1270.64,1266.28,253.3,WIN,TARGET_HIT,26859.25,1295.00,2026-05-07 09:28:29
2026-04-29,2026-04-29 11:15:00,2026-04-29 11:27:00,OG,Backtest,AdxDiCrossBracketOG,OG_AdxDiCrossBracketOG,OG,NQ,NQ JUN26,SHORT,1,27236.75,27267.25,-614.36,-618.72,-123.7,LOSS,STOP_HIT,27287.25,1010.00,2026-05-07 09:28:29
2026-04-21,2026-04-21 10:51:00,2026-04-21 11:00:00,OG,Backtest,AdxDiCrossBracketOG,OG_AdxDiCrossBracketOG,OG,NQ,NQ JUN26,SHORT,1,26794.50,26730.75,1270.64,1266.28,253.3,WIN,TARGET_HIT,26859.25,1295.00,2026-05-07 09:28:29
2026-05-01,2026-05-01 10:54:00,2026-05-01 11:00:00,OG,Backtest,AdxDiCrossBracketOG,OG_AdxDiCrossBracketOG,OG,NQ,NQ JUN26,SHORT,1,27799.00,27833.00,-684.36,-688.72,-137.7,LOSS,STOP_HIT,27869.75,1415.00,2026-05-07 09:28:29
2026-04-21,2026-04-21 10:51:00,2026-04-21 11:00:00,OG,Backtest,AdxDiCrossBracketOG,OG_AdxDiCrossBracketOG,OG,NQ,NQ JUN26,SHORT,1,26794.50,26730.75,1270.64,1266.28,253.3,WIN,TARGET_HIT,26859.25,1295.00,2026-05-07 09:28:29
2026-05-06,2026-05-06 11:48:00,2026-05-06 11:51:00,OG,Backtest,AdxDiCrossBracketOG,OG_AdxDiCrossBracketOG,OG,NQ,NQ JUN26,SHORT,1,28556.50,28567.00,-214.36,-218.72,-43.7,LOSS,STOP_HIT,28607.00,1010.00,2026-05-07 09:28:29
2026-05-01,2026-05-01 10:54:00,2026-05-01 11:00:00,OG,Backtest,AdxDiCrossBracketOG,OG_AdxDiCrossBracketOG,OG,NQ,NQ JUN26,SHORT,1,27799.00,27833.00,-684.36,-688.72,-137.7,LOSS,STOP_HIT,27869.75,1415.00,2026-05-07 09:28:29
2026-04-21,2026-04-21 10:51:00,2026-04-21 11:00:00,OG,Backtest,AdxDiCrossBracketOG,OG_AdxDiCrossBracketOG,OG,NQ,NQ JUN26,SHORT,1,26794.50,26730.75,1270.64,1266.28,253.3,WIN,TARGET_HIT,26859.25,1295.00,2026-05-07 09:28:29
2026-05-01,2026-05-01 11:06:00,2026-05-01 11:15:00,OG,Backtest,AdxDiCrossBracketOG,OG_AdxDiCrossBracketOG,OG,NQ,NQ JUN26,SHORT,1,27786.00,27815.00,-584.36,-588.72,-117.7,LOSS,STOP_HIT,27857.50,1430.00,2026-05-07 09:28:29
2026-05-01,2026-05-01 10:54:00,2026-05-01 11:00:00,OG,Backtest,AdxDiCrossBracketOG,OG_AdxDiCrossBracketOG,OG,NQ,NQ JUN26,SHORT,1,27799.00,27833.00,-684.36,-688.72,-137.7,LOSS,STOP_HIT,27869.75,1415.00,2026-05-07 09:28:29
2026-04-21,2026-04-21 10:51:00,2026-04-21 11:00:00,OG,Backtest,AdxDiCrossBracketOG,OG_AdxDiCrossBracketOG,OG,NQ,NQ JUN26,SHORT,1,26794.50,26730.75,1270.64,1266.28,253.3,WIN,TARGET_HIT,26859.25,1295.00,2026-05-07 09:28:29
2026-05-06,2026-05-06 11:48:00,2026-05-06 11:51:00,OG,Backtest,AdxDiCrossBracketOG,OG_AdxDiCrossBracketOG,OG,NQ,NQ JUN26,SHORT,1,28556.50,28567.00,-214.36,-218.72,-43.7,LOSS,STOP_HIT,28607.00,1010.00,2026-05-07 09:28:29
2026-05-01,2026-05-01 10:42:00,2026-05-01 10:48:00,OG,Backtest,AdxDiCrossBracketOG,OG_AdxDiCrossBracketOG,OG,NQ,NQ JUN26,SHORT,1,27791.50,27817.25,-519.36,-523.72,-104.7,LOSS,STOP_HIT,27859.75,1365.00,2026-05-07 09:28:29
2026-05-01,2026-05-01 11:18:00,2026-05-01 11:30:00,OG,Backtest,AdxDiCrossBracketOG,OG_AdxDiCrossBracketOG,OG,NQ,NQ JUN26,LONG,1,27837.25,27850.00,250.64,246.28,49.3,WIN,STOP_HIT,27770.75,1330.00,2026-05-07 09:28:29
2026-05-06,2026-05-06 11:48:00,2026-05-06 11:51:00,OG,Backtest,AdxDiCrossBracketOG,OG_AdxDiCrossBracketOG,OG,NQ,NQ JUN26,SHORT,1,28556.50,28567.00,-214.36,-218.72,-43.7,LOSS,STOP_HIT,28607.00,1010.00,2026-05-07 09:28:29
2026-04-29,2026-04-29 11:15:00,2026-04-29 11:27:00,OG,Backtest,AdxDiCrossBracketOG,OG_AdxDiCrossBracketOG,OG,NQ,NQ JUN26,SHORT,1,27236.75,27267.25,-614.36,-618.72,-123.7,LOSS,STOP_HIT,27287.25,1010.00,2026-05-07 09:28:29
2026-04-29,2026-04-29 11:15:00,2026-04-29 11:27:00,OG,Backtest,AdxDiCrossBracketOG,OG_AdxDiCrossBracketOG,OG,NQ,NQ JUN26,SHORT,1,27236.75,27267.25,-614.36,-618.72,-123.7,LOSS,STOP_HIT,27287.25,1010.00,2026-05-07 09:28:29
2026-04-29,2026-04-29 11:15:00,2026-04-29 11:27:00,OG,Backtest,AdxDiCrossBracketOG,OG_AdxDiCrossBracketOG,OG,NQ,NQ JUN26,SHORT,1,27236.75,27267.25,-614.36,-618.72,-123.7,LOSS,STOP_HIT,27287.25,1010.00,2026-05-07 09:28:29
2026-05-01,2026-05-01 10:42:00,2026-05-01 10:48:00,OG,Backtest,AdxDiCrossBracketOG,OG_AdxDiCrossBracketOG,OG,NQ,NQ JUN26,SHORT,1,27791.50,27817.25,-519.36,-523.72,-104.7,LOSS,STOP_HIT,27859.75,1365.00,2026-05-07 09:28:29
2026-05-01,2026-05-01 10:42:00,2026-05-01 10:48:00,OG,Backtest,AdxDiCrossBracketOG,OG_AdxDiCrossBracketOG,OG,NQ,NQ JUN26,SHORT,1,27791.50,27817.25,-519.36,-523.72,-104.7,LOSS,STOP_HIT,27859.75,1365.00,2026-05-07 09:28:29
2026-05-01,2026-05-01 11:06:00,2026-05-01 11:18:00,OG,Backtest,AdxDiCrossBracketOG,OG_AdxDiCrossBracketOG,OG,NQ,NQ JUN26,SHORT,1,27786.00,27837.25,-1029.36,-1033.72,-206.7,LOSS,STOP_HIT,27857.50,1430.00,2026-05-07 09:28:29
2026-05-01,2026-05-01 10:54:00,2026-05-01 11:00:00,OG,Backtest,AdxDiCrossBracketOG,OG_AdxDiCrossBracketOG,OG,NQ,NQ JUN26,SHORT,1,27799.00,27833.00,-684.36,-688.72,-137.7,LOSS,STOP_HIT,27869.75,1415.00,2026-05-07 09:28:29
2026-05-01,2026-05-01 10:54:00,2026-05-01 11:00:00,OG,Backtest,AdxDiCrossBracketOG,OG_AdxDiCrossBracketOG,OG,NQ,NQ JUN26,SHORT,1,27799.00,27833.00,-684.36,-688.72,-137.7,LOSS,STOP_HIT,27869.75,1415.00,2026-05-07 09:28:29
2026-05-01,2026-05-01 10:54:00,2026-05-01 11:00:00,OG,Backtest,AdxDiCrossBracketOG,OG_AdxDiCrossBracketOG,OG,NQ,NQ JUN26,SHORT,1,27799.00,27833.00,-684.36,-688.72,-137.7,LOSS,STOP_HIT,27869.75,1415.00,2026-05-07 09:28:29
2026-04-21,2026-04-21 10:51:00,2026-04-21 11:00:00,OG,Backtest,AdxDiCrossBracketOG,OG_AdxDiCrossBracketOG,OG,NQ,NQ JUN26,SHORT,1,26794.50,26730.75,1270.64,1266.28,253.3,WIN,TARGET_HIT,26859.25,1295.00,2026-05-07 09:28:29
2026-05-06,2026-05-06 11:48:00,2026-05-06 11:51:00,OG,Backtest,AdxDiCrossBracketOG,OG_AdxDiCrossBracketOG,OG,NQ,NQ JUN26,SHORT,1,28556.50,28567.00,-214.36,-218.72,-43.7,LOSS,STOP_HIT,28607.00,1010.00,2026-05-07 09:28:29
2026-04-29,2026-04-29 11:15:00,2026-04-29 11:27:00,OG,Backtest,AdxDiCrossBracketOG,OG_AdxDiCrossBracketOG,OG,NQ,NQ JUN26,SHORT,1,27236.75,27267.25,-614.36,-618.72,-123.7,LOSS,STOP_HIT,27287.25,1010.00,2026-05-07 09:28:29
2026-05-01,2026-05-01 11:06:00,2026-05-01 11:18:00,OG,Backtest,AdxDiCrossBracketOG,OG_AdxDiCrossBracketOG,OG,NQ,NQ JUN26,SHORT,1,27786.00,27837.25,-1029.36,-1033.72,-206.7,LOSS,STOP_HIT,27857.50,1430.00,2026-05-07 09:28:29
2026-05-01,2026-05-01 11:06:00,2026-05-01 11:15:00,OG,Backtest,AdxDiCrossBracketOG,OG_AdxDiCrossBracketOG,OG,NQ,NQ JUN26,SHORT,1,27786.00,27815.00,-584.36,-588.72,-117.7,LOSS,STOP_HIT,27857.50,1430.00,2026-05-07 09:28:29
2026-05-06,2026-05-06 11:48:00,2026-05-06 11:51:00,OG,Backtest,AdxDiCrossBracketOG,OG_AdxDiCrossBracketOG,OG,NQ,NQ JUN26,SHORT,1,28556.50,28567.00,-214.36,-218.72,-43.7,LOSS,STOP_HIT,28607.00,1010.00,2026-05-07 09:28:29
2026-04-21,2026-04-21 10:51:00,2026-04-21 11:00:00,OG,Backtest,AdxDiCrossBracketOG,OG_AdxDiCrossBracketOG,OG,NQ,NQ JUN26,SHORT,1,26794.50,26730.75,1270.64,1266.28,253.3,WIN,TARGET_HIT,26859.25,1295.00,2026-05-07 09:28:30
2026-05-01,2026-05-01 11:06:00,2026-05-01 11:18:00,OG,Backtest,AdxDiCrossBracketOG,OG_AdxDiCrossBracketOG,OG,NQ,NQ JUN26,SHORT,1,27786.00,27837.25,-1029.36,-1033.72,-206.7,LOSS,STOP_HIT,27857.50,1430.00,2026-05-07 09:28:30
2026-04-29,2026-04-29 11:15:00,2026-04-29 11:27:00,OG,Backtest,AdxDiCrossBracketOG,OG_AdxDiCrossBracketOG,OG,NQ,NQ JUN26,SHORT,1,27236.75,27267.25,-614.36,-618.72,-123.7,LOSS,STOP_HIT,27287.25,1010.00,2026-05-07 09:28:30
2026-05-01,2026-05-01 10:42:00,2026-05-01 10:48:00,OG,Backtest,AdxDiCrossBracketOG,OG_AdxDiCrossBracketOG,OG,NQ,NQ JUN26,SHORT,1,27791.50,27817.25,-519.36,-523.72,-104.7,LOSS,STOP_HIT,27859.75,1365.00,2026-05-07 09:28:30
2026-05-01,2026-05-01 10:54:00,2026-05-01 11:00:00,OG,Backtest,AdxDiCrossBracketOG,OG_AdxDiCrossBracketOG,OG,NQ,NQ JUN26,SHORT,1,27799.00,27833.00,-684.36,-688.72,-137.7,LOSS,STOP_HIT,27869.75,1415.00,2026-05-07 09:28:30
2026-04-21,2026-04-21 10:51:00,2026-04-21 11:00:00,OG,Backtest,AdxDiCrossBracketOG,OG_AdxDiCrossBracketOG,OG,NQ,NQ JUN26,SHORT,1,26794.50,26730.75,1270.64,1266.28,253.3,WIN,TARGET_HIT,26859.25,1295.00,2026-05-07 09:28:30
2026-04-29,2026-04-29 11:15:00,2026-04-29 11:27:00,OG,Backtest,AdxDiCrossBracketOG,OG_AdxDiCrossBracketOG,OG,NQ,NQ JUN26,SHORT,1,27236.75,27267.25,-614.36,-618.72,-123.7,LOSS,STOP_HIT,27287.25,1010.00,2026-05-07 09:28:30
2026-05-01,2026-05-01 10:42:00,2026-05-01 10:48:00,OG,Backtest,AdxDiCrossBracketOG,OG_AdxDiCrossBracketOG,OG,NQ,NQ JUN26,SHORT,1,27791.50,27817.25,-519.36,-523.72,-104.7,LOSS,STOP_HIT,27859.75,1365.00,2026-05-07 09:28:30
2026-05-01,2026-05-01 10:54:00,2026-05-01 11:00:00,OG,Backtest,AdxDiCrossBracketOG,OG_AdxDiCrossBracketOG,OG,NQ,NQ JUN26,SHORT,1,27799.00,27833.00,-684.36,-688.72,-137.7,LOSS,STOP_HIT,27869.75,1415.00,2026-05-07 09:28:30
2026-05-01,2026-05-01 11:06:00,2026-05-01 11:18:00,OG,Backtest,AdxDiCrossBracketOG,OG_AdxDiCrossBracketOG,OG,NQ,NQ JUN26,SHORT,1,27786.00,27837.25,-1029.36,-1033.72,-206.7,LOSS,STOP_HIT,27857.50,1430.00,2026-05-07 09:28:30
2026-05-06,2026-05-06 11:48:00,2026-05-06 11:51:00,OG,Backtest,AdxDiCrossBracketOG,OG_AdxDiCrossBracketOG,OG,NQ,NQ JUN26,SHORT,1,28556.50,28567.00,-214.36,-218.72,-43.7,LOSS,STOP_HIT,28607.00,1010.00,2026-05-07 09:28:30
2026-04-29,2026-04-29 11:15:00,2026-04-29 11:27:00,OG,Backtest,AdxDiCrossBracketOG,OG_AdxDiCrossBracketOG,OG,NQ,NQ JUN26,SHORT,1,27236.75,27267.25,-614.36,-618.72,-123.7,LOSS,STOP_HIT,27287.25,1010.00,2026-05-07 09:28:30
2026-05-01,2026-05-01 10:42:00,2026-05-01 10:48:00,OG,Backtest,AdxDiCrossBracketOG,OG_AdxDiCrossBracketOG,OG,NQ,NQ JUN26,SHORT,1,27791.50,27817.25,-519.36,-523.72,-104.7,LOSS,STOP_HIT,27859.75,1365.00,2026-05-07 09:28:30
2026-05-01,2026-05-01 10:54:00,2026-05-01 11:00:00,OG,Backtest,AdxDiCrossBracketOG,OG_AdxDiCrossBracketOG,OG,NQ,NQ JUN26,SHORT,1,27799.00,27833.00,-684.36,-688.72,-137.7,LOSS,STOP_HIT,27869.75,1415.00,2026-05-07 09:28:30
2026-04-29,2026-04-29 11:15:00,2026-04-29 11:27:00,OG,Backtest,AdxDiCrossBracketOG,OG_AdxDiCrossBracketOG,OG,NQ,NQ JUN26,SHORT,1,27236.75,27267.25,-614.36,-618.72,-123.7,LOSS,STOP_HIT,27287.25,1010.00,2026-05-07 09:28:30
2026-05-01,2026-05-01 10:42:00,2026-05-01 10:48:00,OG,Backtest,AdxDiCrossBracketOG,OG_AdxDiCrossBracketOG,OG,NQ,NQ JUN26,SHORT,1,27791.50,27817.25,-519.36,-523.72,-104.7,LOSS,STOP_HIT,27859.75,1365.00,2026-05-07 09:28:30
2026-05-06,2026-05-06 11:48:00,2026-05-06 11:51:00,OG,Backtest,AdxDiCrossBracketOG,OG_AdxDiCrossBracketOG,OG,NQ,NQ JUN26,SHORT,1,28556.50,28567.00,-214.36,-218.72,-43.7,LOSS,STOP_HIT,28607.00,1010.00,2026-05-07 09:28:30
2026-05-01,2026-05-01 10:54:00,2026-05-01 11:00:00,OG,Backtest,AdxDiCrossBracketOG,OG_AdxDiCrossBracketOG,OG,NQ,NQ JUN26,SHORT,1,27799.00,27833.00,-684.36,-688.72,-137.7,LOSS,STOP_HIT,27869.75,1415.00,2026-05-07 09:28:30
2026-05-06,2026-05-06 11:48:00,2026-05-06 11:51:00,OG,Backtest,AdxDiCrossBracketOG,OG_AdxDiCrossBracketOG,OG,NQ,NQ JUN26,SHORT,1,28556.50,28567.00,-214.36,-218.72,-43.7,LOSS,STOP_HIT,28607.00,1010.00,2026-05-07 09:28:30
2026-05-06,2026-05-06 11:48:00,2026-05-06 11:51:00,OG,Backtest,AdxDiCrossBracketOG,OG_AdxDiCrossBracketOG,OG,NQ,NQ JUN26,SHORT,1,28556.50,28567.00,-214.36,-218.72,-43.7,LOSS,STOP_HIT,28607.00,1010.00,2026-05-07 09:28:30
2026-04-21,2026-04-21 10:51:00,2026-04-21 11:00:00,OG,Backtest,AdxDiCrossBracketOG,OG_AdxDiCrossBracketOG,OG,NQ,NQ JUN26,SHORT,1,26794.50,26730.75,1270.64,1266.28,253.3,WIN,TARGET_HIT,26859.25,1295.00,2026-05-07 09:28:30
2026-04-21,2026-04-21 10:51:00,2026-04-21 11:00:00,OG,Backtest,AdxDiCrossBracketOG,OG_AdxDiCrossBracketOG,OG,NQ,NQ JUN26,SHORT,1,26794.50,26730.75,1270.64,1266.28,253.3,WIN,TARGET_HIT,26859.25,1295.00,2026-05-07 09:28:30
2026-05-01,2026-05-01 11:06:00,2026-05-01 11:18:00,OG,Backtest,AdxDiCrossBracketOG,OG_AdxDiCrossBracketOG,OG,NQ,NQ JUN26,SHORT,1,27786.00,27837.25,-1029.36,-1033.72,-206.7,LOSS,STOP_HIT,27857.50,1430.00,2026-05-07 09:28:30
2026-05-01,2026-05-01 10:54:00,2026-05-01 11:00:00,OG,Backtest,AdxDiCrossBracketOG,OG_AdxDiCrossBracketOG,OG,NQ,NQ JUN26,SHORT,1,27799.00,27833.00,-684.36,-688.72,-137.7,LOSS,STOP_HIT,27869.75,1415.00,2026-05-07 09:28:30
2026-05-01,2026-05-01 10:42:00,2026-05-01 10:48:00,OG,Backtest,AdxDiCrossBracketOG,OG_AdxDiCrossBracketOG,OG,NQ,NQ JUN26,SHORT,1,27791.50,27817.25,-519.36,-523.72,-104.7,LOSS,STOP_HIT,27859.75,1365.00,2026-05-07 09:28:30
2026-04-29,2026-04-29 11:15:00,2026-04-29 11:27:00,OG,Backtest,AdxDiCrossBracketOG,OG_AdxDiCrossBracketOG,OG,NQ,NQ JUN26,SHORT,1,27236.75,27267.25,-614.36,-618.72,-123.7,LOSS,STOP_HIT,27287.25,1010.00,2026-05-07 09:28:30
2026-04-21,2026-04-21 10:51:00,2026-04-21 11:00:00,OG,Backtest,AdxDiCrossBracketOG,OG_AdxDiCrossBracketOG,OG,NQ,NQ JUN26,SHORT,1,26794.50,26762.75,630.64,626.28,125.3,WIN,TARGET_HIT,26827.25,655.00,2026-05-07 09:28:30
2026-05-06,2026-05-06 11:48:00,2026-05-06 11:51:00,OG,Backtest,AdxDiCrossBracketOG,OG_AdxDiCrossBracketOG,OG,NQ,NQ JUN26,SHORT,1,28556.50,28567.00,-214.36,-218.72,-43.7,LOSS,STOP_HIT,28607.00,1010.00,2026-05-07 09:28:30
2026-05-01,2026-05-01 10:42:00,2026-05-01 10:48:00,OG,Backtest,AdxDiCrossBracketOG,OG_AdxDiCrossBracketOG,OG,NQ,NQ JUN26,SHORT,1,27791.50,27817.25,-519.36,-523.72,-104.7,LOSS,STOP_HIT,27859.75,1365.00,2026-05-07 09:28:30
2026-04-21,2026-04-21 10:51:00,2026-04-21 11:00:00,OG,Backtest,AdxDiCrossBracketOG,OG_AdxDiCrossBracketOG,OG,NQ,NQ JUN26,SHORT,1,26794.50,26762.75,630.64,626.28,125.3,WIN,TARGET_HIT,26827.25,655.00,2026-05-07 09:28:30
2026-04-29,2026-04-29 11:15:00,2026-04-29 11:27:00,OG,Backtest,AdxDiCrossBracketOG,OG_AdxDiCrossBracketOG,OG,NQ,NQ JUN26,SHORT,1,27236.75,27267.25,-614.36,-618.72,-123.7,LOSS,STOP_HIT,27287.25,1010.00,2026-05-07 09:28:30
2026-04-29,2026-04-29 11:15:00,2026-04-29 11:21:00,OG,Backtest,AdxDiCrossBracketOG,OG_AdxDiCrossBracketOG,OG,NQ,NQ JUN26,SHORT,1,27236.75,27262.75,-524.36,-528.72,-105.7,LOSS,STOP_HIT,27262.25,510.00,2026-05-07 09:28:30
2026-05-01,2026-05-01 10:48:00,2026-05-01 10:54:00,OG,Backtest,AdxDiCrossBracketOG,OG_AdxDiCrossBracketOG,OG,NQ,NQ JUN26,LONG,1,27817.25,27799.00,-369.36,-373.72,-74.7,LOSS,STOP_HIT,27781.25,720.00,2026-05-07 09:28:30
2026-05-06,2026-05-06 11:48:00,2026-05-06 11:51:00,OG,Backtest,AdxDiCrossBracketOG,OG_AdxDiCrossBracketOG,OG,NQ,NQ JUN26,SHORT,1,28556.50,28567.00,-214.36,-218.72,-43.7,LOSS,STOP_HIT,28607.00,1010.00,2026-05-07 09:28:30
2026-05-01,2026-05-01 11:00:00,2026-05-01 11:03:00,OG,Backtest,AdxDiCrossBracketOG,OG_AdxDiCrossBracketOG,OG,NQ,NQ JUN26,LONG,1,27833.00,27796.50,-734.36,-738.72,-147.7,LOSS,STOP_HIT,27797.00,720.00,2026-05-07 09:28:30
2026-04-29,2026-04-29 11:15:00,2026-04-29 11:27:00,OG,Backtest,AdxDiCrossBracketOG,OG_AdxDiCrossBracketOG,OG,NQ,NQ JUN26,SHORT,1,27236.75,27267.25,-614.36,-618.72,-123.7,LOSS,STOP_HIT,27287.25,1010.00,2026-05-07 09:28:30
2026-05-01,2026-05-01 11:00:00,2026-05-01 11:03:00,OG,Backtest,AdxDiCrossBracketOG,OG_AdxDiCrossBracketOG,OG,NQ,NQ JUN26,LONG,1,27833.00,27796.50,-734.36,-738.72,-147.7,LOSS,STOP_HIT,27797.00,720.00,2026-05-07 09:28:30
2026-05-01,2026-05-01 10:54:00,2026-05-01 11:00:00,OG,Backtest,AdxDiCrossBracketOG,OG_AdxDiCrossBracketOG,OG,NQ,NQ JUN26,SHORT,1,27799.00,27833.00,-684.36,-688.72,-137.7,LOSS,STOP_HIT,27869.75,1415.00,2026-05-07 09:28:30
2026-05-01,2026-05-01 11:18:00,2026-05-01 11:27:00,OG,Backtest,AdxDiCrossBracketOG,OG_AdxDiCrossBracketOG,OG,NQ,NQ JUN26,LONG,1,27837.25,27867.25,595.64,591.28,118.3,WIN,STOP_HIT,27804.00,665.00,2026-05-07 09:28:30
2026-05-01,2026-05-01 11:06:00,2026-05-01 11:18:00,OG,Backtest,AdxDiCrossBracketOG,OG_AdxDiCrossBracketOG,OG,NQ,NQ JUN26,SHORT,1,27786.00,27837.25,-1029.36,-1033.72,-206.7,LOSS,STOP_HIT,27857.50,1430.00,2026-05-07 09:28:30
2026-05-06,2026-05-06 11:48:00,2026-05-06 11:51:00,OG,Backtest,AdxDiCrossBracketOG,OG_AdxDiCrossBracketOG,OG,NQ,NQ JUN26,SHORT,1,28556.50,28567.00,-214.36,-218.72,-43.7,LOSS,STOP_HIT,28582.00,510.00,2026-05-07 09:28:30
2026-05-01,2026-05-01 11:06:00,2026-05-01 11:18:00,OG,Backtest,AdxDiCrossBracketOG,OG_AdxDiCrossBracketOG,OG,NQ,NQ JUN26,SHORT,1,27786.00,27837.25,-1029.36,-1033.72,-206.7,LOSS,STOP_HIT,27857.50,1430.00,2026-05-07 09:28:30
2026-05-06,2026-05-06 11:48:00,2026-05-06 11:51:00,OG,Backtest,AdxDiCrossBracketOG,OG_AdxDiCrossBracketOG,OG,NQ,NQ JUN26,SHORT,1,28556.50,28567.00,-214.36,-218.72,-43.7,LOSS,STOP_HIT,28607.00,1010.00,2026-05-07 09:28:30
2026-04-21,2026-04-21 10:51:00,2026-04-21 11:00:00,OG,Backtest,AdxDiCrossBracketOG,OG_AdxDiCrossBracketOG,OG,NQ,NQ JUN26,SHORT,1,26794.50,26730.75,1270.64,1266.28,253.3,WIN,TARGET_HIT,26859.25,1295.00,2026-05-07 09:28:30
2026-04-21,2026-04-21 10:51:00,2026-04-21 11:00:00,OG,Backtest,AdxDiCrossBracketOG,OG_AdxDiCrossBracketOG,OG,NQ,NQ JUN26,SHORT,1,26794.50,26730.75,1270.64,1266.28,253.3,WIN,TARGET_HIT,26859.25,1295.00,2026-05-07 09:28:30
2026-04-29,2026-04-29 11:15:00,2026-04-29 11:21:00,OG,Backtest,AdxDiCrossBracketOG,OG_AdxDiCrossBracketOG,OG,NQ,NQ JUN26,SHORT,1,27236.75,27262.75,-524.36,-528.72,-105.7,LOSS,STOP_HIT,27262.25,510.00,2026-05-07 09:28:30
2026-05-01,2026-05-01 10:42:00,2026-05-01 10:48:00,OG,Backtest,AdxDiCrossBracketOG,OG_AdxDiCrossBracketOG,OG,NQ,NQ JUN26,SHORT,1,27791.50,27817.25,-519.36,-523.72,-104.7,LOSS,STOP_HIT,27859.75,1365.00,2026-05-07 09:28:30
2026-04-21,2026-04-21 10:51:00,2026-04-21 11:00:00,OG,Backtest,AdxDiCrossBracketOG,OG_AdxDiCrossBracketOG,OG,NQ,NQ JUN26,SHORT,1,26794.50,26730.75,1270.64,1266.28,253.3,WIN,TARGET_HIT,26859.25,1295.00,2026-05-07 09:28:30
2026-05-01,2026-05-01 11:06:00,2026-05-01 11:18:00,OG,Backtest,AdxDiCrossBracketOG,OG_AdxDiCrossBracketOG,OG,NQ,NQ JUN26,SHORT,1,27786.00,27837.25,-1029.36,-1033.72,-206.7,LOSS,STOP_HIT,27857.50,1430.00,2026-05-07 09:28:30
2026-04-29,2026-04-29 11:15:00,2026-04-29 11:27:00,OG,Backtest,AdxDiCrossBracketOG,OG_AdxDiCrossBracketOG,OG,NQ,NQ JUN26,SHORT,1,27236.75,27267.25,-614.36,-618.72,-123.7,LOSS,STOP_HIT,27287.25,1010.00,2026-05-07 09:28:30
2026-05-01,2026-05-01 10:42:00,2026-05-01 10:48:00,OG,Backtest,AdxDiCrossBracketOG,OG_AdxDiCrossBracketOG,OG,NQ,NQ JUN26,SHORT,1,27791.50,27817.25,-519.36,-523.72,-104.7,LOSS,STOP_HIT,27859.75,1365.00,2026-05-07 09:28:30
2026-05-01,2026-05-01 11:06:00,2026-05-01 11:18:00,OG,Backtest,AdxDiCrossBracketOG,OG_AdxDiCrossBracketOG,OG,NQ,NQ JUN26,SHORT,1,27786.00,27837.25,-1029.36,-1033.72,-206.7,LOSS,STOP_HIT,27857.50,1430.00,2026-05-07 09:28:30
2026-05-01,2026-05-01 10:54:00,2026-05-01 11:00:00,OG,Backtest,AdxDiCrossBracketOG,OG_AdxDiCrossBracketOG,OG,NQ,NQ JUN26,SHORT,1,27799.00,27833.00,-684.36,-688.72,-137.7,LOSS,STOP_HIT,27869.75,1415.00,2026-05-07 09:28:30
2026-05-01,2026-05-01 10:54:00,2026-05-01 11:00:00,OG,Backtest,AdxDiCrossBracketOG,OG_AdxDiCrossBracketOG,OG,NQ,NQ JUN26,SHORT,1,27799.00,27833.00,-684.36,-688.72,-137.7,LOSS,STOP_HIT,27869.75,1415.00,2026-05-07 09:28:30
2026-04-21,2026-04-21 10:51:00,2026-04-21 11:00:00,OG,Backtest,AdxDiCrossBracketOG,OG_AdxDiCrossBracketOG,OG,NQ,NQ JUN26,SHORT,1,26794.50,26730.75,1270.64,1266.28,253.3,WIN,TARGET_HIT,26859.25,1295.00,2026-05-07 09:28:30
2026-05-01,2026-05-01 11:06:00,2026-05-01 11:18:00,OG,Backtest,AdxDiCrossBracketOG,OG_AdxDiCrossBracketOG,OG,NQ,NQ JUN26,SHORT,1,27786.00,27837.25,-1029.36,-1033.72,-206.7,LOSS,STOP_HIT,27857.50,1430.00,2026-05-07 09:28:30
2026-04-29,2026-04-29 11:15:00,2026-04-29 11:21:00,OG,Backtest,AdxDiCrossBracketOG,OG_AdxDiCrossBracketOG,OG,NQ,NQ JUN26,SHORT,1,27236.75,27262.75,-524.36,-528.72,-105.7,LOSS,STOP_HIT,27262.25,510.00,2026-05-07 09:28:30
2026-05-01,2026-05-01 11:00:00,2026-05-01 11:03:00,OG,Backtest,AdxDiCrossBracketOG,OG_AdxDiCrossBracketOG,OG,NQ,NQ JUN26,LONG,1,27833.00,27796.50,-734.36,-738.72,-147.7,LOSS,STOP_HIT,27797.00,720.00,2026-05-07 09:28:30
2026-05-01,2026-05-01 11:00:00,2026-05-01 11:03:00,OG,Backtest,AdxDiCrossBracketOG,OG_AdxDiCrossBracketOG,OG,NQ,NQ JUN26,LONG,1,27833.00,27796.50,-734.36,-738.72,-147.7,LOSS,STOP_HIT,27797.00,720.00,2026-05-07 09:28:30
2026-05-01,2026-05-01 11:06:00,2026-05-01 11:18:00,OG,Backtest,AdxDiCrossBracketOG,OG_AdxDiCrossBracketOG,OG,NQ,NQ JUN26,SHORT,1,27786.00,27837.25,-1029.36,-1033.72,-206.7,LOSS,STOP_HIT,27857.50,1430.00,2026-05-07 09:28:30
2026-04-21,2026-04-21 10:51:00,2026-04-21 11:00:00,OG,Backtest,AdxDiCrossBracketOG,OG_AdxDiCrossBracketOG,OG,NQ,NQ JUN26,SHORT,1,26794.50,26762.75,630.64,626.28,125.3,WIN,TARGET_HIT,26827.25,655.00,2026-05-07 09:28:30
2026-05-01,2026-05-01 11:18:00,2026-05-01 11:27:00,OG,Backtest,AdxDiCrossBracketOG,OG_AdxDiCrossBracketOG,OG,NQ,NQ JUN26,LONG,1,27837.25,27867.25,595.64,591.28,118.3,WIN,STOP_HIT,27804.00,665.00,2026-05-07 09:28:30
2026-05-01,2026-05-01 10:42:00,2026-05-01 10:45:00,OG,Backtest,AdxDiCrossBracketOG,OG_AdxDiCrossBracketOG,OG,NQ,NQ JUN26,SHORT,1,27791.50,27826.25,-699.36,-703.72,-140.7,LOSS,STOP_HIT,27825.75,685.00,2026-05-07 09:28:30
2026-04-21,2026-04-21 10:51:00,2026-04-21 11:00:00,OG,Backtest,AdxDiCrossBracketOG,OG_AdxDiCrossBracketOG,OG,NQ,NQ JUN26,SHORT,1,26794.50,26762.75,630.64,626.28,125.3,WIN,TARGET_HIT,26827.25,655.00,2026-05-07 09:28:30
2026-04-21,2026-04-21 10:51:00,2026-04-21 11:00:00,OG,Backtest,AdxDiCrossBracketOG,OG_AdxDiCrossBracketOG,OG,NQ,NQ JUN26,SHORT,1,26794.50,26730.75,1270.64,1266.28,253.3,WIN,TARGET_HIT,26859.25,1295.00,2026-05-07 09:28:30
2026-05-06,2026-05-06 11:48:00,2026-05-06 11:51:00,OG,Backtest,AdxDiCrossBracketOG,OG_AdxDiCrossBracketOG,OG,NQ,NQ JUN26,SHORT,1,28556.50,28567.00,-214.36,-218.72,-43.7,LOSS,STOP_HIT,28582.00,510.00,2026-05-07 09:28:30
2026-05-01,2026-05-01 10:48:00,2026-05-01 10:54:00,OG,Backtest,AdxDiCrossBracketOG,OG_AdxDiCrossBracketOG,OG,NQ,NQ JUN26,LONG,1,27817.25,27799.00,-369.36,-373.72,-74.7,LOSS,STOP_HIT,27781.25,720.00,2026-05-07 09:28:30
2026-05-01,2026-05-01 10:54:00,2026-05-01 11:00:00,OG,Backtest,AdxDiCrossBracketOG,OG_AdxDiCrossBracketOG,OG,NQ,NQ JUN26,SHORT,1,27799.00,27833.00,-684.36,-688.72,-137.7,LOSS,STOP_HIT,27869.75,1415.00,2026-05-07 09:28:30
2026-05-01,2026-05-01 11:00:00,2026-05-01 11:03:00,OG,Backtest,AdxDiCrossBracketOG,OG_AdxDiCrossBracketOG,OG,NQ,NQ JUN26,LONG,1,27833.00,27796.50,-734.36,-738.72,-147.7,LOSS,STOP_HIT,27797.00,720.00,2026-05-07 09:28:30
2026-05-01,2026-05-01 11:00:00,2026-05-01 11:03:00,OG,Backtest,AdxDiCrossBracketOG,OG_AdxDiCrossBracketOG,OG,NQ,NQ JUN26,LONG,1,27833.00,27796.50,-734.36,-738.72,-147.7,LOSS,STOP_HIT,27797.00,720.00,2026-05-07 09:28:30
2026-05-06,2026-05-06 11:48:00,2026-05-06 11:51:00,OG,Backtest,AdxDiCrossBracketOG,OG_AdxDiCrossBracketOG,OG,NQ,NQ JUN26,SHORT,1,28556.50,28567.00,-214.36,-218.72,-43.7,LOSS,STOP_HIT,28607.00,1010.00,2026-05-07 09:28:30
2026-05-01,2026-05-01 10:42:00,2026-05-01 10:48:00,OG,Backtest,AdxDiCrossBracketOG,OG_AdxDiCrossBracketOG,OG,NQ,NQ JUN26,SHORT,1,27791.50,27817.25,-519.36,-523.72,-104.7,LOSS,STOP_HIT,27859.75,1365.00,2026-05-07 09:28:30
2026-05-01,2026-05-01 11:00:00,2026-05-01 11:03:00,OG,Backtest,AdxDiCrossBracketOG,OG_AdxDiCrossBracketOG,OG,NQ,NQ JUN26,LONG,1,27833.00,27796.50,-734.36,-738.72,-147.7,LOSS,STOP_HIT,27797.00,720.00,2026-05-07 09:28:30
2026-05-01,2026-05-01 11:06:00,2026-05-01 11:18:00,OG,Backtest,AdxDiCrossBracketOG,OG_AdxDiCrossBracketOG,OG,NQ,NQ JUN26,SHORT,1,27786.00,27837.25,-1029.36,-1033.72,-206.7,LOSS,STOP_HIT,27857.50,1430.00,2026-05-07 09:28:30
2026-05-01,2026-05-01 11:06:00,2026-05-01 11:15:00,OG,Backtest,AdxDiCrossBracketOG,OG_AdxDiCrossBracketOG,OG,NQ,NQ JUN26,SHORT,1,27786.00,27815.00,-584.36,-588.72,-117.7,LOSS,STOP_HIT,27821.75,715.00,2026-05-07 09:28:30
2026-05-01,2026-05-01 11:06:00,2026-05-01 11:18:00,OG,Backtest,AdxDiCrossBracketOG,OG_AdxDiCrossBracketOG,OG,NQ,NQ JUN26,SHORT,1,27786.00,27837.25,-1029.36,-1033.72,-206.7,LOSS,STOP_HIT,27857.50,1430.00,2026-05-07 09:28:30
2026-05-06,2026-05-06 11:48:00,2026-05-06 11:51:00,OG,Backtest,AdxDiCrossBracketOG,OG_AdxDiCrossBracketOG,OG,NQ,NQ JUN26,SHORT,1,28556.50,28567.00,-214.36,-218.72,-43.7,LOSS,STOP_HIT,28582.00,510.00,2026-05-07 09:28:30
2026-04-21,2026-04-21 10:51:00,2026-04-21 11:00:00,OG,Backtest,AdxDiCrossBracketOG,OG_AdxDiCrossBracketOG,OG,NQ,NQ JUN26,SHORT,1,26794.50,26730.75,1270.64,1266.28,253.3,WIN,TARGET_HIT,26859.25,1295.00,2026-05-07 09:28:30
2026-04-29,2026-04-29 11:15:00,2026-04-29 11:27:00,OG,Backtest,AdxDiCrossBracketOG,OG_AdxDiCrossBracketOG,OG,NQ,NQ JUN26,SHORT,1,27236.75,27267.25,-614.36,-618.72,-123.7,LOSS,STOP_HIT,27287.25,1010.00,2026-05-07 09:28:30
2026-04-21,2026-04-21 10:51:00,2026-04-21 11:00:00,OG,Backtest,AdxDiCrossBracketOG,OG_AdxDiCrossBracketOG,OG,NQ,NQ JUN26,SHORT,1,26794.50,26730.75,1270.64,1266.28,253.3,WIN,TARGET_HIT,26859.25,1295.00,2026-05-07 09:28:30
2026-04-29,2026-04-29 11:15:00,2026-04-29 11:21:00,OG,Backtest,AdxDiCrossBracketOG,OG_AdxDiCrossBracketOG,OG,NQ,NQ JUN26,SHORT,1,27236.75,27262.75,-524.36,-528.72,-105.7,LOSS,STOP_HIT,27262.25,510.00,2026-05-07 09:28:30
2026-04-29,2026-04-29 11:15:00,2026-04-29 11:27:00,OG,Backtest,AdxDiCrossBracketOG,OG_AdxDiCrossBracketOG,OG,NQ,NQ JUN26,SHORT,1,27236.75,27267.25,-614.36,-618.72,-123.7,LOSS,STOP_HIT,27287.25,1010.00,2026-05-07 09:28:30
2026-05-01,2026-05-01 11:06:00,2026-05-01 11:15:00,OG,Backtest,AdxDiCrossBracketOG,OG_AdxDiCrossBracketOG,OG,NQ,NQ JUN26,SHORT,1,27786.00,27815.00,-584.36,-588.72,-117.7,LOSS,STOP_HIT,27821.75,715.00,2026-05-07 09:28:30
2026-04-29,2026-04-29 11:15:00,2026-04-29 11:21:00,OG,Backtest,AdxDiCrossBracketOG,OG_AdxDiCrossBracketOG,OG,NQ,NQ JUN26,SHORT,1,27236.75,27262.75,-524.36,-528.72,-105.7,LOSS,STOP_HIT,27262.25,510.00,2026-05-07 09:28:30
2026-05-01,2026-05-01 11:00:00,2026-05-01 11:03:00,OG,Backtest,AdxDiCrossBracketOG,OG_AdxDiCrossBracketOG,OG,NQ,NQ JUN26,LONG,1,27833.00,27796.50,-734.36,-738.72,-147.7,LOSS,STOP_HIT,27797.00,720.00,2026-05-07 09:28:30
2026-05-01,2026-05-01 11:06:00,2026-05-01 11:12:00,OG,Backtest,AdxDiCrossBracketOG,OG_AdxDiCrossBracketOG,OG,NQ,NQ JUN26,SHORT,1,27786.00,27809.25,-469.36,-473.72,-94.7,LOSS,STOP_HIT,27821.75,715.00,2026-05-07 09:28:30
2026-04-21,2026-04-21 10:51:00,2026-04-21 11:00:00,OG,Backtest,AdxDiCrossBracketOG,OG_AdxDiCrossBracketOG,OG,NQ,NQ JUN26,SHORT,1,26794.50,26762.75,630.64,626.28,125.3,WIN,TARGET_HIT,26827.25,655.00,2026-05-07 09:28:30
2026-04-21,2026-04-21 10:51:00,2026-04-21 11:00:00,OG,Backtest,AdxDiCrossBracketOG,OG_AdxDiCrossBracketOG,OG,NQ,NQ JUN26,SHORT,1,26794.50,26762.75,630.64,626.28,125.3,WIN,TARGET_HIT,26827.25,655.00,2026-05-07 09:28:30
2026-04-21,2026-04-21 10:51:00,2026-04-21 11:00:00,OG,Backtest,AdxDiCrossBracketOG,OG_AdxDiCrossBracketOG,OG,NQ,NQ JUN26,SHORT,1,26794.50,26762.75,630.64,626.28,125.3,WIN,TARGET_HIT,26827.25,655.00,2026-05-07 09:28:30
2026-05-01,2026-05-01 10:48:00,2026-05-01 10:54:00,OG,Backtest,AdxDiCrossBracketOG,OG_AdxDiCrossBracketOG,OG,NQ,NQ JUN26,LONG,1,27817.25,27799.00,-369.36,-373.72,-74.7,LOSS,STOP_HIT,27781.25,720.00,2026-05-07 09:28:30
2026-04-29,2026-04-29 11:15:00,2026-04-29 11:21:00,OG,Backtest,AdxDiCrossBracketOG,OG_AdxDiCrossBracketOG,OG,NQ,NQ JUN26,SHORT,1,27236.75,27262.75,-524.36,-528.72,-105.7,LOSS,STOP_HIT,27262.25,510.00,2026-05-07 09:28:30
2026-05-01,2026-05-01 10:42:00,2026-05-01 10:45:00,OG,Backtest,AdxDiCrossBracketOG,OG_AdxDiCrossBracketOG,OG,NQ,NQ JUN26,SHORT,1,27791.50,27826.25,-699.36,-703.72,-140.7,LOSS,STOP_HIT,27825.75,685.00,2026-05-07 09:28:30
2026-05-01,2026-05-01 10:54:00,2026-05-01 11:00:00,OG,Backtest,AdxDiCrossBracketOG,OG_AdxDiCrossBracketOG,OG,NQ,NQ JUN26,SHORT,1,27799.00,27833.00,-684.36,-688.72,-137.7,LOSS,STOP_HIT,27869.75,1415.00,2026-05-07 09:28:30
2026-05-01,2026-05-01 11:18:00,2026-05-01 11:27:00,OG,Backtest,AdxDiCrossBracketOG,OG_AdxDiCrossBracketOG,OG,NQ,NQ JUN26,LONG,1,27837.25,27867.25,595.64,591.28,118.3,WIN,STOP_HIT,27804.00,665.00,2026-05-07 09:28:30
2026-05-01,2026-05-01 11:06:00,2026-05-01 11:12:00,OG,Backtest,AdxDiCrossBracketOG,OG_AdxDiCrossBracketOG,OG,NQ,NQ JUN26,SHORT,1,27786.00,27809.25,-469.36,-473.72,-94.7,LOSS,STOP_HIT,27821.75,715.00,2026-05-07 09:28:30
2026-05-06,2026-05-06 11:48:00,2026-05-06 11:51:00,OG,Backtest,AdxDiCrossBracketOG,OG_AdxDiCrossBracketOG,OG,NQ,NQ JUN26,SHORT,1,28556.50,28567.00,-214.36,-218.72,-43.7,LOSS,STOP_HIT,28607.00,1010.00,2026-05-07 09:28:30
2026-04-29,2026-04-29 11:15:00,2026-04-29 11:21:00,OG,Backtest,AdxDiCrossBracketOG,OG_AdxDiCrossBracketOG,OG,NQ,NQ JUN26,SHORT,1,27236.75,27262.75,-524.36,-528.72,-105.7,LOSS,STOP_HIT,27262.25,510.00,2026-05-07 09:28:30
2026-04-21,2026-04-21 10:51:00,2026-04-21 11:00:00,OG,Backtest,AdxDiCrossBracketOG,OG_AdxDiCrossBracketOG,OG,NQ,NQ JUN26,SHORT,1,26794.50,26762.75,630.64,626.28,125.3,WIN,TARGET_HIT,26827.25,655.00,2026-05-07 09:28:30
2026-04-21,2026-04-21 10:51:00,2026-04-21 11:00:00,OG,Backtest,AdxDiCrossBracketOG,OG_AdxDiCrossBracketOG,OG,NQ,NQ JUN26,SHORT,1,26794.50,26762.75,630.64,626.28,125.3,WIN,TARGET_HIT,26827.25,655.00,2026-05-07 09:28:30
2026-04-29,2026-04-29 11:15:00,2026-04-29 11:21:00,OG,Backtest,AdxDiCrossBracketOG,OG_AdxDiCrossBracketOG,OG,NQ,NQ JUN26,SHORT,1,27236.75,27262.75,-524.36,-528.72,-105.7,LOSS,STOP_HIT,27262.25,510.00,2026-05-07 09:28:30
2026-05-01,2026-05-01 10:48:00,2026-05-01 10:54:00,OG,Backtest,AdxDiCrossBracketOG,OG_AdxDiCrossBracketOG,OG,NQ,NQ JUN26,LONG,1,27817.25,27799.00,-369.36,-373.72,-74.7,LOSS,STOP_HIT,27781.25,720.00,2026-05-07 09:28:30
2026-05-01,2026-05-01 10:42:00,2026-05-01 10:45:00,OG,Backtest,AdxDiCrossBracketOG,OG_AdxDiCrossBracketOG,OG,NQ,NQ JUN26,SHORT,1,27791.50,27826.25,-699.36,-703.72,-140.7,LOSS,STOP_HIT,27825.75,685.00,2026-05-07 09:28:30
2026-05-01,2026-05-01 10:42:00,2026-05-01 10:45:00,OG,Backtest,AdxDiCrossBracketOG,OG_AdxDiCrossBracketOG,OG,NQ,NQ JUN26,SHORT,1,27791.50,27826.25,-699.36,-703.72,-140.7,LOSS,STOP_HIT,27825.75,685.00,2026-05-07 09:28:30
2026-05-06,2026-05-06 11:48:00,2026-05-06 11:51:00,OG,Backtest,AdxDiCrossBracketOG,OG_AdxDiCrossBracketOG,OG,NQ,NQ JUN26,SHORT,1,28556.50,28567.00,-214.36,-218.72,-43.7,LOSS,STOP_HIT,28582.00,510.00,2026-05-07 09:28:30
2026-05-01,2026-05-01 11:00:00,2026-05-01 11:03:00,OG,Backtest,AdxDiCrossBracketOG,OG_AdxDiCrossBracketOG,OG,NQ,NQ JUN26,LONG,1,27833.00,27796.50,-734.36,-738.72,-147.7,LOSS,STOP_HIT,27797.00,720.00,2026-05-07 09:28:30
2026-05-01,2026-05-01 11:00:00,2026-05-01 11:03:00,OG,Backtest,AdxDiCrossBracketOG,OG_AdxDiCrossBracketOG,OG,NQ,NQ JUN26,LONG,1,27833.00,27796.50,-734.36,-738.72,-147.7,LOSS,STOP_HIT,27797.00,720.00,2026-05-07 09:28:30
2026-05-01,2026-05-01 11:18:00,2026-05-01 11:27:00,OG,Backtest,AdxDiCrossBracketOG,OG_AdxDiCrossBracketOG,OG,NQ,NQ JUN26,LONG,1,27837.25,27867.25,595.64,591.28,118.3,WIN,STOP_HIT,27804.00,665.00,2026-05-07 09:28:30
2026-05-01,2026-05-01 10:42:00,2026-05-01 10:45:00,OG,Backtest,AdxDiCrossBracketOG,OG_AdxDiCrossBracketOG,OG,NQ,NQ JUN26,SHORT,1,27791.50,27826.25,-699.36,-703.72,-140.7,LOSS,STOP_HIT,27825.75,685.00,2026-05-07 09:28:30
2026-05-01,2026-05-01 10:48:00,2026-05-01 10:54:00,OG,Backtest,AdxDiCrossBracketOG,OG_AdxDiCrossBracketOG,OG,NQ,NQ JUN26,LONG,1,27817.25,27799.00,-369.36,-373.72,-74.7,LOSS,STOP_HIT,27781.25,720.00,2026-05-07 09:28:30
2026-05-01,2026-05-01 11:00:00,2026-05-01 11:03:00,OG,Backtest,AdxDiCrossBracketOG,OG_AdxDiCrossBracketOG,OG,NQ,NQ JUN26,LONG,1,27833.00,27796.50,-734.36,-738.72,-147.7,LOSS,STOP_HIT,27797.00,720.00,2026-05-07 09:28:30
2026-05-01,2026-05-01 11:18:00,2026-05-01 11:27:00,OG,Backtest,AdxDiCrossBracketOG,OG_AdxDiCrossBracketOG,OG,NQ,NQ JUN26,LONG,1,27837.25,27867.25,595.64,591.28,118.3,WIN,STOP_HIT,27804.00,665.00,2026-05-07 09:28:30
2026-05-06,2026-05-06 11:48:00,2026-05-06 11:51:00,OG,Backtest,AdxDiCrossBracketOG,OG_AdxDiCrossBracketOG,OG,NQ,NQ JUN26,SHORT,1,28556.50,28567.00,-214.36,-218.72,-43.7,LOSS,STOP_HIT,28582.00,510.00,2026-05-07 09:28:30
2026-05-01,2026-05-01 11:18:00,2026-05-01 11:27:00,OG,Backtest,AdxDiCrossBracketOG,OG_AdxDiCrossBracketOG,OG,NQ,NQ JUN26,LONG,1,27837.25,27867.25,595.64,591.28,118.3,WIN,STOP_HIT,27804.00,665.00,2026-05-07 09:28:30
2026-05-06,2026-05-06 11:48:00,2026-05-06 11:51:00,OG,Backtest,AdxDiCrossBracketOG,OG_AdxDiCrossBracketOG,OG,NQ,NQ JUN26,SHORT,1,28556.50,28567.00,-214.36,-218.72,-43.7,LOSS,STOP_HIT,28582.00,510.00,2026-05-07 09:28:30
2026-04-21,2026-04-21 10:51:00,2026-04-21 11:00:00,OG,Backtest,AdxDiCrossBracketOG,OG_AdxDiCrossBracketOG,OG,NQ,NQ JUN26,SHORT,1,26794.50,26762.75,630.64,626.28,125.3,WIN,TARGET_HIT,26827.25,655.00,2026-05-07 09:28:30
2026-04-29,2026-04-29 11:15:00,2026-04-29 11:21:00,OG,Backtest,AdxDiCrossBracketOG,OG_AdxDiCrossBracketOG,OG,NQ,NQ JUN26,SHORT,1,27236.75,27262.75,-524.36,-528.72,-105.7,LOSS,STOP_HIT,27262.25,510.00,2026-05-07 09:28:30
2026-05-01,2026-05-01 11:18:00,2026-05-01 11:27:00,OG,Backtest,AdxDiCrossBracketOG,OG_AdxDiCrossBracketOG,OG,NQ,NQ JUN26,LONG,1,27837.25,27867.25,595.64,591.28,118.3,WIN,STOP_HIT,27804.00,665.00,2026-05-07 09:28:30
2026-05-01,2026-05-01 11:06:00,2026-05-01 11:15:00,OG,Backtest,AdxDiCrossBracketOG,OG_AdxDiCrossBracketOG,OG,NQ,NQ JUN26,SHORT,1,27786.00,27815.00,-584.36,-588.72,-117.7,LOSS,STOP_HIT,27821.75,715.00,2026-05-07 09:28:30
2026-04-21,2026-04-21 10:51:00,2026-04-21 11:00:00,OG,Backtest,AdxDiCrossBracketOG,OG_AdxDiCrossBracketOG,OG,NQ,NQ JUN26,SHORT,1,26794.50,26762.75,630.64,626.28,125.3,WIN,TARGET_HIT,26827.25,655.00,2026-05-07 09:28:30
2026-05-01,2026-05-01 11:18:00,2026-05-01 11:27:00,OG,Backtest,AdxDiCrossBracketOG,OG_AdxDiCrossBracketOG,OG,NQ,NQ JUN26,LONG,1,27837.25,27867.25,595.64,591.28,118.3,WIN,STOP_HIT,27804.00,665.00,2026-05-07 09:28:30
2026-05-01,2026-05-01 10:42:00,2026-05-01 10:45:00,OG,Backtest,AdxDiCrossBracketOG,OG_AdxDiCrossBracketOG,OG,NQ,NQ JUN26,SHORT,1,27791.50,27826.25,-699.36,-703.72,-140.7,LOSS,STOP_HIT,27825.75,685.00,2026-05-07 09:28:30
2026-05-01,2026-05-01 11:18:00,2026-05-01 11:27:00,OG,Backtest,AdxDiCrossBracketOG,OG_AdxDiCrossBracketOG,OG,NQ,NQ JUN26,LONG,1,27837.25,27867.25,595.64,591.28,118.3,WIN,STOP_HIT,27804.00,665.00,2026-05-07 09:28:30
2026-04-29,2026-04-29 11:15:00,2026-04-29 11:21:00,OG,Backtest,AdxDiCrossBracketOG,OG_AdxDiCrossBracketOG,OG,NQ,NQ JUN26,SHORT,1,27236.75,27262.75,-524.36,-528.72,-105.7,LOSS,STOP_HIT,27262.25,510.00,2026-05-07 09:28:30
2026-05-06,2026-05-06 11:48:00,2026-05-06 11:51:00,OG,Backtest,AdxDiCrossBracketOG,OG_AdxDiCrossBracketOG,OG,NQ,NQ JUN26,SHORT,1,28556.50,28567.00,-214.36,-218.72,-43.7,LOSS,STOP_HIT,28582.00,510.00,2026-05-07 09:28:30
2026-04-21,2026-04-21 10:51:00,2026-04-21 11:00:00,OG,Backtest,AdxDiCrossBracketOG,OG_AdxDiCrossBracketOG,OG,NQ,NQ JUN26,SHORT,1,26794.50,26762.75,630.64,626.28,125.3,WIN,TARGET_HIT,26827.25,655.00,2026-05-07 09:28:30
2026-04-29,2026-04-29 11:15:00,2026-04-29 11:21:00,OG,Backtest,AdxDiCrossBracketOG,OG_AdxDiCrossBracketOG,OG,NQ,NQ JUN26,SHORT,1,27236.75,27262.75,-524.36,-528.72,-105.7,LOSS,STOP_HIT,27262.25,510.00,2026-05-07 09:28:30
2026-05-01,2026-05-01 10:42:00,2026-05-01 10:45:00,OG,Backtest,AdxDiCrossBracketOG,OG_AdxDiCrossBracketOG,OG,NQ,NQ JUN26,SHORT,1,27791.50,27826.25,-699.36,-703.72,-140.7,LOSS,STOP_HIT,27825.75,685.00,2026-05-07 09:28:30
2026-05-01,2026-05-01 11:06:00,2026-05-01 11:15:00,OG,Backtest,AdxDiCrossBracketOG,OG_AdxDiCrossBracketOG,OG,NQ,NQ JUN26,SHORT,1,27786.00,27815.00,-584.36,-588.72,-117.7,LOSS,STOP_HIT,27821.75,715.00,2026-05-07 09:28:31
2026-05-01,2026-05-01 10:42:00,2026-05-01 10:45:00,OG,Backtest,AdxDiCrossBracketOG,OG_AdxDiCrossBracketOG,OG,NQ,NQ JUN26,SHORT,1,27791.50,27826.25,-699.36,-703.72,-140.7,LOSS,STOP_HIT,27825.75,685.00,2026-05-07 09:28:30
2026-05-01,2026-05-01 11:18:00,2026-05-01 11:27:00,OG,Backtest,AdxDiCrossBracketOG,OG_AdxDiCrossBracketOG,OG,NQ,NQ JUN26,LONG,1,27837.25,27867.25,595.64,591.28,118.3,WIN,STOP_HIT,27804.00,665.00,2026-05-07 09:28:31
2026-04-21,2026-04-21 10:51:00,2026-04-21 11:00:00,OG,Backtest,AdxDiCrossBracketOG,OG_AdxDiCrossBracketOG,OG,NQ,NQ JUN26,SHORT,1,26794.50,26762.75,630.64,626.28,125.3,WIN,TARGET_HIT,26827.25,655.00,2026-05-07 09:28:31
2026-04-21,2026-04-21 10:51:00,2026-04-21 11:00:00,OG,Backtest,AdxDiCrossBracketOG,OG_AdxDiCrossBracketOG,OG,NQ,NQ JUN26,SHORT,1,26794.50,26762.75,630.64,626.28,125.3,WIN,TARGET_HIT,26827.25,655.00,2026-05-07 09:28:31
2026-05-06,2026-05-06 11:48:00,2026-05-06 11:51:00,OG,Backtest,AdxDiCrossBracketOG,OG_AdxDiCrossBracketOG,OG,NQ,NQ JUN26,SHORT,1,28556.50,28567.00,-214.36,-218.72,-43.7,LOSS,STOP_HIT,28582.00,510.00,2026-05-07 09:28:31
2026-05-01,2026-05-01 11:18:00,2026-05-01 11:27:00,OG,Backtest,AdxDiCrossBracketOG,OG_AdxDiCrossBracketOG,OG,NQ,NQ JUN26,LONG,1,27837.25,27867.25,595.64,591.28,118.3,WIN,STOP_HIT,27804.00,665.00,2026-05-07 09:28:31
2026-05-01,2026-05-01 11:00:00,2026-05-01 11:03:00,OG,Backtest,AdxDiCrossBracketOG,OG_AdxDiCrossBracketOG,OG,NQ,NQ JUN26,LONG,1,27833.00,27796.50,-734.36,-738.72,-147.7,LOSS,STOP_HIT,27797.00,720.00,2026-05-07 09:28:31
2026-05-01,2026-05-01 10:48:00,2026-05-01 10:54:00,OG,Backtest,AdxDiCrossBracketOG,OG_AdxDiCrossBracketOG,OG,NQ,NQ JUN26,LONG,1,27817.25,27799.00,-369.36,-373.72,-74.7,LOSS,STOP_HIT,27781.25,720.00,2026-05-07 09:28:31
2026-05-01,2026-05-01 10:42:00,2026-05-01 10:45:00,OG,Backtest,AdxDiCrossBracketOG,OG_AdxDiCrossBracketOG,OG,NQ,NQ JUN26,SHORT,1,27791.50,27826.25,-699.36,-703.72,-140.7,LOSS,STOP_HIT,27825.75,685.00,2026-05-07 09:28:31
2026-05-01,2026-05-01 11:06:00,2026-05-01 11:15:00,OG,Backtest,AdxDiCrossBracketOG,OG_AdxDiCrossBracketOG,OG,NQ,NQ JUN26,SHORT,1,27786.00,27815.00,-584.36,-588.72,-117.7,LOSS,STOP_HIT,27821.75,715.00,2026-05-07 09:28:31
2026-04-21,2026-04-21 10:51:00,2026-04-21 11:00:00,OG,Backtest,AdxDiCrossBracketOG,OG_AdxDiCrossBracketOG,OG,NQ,NQ JUN26,SHORT,1,26794.50,26762.75,630.64,626.28,125.3,WIN,TARGET_HIT,26827.25,655.00,2026-05-07 09:28:31
2026-05-01,2026-05-01 11:18:00,2026-05-01 11:27:00,OG,Backtest,AdxDiCrossBracketOG,OG_AdxDiCrossBracketOG,OG,NQ,NQ JUN26,LONG,1,27837.25,27867.25,595.64,591.28,118.3,WIN,STOP_HIT,27804.00,665.00,2026-05-07 09:28:31
2026-05-01,2026-05-01 10:42:00,2026-05-01 10:45:00,OG,Backtest,AdxDiCrossBracketOG,OG_AdxDiCrossBracketOG,OG,NQ,NQ JUN26,SHORT,1,27791.50,27826.25,-699.36,-703.72,-140.7,LOSS,STOP_HIT,27825.75,685.00,2026-05-07 09:28:31
2026-05-01,2026-05-01 10:42:00,2026-05-01 10:45:00,OG,Backtest,AdxDiCrossBracketOG,OG_AdxDiCrossBracketOG,OG,NQ,NQ JUN26,SHORT,1,27791.50,27826.25,-699.36,-703.72,-140.7,LOSS,STOP_HIT,27825.75,685.00,2026-05-07 09:28:31
2026-05-01,2026-05-01 11:18:00,2026-05-01 11:27:00,OG,Backtest,AdxDiCrossBracketOG,OG_AdxDiCrossBracketOG,OG,NQ,NQ JUN26,LONG,1,27837.25,27867.25,595.64,591.28,118.3,WIN,STOP_HIT,27804.00,665.00,2026-05-07 09:28:31
2026-05-01,2026-05-01 11:00:00,2026-05-01 11:03:00,OG,Backtest,AdxDiCrossBracketOG,OG_AdxDiCrossBracketOG,OG,NQ,NQ JUN26,LONG,1,27833.00,27796.50,-734.36,-738.72,-147.7,LOSS,STOP_HIT,27797.00,720.00,2026-05-07 09:28:31
2026-05-01,2026-05-01 11:18:00,2026-05-01 11:27:00,OG,Backtest,AdxDiCrossBracketOG,OG_AdxDiCrossBracketOG,OG,NQ,NQ JUN26,LONG,1,27837.25,27867.25,595.64,591.28,118.3,WIN,STOP_HIT,27804.00,665.00,2026-05-07 09:28:31
2026-05-01,2026-05-01 11:06:00,2026-05-01 11:15:00,OG,Backtest,AdxDiCrossBracketOG,OG_AdxDiCrossBracketOG,OG,NQ,NQ JUN26,SHORT,1,27786.00,27822.25,-729.36,-733.72,-146.7,LOSS,STOP_HIT,27821.75,715.00,2026-05-07 09:28:31
2026-05-01,2026-05-01 11:18:00,2026-05-01 11:27:00,OG,Backtest,AdxDiCrossBracketOG,OG_AdxDiCrossBracketOG,OG,NQ,NQ JUN26,LONG,1,27837.25,27867.25,595.64,591.28,118.3,WIN,STOP_HIT,27804.00,665.00,2026-05-07 09:28:31
2026-05-06,2026-05-06 11:48:00,2026-05-06 11:51:00,OG,Backtest,AdxDiCrossBracketOG,OG_AdxDiCrossBracketOG,OG,NQ,NQ JUN26,SHORT,1,28556.50,28567.00,-214.36,-218.72,-43.7,LOSS,STOP_HIT,28582.00,510.00,2026-05-07 09:28:31
2026-04-29,2026-04-29 11:15:00,2026-04-29 11:21:00,OG,Backtest,AdxDiCrossBracketOG,OG_AdxDiCrossBracketOG,OG,NQ,NQ JUN26,SHORT,1,27236.75,27262.75,-524.36,-528.72,-105.7,LOSS,STOP_HIT,27262.25,510.00,2026-05-07 09:28:31
2026-04-21,2026-04-21 10:51:00,2026-04-21 11:00:00,OG,Backtest,AdxDiCrossBracketOG,OG_AdxDiCrossBracketOG,OG,NQ,NQ JUN26,SHORT,1,26794.50,26762.75,630.64,626.28,125.3,WIN,TARGET_HIT,26827.25,655.00,2026-05-07 09:28:31
2026-05-01,2026-05-01 11:00:00,2026-05-01 11:03:00,OG,Backtest,AdxDiCrossBracketOG,OG_AdxDiCrossBracketOG,OG,NQ,NQ JUN26,LONG,1,27833.00,27796.50,-734.36,-738.72,-147.7,LOSS,STOP_HIT,27797.00,720.00,2026-05-07 09:28:31
2026-04-29,2026-04-29 11:15:00,2026-04-29 11:21:00,OG,Backtest,AdxDiCrossBracketOG,OG_AdxDiCrossBracketOG,OG,NQ,NQ JUN26,SHORT,1,27236.75,27262.75,-524.36,-528.72,-105.7,LOSS,STOP_HIT,27262.25,510.00,2026-05-07 09:28:31
2026-05-06,2026-05-06 11:48:00,2026-05-06 11:51:00,OG,Backtest,AdxDiCrossBracketOG,OG_AdxDiCrossBracketOG,OG,NQ,NQ JUN26,SHORT,1,28556.50,28567.00,-214.36,-218.72,-43.7,LOSS,STOP_HIT,28582.00,510.00,2026-05-07 09:28:31
2026-05-01,2026-05-01 10:48:00,2026-05-01 10:54:00,OG,Backtest,AdxDiCrossBracketOG,OG_AdxDiCrossBracketOG,OG,NQ,NQ JUN26,LONG,1,27817.25,27799.00,-369.36,-373.72,-74.7,LOSS,STOP_HIT,27781.25,720.00,2026-05-07 09:28:31
2026-05-01,2026-05-01 11:00:00,2026-05-01 11:03:00,OG,Backtest,AdxDiCrossBracketOG,OG_AdxDiCrossBracketOG,OG,NQ,NQ JUN26,LONG,1,27833.00,27796.50,-734.36,-738.72,-147.7,LOSS,STOP_HIT,27797.00,720.00,2026-05-07 09:28:31
2026-05-01,2026-05-01 11:06:00,2026-05-01 11:15:00,OG,Backtest,AdxDiCrossBracketOG,OG_AdxDiCrossBracketOG,OG,NQ,NQ JUN26,SHORT,1,27786.00,27822.25,-729.36,-733.72,-146.7,LOSS,STOP_HIT,27821.75,715.00,2026-05-07 09:28:31
2026-05-01,2026-05-01 11:18:00,2026-05-01 11:27:00,OG,Backtest,AdxDiCrossBracketOG,OG_AdxDiCrossBracketOG,OG,NQ,NQ JUN26,LONG,1,27837.25,27867.25,595.64,591.28,118.3,WIN,STOP_HIT,27804.00,665.00,2026-05-07 09:28:31
2026-05-01,2026-05-01 10:42:00,2026-05-01 10:45:00,OG,Backtest,AdxDiCrossBracketOG,OG_AdxDiCrossBracketOG,OG,NQ,NQ JUN26,SHORT,1,27791.50,27826.25,-699.36,-703.72,-140.7,LOSS,STOP_HIT,27825.75,685.00,2026-05-07 09:28:31
2026-05-06,2026-05-06 11:48:00,2026-05-06 11:51:00,OG,Backtest,AdxDiCrossBracketOG,OG_AdxDiCrossBracketOG,OG,NQ,NQ JUN26,SHORT,1,28556.50,28567.00,-214.36,-218.72,-43.7,LOSS,STOP_HIT,28582.00,510.00,2026-05-07 09:28:31
2026-05-01,2026-05-01 10:48:00,2026-05-01 10:54:00,OG,Backtest,AdxDiCrossBracketOG,OG_AdxDiCrossBracketOG,OG,NQ,NQ JUN26,LONG,1,27817.25,27799.00,-369.36,-373.72,-74.7,LOSS,STOP_HIT,27781.25,720.00,2026-05-07 09:28:31
2026-05-01,2026-05-01 11:00:00,2026-05-01 11:03:00,OG,Backtest,AdxDiCrossBracketOG,OG_AdxDiCrossBracketOG,OG,NQ,NQ JUN26,LONG,1,27833.00,27796.50,-734.36,-738.72,-147.7,LOSS,STOP_HIT,27797.00,720.00,2026-05-07 09:28:31
2026-04-21,2026-04-21 10:51:00,2026-04-21 11:00:00,OG,Backtest,AdxDiCrossBracketOG,OG_AdxDiCrossBracketOG,OG,NQ,NQ JUN26,SHORT,1,26794.50,26762.75,630.64,626.28,125.3,WIN,TARGET_HIT,26827.25,655.00,2026-05-07 09:28:31
2026-05-01,2026-05-01 11:00:00,2026-05-01 11:03:00,OG,Backtest,AdxDiCrossBracketOG,OG_AdxDiCrossBracketOG,OG,NQ,NQ JUN26,LONG,1,27833.00,27796.50,-734.36,-738.72,-147.7,LOSS,STOP_HIT,27797.00,720.00,2026-05-07 09:28:31
2026-04-29,2026-04-29 11:15:00,2026-04-29 11:21:00,OG,Backtest,AdxDiCrossBracketOG,OG_AdxDiCrossBracketOG,OG,NQ,NQ JUN26,SHORT,1,27236.75,27262.75,-524.36,-528.72,-105.7,LOSS,STOP_HIT,27262.25,510.00,2026-05-07 09:28:31
2026-05-06,2026-05-06 11:48:00,2026-05-06 11:51:00,OG,Backtest,AdxDiCrossBracketOG,OG_AdxDiCrossBracketOG,OG,NQ,NQ JUN26,SHORT,1,28556.50,28567.00,-214.36,-218.72,-43.7,LOSS,STOP_HIT,28582.00,510.00,2026-05-07 09:28:31
2026-04-29,2026-04-29 11:15:00,2026-04-29 11:21:00,OG,Backtest,AdxDiCrossBracketOG,OG_AdxDiCrossBracketOG,OG,NQ,NQ JUN26,SHORT,1,27236.75,27262.75,-524.36,-528.72,-105.7,LOSS,STOP_HIT,27262.25,510.00,2026-05-07 09:28:31
2026-05-01,2026-05-01 11:06:00,2026-05-01 11:15:00,OG,Backtest,AdxDiCrossBracketOG,OG_AdxDiCrossBracketOG,OG,NQ,NQ JUN26,SHORT,1,27786.00,27822.25,-729.36,-733.72,-146.7,LOSS,STOP_HIT,27821.75,715.00,2026-05-07 09:28:31
2026-04-21,2026-04-21 10:51:00,2026-04-21 11:00:00,OG,Backtest,AdxDiCrossBracketOG,OG_AdxDiCrossBracketOG,OG,NQ,NQ JUN26,SHORT,1,26794.50,26762.75,630.64,626.28,125.3,WIN,TARGET_HIT,26827.25,655.00,2026-05-07 09:28:31
2026-05-01,2026-05-01 11:18:00,2026-05-01 11:27:00,OG,Backtest,AdxDiCrossBracketOG,OG_AdxDiCrossBracketOG,OG,NQ,NQ JUN26,LONG,1,27837.25,27867.25,595.64,591.28,118.3,WIN,STOP_HIT,27804.00,665.00,2026-05-07 09:28:31
2026-04-29,2026-04-29 11:15:00,2026-04-29 11:21:00,OG,Backtest,AdxDiCrossBracketOG,OG_AdxDiCrossBracketOG,OG,NQ,NQ JUN26,SHORT,1,27236.75,27262.75,-524.36,-528.72,-105.7,LOSS,STOP_HIT,27262.25,510.00,2026-05-07 09:28:31
2026-05-01,2026-05-01 11:18:00,2026-05-01 11:27:00,OG,Backtest,AdxDiCrossBracketOG,OG_AdxDiCrossBracketOG,OG,NQ,NQ JUN26,LONG,1,27837.25,27867.25,595.64,591.28,118.3,WIN,STOP_HIT,27804.00,665.00,2026-05-07 09:28:31
2026-04-21,2026-04-21 10:51:00,2026-04-21 11:00:00,OG,Backtest,AdxDiCrossBracketOG,OG_AdxDiCrossBracketOG,OG,NQ,NQ JUN26,SHORT,1,26794.50,26762.75,630.64,626.28,125.3,WIN,TARGET_HIT,26827.25,655.00,2026-05-07 09:28:31
2026-05-01,2026-05-01 11:00:00,2026-05-01 11:03:00,OG,Backtest,AdxDiCrossBracketOG,OG_AdxDiCrossBracketOG,OG,NQ,NQ JUN26,LONG,1,27833.00,27796.50,-734.36,-738.72,-147.7,LOSS,STOP_HIT,27797.00,720.00,2026-05-07 09:28:31
2026-05-06,2026-05-06 11:48:00,2026-05-06 11:51:00,OG,Backtest,AdxDiCrossBracketOG,OG_AdxDiCrossBracketOG,OG,NQ,NQ JUN26,SHORT,1,28556.50,28567.00,-214.36,-218.72,-43.7,LOSS,STOP_HIT,28582.00,510.00,2026-05-07 09:28:31
2026-04-29,2026-04-29 11:15:00,2026-04-29 11:21:00,OG,Backtest,AdxDiCrossBracketOG,OG_AdxDiCrossBracketOG,OG,NQ,NQ JUN26,SHORT,1,27236.75,27262.75,-524.36,-528.72,-105.7,LOSS,STOP_HIT,27262.25,510.00,2026-05-07 09:28:31
2026-05-01,2026-05-01 10:42:00,2026-05-01 10:45:00,OG,Backtest,AdxDiCrossBracketOG,OG_AdxDiCrossBracketOG,OG,NQ,NQ JUN26,SHORT,1,27791.50,27826.25,-699.36,-703.72,-140.7,LOSS,STOP_HIT,27825.75,685.00,2026-05-07 09:28:31
2026-05-01,2026-05-01 11:06:00,2026-05-01 11:15:00,OG,Backtest,AdxDiCrossBracketOG,OG_AdxDiCrossBracketOG,OG,NQ,NQ JUN26,SHORT,1,27786.00,27815.00,-584.36,-588.72,-117.7,LOSS,STOP_HIT,27821.75,715.00,2026-05-07 09:28:31
2026-05-01,2026-05-01 11:18:00,2026-05-01 11:27:00,OG,Backtest,AdxDiCrossBracketOG,OG_AdxDiCrossBracketOG,OG,NQ,NQ JUN26,LONG,1,27837.25,27867.25,595.64,591.28,118.3,WIN,STOP_HIT,27804.00,665.00,2026-05-07 09:28:31
2026-04-21,2026-04-21 10:51:00,2026-04-21 11:00:00,OG,Backtest,AdxDiCrossBracketOG,OG_AdxDiCrossBracketOG,OG,NQ,NQ JUN26,SHORT,1,26794.50,26762.75,630.64,626.28,125.3,WIN,TARGET_HIT,26827.25,655.00,2026-05-07 09:28:31
2026-05-01,2026-05-01 11:06:00,2026-05-01 11:15:00,OG,Backtest,AdxDiCrossBracketOG,OG_AdxDiCrossBracketOG,OG,NQ,NQ JUN26,SHORT,1,27786.00,27822.25,-729.36,-733.72,-146.7,LOSS,STOP_HIT,27821.75,715.00,2026-05-07 09:28:31
2026-05-01,2026-05-01 11:18:00,2026-05-01 11:27:00,OG,Backtest,AdxDiCrossBracketOG,OG_AdxDiCrossBracketOG,OG,NQ,NQ JUN26,LONG,1,27837.25,27867.25,595.64,591.28,118.3,WIN,STOP_HIT,27804.00,665.00,2026-05-07 09:28:31
2026-05-06,2026-05-06 11:48:00,2026-05-06 11:51:00,OG,Backtest,AdxDiCrossBracketOG,OG_AdxDiCrossBracketOG,OG,NQ,NQ JUN26,SHORT,1,28556.50,28567.00,-214.36,-218.72,-43.7,LOSS,STOP_HIT,28582.00,510.00,2026-05-07 09:28:31
2026-05-01,2026-05-01 11:06:00,2026-05-01 11:15:00,OG,Backtest,AdxDiCrossBracketOG,OG_AdxDiCrossBracketOG,OG,NQ,NQ JUN26,SHORT,1,27786.00,27822.25,-729.36,-733.72,-146.7,LOSS,STOP_HIT,27821.75,715.00,2026-05-07 09:28:31
2026-05-01,2026-05-01 10:42:00,2026-05-01 10:45:00,OG,Backtest,AdxDiCrossBracketOG,OG_AdxDiCrossBracketOG,OG,NQ,NQ JUN26,SHORT,1,27791.50,27826.25,-699.36,-703.72,-140.7,LOSS,STOP_HIT,27825.75,685.00,2026-05-07 09:28:31
2026-04-21,2026-04-21 10:51:00,2026-04-21 11:00:00,OG,Backtest,AdxDiCrossBracketOG,OG_AdxDiCrossBracketOG,OG,NQ,NQ JUN26,SHORT,1,26794.50,26762.75,630.64,626.28,125.3,WIN,TARGET_HIT,26827.25,655.00,2026-05-07 09:28:31
2026-05-01,2026-05-01 10:48:00,2026-05-01 10:54:00,OG,Backtest,AdxDiCrossBracketOG,OG_AdxDiCrossBracketOG,OG,NQ,NQ JUN26,LONG,1,27817.25,27799.00,-369.36,-373.72,-74.7,LOSS,STOP_HIT,27781.25,720.00,2026-05-07 09:28:31
2026-04-29,2026-04-29 11:15:00,2026-04-29 11:21:00,OG,Backtest,AdxDiCrossBracketOG,OG_AdxDiCrossBracketOG,OG,NQ,NQ JUN26,SHORT,1,27236.75,27262.75,-524.36,-528.72,-105.7,LOSS,STOP_HIT,27262.25,510.00,2026-05-07 09:28:31
2026-05-01,2026-05-01 10:42:00,2026-05-01 10:45:00,OG,Backtest,AdxDiCrossBracketOG,OG_AdxDiCrossBracketOG,OG,NQ,NQ JUN26,SHORT,1,27791.50,27826.25,-699.36,-703.72,-140.7,LOSS,STOP_HIT,27825.75,685.00,2026-05-07 09:28:31
2026-05-01,2026-05-01 10:42:00,2026-05-01 10:45:00,OG,Backtest,AdxDiCrossBracketOG,OG_AdxDiCrossBracketOG,OG,NQ,NQ JUN26,SHORT,1,27791.50,27826.25,-699.36,-703.72,-140.7,LOSS,STOP_HIT,27825.75,685.00,2026-05-07 09:28:31
2026-04-21,2026-04-21 10:51:00,2026-04-21 11:00:00,OG,Backtest,AdxDiCrossBracketOG,OG_AdxDiCrossBracketOG,OG,NQ,NQ JUN26,SHORT,1,26794.50,26762.75,630.64,626.28,125.3,WIN,TARGET_HIT,26827.25,655.00,2026-05-07 09:28:31
2026-05-01,2026-05-01 10:48:00,2026-05-01 10:54:00,OG,Backtest,AdxDiCrossBracketOG,OG_AdxDiCrossBracketOG,OG,NQ,NQ JUN26,LONG,1,27817.25,27799.00,-369.36,-373.72,-74.7,LOSS,STOP_HIT,27781.25,720.00,2026-05-07 09:28:31
2026-05-01,2026-05-01 11:06:00,2026-05-01 11:15:00,OG,Backtest,AdxDiCrossBracketOG,OG_AdxDiCrossBracketOG,OG,NQ,NQ JUN26,SHORT,1,27786.00,27822.25,-729.36,-733.72,-146.7,LOSS,STOP_HIT,27821.75,715.00,2026-05-07 09:28:31
2026-05-01,2026-05-01 11:06:00,2026-05-01 11:15:00,OG,Backtest,AdxDiCrossBracketOG,OG_AdxDiCrossBracketOG,OG,NQ,NQ JUN26,SHORT,1,27786.00,27815.00,-584.36,-588.72,-117.7,LOSS,STOP_HIT,27821.75,715.00,2026-05-07 09:28:31
2026-05-01,2026-05-01 11:18:00,2026-05-01 11:27:00,OG,Backtest,AdxDiCrossBracketOG,OG_AdxDiCrossBracketOG,OG,NQ,NQ JUN26,LONG,1,27837.25,27867.25,595.64,591.28,118.3,WIN,STOP_HIT,27804.00,665.00,2026-05-07 09:28:31
2026-05-01,2026-05-01 11:00:00,2026-05-01 11:03:00,OG,Backtest,AdxDiCrossBracketOG,OG_AdxDiCrossBracketOG,OG,NQ,NQ JUN26,LONG,1,27833.00,27796.50,-734.36,-738.72,-147.7,LOSS,STOP_HIT,27797.00,720.00,2026-05-07 09:28:31
2026-05-06,2026-05-06 11:48:00,2026-05-06 11:51:00,OG,Backtest,AdxDiCrossBracketOG,OG_AdxDiCrossBracketOG,OG,NQ,NQ JUN26,SHORT,1,28556.50,28567.00,-214.36,-218.72,-43.7,LOSS,STOP_HIT,28582.00,510.00,2026-05-07 09:28:31
2026-05-01,2026-05-01 11:06:00,2026-05-01 11:15:00,OG,Backtest,AdxDiCrossBracketOG,OG_AdxDiCrossBracketOG,OG,NQ,NQ JUN26,SHORT,1,27786.00,27822.25,-729.36,-733.72,-146.7,LOSS,STOP_HIT,27821.75,715.00,2026-05-07 09:28:31
2026-05-01,2026-05-01 11:18:00,2026-05-01 11:27:00,OG,Backtest,AdxDiCrossBracketOG,OG_AdxDiCrossBracketOG,OG,NQ,NQ JUN26,LONG,1,27837.25,27867.25,595.64,591.28,118.3,WIN,STOP_HIT,27804.00,665.00,2026-05-07 09:28:31
2026-04-29,2026-04-29 11:15:00,2026-04-29 11:21:00,OG,Backtest,AdxDiCrossBracketOG,OG_AdxDiCrossBracketOG,OG,NQ,NQ JUN26,SHORT,1,27236.75,27262.75,-524.36,-528.72,-105.7,LOSS,STOP_HIT,27262.25,510.00,2026-05-07 09:28:31
2026-04-29,2026-04-29 11:15:00,2026-04-29 11:21:00,OG,Backtest,AdxDiCrossBracketOG,OG_AdxDiCrossBracketOG,OG,NQ,NQ JUN26,SHORT,1,27236.75,27262.75,-524.36,-528.72,-105.7,LOSS,STOP_HIT,27262.25,510.00,2026-05-07 09:28:31
2026-05-01,2026-05-01 10:48:00,2026-05-01 10:54:00,OG,Backtest,AdxDiCrossBracketOG,OG_AdxDiCrossBracketOG,OG,NQ,NQ JUN26,LONG,1,27817.25,27799.00,-369.36,-373.72,-74.7,LOSS,STOP_HIT,27781.25,720.00,2026-05-07 09:28:31
2026-05-01,2026-05-01 11:00:00,2026-05-01 11:03:00,OG,Backtest,AdxDiCrossBracketOG,OG_AdxDiCrossBracketOG,OG,NQ,NQ JUN26,LONG,1,27833.00,27796.50,-734.36,-738.72,-147.7,LOSS,STOP_HIT,27797.00,720.00,2026-05-07 09:28:31
2026-05-01,2026-05-01 10:42:00,2026-05-01 10:45:00,OG,Backtest,AdxDiCrossBracketOG,OG_AdxDiCrossBracketOG,OG,NQ,NQ JUN26,SHORT,1,27791.50,27826.25,-699.36,-703.72,-140.7,LOSS,STOP_HIT,27825.75,685.00,2026-05-07 09:28:31
2026-05-01,2026-05-01 11:18:00,2026-05-01 11:27:00,OG,Backtest,AdxDiCrossBracketOG,OG_AdxDiCrossBracketOG,OG,NQ,NQ JUN26,LONG,1,27837.25,27867.25,595.64,591.28,118.3,WIN,STOP_HIT,27804.00,665.00,2026-05-07 09:28:31
2026-05-01,2026-05-01 10:48:00,2026-05-01 10:54:00,OG,Backtest,AdxDiCrossBracketOG,OG_AdxDiCrossBracketOG,OG,NQ,NQ JUN26,LONG,1,27817.25,27799.00,-369.36,-373.72,-74.7,LOSS,STOP_HIT,27781.25,720.00,2026-05-07 09:28:31
2026-05-06,2026-05-06 11:48:00,2026-05-06 11:51:00,OG,Backtest,AdxDiCrossBracketOG,OG_AdxDiCrossBracketOG,OG,NQ,NQ JUN26,SHORT,1,28556.50,28567.00,-214.36,-218.72,-43.7,LOSS,STOP_HIT,28582.00,510.00,2026-05-07 09:28:31
2026-05-06,2026-05-06 11:48:00,2026-05-06 11:51:00,OG,Backtest,AdxDiCrossBracketOG,OG_AdxDiCrossBracketOG,OG,NQ,NQ JUN26,SHORT,1,28556.50,28567.00,-214.36,-218.72,-43.7,LOSS,STOP_HIT,28594.50,760.00,2026-05-07 09:28:31
2026-05-01,2026-05-01 11:18:00,2026-05-01 11:27:00,OG,Backtest,AdxDiCrossBracketOG,OG_AdxDiCrossBracketOG,OG,NQ,NQ JUN26,LONG,1,27837.25,27867.25,595.64,591.28,118.3,WIN,STOP_HIT,27804.00,665.00,2026-05-07 09:28:31
2026-04-21,2026-04-21 10:51:00,2026-04-21 11:00:00,OG,Backtest,AdxDiCrossBracketOG,OG_AdxDiCrossBracketOG,OG,NQ,NQ JUN26,SHORT,1,26794.50,26746.75,950.64,946.28,189.3,WIN,TARGET_HIT,26843.25,975.00,2026-05-07 09:28:31
2026-04-29,2026-04-29 11:15:00,2026-04-29 11:21:00,OG,Backtest,AdxDiCrossBracketOG,OG_AdxDiCrossBracketOG,OG,NQ,NQ JUN26,SHORT,1,27236.75,27263.00,-529.36,-533.72,-106.7,LOSS,STOP_HIT,27274.75,760.00,2026-05-07 09:28:31
2026-05-01,2026-05-01 10:42:00,2026-05-01 10:45:00,OG,Backtest,AdxDiCrossBracketOG,OG_AdxDiCrossBracketOG,OG,NQ,NQ JUN26,SHORT,1,27791.50,27826.25,-699.36,-703.72,-140.7,LOSS,STOP_HIT,27825.75,685.00,2026-05-07 09:28:31
2026-04-21,2026-04-21 10:51:00,2026-04-21 11:00:00,OG,Backtest,AdxDiCrossBracketOG,OG_AdxDiCrossBracketOG,OG,NQ,NQ JUN26,SHORT,1,26794.50,26762.75,630.64,626.28,125.3,WIN,TARGET_HIT,26827.25,655.00,2026-05-07 09:28:31
2026-05-01,2026-05-01 11:06:00,2026-05-01 11:15:00,OG,Backtest,AdxDiCrossBracketOG,OG_AdxDiCrossBracketOG,OG,NQ,NQ JUN26,SHORT,1,27786.00,27815.00,-584.36,-588.72,-117.7,LOSS,STOP_HIT,27821.75,715.00,2026-05-07 09:28:31
2026-04-21,2026-04-21 10:51:00,2026-04-21 11:00:00,OG,Backtest,AdxDiCrossBracketOG,OG_AdxDiCrossBracketOG,OG,NQ,NQ JUN26,SHORT,1,26794.50,26762.75,630.64,626.28,125.3,WIN,TARGET_HIT,26827.25,655.00,2026-05-07 09:28:31
2026-05-01,2026-05-01 11:18:00,2026-05-01 11:27:00,OG,Backtest,AdxDiCrossBracketOG,OG_AdxDiCrossBracketOG,OG,NQ,NQ JUN26,LONG,1,27837.25,27867.25,595.64,591.28,118.3,WIN,STOP_HIT,27804.00,665.00,2026-05-07 09:28:31
2026-04-29,2026-04-29 11:15:00,2026-04-29 11:21:00,OG,Backtest,AdxDiCrossBracketOG,OG_AdxDiCrossBracketOG,OG,NQ,NQ JUN26,SHORT,1,27236.75,27262.75,-524.36,-528.72,-105.7,LOSS,STOP_HIT,27262.25,510.00,2026-05-07 09:28:31
2026-05-06,2026-05-06 11:48:00,2026-05-06 11:51:00,OG,Backtest,AdxDiCrossBracketOG,OG_AdxDiCrossBracketOG,OG,NQ,NQ JUN26,SHORT,1,28556.50,28567.00,-214.36,-218.72,-43.7,LOSS,STOP_HIT,28582.00,510.00,2026-05-07 09:28:31
2026-05-01,2026-05-01 11:06:00,2026-05-01 11:12:00,OG,Backtest,AdxDiCrossBracketOG,OG_AdxDiCrossBracketOG,OG,NQ,NQ JUN26,SHORT,1,27786.00,27809.25,-469.36,-473.72,-94.7,LOSS,STOP_HIT,27839.75,1075.00,2026-05-07 09:28:31
2026-05-01,2026-05-01 11:00:00,2026-05-01 11:03:00,OG,Backtest,AdxDiCrossBracketOG,OG_AdxDiCrossBracketOG,OG,NQ,NQ JUN26,LONG,1,27833.00,27796.50,-734.36,-738.72,-147.7,LOSS,STOP_HIT,27797.00,720.00,2026-05-07 09:28:31
2026-05-01,2026-05-01 11:06:00,2026-05-01 11:15:00,OG,Backtest,AdxDiCrossBracketOG,OG_AdxDiCrossBracketOG,OG,NQ,NQ JUN26,SHORT,1,27786.00,27822.25,-729.36,-733.72,-146.7,LOSS,STOP_HIT,27821.75,715.00,2026-05-07 09:28:31
2026-05-01,2026-05-01 10:48:00,2026-05-01 10:54:00,OG,Backtest,AdxDiCrossBracketOG,OG_AdxDiCrossBracketOG,OG,NQ,NQ JUN26,LONG,1,27817.25,27799.00,-369.36,-373.72,-74.7,LOSS,STOP_HIT,27781.25,720.00,2026-05-07 09:28:31
2026-05-01,2026-05-01 11:18:00,2026-05-01 11:27:00,OG,Backtest,AdxDiCrossBracketOG,OG_AdxDiCrossBracketOG,OG,NQ,NQ JUN26,LONG,1,27837.25,27867.25,595.64,591.28,118.3,WIN,STOP_HIT,27804.00,665.00,2026-05-07 09:28:31
2026-05-01,2026-05-01 11:00:00,2026-05-01 11:03:00,OG,Backtest,AdxDiCrossBracketOG,OG_AdxDiCrossBracketOG,OG,NQ,NQ JUN26,LONG,1,27833.00,27796.50,-734.36,-738.72,-147.7,LOSS,STOP_HIT,27797.00,720.00,2026-05-07 09:28:31
2026-05-01,2026-05-01 11:06:00,2026-05-01 11:12:00,OG,Backtest,AdxDiCrossBracketOG,OG_AdxDiCrossBracketOG,OG,NQ,NQ JUN26,SHORT,1,27786.00,27809.25,-469.36,-473.72,-94.7,LOSS,STOP_HIT,27839.75,1075.00,2026-05-07 09:28:31
2026-05-01,2026-05-01 11:06:00,2026-05-01 11:15:00,OG,Backtest,AdxDiCrossBracketOG,OG_AdxDiCrossBracketOG,OG,NQ,NQ JUN26,SHORT,1,27786.00,27822.25,-729.36,-733.72,-146.7,LOSS,STOP_HIT,27821.75,715.00,2026-05-07 09:28:31
2026-04-21,2026-04-21 10:51:00,2026-04-21 11:00:00,OG,Backtest,AdxDiCrossBracketOG,OG_AdxDiCrossBracketOG,OG,NQ,NQ JUN26,SHORT,1,26794.50,26762.75,630.64,626.28,125.3,WIN,TARGET_HIT,26827.25,655.00,2026-05-07 09:28:31
2026-05-01,2026-05-01 11:06:00,2026-05-01 11:15:00,OG,Backtest,AdxDiCrossBracketOG,OG_AdxDiCrossBracketOG,OG,NQ,NQ JUN26,SHORT,1,27786.00,27822.25,-729.36,-733.72,-146.7,LOSS,STOP_HIT,27821.75,715.00,2026-05-07 09:28:31
2026-05-01,2026-05-01 10:42:00,2026-05-01 10:48:00,OG,Backtest,AdxDiCrossBracketOG,OG_AdxDiCrossBracketOG,OG,NQ,NQ JUN26,SHORT,1,27791.50,27817.25,-519.36,-523.72,-104.7,LOSS,STOP_HIT,27842.75,1025.00,2026-05-07 09:28:31
2026-04-21,2026-04-21 10:51:00,2026-04-21 11:00:00,OG,Backtest,AdxDiCrossBracketOG,OG_AdxDiCrossBracketOG,OG,NQ,NQ JUN26,SHORT,1,26794.50,26762.75,630.64,626.28,125.3,WIN,TARGET_HIT,26827.25,655.00,2026-05-07 09:28:31
2026-05-01,2026-05-01 10:54:00,2026-05-01 11:00:00,OG,Backtest,AdxDiCrossBracketOG,OG_AdxDiCrossBracketOG,OG,NQ,NQ JUN26,SHORT,1,27799.00,27833.00,-684.36,-688.72,-137.7,LOSS,STOP_HIT,27852.00,1060.00,2026-05-07 09:28:31
2026-05-01,2026-05-01 11:06:00,2026-05-01 11:15:00,OG,Backtest,AdxDiCrossBracketOG,OG_AdxDiCrossBracketOG,OG,NQ,NQ JUN26,SHORT,1,27786.00,27822.25,-729.36,-733.72,-146.7,LOSS,STOP_HIT,27821.75,715.00,2026-05-07 09:28:31
2026-04-29,2026-04-29 11:15:00,2026-04-29 11:21:00,OG,Backtest,AdxDiCrossBracketOG,OG_AdxDiCrossBracketOG,OG,NQ,NQ JUN26,SHORT,1,27236.75,27263.00,-529.36,-533.72,-106.7,LOSS,STOP_HIT,27274.75,760.00,2026-05-07 09:28:31
2026-05-01,2026-05-01 10:54:00,2026-05-01 11:00:00,OG,Backtest,AdxDiCrossBracketOG,OG_AdxDiCrossBracketOG,OG,NQ,NQ JUN26,SHORT,1,27799.00,27833.00,-684.36,-688.72,-137.7,LOSS,STOP_HIT,27852.00,1060.00,2026-05-07 09:28:31
2026-05-01,2026-05-01 11:06:00,2026-05-01 11:15:00,OG,Backtest,AdxDiCrossBracketOG,OG_AdxDiCrossBracketOG,OG,NQ,NQ JUN26,SHORT,1,27786.00,27822.25,-729.36,-733.72,-146.7,LOSS,STOP_HIT,27821.75,715.00,2026-05-07 09:28:31
2026-05-01,2026-05-01 11:18:00,2026-05-01 11:27:00,OG,Backtest,AdxDiCrossBracketOG,OG_AdxDiCrossBracketOG,OG,NQ,NQ JUN26,LONG,1,27837.25,27867.25,595.64,591.28,118.3,WIN,STOP_HIT,27787.25,1000.00,2026-05-07 09:28:31
2026-05-01,2026-05-01 11:06:00,2026-05-01 11:15:00,OG,Backtest,AdxDiCrossBracketOG,OG_AdxDiCrossBracketOG,OG,NQ,NQ JUN26,SHORT,1,27786.00,27822.25,-729.36,-733.72,-146.7,LOSS,STOP_HIT,27821.75,715.00,2026-05-07 09:28:31
2026-05-01,2026-05-01 11:18:00,2026-05-01 11:27:00,OG,Backtest,AdxDiCrossBracketOG,OG_AdxDiCrossBracketOG,OG,NQ,NQ JUN26,LONG,1,27837.25,27867.25,595.64,591.28,118.3,WIN,STOP_HIT,27804.00,665.00,2026-05-07 09:28:31
2026-04-29,2026-04-29 11:15:00,2026-04-29 11:24:00,OG,Backtest,AdxDiCrossBracketOG,OG_AdxDiCrossBracketOG,OG,NQ,NQ JUN26,SHORT,1,27236.75,27263.25,-534.36,-538.72,-107.7,LOSS,STOP_HIT,27274.75,760.00,2026-05-07 09:28:31
2026-04-21,2026-04-21 10:51:00,2026-04-21 11:00:00,OG,Backtest,AdxDiCrossBracketOG,OG_AdxDiCrossBracketOG,OG,NQ,NQ JUN26,SHORT,1,26794.50,26762.75,630.64,626.28,125.3,WIN,TARGET_HIT,26827.25,655.00,2026-05-07 09:28:31
2026-05-01,2026-05-01 10:42:00,2026-05-01 10:45:00,OG,Backtest,AdxDiCrossBracketOG,OG_AdxDiCrossBracketOG,OG,NQ,NQ JUN26,SHORT,1,27791.50,27826.25,-699.36,-703.72,-140.7,LOSS,STOP_HIT,27825.75,685.00,2026-05-07 09:28:31
2026-04-29,2026-04-29 11:15:00,2026-04-29 11:21:00,OG,Backtest,AdxDiCrossBracketOG,OG_AdxDiCrossBracketOG,OG,NQ,NQ JUN26,SHORT,1,27236.75,27262.75,-524.36,-528.72,-105.7,LOSS,STOP_HIT,27262.25,510.00,2026-05-07 09:28:31
2026-05-06,2026-05-06 11:48:00,2026-05-06 11:51:00,OG,Backtest,AdxDiCrossBracketOG,OG_AdxDiCrossBracketOG,OG,NQ,NQ JUN26,SHORT,1,28556.50,28567.00,-214.36,-218.72,-43.7,LOSS,STOP_HIT,28594.50,760.00,2026-05-07 09:28:31
2026-05-06,2026-05-06 11:48:00,2026-05-06 11:51:00,OG,Backtest,AdxDiCrossBracketOG,OG_AdxDiCrossBracketOG,OG,NQ,NQ JUN26,SHORT,1,28556.50,28567.00,-214.36,-218.72,-43.7,LOSS,STOP_HIT,28582.00,510.00,2026-05-07 09:28:31
2026-05-01,2026-05-01 10:48:00,2026-05-01 10:54:00,OG,Backtest,AdxDiCrossBracketOG,OG_AdxDiCrossBracketOG,OG,NQ,NQ JUN26,LONG,1,27817.25,27799.00,-369.36,-373.72,-74.7,LOSS,STOP_HIT,27781.25,720.00,2026-05-07 09:28:31
2026-05-01,2026-05-01 11:00:00,2026-05-01 11:03:00,OG,Backtest,AdxDiCrossBracketOG,OG_AdxDiCrossBracketOG,OG,NQ,NQ JUN26,LONG,1,27833.00,27796.50,-734.36,-738.72,-147.7,LOSS,STOP_HIT,27797.00,720.00,2026-05-07 09:28:31
2026-05-01,2026-05-01 11:06:00,2026-05-01 11:15:00,OG,Backtest,AdxDiCrossBracketOG,OG_AdxDiCrossBracketOG,OG,NQ,NQ JUN26,SHORT,1,27786.00,27822.25,-729.36,-733.72,-146.7,LOSS,STOP_HIT,27821.75,715.00,2026-05-07 09:28:31
2026-04-21,2026-04-21 10:51:00,2026-04-21 11:00:00,OG,Backtest,AdxDiCrossBracketOG,OG_AdxDiCrossBracketOG,OG,NQ,NQ JUN26,SHORT,1,26794.50,26746.75,950.64,946.28,189.3,WIN,TARGET_HIT,26843.25,975.00,2026-05-07 09:28:31
2026-05-01,2026-05-01 11:18:00,2026-05-01 11:27:00,OG,Backtest,AdxDiCrossBracketOG,OG_AdxDiCrossBracketOG,OG,NQ,NQ JUN26,LONG,1,27837.25,27867.25,595.64,591.28,118.3,WIN,STOP_HIT,27804.00,665.00,2026-05-07 09:28:31
2026-04-29,2026-04-29 11:15:00,2026-04-29 11:21:00,OG,Backtest,AdxDiCrossBracketOG,OG_AdxDiCrossBracketOG,OG,NQ,NQ JUN26,SHORT,1,27236.75,27262.75,-524.36,-528.72,-105.7,LOSS,STOP_HIT,27262.25,510.00,2026-05-07 09:28:31
2026-04-29,2026-04-29 11:15:00,2026-04-29 11:24:00,OG,Backtest,AdxDiCrossBracketOG,OG_AdxDiCrossBracketOG,OG,NQ,NQ JUN26,SHORT,1,27236.75,27263.25,-534.36,-538.72,-107.7,LOSS,STOP_HIT,27274.75,760.00,2026-05-07 09:28:31
2026-05-01,2026-05-01 11:00:00,2026-05-01 11:03:00,OG,Backtest,AdxDiCrossBracketOG,OG_AdxDiCrossBracketOG,OG,NQ,NQ JUN26,LONG,1,27833.00,27796.50,-734.36,-738.72,-147.7,LOSS,STOP_HIT,27797.00,720.00,2026-05-07 09:28:32
2026-05-01,2026-05-01 10:54:00,2026-05-01 11:00:00,OG,Backtest,AdxDiCrossBracketOG,OG_AdxDiCrossBracketOG,OG,NQ,NQ JUN26,SHORT,1,27799.00,27833.00,-684.36,-688.72,-137.7,LOSS,STOP_HIT,27852.00,1060.00,2026-05-07 09:28:32
2026-04-21,2026-04-21 10:51:00,2026-04-21 11:00:00,OG,Backtest,AdxDiCrossBracketOG,OG_AdxDiCrossBracketOG,OG,NQ,NQ JUN26,SHORT,1,26794.50,26746.75,950.64,946.28,189.3,WIN,TARGET_HIT,26843.25,975.00,2026-05-07 09:28:32
2026-04-21,2026-04-21 10:51:00,2026-04-21 11:00:00,OG,Backtest,AdxDiCrossBracketOG,OG_AdxDiCrossBracketOG,OG,NQ,NQ JUN26,SHORT,1,26794.50,26746.75,950.64,946.28,189.3,WIN,TARGET_HIT,26843.25,975.00,2026-05-07 09:28:32
2026-05-01,2026-05-01 11:00:00,2026-05-01 11:03:00,OG,Backtest,AdxDiCrossBracketOG,OG_AdxDiCrossBracketOG,OG,NQ,NQ JUN26,LONG,1,27833.00,27796.50,-734.36,-738.72,-147.7,LOSS,STOP_HIT,27797.00,720.00,2026-05-07 09:28:32
2026-05-01,2026-05-01 10:54:00,2026-05-01 11:00:00,OG,Backtest,AdxDiCrossBracketOG,OG_AdxDiCrossBracketOG,OG,NQ,NQ JUN26,SHORT,1,27799.00,27833.00,-684.36,-688.72,-137.7,LOSS,STOP_HIT,27852.00,1060.00,2026-05-07 09:28:32
2026-05-01,2026-05-01 10:42:00,2026-05-01 10:48:00,OG,Backtest,AdxDiCrossBracketOG,OG_AdxDiCrossBracketOG,OG,NQ,NQ JUN26,SHORT,1,27791.50,27817.25,-519.36,-523.72,-104.7,LOSS,STOP_HIT,27842.75,1025.00,2026-05-07 09:28:32
2026-05-01,2026-05-01 11:06:00,2026-05-01 11:12:00,OG,Backtest,AdxDiCrossBracketOG,OG_AdxDiCrossBracketOG,OG,NQ,NQ JUN26,SHORT,1,27786.00,27809.25,-469.36,-473.72,-94.7,LOSS,STOP_HIT,27839.75,1075.00,2026-05-07 09:28:32
2026-05-01,2026-05-01 10:54:00,2026-05-01 11:00:00,OG,Backtest,AdxDiCrossBracketOG,OG_AdxDiCrossBracketOG,OG,NQ,NQ JUN26,SHORT,1,27799.00,27833.00,-684.36,-688.72,-137.7,LOSS,STOP_HIT,27852.00,1060.00,2026-05-07 09:28:32
2026-05-01,2026-05-01 11:06:00,2026-05-01 11:15:00,OG,Backtest,AdxDiCrossBracketOG,OG_AdxDiCrossBracketOG,OG,NQ,NQ JUN26,SHORT,1,27786.00,27815.00,-584.36,-588.72,-117.7,LOSS,STOP_HIT,27839.75,1075.00,2026-05-07 09:28:32
2026-05-01,2026-05-01 11:18:00,2026-05-01 11:27:00,OG,Backtest,AdxDiCrossBracketOG,OG_AdxDiCrossBracketOG,OG,NQ,NQ JUN26,LONG,1,27837.25,27867.25,595.64,591.28,118.3,WIN,STOP_HIT,27787.25,1000.00,2026-05-07 09:28:32
2026-05-01,2026-05-01 11:06:00,2026-05-01 11:12:00,OG,Backtest,AdxDiCrossBracketOG,OG_AdxDiCrossBracketOG,OG,NQ,NQ JUN26,SHORT,1,27786.00,27809.25,-469.36,-473.72,-94.7,LOSS,STOP_HIT,27839.75,1075.00,2026-05-07 09:28:32
2026-05-01,2026-05-01 11:06:00,2026-05-01 11:15:00,OG,Backtest,AdxDiCrossBracketOG,OG_AdxDiCrossBracketOG,OG,NQ,NQ JUN26,SHORT,1,27786.00,27822.25,-729.36,-733.72,-146.7,LOSS,STOP_HIT,27821.75,715.00,2026-05-07 09:28:32
2026-05-01,2026-05-01 11:18:00,2026-05-01 11:27:00,OG,Backtest,AdxDiCrossBracketOG,OG_AdxDiCrossBracketOG,OG,NQ,NQ JUN26,LONG,1,27837.25,27867.25,595.64,591.28,118.3,WIN,STOP_HIT,27787.25,1000.00,2026-05-07 09:28:32
2026-05-06,2026-05-06 11:48:00,2026-05-06 11:51:00,OG,Backtest,AdxDiCrossBracketOG,OG_AdxDiCrossBracketOG,OG,NQ,NQ JUN26,SHORT,1,28556.50,28567.00,-214.36,-218.72,-43.7,LOSS,STOP_HIT,28594.50,760.00,2026-05-07 09:28:32
2026-05-01,2026-05-01 10:42:00,2026-05-01 10:48:00,OG,Backtest,AdxDiCrossBracketOG,OG_AdxDiCrossBracketOG,OG,NQ,NQ JUN26,SHORT,1,27791.50,27817.25,-519.36,-523.72,-104.7,LOSS,STOP_HIT,27842.75,1025.00,2026-05-07 09:28:32
2026-05-01,2026-05-01 10:54:00,2026-05-01 11:00:00,OG,Backtest,AdxDiCrossBracketOG,OG_AdxDiCrossBracketOG,OG,NQ,NQ JUN26,SHORT,1,27799.00,27833.00,-684.36,-688.72,-137.7,LOSS,STOP_HIT,27852.00,1060.00,2026-05-07 09:28:32
2026-05-01,2026-05-01 11:06:00,2026-05-01 11:12:00,OG,Backtest,AdxDiCrossBracketOG,OG_AdxDiCrossBracketOG,OG,NQ,NQ JUN26,SHORT,1,27786.00,27809.25,-469.36,-473.72,-94.7,LOSS,STOP_HIT,27839.75,1075.00,2026-05-07 09:28:32
2026-05-01,2026-05-01 11:18:00,2026-05-01 11:27:00,OG,Backtest,AdxDiCrossBracketOG,OG_AdxDiCrossBracketOG,OG,NQ,NQ JUN26,LONG,1,27837.25,27867.25,595.64,591.28,118.3,WIN,STOP_HIT,27787.25,1000.00,2026-05-07 09:28:32
2026-04-29,2026-04-29 11:15:00,2026-04-29 11:21:00,OG,Backtest,AdxDiCrossBracketOG,OG_AdxDiCrossBracketOG,OG,NQ,NQ JUN26,SHORT,1,27236.75,27263.00,-529.36,-533.72,-106.7,LOSS,STOP_HIT,27274.75,760.00,2026-05-07 09:28:32
2026-05-06,2026-05-06 11:48:00,2026-05-06 11:51:00,OG,Backtest,AdxDiCrossBracketOG,OG_AdxDiCrossBracketOG,OG,NQ,NQ JUN26,SHORT,1,28556.50,28567.00,-214.36,-218.72,-43.7,LOSS,STOP_HIT,28594.50,760.00,2026-05-07 09:28:32
2026-04-21,2026-04-21 10:51:00,2026-04-21 11:00:00,OG,Backtest,AdxDiCrossBracketOG,OG_AdxDiCrossBracketOG,OG,NQ,NQ JUN26,SHORT,1,26794.50,26746.75,950.64,946.28,189.3,WIN,TARGET_HIT,26843.25,975.00,2026-05-07 09:28:32
2026-04-29,2026-04-29 11:15:00,2026-04-29 11:24:00,OG,Backtest,AdxDiCrossBracketOG,OG_AdxDiCrossBracketOG,OG,NQ,NQ JUN26,SHORT,1,27236.75,27263.25,-534.36,-538.72,-107.7,LOSS,STOP_HIT,27274.75,760.00,2026-05-07 09:28:32
2026-05-01,2026-05-01 10:42:00,2026-05-01 10:48:00,OG,Backtest,AdxDiCrossBracketOG,OG_AdxDiCrossBracketOG,OG,NQ,NQ JUN26,SHORT,1,27791.50,27817.25,-519.36,-523.72,-104.7,LOSS,STOP_HIT,27842.75,1025.00,2026-05-07 09:28:32
2026-05-01,2026-05-01 10:54:00,2026-05-01 11:00:00,OG,Backtest,AdxDiCrossBracketOG,OG_AdxDiCrossBracketOG,OG,NQ,NQ JUN26,SHORT,1,27799.00,27833.00,-684.36,-688.72,-137.7,LOSS,STOP_HIT,27852.00,1060.00,2026-05-07 09:28:32
2026-05-01,2026-05-01 11:06:00,2026-05-01 11:18:00,OG,Backtest,AdxDiCrossBracketOG,OG_AdxDiCrossBracketOG,OG,NQ,NQ JUN26,SHORT,1,27786.00,27837.25,-1029.36,-1033.72,-206.7,LOSS,STOP_HIT,27839.75,1075.00,2026-05-07 09:28:32
2026-05-06,2026-05-06 11:48:00,2026-05-06 11:51:00,OG,Backtest,AdxDiCrossBracketOG,OG_AdxDiCrossBracketOG,OG,NQ,NQ JUN26,SHORT,1,28556.50,28567.00,-214.36,-218.72,-43.7,LOSS,STOP_HIT,28594.50,760.00,2026-05-07 09:28:32
2026-04-21,2026-04-21 10:51:00,2026-04-21 11:00:00,OG,Backtest,AdxDiCrossBracketOG,OG_AdxDiCrossBracketOG,OG,NQ,NQ JUN26,SHORT,1,26794.50,26746.75,950.64,946.28,189.3,WIN,TARGET_HIT,26843.25,975.00,2026-05-07 09:28:32
2026-05-01,2026-05-01 10:42:00,2026-05-01 10:48:00,OG,Backtest,AdxDiCrossBracketOG,OG_AdxDiCrossBracketOG,OG,NQ,NQ JUN26,SHORT,1,27791.50,27817.25,-519.36,-523.72,-104.7,LOSS,STOP_HIT,27842.75,1025.00,2026-05-07 09:28:32
2026-05-01,2026-05-01 11:18:00,2026-05-01 11:27:00,OG,Backtest,AdxDiCrossBracketOG,OG_AdxDiCrossBracketOG,OG,NQ,NQ JUN26,LONG,1,27837.25,27867.25,595.64,591.28,118.3,WIN,STOP_HIT,27787.25,1000.00,2026-05-07 09:28:32
2026-04-21,2026-04-21 10:51:00,2026-04-21 11:00:00,OG,Backtest,AdxDiCrossBracketOG,OG_AdxDiCrossBracketOG,OG,NQ,NQ JUN26,SHORT,1,26794.50,26746.75,950.64,946.28,189.3,WIN,TARGET_HIT,26843.25,975.00,2026-05-07 09:28:32
2026-05-01,2026-05-01 10:42:00,2026-05-01 10:45:00,OG,Backtest,AdxDiCrossBracketOG,OG_AdxDiCrossBracketOG,OG,NQ,NQ JUN26,SHORT,1,27791.50,27826.25,-699.36,-703.72,-140.7,LOSS,STOP_HIT,27825.75,685.00,2026-05-07 09:28:32
2026-05-01,2026-05-01 10:54:00,2026-05-01 11:00:00,OG,Backtest,AdxDiCrossBracketOG,OG_AdxDiCrossBracketOG,OG,NQ,NQ JUN26,SHORT,1,27799.00,27833.00,-684.36,-688.72,-137.7,LOSS,STOP_HIT,27852.00,1060.00,2026-05-07 09:28:32
2026-04-21,2026-04-21 10:51:00,2026-04-21 11:00:00,OG,Backtest,AdxDiCrossBracketOG,OG_AdxDiCrossBracketOG,OG,NQ,NQ JUN26,SHORT,1,26794.50,26746.75,950.64,946.28,189.3,WIN,TARGET_HIT,26843.25,975.00,2026-05-07 09:28:32
2026-05-01,2026-05-01 10:54:00,2026-05-01 11:00:00,OG,Backtest,AdxDiCrossBracketOG,OG_AdxDiCrossBracketOG,OG,NQ,NQ JUN26,SHORT,1,27799.00,27833.00,-684.36,-688.72,-137.7,LOSS,STOP_HIT,27852.00,1060.00,2026-05-07 09:28:32
2026-04-21,2026-04-21 10:51:00,2026-04-21 11:00:00,OG,Backtest,AdxDiCrossBracketOG,OG_AdxDiCrossBracketOG,OG,NQ,NQ JUN26,SHORT,1,26794.50,26746.75,950.64,946.28,189.3,WIN,TARGET_HIT,26843.25,975.00,2026-05-07 09:28:32
2026-05-01,2026-05-01 11:06:00,2026-05-01 11:15:00,OG,Backtest,AdxDiCrossBracketOG,OG_AdxDiCrossBracketOG,OG,NQ,NQ JUN26,SHORT,1,27786.00,27822.25,-729.36,-733.72,-146.7,LOSS,STOP_HIT,27821.75,715.00,2026-05-07 09:28:32
2026-04-21,2026-04-21 10:51:00,2026-04-21 11:00:00,OG,Backtest,AdxDiCrossBracketOG,OG_AdxDiCrossBracketOG,OG,NQ,NQ JUN26,SHORT,1,26794.50,26746.75,950.64,946.28,189.3,WIN,TARGET_HIT,26843.25,975.00,2026-05-07 09:28:32
2026-04-29,2026-04-29 11:15:00,2026-04-29 11:24:00,OG,Backtest,AdxDiCrossBracketOG,OG_AdxDiCrossBracketOG,OG,NQ,NQ JUN26,SHORT,1,27236.75,27263.25,-534.36,-538.72,-107.7,LOSS,STOP_HIT,27274.75,760.00,2026-05-07 09:28:32
2026-04-21,2026-04-21 10:51:00,2026-04-21 11:00:00,OG,Backtest,AdxDiCrossBracketOG,OG_AdxDiCrossBracketOG,OG,NQ,NQ JUN26,SHORT,1,26794.50,26746.75,950.64,946.28,189.3,WIN,TARGET_HIT,26843.25,975.00,2026-05-07 09:28:32
2026-04-29,2026-04-29 11:15:00,2026-04-29 11:21:00,OG,Backtest,AdxDiCrossBracketOG,OG_AdxDiCrossBracketOG,OG,NQ,NQ JUN26,SHORT,1,27236.75,27263.00,-529.36,-533.72,-106.7,LOSS,STOP_HIT,27274.75,760.00,2026-05-07 09:28:32
2026-05-01,2026-05-01 10:42:00,2026-05-01 10:48:00,OG,Backtest,AdxDiCrossBracketOG,OG_AdxDiCrossBracketOG,OG,NQ,NQ JUN26,SHORT,1,27791.50,27817.25,-519.36,-523.72,-104.7,LOSS,STOP_HIT,27842.75,1025.00,2026-05-07 09:28:32
2026-04-29,2026-04-29 11:15:00,2026-04-29 11:24:00,OG,Backtest,AdxDiCrossBracketOG,OG_AdxDiCrossBracketOG,OG,NQ,NQ JUN26,SHORT,1,27236.75,27263.25,-534.36,-538.72,-107.7,LOSS,STOP_HIT,27274.75,760.00,2026-05-07 09:28:32
2026-05-01,2026-05-01 10:54:00,2026-05-01 11:00:00,OG,Backtest,AdxDiCrossBracketOG,OG_AdxDiCrossBracketOG,OG,NQ,NQ JUN26,SHORT,1,27799.00,27833.00,-684.36,-688.72,-137.7,LOSS,STOP_HIT,27852.00,1060.00,2026-05-07 09:28:32
2026-05-01,2026-05-01 10:42:00,2026-05-01 10:48:00,OG,Backtest,AdxDiCrossBracketOG,OG_AdxDiCrossBracketOG,OG,NQ,NQ JUN26,SHORT,1,27791.50,27817.25,-519.36,-523.72,-104.7,LOSS,STOP_HIT,27842.75,1025.00,2026-05-07 09:28:32
2026-05-01,2026-05-01 11:06:00,2026-05-01 11:18:00,OG,Backtest,AdxDiCrossBracketOG,OG_AdxDiCrossBracketOG,OG,NQ,NQ JUN26,SHORT,1,27786.00,27837.25,-1029.36,-1033.72,-206.7,LOSS,STOP_HIT,27839.75,1075.00,2026-05-07 09:28:32
2026-05-01,2026-05-01 11:06:00,2026-05-01 11:15:00,OG,Backtest,AdxDiCrossBracketOG,OG_AdxDiCrossBracketOG,OG,NQ,NQ JUN26,SHORT,1,27786.00,27815.00,-584.36,-588.72,-117.7,LOSS,STOP_HIT,27839.75,1075.00,2026-05-07 09:28:32
2026-05-06,2026-05-06 11:48:00,2026-05-06 11:51:00,OG,Backtest,AdxDiCrossBracketOG,OG_AdxDiCrossBracketOG,OG,NQ,NQ JUN26,SHORT,1,28556.50,28567.00,-214.36,-218.72,-43.7,LOSS,STOP_HIT,28594.50,760.00,2026-05-07 09:28:32
2026-05-01,2026-05-01 10:42:00,2026-05-01 10:48:00,OG,Backtest,AdxDiCrossBracketOG,OG_AdxDiCrossBracketOG,OG,NQ,NQ JUN26,SHORT,1,27791.50,27817.25,-519.36,-523.72,-104.7,LOSS,STOP_HIT,27842.75,1025.00,2026-05-07 09:28:32
2026-05-01,2026-05-01 11:18:00,2026-05-01 11:27:00,OG,Backtest,AdxDiCrossBracketOG,OG_AdxDiCrossBracketOG,OG,NQ,NQ JUN26,LONG,1,27837.25,27867.25,595.64,591.28,118.3,WIN,STOP_HIT,27787.25,1000.00,2026-05-07 09:28:32
2026-05-01,2026-05-01 11:18:00,2026-05-01 11:27:00,OG,Backtest,AdxDiCrossBracketOG,OG_AdxDiCrossBracketOG,OG,NQ,NQ JUN26,LONG,1,27837.25,27867.25,595.64,591.28,118.3,WIN,STOP_HIT,27787.25,1000.00,2026-05-07 09:28:32
2026-05-06,2026-05-06 11:48:00,2026-05-06 11:51:00,OG,Backtest,AdxDiCrossBracketOG,OG_AdxDiCrossBracketOG,OG,NQ,NQ JUN26,SHORT,1,28556.50,28567.00,-214.36,-218.72,-43.7,LOSS,STOP_HIT,28594.50,760.00,2026-05-07 09:28:32
2026-05-01,2026-05-01 10:54:00,2026-05-01 11:00:00,OG,Backtest,AdxDiCrossBracketOG,OG_AdxDiCrossBracketOG,OG,NQ,NQ JUN26,SHORT,1,27799.00,27833.00,-684.36,-688.72,-137.7,LOSS,STOP_HIT,27852.00,1060.00,2026-05-07 09:28:32
2026-05-06,2026-05-06 11:48:00,2026-05-06 11:51:00,OG,Backtest,AdxDiCrossBracketOG,OG_AdxDiCrossBracketOG,OG,NQ,NQ JUN26,SHORT,1,28556.50,28567.00,-214.36,-218.72,-43.7,LOSS,STOP_HIT,28594.50,760.00,2026-05-07 09:28:32
2026-05-01,2026-05-01 11:06:00,2026-05-01 11:15:00,OG,Backtest,AdxDiCrossBracketOG,OG_AdxDiCrossBracketOG,OG,NQ,NQ JUN26,SHORT,1,27786.00,27815.00,-584.36,-588.72,-117.7,LOSS,STOP_HIT,27839.75,1075.00,2026-05-07 09:28:32
2026-04-21,2026-04-21 10:51:00,2026-04-21 11:00:00,OG,Backtest,AdxDiCrossBracketOG,OG_AdxDiCrossBracketOG,OG,NQ,NQ JUN26,SHORT,1,26794.50,26746.75,950.64,946.28,189.3,WIN,TARGET_HIT,26843.25,975.00,2026-05-07 09:28:32
2026-04-29,2026-04-29 11:15:00,2026-04-29 11:24:00,OG,Backtest,AdxDiCrossBracketOG,OG_AdxDiCrossBracketOG,OG,NQ,NQ JUN26,SHORT,1,27236.75,27263.25,-534.36,-538.72,-107.7,LOSS,STOP_HIT,27274.75,760.00,2026-05-07 09:28:32
2026-05-01,2026-05-01 10:42:00,2026-05-01 10:48:00,OG,Backtest,AdxDiCrossBracketOG,OG_AdxDiCrossBracketOG,OG,NQ,NQ JUN26,SHORT,1,27791.50,27817.25,-519.36,-523.72,-104.7,LOSS,STOP_HIT,27842.75,1025.00,2026-05-07 09:28:32
2026-05-01,2026-05-01 10:54:00,2026-05-01 11:00:00,OG,Backtest,AdxDiCrossBracketOG,OG_AdxDiCrossBracketOG,OG,NQ,NQ JUN26,SHORT,1,27799.00,27833.00,-684.36,-688.72,-137.7,LOSS,STOP_HIT,27852.00,1060.00,2026-05-07 09:28:32
2026-04-21,2026-04-21 10:51:00,2026-04-21 11:00:00,OG,Backtest,AdxDiCrossBracketOG,OG_AdxDiCrossBracketOG,OG,NQ,NQ JUN26,SHORT,1,26794.50,26746.75,950.64,946.28,189.3,WIN,TARGET_HIT,26843.25,975.00,2026-05-07 09:28:32
2026-05-06,2026-05-06 11:48:00,2026-05-06 11:51:00,OG,Backtest,AdxDiCrossBracketOG,OG_AdxDiCrossBracketOG,OG,NQ,NQ JUN26,SHORT,1,28556.50,28567.00,-214.36,-218.72,-43.7,LOSS,STOP_HIT,28594.50,760.00,2026-05-07 09:28:32
2026-04-29,2026-04-29 11:15:00,2026-04-29 11:24:00,OG,Backtest,AdxDiCrossBracketOG,OG_AdxDiCrossBracketOG,OG,NQ,NQ JUN26,SHORT,1,27236.75,27263.25,-534.36,-538.72,-107.7,LOSS,STOP_HIT,27274.75,760.00,2026-05-07 09:28:32
2026-04-21,2026-04-21 10:51:00,2026-04-21 11:00:00,OG,Backtest,AdxDiCrossBracketOG,OG_AdxDiCrossBracketOG,OG,NQ,NQ JUN26,SHORT,1,26794.50,26746.75,950.64,946.28,189.3,WIN,TARGET_HIT,26843.25,975.00,2026-05-07 09:28:32
2026-05-06,2026-05-06 11:48:00,2026-05-06 11:51:00,OG,Backtest,AdxDiCrossBracketOG,OG_AdxDiCrossBracketOG,OG,NQ,NQ JUN26,SHORT,1,28556.50,28567.00,-214.36,-218.72,-43.7,LOSS,STOP_HIT,28594.50,760.00,2026-05-07 09:28:32
2026-05-01,2026-05-01 11:06:00,2026-05-01 11:18:00,OG,Backtest,AdxDiCrossBracketOG,OG_AdxDiCrossBracketOG,OG,NQ,NQ JUN26,SHORT,1,27786.00,27837.25,-1029.36,-1033.72,-206.7,LOSS,STOP_HIT,27839.75,1075.00,2026-05-07 09:28:32
2026-04-21,2026-04-21 10:51:00,2026-04-21 11:00:00,OG,Backtest,AdxDiCrossBracketOG,OG_AdxDiCrossBracketOG,OG,NQ,NQ JUN26,SHORT,1,26794.50,26746.75,950.64,946.28,189.3,WIN,TARGET_HIT,26843.25,975.00,2026-05-07 09:28:32
2026-05-01,2026-05-01 10:54:00,2026-05-01 11:00:00,OG,Backtest,AdxDiCrossBracketOG,OG_AdxDiCrossBracketOG,OG,NQ,NQ JUN26,SHORT,1,27799.00,27833.00,-684.36,-688.72,-137.7,LOSS,STOP_HIT,27852.00,1060.00,2026-05-07 09:28:32
2026-04-21,2026-04-21 10:51:00,2026-04-21 11:00:00,OG,Backtest,AdxDiCrossBracketOG,OG_AdxDiCrossBracketOG,OG,NQ,NQ JUN26,SHORT,1,26794.50,26746.75,950.64,946.28,189.3,WIN,TARGET_HIT,26843.25,975.00,2026-05-07 09:28:32
2026-05-01,2026-05-01 11:06:00,2026-05-01 11:18:00,OG,Backtest,AdxDiCrossBracketOG,OG_AdxDiCrossBracketOG,OG,NQ,NQ JUN26,SHORT,1,27786.00,27837.25,-1029.36,-1033.72,-206.7,LOSS,STOP_HIT,27839.75,1075.00,2026-05-07 09:28:32
2026-04-21,2026-04-21 10:51:00,2026-04-21 11:00:00,OG,Backtest,AdxDiCrossBracketOG,OG_AdxDiCrossBracketOG,OG,NQ,NQ JUN26,SHORT,1,26794.50,26746.75,950.64,946.28,189.3,WIN,TARGET_HIT,26843.25,975.00,2026-05-07 09:28:32
2026-05-01,2026-05-01 10:42:00,2026-05-01 10:48:00,OG,Backtest,AdxDiCrossBracketOG,OG_AdxDiCrossBracketOG,OG,NQ,NQ JUN26,SHORT,1,27791.50,27817.25,-519.36,-523.72,-104.7,LOSS,STOP_HIT,27842.75,1025.00,2026-05-07 09:28:32
2026-05-01,2026-05-01 10:42:00,2026-05-01 10:48:00,OG,Backtest,AdxDiCrossBracketOG,OG_AdxDiCrossBracketOG,OG,NQ,NQ JUN26,SHORT,1,27791.50,27817.25,-519.36,-523.72,-104.7,LOSS,STOP_HIT,27842.75,1025.00,2026-05-07 09:28:32
2026-05-01,2026-05-01 10:42:00,2026-05-01 10:48:00,OG,Backtest,AdxDiCrossBracketOG,OG_AdxDiCrossBracketOG,OG,NQ,NQ JUN26,SHORT,1,27791.50,27817.25,-519.36,-523.72,-104.7,LOSS,STOP_HIT,27842.75,1025.00,2026-05-07 09:28:32
2026-05-01,2026-05-01 11:06:00,2026-05-01 11:15:00,OG,Backtest,AdxDiCrossBracketOG,OG_AdxDiCrossBracketOG,OG,NQ,NQ JUN26,SHORT,1,27786.00,27815.00,-584.36,-588.72,-117.7,LOSS,STOP_HIT,27839.75,1075.00,2026-05-07 09:28:32
2026-05-01,2026-05-01 11:06:00,2026-05-01 11:15:00,OG,Backtest,AdxDiCrossBracketOG,OG_AdxDiCrossBracketOG,OG,NQ,NQ JUN26,SHORT,1,27786.00,27815.00,-584.36,-588.72,-117.7,LOSS,STOP_HIT,27839.75,1075.00,2026-05-07 09:28:32
2026-05-01,2026-05-01 11:06:00,2026-05-01 11:18:00,OG,Backtest,AdxDiCrossBracketOG,OG_AdxDiCrossBracketOG,OG,NQ,NQ JUN26,SHORT,1,27786.00,27837.25,-1029.36,-1033.72,-206.7,LOSS,STOP_HIT,27839.75,1075.00,2026-05-07 09:28:32
2026-04-29,2026-04-29 11:15:00,2026-04-29 11:24:00,OG,Backtest,AdxDiCrossBracketOG,OG_AdxDiCrossBracketOG,OG,NQ,NQ JUN26,SHORT,1,27236.75,27263.25,-534.36,-538.72,-107.7,LOSS,STOP_HIT,27274.75,760.00,2026-05-07 09:28:32
2026-05-06,2026-05-06 11:48:00,2026-05-06 11:51:00,OG,Backtest,AdxDiCrossBracketOG,OG_AdxDiCrossBracketOG,OG,NQ,NQ JUN26,SHORT,1,28556.50,28567.00,-214.36,-218.72,-43.7,LOSS,STOP_HIT,28594.50,760.00,2026-05-07 09:28:32
2026-04-21,2026-04-21 10:51:00,2026-04-21 11:00:00,OG,Backtest,AdxDiCrossBracketOG,OG_AdxDiCrossBracketOG,OG,NQ,NQ JUN26,SHORT,1,26794.50,26746.75,950.64,946.28,189.3,WIN,TARGET_HIT,26843.25,975.00,2026-05-07 09:28:32
2026-05-01,2026-05-01 11:06:00,2026-05-01 11:12:00,OG,Backtest,AdxDiCrossBracketOG,OG_AdxDiCrossBracketOG,OG,NQ,NQ JUN26,SHORT,1,27786.00,27809.25,-469.36,-473.72,-94.7,LOSS,STOP_HIT,27857.50,1430.00,2026-05-07 09:28:32
2026-05-06,2026-05-06 11:48:00,2026-05-06 11:51:00,OG,Backtest,AdxDiCrossBracketOG,OG_AdxDiCrossBracketOG,OG,NQ,NQ JUN26,SHORT,1,28556.50,28567.00,-214.36,-218.72,-43.7,LOSS,STOP_HIT,28594.50,760.00,2026-05-07 09:28:32
2026-05-01,2026-05-01 10:54:00,2026-05-01 11:00:00,OG,Backtest,AdxDiCrossBracketOG,OG_AdxDiCrossBracketOG,OG,NQ,NQ JUN26,SHORT,1,27799.00,27833.00,-684.36,-688.72,-137.7,LOSS,STOP_HIT,27852.00,1060.00,2026-05-07 09:28:32
2026-05-01,2026-05-01 10:42:00,2026-05-01 10:48:00,OG,Backtest,AdxDiCrossBracketOG,OG_AdxDiCrossBracketOG,OG,NQ,NQ JUN26,SHORT,1,27791.50,27817.25,-519.36,-523.72,-104.7,LOSS,STOP_HIT,27842.75,1025.00,2026-05-07 09:28:32
2026-05-01,2026-05-01 10:54:00,2026-05-01 11:00:00,OG,Backtest,AdxDiCrossBracketOG,OG_AdxDiCrossBracketOG,OG,NQ,NQ JUN26,SHORT,1,27799.00,27833.00,-684.36,-688.72,-137.7,LOSS,STOP_HIT,27852.00,1060.00,2026-05-07 09:28:32
2026-05-01,2026-05-01 11:06:00,2026-05-01 11:15:00,OG,Backtest,AdxDiCrossBracketOG,OG_AdxDiCrossBracketOG,OG,NQ,NQ JUN26,SHORT,1,27786.00,27815.00,-584.36,-588.72,-117.7,LOSS,STOP_HIT,27839.75,1075.00,2026-05-07 09:28:32
2026-05-01,2026-05-01 11:06:00,2026-05-01 11:18:00,OG,Backtest,AdxDiCrossBracketOG,OG_AdxDiCrossBracketOG,OG,NQ,NQ JUN26,SHORT,1,27786.00,27837.25,-1029.36,-1033.72,-206.7,LOSS,STOP_HIT,27839.75,1075.00,2026-05-07 09:28:32
2026-05-01,2026-05-01 11:18:00,2026-05-01 11:27:00,OG,Backtest,AdxDiCrossBracketOG,OG_AdxDiCrossBracketOG,OG,NQ,NQ JUN26,LONG,1,27837.25,27867.25,595.64,591.28,118.3,WIN,STOP_HIT,27787.25,1000.00,2026-05-07 09:28:32
2026-04-29,2026-04-29 11:15:00,2026-04-29 11:24:00,OG,Backtest,AdxDiCrossBracketOG,OG_AdxDiCrossBracketOG,OG,NQ,NQ JUN26,SHORT,1,27236.75,27263.25,-534.36,-538.72,-107.7,LOSS,STOP_HIT,27274.75,760.00,2026-05-07 09:28:32
2026-05-06,2026-05-06 11:48:00,2026-05-06 11:51:00,OG,Backtest,AdxDiCrossBracketOG,OG_AdxDiCrossBracketOG,OG,NQ,NQ JUN26,SHORT,1,28556.50,28567.00,-214.36,-218.72,-43.7,LOSS,STOP_HIT,28594.50,760.00,2026-05-07 09:28:32
2026-05-01,2026-05-01 10:54:00,2026-05-01 11:00:00,OG,Backtest,AdxDiCrossBracketOG,OG_AdxDiCrossBracketOG,OG,NQ,NQ JUN26,SHORT,1,27799.00,27833.00,-684.36,-688.72,-137.7,LOSS,STOP_HIT,27852.00,1060.00,2026-05-07 09:28:32
2026-05-06,2026-05-06 11:48:00,2026-05-06 11:51:00,OG,Backtest,AdxDiCrossBracketOG,OG_AdxDiCrossBracketOG,OG,NQ,NQ JUN26,SHORT,1,28556.50,28567.00,-214.36,-218.72,-43.7,LOSS,STOP_HIT,28594.50,760.00,2026-05-07 09:28:32
2026-05-06,2026-05-06 11:48:00,2026-05-06 11:51:00,OG,Backtest,AdxDiCrossBracketOG,OG_AdxDiCrossBracketOG,OG,NQ,NQ JUN26,SHORT,1,28556.50,28567.00,-214.36,-218.72,-43.7,LOSS,STOP_HIT,28594.50,760.00,2026-05-07 09:28:32
2026-04-21,2026-04-21 10:51:00,2026-04-21 11:00:00,OG,Backtest,AdxDiCrossBracketOG,OG_AdxDiCrossBracketOG,OG,NQ,NQ JUN26,SHORT,1,26794.50,26730.75,1270.64,1266.28,253.3,WIN,TARGET_HIT,26859.25,1295.00,2026-05-07 09:28:32
2026-04-21,2026-04-21 10:51:00,2026-04-21 11:00:00,OG,Backtest,AdxDiCrossBracketOG,OG_AdxDiCrossBracketOG,OG,NQ,NQ JUN26,SHORT,1,26794.50,26746.75,950.64,946.28,189.3,WIN,TARGET_HIT,26843.25,975.00,2026-05-07 09:28:32
2026-04-29,2026-04-29 11:15:00,2026-04-29 11:21:00,OG,Backtest,AdxDiCrossBracketOG,OG_AdxDiCrossBracketOG,OG,NQ,NQ JUN26,SHORT,1,27236.75,27263.00,-529.36,-533.72,-106.7,LOSS,STOP_HIT,27287.25,1010.00,2026-05-07 09:28:32
2026-04-29,2026-04-29 11:15:00,2026-04-29 11:24:00,OG,Backtest,AdxDiCrossBracketOG,OG_AdxDiCrossBracketOG,OG,NQ,NQ JUN26,SHORT,1,27236.75,27263.25,-534.36,-538.72,-107.7,LOSS,STOP_HIT,27274.75,760.00,2026-05-07 09:28:32
2026-05-06,2026-05-06 11:48:00,2026-05-06 11:51:00,OG,Backtest,AdxDiCrossBracketOG,OG_AdxDiCrossBracketOG,OG,NQ,NQ JUN26,SHORT,1,28556.50,28567.00,-214.36,-218.72,-43.7,LOSS,STOP_HIT,28607.00,1010.00,2026-05-07 09:28:32
2026-05-01,2026-05-01 10:42:00,2026-05-01 10:48:00,OG,Backtest,AdxDiCrossBracketOG,OG_AdxDiCrossBracketOG,OG,NQ,NQ JUN26,SHORT,1,27791.50,27817.25,-519.36,-523.72,-104.7,LOSS,STOP_HIT,27842.75,1025.00,2026-05-07 09:28:32
2026-04-21,2026-04-21 10:51:00,2026-04-21 11:00:00,OG,Backtest,AdxDiCrossBracketOG,OG_AdxDiCrossBracketOG,OG,NQ,NQ JUN26,SHORT,1,26794.50,26730.75,1270.64,1266.28,253.3,WIN,TARGET_HIT,26859.25,1295.00,2026-05-07 09:28:32
2026-04-21,2026-04-21 10:51:00,2026-04-21 11:00:00,OG,Backtest,AdxDiCrossBracketOG,OG_AdxDiCrossBracketOG,OG,NQ,NQ JUN26,SHORT,1,26794.50,26746.75,950.64,946.28,189.3,WIN,TARGET_HIT,26843.25,975.00,2026-05-07 09:28:32
2026-04-29,2026-04-29 11:15:00,2026-04-29 11:24:00,OG,Backtest,AdxDiCrossBracketOG,OG_AdxDiCrossBracketOG,OG,NQ,NQ JUN26,SHORT,1,27236.75,27263.25,-534.36,-538.72,-107.7,LOSS,STOP_HIT,27274.75,760.00,2026-05-07 09:28:32
2026-05-06,2026-05-06 11:48:00,2026-05-06 11:51:00,OG,Backtest,AdxDiCrossBracketOG,OG_AdxDiCrossBracketOG,OG,NQ,NQ JUN26,SHORT,1,28556.50,28567.00,-214.36,-218.72,-43.7,LOSS,STOP_HIT,28594.50,760.00,2026-05-07 09:28:32
2026-04-29,2026-04-29 11:15:00,2026-04-29 11:24:00,OG,Backtest,AdxDiCrossBracketOG,OG_AdxDiCrossBracketOG,OG,NQ,NQ JUN26,SHORT,1,27236.75,27263.25,-534.36,-538.72,-107.7,LOSS,STOP_HIT,27274.75,760.00,2026-05-07 09:28:32
2026-04-21,2026-04-21 10:51:00,2026-04-21 11:00:00,OG,Backtest,AdxDiCrossBracketOG,OG_AdxDiCrossBracketOG,OG,NQ,NQ JUN26,SHORT,1,26794.50,26746.75,950.64,946.28,189.3,WIN,TARGET_HIT,26843.25,975.00,2026-05-07 09:28:32
2026-05-01,2026-05-01 10:42:00,2026-05-01 10:48:00,OG,Backtest,AdxDiCrossBracketOG,OG_AdxDiCrossBracketOG,OG,NQ,NQ JUN26,SHORT,1,27791.50,27817.25,-519.36,-523.72,-104.7,LOSS,STOP_HIT,27859.75,1365.00,2026-05-07 09:28:32
2026-04-21,2026-04-21 10:51:00,2026-04-21 11:00:00,OG,Backtest,AdxDiCrossBracketOG,OG_AdxDiCrossBracketOG,OG,NQ,NQ JUN26,SHORT,1,26794.50,26746.75,950.64,946.28,189.3,WIN,TARGET_HIT,26843.25,975.00,2026-05-07 09:28:32
2026-04-29,2026-04-29 11:15:00,2026-04-29 11:21:00,OG,Backtest,AdxDiCrossBracketOG,OG_AdxDiCrossBracketOG,OG,NQ,NQ JUN26,SHORT,1,27236.75,27263.00,-529.36,-533.72,-106.7,LOSS,STOP_HIT,27287.25,1010.00,2026-05-07 09:28:32
2026-05-01,2026-05-01 10:54:00,2026-05-01 11:00:00,OG,Backtest,AdxDiCrossBracketOG,OG_AdxDiCrossBracketOG,OG,NQ,NQ JUN26,SHORT,1,27799.00,27833.00,-684.36,-688.72,-137.7,LOSS,STOP_HIT,27869.75,1415.00,2026-05-07 09:28:32
2026-04-29,2026-04-29 11:15:00,2026-04-29 11:24:00,OG,Backtest,AdxDiCrossBracketOG,OG_AdxDiCrossBracketOG,OG,NQ,NQ JUN26,SHORT,1,27236.75,27263.25,-534.36,-538.72,-107.7,LOSS,STOP_HIT,27274.75,760.00,2026-05-07 09:28:33
2026-05-01,2026-05-01 10:42:00,2026-05-01 10:48:00,OG,Backtest,AdxDiCrossBracketOG,OG_AdxDiCrossBracketOG,OG,NQ,NQ JUN26,SHORT,1,27791.50,27817.25,-519.36,-523.72,-104.7,LOSS,STOP_HIT,27842.75,1025.00,2026-05-07 09:28:33
2026-05-06,2026-05-06 11:48:00,2026-05-06 11:51:00,OG,Backtest,AdxDiCrossBracketOG,OG_AdxDiCrossBracketOG,OG,NQ,NQ JUN26,SHORT,1,28556.50,28567.00,-214.36,-218.72,-43.7,LOSS,STOP_HIT,28594.50,760.00,2026-05-07 09:28:33
2026-05-01,2026-05-01 10:54:00,2026-05-01 11:00:00,OG,Backtest,AdxDiCrossBracketOG,OG_AdxDiCrossBracketOG,OG,NQ,NQ JUN26,SHORT,1,27799.00,27833.00,-684.36,-688.72,-137.7,LOSS,STOP_HIT,27852.00,1060.00,2026-05-07 09:28:33
2026-05-01,2026-05-01 11:06:00,2026-05-01 11:12:00,OG,Backtest,AdxDiCrossBracketOG,OG_AdxDiCrossBracketOG,OG,NQ,NQ JUN26,SHORT,1,27786.00,27809.25,-469.36,-473.72,-94.7,LOSS,STOP_HIT,27839.75,1075.00,2026-05-07 09:28:33
2026-05-06,2026-05-06 11:48:00,2026-05-06 11:51:00,OG,Backtest,AdxDiCrossBracketOG,OG_AdxDiCrossBracketOG,OG,NQ,NQ JUN26,SHORT,1,28556.50,28567.00,-214.36,-218.72,-43.7,LOSS,STOP_HIT,28594.50,760.00,2026-05-07 09:28:33
2026-05-01,2026-05-01 11:18:00,2026-05-01 11:27:00,OG,Backtest,AdxDiCrossBracketOG,OG_AdxDiCrossBracketOG,OG,NQ,NQ JUN26,LONG,1,27837.25,27867.25,595.64,591.28,118.3,WIN,STOP_HIT,27787.25,1000.00,2026-05-07 09:28:33
2026-05-01,2026-05-01 11:18:00,2026-05-01 11:27:00,OG,Backtest,AdxDiCrossBracketOG,OG_AdxDiCrossBracketOG,OG,NQ,NQ JUN26,LONG,1,27837.25,27867.25,595.64,591.28,118.3,WIN,STOP_HIT,27787.25,1000.00,2026-05-07 09:28:33
2026-05-06,2026-05-06 11:48:00,2026-05-06 11:51:00,OG,Backtest,AdxDiCrossBracketOG,OG_AdxDiCrossBracketOG,OG,NQ,NQ JUN26,SHORT,1,28556.50,28567.00,-214.36,-218.72,-43.7,LOSS,STOP_HIT,28594.50,760.00,2026-05-07 09:28:33
2026-04-21,2026-04-21 10:51:00,2026-04-21 11:00:00,OG,Backtest,AdxDiCrossBracketOG,OG_AdxDiCrossBracketOG,OG,NQ,NQ JUN26,SHORT,1,26794.50,26730.75,1270.64,1266.28,253.3,WIN,TARGET_HIT,26859.25,1295.00,2026-05-07 09:28:33
2026-04-29,2026-04-29 11:15:00,2026-04-29 11:24:00,OG,Backtest,AdxDiCrossBracketOG,OG_AdxDiCrossBracketOG,OG,NQ,NQ JUN26,SHORT,1,27236.75,27263.25,-534.36,-538.72,-107.7,LOSS,STOP_HIT,27274.75,760.00,2026-05-07 09:28:33
2026-05-01,2026-05-01 10:54:00,2026-05-01 11:00:00,OG,Backtest,AdxDiCrossBracketOG,OG_AdxDiCrossBracketOG,OG,NQ,NQ JUN26,SHORT,1,27799.00,27833.00,-684.36,-688.72,-137.7,LOSS,STOP_HIT,27852.00,1060.00,2026-05-07 09:28:33
2026-05-01,2026-05-01 10:54:00,2026-05-01 11:00:00,OG,Backtest,AdxDiCrossBracketOG,OG_AdxDiCrossBracketOG,OG,NQ,NQ JUN26,SHORT,1,27799.00,27833.00,-684.36,-688.72,-137.7,LOSS,STOP_HIT,27852.00,1060.00,2026-05-07 09:28:33
2026-05-06,2026-05-06 11:48:00,2026-05-06 11:51:00,OG,Backtest,AdxDiCrossBracketOG,OG_AdxDiCrossBracketOG,OG,NQ,NQ JUN26,SHORT,1,28556.50,28567.00,-214.36,-218.72,-43.7,LOSS,STOP_HIT,28594.50,760.00,2026-05-07 09:28:33
2026-04-29,2026-04-29 11:15:00,2026-04-29 11:24:00,OG,Backtest,AdxDiCrossBracketOG,OG_AdxDiCrossBracketOG,OG,NQ,NQ JUN26,SHORT,1,27236.75,27263.25,-534.36,-538.72,-107.7,LOSS,STOP_HIT,27274.75,760.00,2026-05-07 09:28:33
2026-05-01,2026-05-01 10:54:00,2026-05-01 11:00:00,OG,Backtest,AdxDiCrossBracketOG,OG_AdxDiCrossBracketOG,OG,NQ,NQ JUN26,SHORT,1,27799.00,27833.00,-684.36,-688.72,-137.7,LOSS,STOP_HIT,27852.00,1060.00,2026-05-07 09:28:33
2026-04-21,2026-04-21 10:51:00,2026-04-21 11:00:00,OG,Backtest,AdxDiCrossBracketOG,OG_AdxDiCrossBracketOG,OG,NQ,NQ JUN26,SHORT,1,26794.50,26746.75,950.64,946.28,189.3,WIN,TARGET_HIT,26843.25,975.00,2026-05-07 09:28:33
2026-04-21,2026-04-21 10:51:00,2026-04-21 11:00:00,OG,Backtest,AdxDiCrossBracketOG,OG_AdxDiCrossBracketOG,OG,NQ,NQ JUN26,SHORT,1,26794.50,26746.75,950.64,946.28,189.3,WIN,TARGET_HIT,26843.25,975.00,2026-05-07 09:28:33
2026-05-01,2026-05-01 11:06:00,2026-05-01 11:18:00,OG,Backtest,AdxDiCrossBracketOG,OG_AdxDiCrossBracketOG,OG,NQ,NQ JUN26,SHORT,1,27786.00,27837.25,-1029.36,-1033.72,-206.7,LOSS,STOP_HIT,27839.75,1075.00,2026-05-07 09:28:33
2026-05-01,2026-05-01 10:42:00,2026-05-01 10:48:00,OG,Backtest,AdxDiCrossBracketOG,OG_AdxDiCrossBracketOG,OG,NQ,NQ JUN26,SHORT,1,27791.50,27817.25,-519.36,-523.72,-104.7,LOSS,STOP_HIT,27842.75,1025.00,2026-05-07 09:28:33
2026-04-21,2026-04-21 10:51:00,2026-04-21 11:00:00,OG,Backtest,AdxDiCrossBracketOG,OG_AdxDiCrossBracketOG,OG,NQ,NQ JUN26,SHORT,1,26794.50,26746.75,950.64,946.28,189.3,WIN,TARGET_HIT,26843.25,975.00,2026-05-07 09:28:33
2026-05-01,2026-05-01 11:06:00,2026-05-01 11:12:00,OG,Backtest,AdxDiCrossBracketOG,OG_AdxDiCrossBracketOG,OG,NQ,NQ JUN26,SHORT,1,27786.00,27809.25,-469.36,-473.72,-94.7,LOSS,STOP_HIT,27857.50,1430.00,2026-05-07 09:28:33
2026-05-01,2026-05-01 10:42:00,2026-05-01 10:48:00,OG,Backtest,AdxDiCrossBracketOG,OG_AdxDiCrossBracketOG,OG,NQ,NQ JUN26,SHORT,1,27791.50,27817.25,-519.36,-523.72,-104.7,LOSS,STOP_HIT,27842.75,1025.00,2026-05-07 09:28:33
2026-05-01,2026-05-01 11:18:00,2026-05-01 11:27:00,OG,Backtest,AdxDiCrossBracketOG,OG_AdxDiCrossBracketOG,OG,NQ,NQ JUN26,LONG,1,27837.25,27867.25,595.64,591.28,118.3,WIN,STOP_HIT,27770.75,1330.00,2026-05-07 09:28:33
2026-04-29,2026-04-29 11:15:00,2026-04-29 11:24:00,OG,Backtest,AdxDiCrossBracketOG,OG_AdxDiCrossBracketOG,OG,NQ,NQ JUN26,SHORT,1,27236.75,27263.25,-534.36,-538.72,-107.7,LOSS,STOP_HIT,27274.75,760.00,2026-05-07 09:28:33
2026-05-01,2026-05-01 10:42:00,2026-05-01 10:48:00,OG,Backtest,AdxDiCrossBracketOG,OG_AdxDiCrossBracketOG,OG,NQ,NQ JUN26,SHORT,1,27791.50,27817.25,-519.36,-523.72,-104.7,LOSS,STOP_HIT,27859.75,1365.00,2026-05-07 09:28:33
2026-05-01,2026-05-01 11:06:00,2026-05-01 11:18:00,OG,Backtest,AdxDiCrossBracketOG,OG_AdxDiCrossBracketOG,OG,NQ,NQ JUN26,SHORT,1,27786.00,27837.25,-1029.36,-1033.72,-206.7,LOSS,STOP_HIT,27839.75,1075.00,2026-05-07 09:28:33
2026-05-06,2026-05-06 11:48:00,2026-05-06 11:51:00,OG,Backtest,AdxDiCrossBracketOG,OG_AdxDiCrossBracketOG,OG,NQ,NQ JUN26,SHORT,1,28556.50,28567.00,-214.36,-218.72,-43.7,LOSS,STOP_HIT,28607.00,1010.00,2026-05-07 09:28:33
2026-05-06,2026-05-06 11:48:00,2026-05-06 11:51:00,OG,Backtest,AdxDiCrossBracketOG,OG_AdxDiCrossBracketOG,OG,NQ,NQ JUN26,SHORT,1,28556.50,28567.00,-214.36,-218.72,-43.7,LOSS,STOP_HIT,28607.00,1010.00,2026-05-07 09:28:33
2026-05-01,2026-05-01 10:42:00,2026-05-01 10:48:00,OG,Backtest,AdxDiCrossBracketOG,OG_AdxDiCrossBracketOG,OG,NQ,NQ JUN26,SHORT,1,27791.50,27817.25,-519.36,-523.72,-104.7,LOSS,STOP_HIT,27859.75,1365.00,2026-05-07 09:28:33
2026-05-01,2026-05-01 10:54:00,2026-05-01 11:00:00,OG,Backtest,AdxDiCrossBracketOG,OG_AdxDiCrossBracketOG,OG,NQ,NQ JUN26,SHORT,1,27799.00,27833.00,-684.36,-688.72,-137.7,LOSS,STOP_HIT,27869.75,1415.00,2026-05-07 09:28:33
2026-05-01,2026-05-01 10:42:00,2026-05-01 10:48:00,OG,Backtest,AdxDiCrossBracketOG,OG_AdxDiCrossBracketOG,OG,NQ,NQ JUN26,SHORT,1,27791.50,27817.25,-519.36,-523.72,-104.7,LOSS,STOP_HIT,27842.75,1025.00,2026-05-07 09:28:33
2026-05-01,2026-05-01 10:54:00,2026-05-01 11:00:00,OG,Backtest,AdxDiCrossBracketOG,OG_AdxDiCrossBracketOG,OG,NQ,NQ JUN26,SHORT,1,27799.00,27833.00,-684.36,-688.72,-137.7,LOSS,STOP_HIT,27852.00,1060.00,2026-05-07 09:28:33
2026-05-01,2026-05-01 11:06:00,2026-05-01 11:18:00,OG,Backtest,AdxDiCrossBracketOG,OG_AdxDiCrossBracketOG,OG,NQ,NQ JUN26,SHORT,1,27786.00,27837.25,-1029.36,-1033.72,-206.7,LOSS,STOP_HIT,27839.75,1075.00,2026-05-07 09:28:33
2026-04-29,2026-04-29 11:15:00,2026-04-29 11:21:00,OG,Backtest,AdxDiCrossBracketOG,OG_AdxDiCrossBracketOG,OG,NQ,NQ JUN26,SHORT,1,27236.75,27263.00,-529.36,-533.72,-106.7,LOSS,STOP_HIT,27287.25,1010.00,2026-05-07 09:28:33
2026-05-01,2026-05-01 10:54:00,2026-05-01 11:00:00,OG,Backtest,AdxDiCrossBracketOG,OG_AdxDiCrossBracketOG,OG,NQ,NQ JUN26,SHORT,1,27799.00,27833.00,-684.36,-688.72,-137.7,LOSS,STOP_HIT,27852.00,1060.00,2026-05-07 09:28:33
2026-05-01,2026-05-01 10:42:00,2026-05-01 10:48:00,OG,Backtest,AdxDiCrossBracketOG,OG_AdxDiCrossBracketOG,OG,NQ,NQ JUN26,SHORT,1,27791.50,27817.25,-519.36,-523.72,-104.7,LOSS,STOP_HIT,27859.75,1365.00,2026-05-07 09:28:33
2026-04-21,2026-04-21 10:51:00,2026-04-21 11:00:00,OG,Backtest,AdxDiCrossBracketOG,OG_AdxDiCrossBracketOG,OG,NQ,NQ JUN26,SHORT,1,26794.50,26746.75,950.64,946.28,189.3,WIN,TARGET_HIT,26843.25,975.00,2026-05-07 09:28:33
2026-05-01,2026-05-01 11:18:00,2026-05-01 11:27:00,OG,Backtest,AdxDiCrossBracketOG,OG_AdxDiCrossBracketOG,OG,NQ,NQ JUN26,LONG,1,27837.25,27867.25,595.64,591.28,118.3,WIN,STOP_HIT,27770.75,1330.00,2026-05-07 09:28:33
2026-04-29,2026-04-29 11:15:00,2026-04-29 11:24:00,OG,Backtest,AdxDiCrossBracketOG,OG_AdxDiCrossBracketOG,OG,NQ,NQ JUN26,SHORT,1,27236.75,27263.25,-534.36,-538.72,-107.7,LOSS,STOP_HIT,27274.75,760.00,2026-05-07 09:28:33
2026-05-06,2026-05-06 11:48:00,2026-05-06 11:51:00,OG,Backtest,AdxDiCrossBracketOG,OG_AdxDiCrossBracketOG,OG,NQ,NQ JUN26,SHORT,1,28556.50,28567.00,-214.36,-218.72,-43.7,LOSS,STOP_HIT,28607.00,1010.00,2026-05-07 09:28:33
2026-05-01,2026-05-01 10:42:00,2026-05-01 10:48:00,OG,Backtest,AdxDiCrossBracketOG,OG_AdxDiCrossBracketOG,OG,NQ,NQ JUN26,SHORT,1,27791.50,27817.25,-519.36,-523.72,-104.7,LOSS,STOP_HIT,27842.75,1025.00,2026-05-07 09:28:33
2026-05-01,2026-05-01 10:42:00,2026-05-01 10:48:00,OG,Backtest,AdxDiCrossBracketOG,OG_AdxDiCrossBracketOG,OG,NQ,NQ JUN26,SHORT,1,27791.50,27817.25,-519.36,-523.72,-104.7,LOSS,STOP_HIT,27859.75,1365.00,2026-05-07 09:28:33
2026-05-01,2026-05-01 11:06:00,2026-05-01 11:18:00,OG,Backtest,AdxDiCrossBracketOG,OG_AdxDiCrossBracketOG,OG,NQ,NQ JUN26,SHORT,1,27786.00,27837.25,-1029.36,-1033.72,-206.7,LOSS,STOP_HIT,27839.75,1075.00,2026-05-07 09:28:33
2026-05-01,2026-05-01 11:06:00,2026-05-01 11:12:00,OG,Backtest,AdxDiCrossBracketOG,OG_AdxDiCrossBracketOG,OG,NQ,NQ JUN26,SHORT,1,27786.00,27809.25,-469.36,-473.72,-94.7,LOSS,STOP_HIT,27857.50,1430.00,2026-05-07 09:28:33
2026-05-01,2026-05-01 10:54:00,2026-05-01 11:00:00,OG,Backtest,AdxDiCrossBracketOG,OG_AdxDiCrossBracketOG,OG,NQ,NQ JUN26,SHORT,1,27799.00,27833.00,-684.36,-688.72,-137.7,LOSS,STOP_HIT,27869.75,1415.00,2026-05-07 09:28:33
2026-05-01,2026-05-01 11:06:00,2026-05-01 11:18:00,OG,Backtest,AdxDiCrossBracketOG,OG_AdxDiCrossBracketOG,OG,NQ,NQ JUN26,SHORT,1,27786.00,27837.25,-1029.36,-1033.72,-206.7,LOSS,STOP_HIT,27857.50,1430.00,2026-05-07 09:28:33
2026-04-21,2026-04-21 10:51:00,2026-04-21 11:00:00,OG,Backtest,AdxDiCrossBracketOG,OG_AdxDiCrossBracketOG,OG,NQ,NQ JUN26,SHORT,1,26794.50,26730.75,1270.64,1266.28,253.3,WIN,TARGET_HIT,26859.25,1295.00,2026-05-07 09:28:33
2026-05-06,2026-05-06 11:48:00,2026-05-06 11:51:00,OG,Backtest,AdxDiCrossBracketOG,OG_AdxDiCrossBracketOG,OG,NQ,NQ JUN26,SHORT,1,28556.50,28567.00,-214.36,-218.72,-43.7,LOSS,STOP_HIT,28607.00,1010.00,2026-05-07 09:28:33
2026-05-06,2026-05-06 11:48:00,2026-05-06 11:51:00,OG,Backtest,AdxDiCrossBracketOG,OG_AdxDiCrossBracketOG,OG,NQ,NQ JUN26,SHORT,1,28556.50,28567.00,-214.36,-218.72,-43.7,LOSS,STOP_HIT,28607.00,1010.00,2026-05-07 09:28:33
2026-05-01,2026-05-01 10:54:00,2026-05-01 11:00:00,OG,Backtest,AdxDiCrossBracketOG,OG_AdxDiCrossBracketOG,OG,NQ,NQ JUN26,SHORT,1,27799.00,27833.00,-684.36,-688.72,-137.7,LOSS,STOP_HIT,27869.75,1415.00,2026-05-07 09:28:33
2026-05-06,2026-05-06 11:48:00,2026-05-06 11:51:00,OG,Backtest,AdxDiCrossBracketOG,OG_AdxDiCrossBracketOG,OG,NQ,NQ JUN26,SHORT,1,28556.50,28567.00,-214.36,-218.72,-43.7,LOSS,STOP_HIT,28607.00,1010.00,2026-05-07 09:28:33
2026-05-01,2026-05-01 11:06:00,2026-05-01 11:12:00,OG,Backtest,AdxDiCrossBracketOG,OG_AdxDiCrossBracketOG,OG,NQ,NQ JUN26,SHORT,1,27786.00,27809.25,-469.36,-473.72,-94.7,LOSS,STOP_HIT,27857.50,1430.00,2026-05-07 09:28:33
2026-05-01,2026-05-01 11:06:00,2026-05-01 11:15:00,OG,Backtest,AdxDiCrossBracketOG,OG_AdxDiCrossBracketOG,OG,NQ,NQ JUN26,SHORT,1,27786.00,27815.00,-584.36,-588.72,-117.7,LOSS,STOP_HIT,27857.50,1430.00,2026-05-07 09:28:33
2026-04-29,2026-04-29 11:15:00,2026-04-29 11:21:00,OG,Backtest,AdxDiCrossBracketOG,OG_AdxDiCrossBracketOG,OG,NQ,NQ JUN26,SHORT,1,27236.75,27263.00,-529.36,-533.72,-106.7,LOSS,STOP_HIT,27287.25,1010.00,2026-05-07 09:28:33
2026-05-01,2026-05-01 11:18:00,2026-05-01 11:27:00,OG,Backtest,AdxDiCrossBracketOG,OG_AdxDiCrossBracketOG,OG,NQ,NQ JUN26,LONG,1,27837.25,27867.25,595.64,591.28,118.3,WIN,STOP_HIT,27770.75,1330.00,2026-05-07 09:28:33
2026-04-29,2026-04-29 11:15:00,2026-04-29 11:24:00,OG,Backtest,AdxDiCrossBracketOG,OG_AdxDiCrossBracketOG,OG,NQ,NQ JUN26,SHORT,1,27236.75,27263.25,-534.36,-538.72,-107.7,LOSS,STOP_HIT,27287.25,1010.00,2026-05-07 09:28:33
2026-05-01,2026-05-01 10:42:00,2026-05-01 10:48:00,OG,Backtest,AdxDiCrossBracketOG,OG_AdxDiCrossBracketOG,OG,NQ,NQ JUN26,SHORT,1,27791.50,27817.25,-519.36,-523.72,-104.7,LOSS,STOP_HIT,27859.75,1365.00,2026-05-07 09:28:33
2026-05-01,2026-05-01 10:42:00,2026-05-01 10:48:00,OG,Backtest,AdxDiCrossBracketOG,OG_AdxDiCrossBracketOG,OG,NQ,NQ JUN26,SHORT,1,27791.50,27817.25,-519.36,-523.72,-104.7,LOSS,STOP_HIT,27859.75,1365.00,2026-05-07 09:28:33
2026-05-01,2026-05-01 10:54:00,2026-05-01 11:00:00,OG,Backtest,AdxDiCrossBracketOG,OG_AdxDiCrossBracketOG,OG,NQ,NQ JUN26,SHORT,1,27799.00,27833.00,-684.36,-688.72,-137.7,LOSS,STOP_HIT,27869.75,1415.00,2026-05-07 09:28:33
2026-04-29,2026-04-29 11:15:00,2026-04-29 11:24:00,OG,Backtest,AdxDiCrossBracketOG,OG_AdxDiCrossBracketOG,OG,NQ,NQ JUN26,SHORT,1,27236.75,27263.25,-534.36,-538.72,-107.7,LOSS,STOP_HIT,27274.75,760.00,2026-05-07 09:28:33
2026-04-29,2026-04-29 11:15:00,2026-04-29 11:24:00,OG,Backtest,AdxDiCrossBracketOG,OG_AdxDiCrossBracketOG,OG,NQ,NQ JUN26,SHORT,1,27236.75,27263.25,-534.36,-538.72,-107.7,LOSS,STOP_HIT,27287.25,1010.00,2026-05-07 09:28:33
2026-04-21,2026-04-21 10:51:00,2026-04-21 11:00:00,OG,Backtest,AdxDiCrossBracketOG,OG_AdxDiCrossBracketOG,OG,NQ,NQ JUN26,SHORT,1,26794.50,26730.75,1270.64,1266.28,253.3,WIN,TARGET_HIT,26859.25,1295.00,2026-05-07 09:28:33
2026-05-01,2026-05-01 11:06:00,2026-05-01 11:18:00,OG,Backtest,AdxDiCrossBracketOG,OG_AdxDiCrossBracketOG,OG,NQ,NQ JUN26,SHORT,1,27786.00,27837.25,-1029.36,-1033.72,-206.7,LOSS,STOP_HIT,27839.75,1075.00,2026-05-07 09:28:33
2026-04-29,2026-04-29 11:15:00,2026-04-29 11:24:00,OG,Backtest,AdxDiCrossBracketOG,OG_AdxDiCrossBracketOG,OG,NQ,NQ JUN26,SHORT,1,27236.75,27263.25,-534.36,-538.72,-107.7,LOSS,STOP_HIT,27287.25,1010.00,2026-05-07 09:28:33
2026-05-01,2026-05-01 10:54:00,2026-05-01 11:00:00,OG,Backtest,AdxDiCrossBracketOG,OG_AdxDiCrossBracketOG,OG,NQ,NQ JUN26,SHORT,1,27799.00,27833.00,-684.36,-688.72,-137.7,LOSS,STOP_HIT,27869.75,1415.00,2026-05-07 09:28:33
2026-05-01,2026-05-01 10:54:00,2026-05-01 11:00:00,OG,Backtest,AdxDiCrossBracketOG,OG_AdxDiCrossBracketOG,OG,NQ,NQ JUN26,SHORT,1,27799.00,27833.00,-684.36,-688.72,-137.7,LOSS,STOP_HIT,27852.00,1060.00,2026-05-07 09:28:33
2026-05-01,2026-05-01 10:54:00,2026-05-01 11:00:00,OG,Backtest,AdxDiCrossBracketOG,OG_AdxDiCrossBracketOG,OG,NQ,NQ JUN26,SHORT,1,27799.00,27833.00,-684.36,-688.72,-137.7,LOSS,STOP_HIT,27869.75,1415.00,2026-05-07 09:28:33
2026-04-29,2026-04-29 11:15:00,2026-04-29 11:21:00,OG,Backtest,AdxDiCrossBracketOG,OG_AdxDiCrossBracketOG,OG,NQ,NQ JUN26,SHORT,1,27236.75,27263.00,-529.36,-533.72,-106.7,LOSS,STOP_HIT,27287.25,1010.00,2026-05-07 09:28:33
2026-04-29,2026-04-29 11:15:00,2026-04-29 11:24:00,OG,Backtest,AdxDiCrossBracketOG,OG_AdxDiCrossBracketOG,OG,NQ,NQ JUN26,SHORT,1,27236.75,27263.25,-534.36,-538.72,-107.7,LOSS,STOP_HIT,27274.75,760.00,2026-05-07 09:28:33
2026-05-01,2026-05-01 10:42:00,2026-05-01 10:48:00,OG,Backtest,AdxDiCrossBracketOG,OG_AdxDiCrossBracketOG,OG,NQ,NQ JUN26,SHORT,1,27791.50,27817.25,-519.36,-523.72,-104.7,LOSS,STOP_HIT,27859.75,1365.00,2026-05-07 09:28:33
2026-05-01,2026-05-01 10:54:00,2026-05-01 11:00:00,OG,Backtest,AdxDiCrossBracketOG,OG_AdxDiCrossBracketOG,OG,NQ,NQ JUN26,SHORT,1,27799.00,27833.00,-684.36,-688.72,-137.7,LOSS,STOP_HIT,27869.75,1415.00,2026-05-07 09:28:33
2026-04-21,2026-04-21 10:51:00,2026-04-21 11:00:00,OG,Backtest,AdxDiCrossBracketOG,OG_AdxDiCrossBracketOG,OG,NQ,NQ JUN26,SHORT,1,26794.50,26730.75,1270.64,1266.28,253.3,WIN,TARGET_HIT,26859.25,1295.00,2026-05-07 09:28:33
2026-05-01,2026-05-01 10:54:00,2026-05-01 11:00:00,OG,Backtest,AdxDiCrossBracketOG,OG_AdxDiCrossBracketOG,OG,NQ,NQ JUN26,SHORT,1,27799.00,27833.00,-684.36,-688.72,-137.7,LOSS,STOP_HIT,27869.75,1415.00,2026-05-07 09:28:33
2026-05-01,2026-05-01 10:42:00,2026-05-01 10:48:00,OG,Backtest,AdxDiCrossBracketOG,OG_AdxDiCrossBracketOG,OG,NQ,NQ JUN26,SHORT,1,27791.50,27817.25,-519.36,-523.72,-104.7,LOSS,STOP_HIT,27859.75,1365.00,2026-05-07 09:28:33
2026-05-01,2026-05-01 11:06:00,2026-05-01 11:12:00,OG,Backtest,AdxDiCrossBracketOG,OG_AdxDiCrossBracketOG,OG,NQ,NQ JUN26,SHORT,1,27786.00,27809.25,-469.36,-473.72,-94.7,LOSS,STOP_HIT,27857.50,1430.00,2026-05-07 09:28:33
2026-05-01,2026-05-01 11:18:00,2026-05-01 11:27:00,OG,Backtest,AdxDiCrossBracketOG,OG_AdxDiCrossBracketOG,OG,NQ,NQ JUN26,LONG,1,27837.25,27867.25,595.64,591.28,118.3,WIN,STOP_HIT,27770.75,1330.00,2026-05-07 09:28:33
2026-05-06,2026-05-06 11:48:00,2026-05-06 11:51:00,OG,Backtest,AdxDiCrossBracketOG,OG_AdxDiCrossBracketOG,OG,NQ,NQ JUN26,SHORT,1,28556.50,28567.00,-214.36,-218.72,-43.7,LOSS,STOP_HIT,28607.00,1010.00,2026-05-07 09:28:33
2026-04-21,2026-04-21 10:51:00,2026-04-21 11:00:00,OG,Backtest,AdxDiCrossBracketOG,OG_AdxDiCrossBracketOG,OG,NQ,NQ JUN26,SHORT,1,26794.50,26730.75,1270.64,1266.28,253.3,WIN,TARGET_HIT,26859.25,1295.00,2026-05-07 09:28:33
2026-04-29,2026-04-29 11:15:00,2026-04-29 11:24:00,OG,Backtest,AdxDiCrossBracketOG,OG_AdxDiCrossBracketOG,OG,NQ,NQ JUN26,SHORT,1,27236.75,27263.25,-534.36,-538.72,-107.7,LOSS,STOP_HIT,27287.25,1010.00,2026-05-07 09:28:33
2026-05-01,2026-05-01 10:42:00,2026-05-01 10:48:00,OG,Backtest,AdxDiCrossBracketOG,OG_AdxDiCrossBracketOG,OG,NQ,NQ JUN26,SHORT,1,27791.50,27817.25,-519.36,-523.72,-104.7,LOSS,STOP_HIT,27859.75,1365.00,2026-05-07 09:28:33
2026-05-01,2026-05-01 10:54:00,2026-05-01 11:00:00,OG,Backtest,AdxDiCrossBracketOG,OG_AdxDiCrossBracketOG,OG,NQ,NQ JUN26,SHORT,1,27799.00,27833.00,-684.36,-688.72,-137.7,LOSS,STOP_HIT,27869.75,1415.00,2026-05-07 09:28:33
2026-05-01,2026-05-01 11:06:00,2026-05-01 11:18:00,OG,Backtest,AdxDiCrossBracketOG,OG_AdxDiCrossBracketOG,OG,NQ,NQ JUN26,SHORT,1,27786.00,27837.25,-1029.36,-1033.72,-206.7,LOSS,STOP_HIT,27857.50,1430.00,2026-05-07 09:28:33
2026-04-21,2026-04-21 10:51:00,2026-04-21 11:00:00,OG,Backtest,AdxDiCrossBracketOG,OG_AdxDiCrossBracketOG,OG,NQ,NQ JUN26,SHORT,1,26794.50,26730.75,1270.64,1266.28,253.3,WIN,TARGET_HIT,26859.25,1295.00,2026-05-07 09:28:33
2026-05-01,2026-05-01 10:54:00,2026-05-01 11:00:00,OG,Backtest,AdxDiCrossBracketOG,OG_AdxDiCrossBracketOG,OG,NQ,NQ JUN26,SHORT,1,27799.00,27833.00,-684.36,-688.72,-137.7,LOSS,STOP_HIT,27869.75,1415.00,2026-05-07 09:28:33
2026-05-01,2026-05-01 10:54:00,2026-05-01 11:00:00,OG,Backtest,AdxDiCrossBracketOG,OG_AdxDiCrossBracketOG,OG,NQ,NQ JUN26,SHORT,1,27799.00,27833.00,-684.36,-688.72,-137.7,LOSS,STOP_HIT,27869.75,1415.00,2026-05-07 09:28:33
2026-05-01,2026-05-01 11:06:00,2026-05-01 11:12:00,OG,Backtest,AdxDiCrossBracketOG,OG_AdxDiCrossBracketOG,OG,NQ,NQ JUN26,SHORT,1,27786.00,27809.25,-469.36,-473.72,-94.7,LOSS,STOP_HIT,27857.50,1430.00,2026-05-07 09:28:33
2026-05-01,2026-05-01 10:42:00,2026-05-01 10:48:00,OG,Backtest,AdxDiCrossBracketOG,OG_AdxDiCrossBracketOG,OG,NQ,NQ JUN26,SHORT,1,27791.50,27817.25,-519.36,-523.72,-104.7,LOSS,STOP_HIT,27859.75,1365.00,2026-05-07 09:28:33
2026-05-01,2026-05-01 10:54:00,2026-05-01 11:00:00,OG,Backtest,AdxDiCrossBracketOG,OG_AdxDiCrossBracketOG,OG,NQ,NQ JUN26,SHORT,1,27799.00,27833.00,-684.36,-688.72,-137.7,LOSS,STOP_HIT,27869.75,1415.00,2026-05-07 09:28:33
2026-05-01,2026-05-01 11:06:00,2026-05-01 11:15:00,OG,Backtest,AdxDiCrossBracketOG,OG_AdxDiCrossBracketOG,OG,NQ,NQ JUN26,SHORT,1,27786.00,27815.00,-584.36,-588.72,-117.7,LOSS,STOP_HIT,27857.50,1430.00,2026-05-07 09:28:33
2026-04-21,2026-04-21 10:51:00,2026-04-21 11:00:00,OG,Backtest,AdxDiCrossBracketOG,OG_AdxDiCrossBracketOG,OG,NQ,NQ JUN26,SHORT,1,26794.50,26730.75,1270.64,1266.28,253.3,WIN,TARGET_HIT,26859.25,1295.00,2026-05-07 09:28:33
2026-05-06,2026-05-06 11:48:00,2026-05-06 11:51:00,OG,Backtest,AdxDiCrossBracketOG,OG_AdxDiCrossBracketOG,OG,NQ,NQ JUN26,SHORT,1,28556.50,28567.00,-214.36,-218.72,-43.7,LOSS,STOP_HIT,28607.00,1010.00,2026-05-07 09:28:33
2026-05-06,2026-05-06 11:48:00,2026-05-06 11:51:00,OG,Backtest,AdxDiCrossBracketOG,OG_AdxDiCrossBracketOG,OG,NQ,NQ JUN26,SHORT,1,28556.50,28567.00,-214.36,-218.72,-43.7,LOSS,STOP_HIT,28607.00,1010.00,2026-05-07 09:28:33
2026-04-21,2026-04-21 10:51:00,2026-04-21 11:00:00,OG,Backtest,AdxDiCrossBracketOG,OG_AdxDiCrossBracketOG,OG,NQ,NQ JUN26,SHORT,1,26794.50,26730.75,1270.64,1266.28,253.3,WIN,TARGET_HIT,26859.25,1295.00,2026-05-07 09:28:33
2026-04-29,2026-04-29 11:15:00,2026-04-29 11:24:00,OG,Backtest,AdxDiCrossBracketOG,OG_AdxDiCrossBracketOG,OG,NQ,NQ JUN26,SHORT,1,27236.75,27263.25,-534.36,-538.72,-107.7,LOSS,STOP_HIT,27287.25,1010.00,2026-05-07 09:28:33
2026-05-01,2026-05-01 10:54:00,2026-05-01 11:00:00,OG,Backtest,AdxDiCrossBracketOG,OG_AdxDiCrossBracketOG,OG,NQ,NQ JUN26,SHORT,1,27799.00,27833.00,-684.36,-688.72,-137.7,LOSS,STOP_HIT,27869.75,1415.00,2026-05-07 09:28:33
2026-04-29,2026-04-29 11:15:00,2026-04-29 11:21:00,OG,Backtest,AdxDiCrossBracketOG,OG_AdxDiCrossBracketOG,OG,NQ,NQ JUN26,SHORT,1,27236.75,27263.00,-529.36,-533.72,-106.7,LOSS,STOP_HIT,27287.25,1010.00,2026-05-07 09:28:33
2026-05-01,2026-05-01 10:54:00,2026-05-01 11:00:00,OG,Backtest,AdxDiCrossBracketOG,OG_AdxDiCrossBracketOG,OG,NQ,NQ JUN26,SHORT,1,27799.00,27833.00,-684.36,-688.72,-137.7,LOSS,STOP_HIT,27869.75,1415.00,2026-05-07 09:28:33
2026-05-01,2026-05-01 11:18:00,2026-05-01 11:27:00,OG,Backtest,AdxDiCrossBracketOG,OG_AdxDiCrossBracketOG,OG,NQ,NQ JUN26,LONG,1,27837.25,27867.25,595.64,591.28,118.3,WIN,STOP_HIT,27770.75,1330.00,2026-05-07 09:28:33
2026-05-01,2026-05-01 10:42:00,2026-05-01 10:48:00,OG,Backtest,AdxDiCrossBracketOG,OG_AdxDiCrossBracketOG,OG,NQ,NQ JUN26,SHORT,1,27791.50,27817.25,-519.36,-523.72,-104.7,LOSS,STOP_HIT,27859.75,1365.00,2026-05-07 09:28:33
2026-05-01,2026-05-01 11:06:00,2026-05-01 11:12:00,OG,Backtest,AdxDiCrossBracketOG,OG_AdxDiCrossBracketOG,OG,NQ,NQ JUN26,SHORT,1,27786.00,27809.25,-469.36,-473.72,-94.7,LOSS,STOP_HIT,27857.50,1430.00,2026-05-07 09:28:33
2026-05-06,2026-05-06 11:48:00,2026-05-06 11:51:00,OG,Backtest,AdxDiCrossBracketOG,OG_AdxDiCrossBracketOG,OG,NQ,NQ JUN26,SHORT,1,28556.50,28567.00,-214.36,-218.72,-43.7,LOSS,STOP_HIT,28607.00,1010.00,2026-05-07 09:28:33
2026-05-06,2026-05-06 11:48:00,2026-05-06 11:51:00,OG,Backtest,AdxDiCrossBracketOG,OG_AdxDiCrossBracketOG,OG,NQ,NQ JUN26,SHORT,1,28556.50,28567.00,-214.36,-218.72,-43.7,LOSS,STOP_HIT,28607.00,1010.00,2026-05-07 09:28:33
2026-04-29,2026-04-29 11:15:00,2026-04-29 11:24:00,OG,Backtest,AdxDiCrossBracketOG,OG_AdxDiCrossBracketOG,OG,NQ,NQ JUN26,SHORT,1,27236.75,27263.25,-534.36,-538.72,-107.7,LOSS,STOP_HIT,27287.25,1010.00,2026-05-07 09:28:33
2026-05-01,2026-05-01 11:06:00,2026-05-01 11:18:00,OG,Backtest,AdxDiCrossBracketOG,OG_AdxDiCrossBracketOG,OG,NQ,NQ JUN26,SHORT,1,27786.00,27837.25,-1029.36,-1033.72,-206.7,LOSS,STOP_HIT,27857.50,1430.00,2026-05-07 09:28:33
2026-05-06,2026-05-06 11:48:00,2026-05-06 11:51:00,OG,Backtest,AdxDiCrossBracketOG,OG_AdxDiCrossBracketOG,OG,NQ,NQ JUN26,SHORT,1,28556.50,28567.00,-214.36,-218.72,-43.7,LOSS,STOP_HIT,28607.00,1010.00,2026-05-07 09:28:33
2026-05-01,2026-05-01 10:42:00,2026-05-01 10:48:00,OG,Backtest,AdxDiCrossBracketOG,OG_AdxDiCrossBracketOG,OG,NQ,NQ JUN26,SHORT,1,27791.50,27817.25,-519.36,-523.72,-104.7,LOSS,STOP_HIT,27859.75,1365.00,2026-05-07 09:28:33
2026-05-01,2026-05-01 10:54:00,2026-05-01 11:00:00,OG,Backtest,AdxDiCrossBracketOG,OG_AdxDiCrossBracketOG,OG,NQ,NQ JUN26,SHORT,1,27799.00,27833.00,-684.36,-688.72,-137.7,LOSS,STOP_HIT,27869.75,1415.00,2026-05-07 09:28:33
2026-04-21,2026-04-21 10:51:00,2026-04-21 11:00:00,OG,Backtest,AdxDiCrossBracketOG,OG_AdxDiCrossBracketOG,OG,NQ,NQ JUN26,SHORT,1,26794.50,26730.75,1270.64,1266.28,253.3,WIN,TARGET_HIT,26859.25,1295.00,2026-05-07 09:28:34
2026-05-01,2026-05-01 11:18:00,2026-05-01 11:27:00,OG,Backtest,AdxDiCrossBracketOG,OG_AdxDiCrossBracketOG,OG,NQ,NQ JUN26,LONG,1,27837.25,27867.25,595.64,591.28,118.3,WIN,STOP_HIT,27770.75,1330.00,2026-05-07 09:28:34
2026-04-29,2026-04-29 11:15:00,2026-04-29 11:24:00,OG,Backtest,AdxDiCrossBracketOG,OG_AdxDiCrossBracketOG,OG,NQ,NQ JUN26,SHORT,1,27236.75,27263.25,-534.36,-538.72,-107.7,LOSS,STOP_HIT,27287.25,1010.00,2026-05-07 09:28:34
2026-05-01,2026-05-01 10:42:00,2026-05-01 10:48:00,OG,Backtest,AdxDiCrossBracketOG,OG_AdxDiCrossBracketOG,OG,NQ,NQ JUN26,SHORT,1,27791.50,27817.25,-519.36,-523.72,-104.7,LOSS,STOP_HIT,27859.75,1365.00,2026-05-07 09:28:34
2026-04-21,2026-04-21 10:51:00,2026-04-21 11:00:00,OG,Backtest,AdxDiCrossBracketOG,OG_AdxDiCrossBracketOG,OG,NQ,NQ JUN26,SHORT,1,26794.50,26730.75,1270.64,1266.28,253.3,WIN,TARGET_HIT,26859.25,1295.00,2026-05-07 09:28:34
2026-05-01,2026-05-01 11:06:00,2026-05-01 11:18:00,OG,Backtest,AdxDiCrossBracketOG,OG_AdxDiCrossBracketOG,OG,NQ,NQ JUN26,SHORT,1,27786.00,27837.25,-1029.36,-1033.72,-206.7,LOSS,STOP_HIT,27857.50,1430.00,2026-05-07 09:28:34
2026-04-21,2026-04-21 10:51:00,2026-04-21 11:00:00,OG,Backtest,AdxDiCrossBracketOG,OG_AdxDiCrossBracketOG,OG,NQ,NQ JUN26,SHORT,1,26794.50,26730.75,1270.64,1266.28,253.3,WIN,TARGET_HIT,26859.25,1295.00,2026-05-07 09:28:34
2026-05-06,2026-05-06 11:48:00,2026-05-06 11:51:00,OG,Backtest,AdxDiCrossBracketOG,OG_AdxDiCrossBracketOG,OG,NQ,NQ JUN26,SHORT,1,28556.50,28567.00,-214.36,-218.72,-43.7,LOSS,STOP_HIT,28607.00,1010.00,2026-05-07 09:28:34
2026-05-01,2026-05-01 10:42:00,2026-05-01 10:48:00,OG,Backtest,AdxDiCrossBracketOG,OG_AdxDiCrossBracketOG,OG,NQ,NQ JUN26,SHORT,1,27791.50,27817.25,-519.36,-523.72,-104.7,LOSS,STOP_HIT,27859.75,1365.00,2026-05-07 09:28:34
2026-05-01,2026-05-01 10:54:00,2026-05-01 11:00:00,OG,Backtest,AdxDiCrossBracketOG,OG_AdxDiCrossBracketOG,OG,NQ,NQ JUN26,SHORT,1,27799.00,27833.00,-684.36,-688.72,-137.7,LOSS,STOP_HIT,27869.75,1415.00,2026-05-07 09:28:34
2026-04-21,2026-04-21 10:51:00,2026-04-21 11:00:00,OG,Backtest,AdxDiCrossBracketOG,OG_AdxDiCrossBracketOG,OG,NQ,NQ JUN26,SHORT,1,26794.50,26730.75,1270.64,1266.28,253.3,WIN,TARGET_HIT,26859.25,1295.00,2026-05-07 09:28:34
2026-05-06,2026-05-06 11:48:00,2026-05-06 11:51:00,OG,Backtest,AdxDiCrossBracketOG,OG_AdxDiCrossBracketOG,OG,NQ,NQ JUN26,SHORT,1,28556.50,28567.00,-214.36,-218.72,-43.7,LOSS,STOP_HIT,28607.00,1010.00,2026-05-07 09:28:34
2026-05-01,2026-05-01 10:54:00,2026-05-01 11:00:00,OG,Backtest,AdxDiCrossBracketOG,OG_AdxDiCrossBracketOG,OG,NQ,NQ JUN26,SHORT,1,27799.00,27833.00,-684.36,-688.72,-137.7,LOSS,STOP_HIT,27869.75,1415.00,2026-05-07 09:28:34
2026-05-01,2026-05-01 10:54:00,2026-05-01 11:00:00,OG,Backtest,AdxDiCrossBracketOG,OG_AdxDiCrossBracketOG,OG,NQ,NQ JUN26,SHORT,1,27799.00,27833.00,-684.36,-688.72,-137.7,LOSS,STOP_HIT,27869.75,1415.00,2026-05-07 09:28:34
2026-05-01,2026-05-01 10:54:00,2026-05-01 11:00:00,OG,Backtest,AdxDiCrossBracketOG,OG_AdxDiCrossBracketOG,OG,NQ,NQ JUN26,SHORT,1,27799.00,27833.00,-684.36,-688.72,-137.7,LOSS,STOP_HIT,27869.75,1415.00,2026-05-07 09:28:34
2026-04-29,2026-04-29 11:15:00,2026-04-29 11:24:00,OG,Backtest,AdxDiCrossBracketOG,OG_AdxDiCrossBracketOG,OG,NQ,NQ JUN26,SHORT,1,27236.75,27263.25,-534.36,-538.72,-107.7,LOSS,STOP_HIT,27287.25,1010.00,2026-05-07 09:28:34
2026-05-01,2026-05-01 10:42:00,2026-05-01 10:48:00,OG,Backtest,AdxDiCrossBracketOG,OG_AdxDiCrossBracketOG,OG,NQ,NQ JUN26,SHORT,1,27791.50,27817.25,-519.36,-523.72,-104.7,LOSS,STOP_HIT,27859.75,1365.00,2026-05-07 09:28:34
2026-04-21,2026-04-21 10:51:00,2026-04-21 11:00:00,OG,Backtest,AdxDiCrossBracketOG,OG_AdxDiCrossBracketOG,OG,NQ,NQ JUN26,SHORT,1,26794.50,26730.75,1270.64,1266.28,253.3,WIN,TARGET_HIT,26859.25,1295.00,2026-05-07 09:28:34
2026-04-21,2026-04-21 10:51:00,2026-04-21 11:00:00,OG,Backtest,AdxDiCrossBracketOG,OG_AdxDiCrossBracketOG,OG,NQ,NQ JUN26,SHORT,1,26794.50,26730.75,1270.64,1266.28,253.3,WIN,TARGET_HIT,26859.25,1295.00,2026-05-07 09:28:34
2026-05-06,2026-05-06 11:48:00,2026-05-06 11:51:00,OG,Backtest,AdxDiCrossBracketOG,OG_AdxDiCrossBracketOG,OG,NQ,NQ JUN26,SHORT,1,28556.50,28567.00,-214.36,-218.72,-43.7,LOSS,STOP_HIT,28607.00,1010.00,2026-05-07 09:28:34
2026-04-29,2026-04-29 11:15:00,2026-04-29 11:24:00,OG,Backtest,AdxDiCrossBracketOG,OG_AdxDiCrossBracketOG,OG,NQ,NQ JUN26,SHORT,1,27236.75,27263.25,-534.36,-538.72,-107.7,LOSS,STOP_HIT,27287.25,1010.00,2026-05-07 09:28:34
2026-05-01,2026-05-01 10:54:00,2026-05-01 11:00:00,OG,Backtest,AdxDiCrossBracketOG,OG_AdxDiCrossBracketOG,OG,NQ,NQ JUN26,SHORT,1,27799.00,27833.00,-684.36,-688.72,-137.7,LOSS,STOP_HIT,27869.75,1415.00,2026-05-07 09:28:34
2026-05-01,2026-05-01 10:42:00,2026-05-01 10:48:00,OG,Backtest,AdxDiCrossBracketOG,OG_AdxDiCrossBracketOG,OG,NQ,NQ JUN26,SHORT,1,27791.50,27817.25,-519.36,-523.72,-104.7,LOSS,STOP_HIT,27859.75,1365.00,2026-05-07 09:28:34
2026-05-01,2026-05-01 10:54:00,2026-05-01 11:00:00,OG,Backtest,AdxDiCrossBracketOG,OG_AdxDiCrossBracketOG,OG,NQ,NQ JUN26,SHORT,1,27799.00,27833.00,-684.36,-688.72,-137.7,LOSS,STOP_HIT,27869.75,1415.00,2026-05-07 09:28:34
2026-05-06,2026-05-06 11:48:00,2026-05-06 11:51:00,OG,Backtest,AdxDiCrossBracketOG,OG_AdxDiCrossBracketOG,OG,NQ,NQ JUN26,SHORT,1,28556.50,28567.00,-214.36,-218.72,-43.7,LOSS,STOP_HIT,28607.00,1010.00,2026-05-07 09:28:34
2026-05-06,2026-05-06 11:48:00,2026-05-06 11:51:00,OG,Backtest,AdxDiCrossBracketOG,OG_AdxDiCrossBracketOG,OG,NQ,NQ JUN26,SHORT,1,28556.50,28567.00,-214.36,-218.72,-43.7,LOSS,STOP_HIT,28607.00,1010.00,2026-05-07 09:28:34
2026-04-21,2026-04-21 10:51:00,2026-04-21 11:00:00,OG,Backtest,AdxDiCrossBracketOG,OG_AdxDiCrossBracketOG,OG,NQ,NQ JUN26,SHORT,1,26794.50,26730.75,1270.64,1266.28,253.3,WIN,TARGET_HIT,26859.25,1295.00,2026-05-07 09:28:34
2026-04-29,2026-04-29 11:15:00,2026-04-29 11:24:00,OG,Backtest,AdxDiCrossBracketOG,OG_AdxDiCrossBracketOG,OG,NQ,NQ JUN26,SHORT,1,27236.75,27263.25,-534.36,-538.72,-107.7,LOSS,STOP_HIT,27287.25,1010.00,2026-05-07 09:28:34
2026-04-21,2026-04-21 10:51:00,2026-04-21 11:00:00,OG,Backtest,AdxDiCrossBracketOG,OG_AdxDiCrossBracketOG,OG,NQ,NQ JUN26,SHORT,1,26794.50,26730.75,1270.64,1266.28,253.3,WIN,TARGET_HIT,26859.25,1295.00,2026-05-07 09:28:34
2026-04-21,2026-04-21 10:51:00,2026-04-21 11:00:00,OG,Backtest,AdxDiCrossBracketOG,OG_AdxDiCrossBracketOG,OG,NQ,NQ JUN26,SHORT,1,26794.50,26730.75,1270.64,1266.28,253.3,WIN,TARGET_HIT,26859.25,1295.00,2026-05-07 09:28:34
2026-05-01,2026-05-01 11:06:00,2026-05-01 11:18:00,OG,Backtest,AdxDiCrossBracketOG,OG_AdxDiCrossBracketOG,OG,NQ,NQ JUN26,SHORT,1,27786.00,27837.25,-1029.36,-1033.72,-206.7,LOSS,STOP_HIT,27857.50,1430.00,2026-05-07 09:28:34
2026-05-01,2026-05-01 10:42:00,2026-05-01 10:48:00,OG,Backtest,AdxDiCrossBracketOG,OG_AdxDiCrossBracketOG,OG,NQ,NQ JUN26,SHORT,1,27791.50,27817.25,-519.36,-523.72,-104.7,LOSS,STOP_HIT,27859.75,1365.00,2026-05-07 09:28:34
2026-04-29,2026-04-29 11:15:00,2026-04-29 11:24:00,OG,Backtest,AdxDiCrossBracketOG,OG_AdxDiCrossBracketOG,OG,NQ,NQ JUN26,SHORT,1,27236.75,27263.25,-534.36,-538.72,-107.7,LOSS,STOP_HIT,27287.25,1010.00,2026-05-07 09:28:34
2026-05-01,2026-05-01 11:06:00,2026-05-01 11:18:00,OG,Backtest,AdxDiCrossBracketOG,OG_AdxDiCrossBracketOG,OG,NQ,NQ JUN26,SHORT,1,27786.00,27837.25,-1029.36,-1033.72,-206.7,LOSS,STOP_HIT,27857.50,1430.00,2026-05-07 09:28:34
2026-05-01,2026-05-01 10:42:00,2026-05-01 10:48:00,OG,Backtest,AdxDiCrossBracketOG,OG_AdxDiCrossBracketOG,OG,NQ,NQ JUN26,SHORT,1,27791.50,27817.25,-519.36,-523.72,-104.7,LOSS,STOP_HIT,27859.75,1365.00,2026-05-07 09:28:34
2026-05-01,2026-05-01 10:54:00,2026-05-01 11:00:00,OG,Backtest,AdxDiCrossBracketOG,OG_AdxDiCrossBracketOG,OG,NQ,NQ JUN26,SHORT,1,27799.00,27833.00,-684.36,-688.72,-137.7,LOSS,STOP_HIT,27869.75,1415.00,2026-05-07 09:28:34
2026-05-01,2026-05-01 11:18:00,2026-05-01 11:27:00,OG,Backtest,AdxDiCrossBracketOG,OG_AdxDiCrossBracketOG,OG,NQ,NQ JUN26,LONG,1,27837.25,27867.25,595.64,591.28,118.3,WIN,STOP_HIT,27770.75,1330.00,2026-05-07 09:28:34
2026-04-21,2026-04-21 10:51:00,2026-04-21 11:00:00,OG,Backtest,AdxDiCrossBracketOG,OG_AdxDiCrossBracketOG,OG,NQ,NQ JUN26,SHORT,1,26794.50,26730.75,1270.64,1266.28,253.3,WIN,TARGET_HIT,26859.25,1295.00,2026-05-07 09:28:34
2026-05-06,2026-05-06 11:48:00,2026-05-06 11:51:00,OG,Backtest,AdxDiCrossBracketOG,OG_AdxDiCrossBracketOG,OG,NQ,NQ JUN26,SHORT,1,28556.50,28567.00,-214.36,-218.72,-43.7,LOSS,STOP_HIT,28607.00,1010.00,2026-05-07 09:28:34
2026-04-29,2026-04-29 11:15:00,2026-04-29 11:24:00,OG,Backtest,AdxDiCrossBracketOG,OG_AdxDiCrossBracketOG,OG,NQ,NQ JUN26,SHORT,1,27236.75,27263.25,-534.36,-538.72,-107.7,LOSS,STOP_HIT,27287.25,1010.00,2026-05-07 09:28:34
2026-04-21,2026-04-21 10:51:00,2026-04-21 11:00:00,OG,Backtest,AdxDiCrossBracketOG,OG_AdxDiCrossBracketOG,OG,NQ,NQ JUN26,SHORT,1,26794.50,26730.75,1270.64,1266.28,253.3,WIN,TARGET_HIT,26859.25,1295.00,2026-05-07 09:28:34
2026-05-01,2026-05-01 10:42:00,2026-05-01 10:48:00,OG,Backtest,AdxDiCrossBracketOG,OG_AdxDiCrossBracketOG,OG,NQ,NQ JUN26,SHORT,1,27791.50,27817.25,-519.36,-523.72,-104.7,LOSS,STOP_HIT,27859.75,1365.00,2026-05-07 09:28:34
2026-05-01,2026-05-01 10:42:00,2026-05-01 10:48:00,OG,Backtest,AdxDiCrossBracketOG,OG_AdxDiCrossBracketOG,OG,NQ,NQ JUN26,SHORT,1,27791.50,27817.25,-519.36,-523.72,-104.7,LOSS,STOP_HIT,27859.75,1365.00,2026-05-07 09:28:34
2026-05-01,2026-05-01 11:06:00,2026-05-01 11:12:00,OG,Backtest,AdxDiCrossBracketOG,OG_AdxDiCrossBracketOG,OG,NQ,NQ JUN26,SHORT,1,27786.00,27809.25,-469.36,-473.72,-94.7,LOSS,STOP_HIT,27857.50,1430.00,2026-05-07 09:28:34
2026-04-21,2026-04-21 10:51:00,2026-04-21 11:00:00,OG,Backtest,AdxDiCrossBracketOG,OG_AdxDiCrossBracketOG,OG,NQ,NQ JUN26,SHORT,1,26794.50,26730.75,1270.64,1266.28,253.3,WIN,TARGET_HIT,26859.25,1295.00,2026-05-07 09:28:34
2026-05-06,2026-05-06 11:48:00,2026-05-06 11:51:00,OG,Backtest,AdxDiCrossBracketOG,OG_AdxDiCrossBracketOG,OG,NQ,NQ JUN26,SHORT,1,28556.50,28567.00,-214.36,-218.72,-43.7,LOSS,STOP_HIT,28607.00,1010.00,2026-05-07 09:28:34
2026-04-29,2026-04-29 11:15:00,2026-04-29 11:24:00,OG,Backtest,AdxDiCrossBracketOG,OG_AdxDiCrossBracketOG,OG,NQ,NQ JUN26,SHORT,1,27236.75,27263.25,-534.36,-538.72,-107.7,LOSS,STOP_HIT,27287.25,1010.00,2026-05-07 09:28:34
2026-05-01,2026-05-01 10:54:00,2026-05-01 11:00:00,OG,Backtest,AdxDiCrossBracketOG,OG_AdxDiCrossBracketOG,OG,NQ,NQ JUN26,SHORT,1,27799.00,27833.00,-684.36,-688.72,-137.7,LOSS,STOP_HIT,27869.75,1415.00,2026-05-07 09:28:34
2026-05-01,2026-05-01 10:54:00,2026-05-01 11:00:00,OG,Backtest,AdxDiCrossBracketOG,OG_AdxDiCrossBracketOG,OG,NQ,NQ JUN26,SHORT,1,27799.00,27833.00,-684.36,-688.72,-137.7,LOSS,STOP_HIT,27869.75,1415.00,2026-05-07 09:28:34
2026-05-01,2026-05-01 10:42:00,2026-05-01 10:48:00,OG,Backtest,AdxDiCrossBracketOG,OG_AdxDiCrossBracketOG,OG,NQ,NQ JUN26,SHORT,1,27791.50,27817.25,-519.36,-523.72,-104.7,LOSS,STOP_HIT,27859.75,1365.00,2026-05-07 09:28:34
2026-05-01,2026-05-01 11:18:00,2026-05-01 11:27:00,OG,Backtest,AdxDiCrossBracketOG,OG_AdxDiCrossBracketOG,OG,NQ,NQ JUN26,LONG,1,27837.25,27867.25,595.64,591.28,118.3,WIN,STOP_HIT,27770.75,1330.00,2026-05-07 09:28:34
2026-04-21,2026-04-21 10:51:00,2026-04-21 11:00:00,OG,Backtest,AdxDiCrossBracketOG,OG_AdxDiCrossBracketOG,OG,NQ,NQ JUN26,SHORT,1,26794.50,26730.75,1270.64,1266.28,253.3,WIN,TARGET_HIT,26859.25,1295.00,2026-05-07 09:28:34
2026-05-06,2026-05-06 11:48:00,2026-05-06 11:51:00,OG,Backtest,AdxDiCrossBracketOG,OG_AdxDiCrossBracketOG,OG,NQ,NQ JUN26,SHORT,1,28556.50,28567.00,-214.36,-218.72,-43.7,LOSS,STOP_HIT,28607.00,1010.00,2026-05-07 09:28:34
2026-05-06,2026-05-06 11:48:00,2026-05-06 11:51:00,OG,Backtest,AdxDiCrossBracketOG,OG_AdxDiCrossBracketOG,OG,NQ,NQ JUN26,SHORT,1,28556.50,28567.00,-214.36,-218.72,-43.7,LOSS,STOP_HIT,28607.00,1010.00,2026-05-07 09:28:34
2026-05-01,2026-05-01 10:42:00,2026-05-01 10:48:00,OG,Backtest,AdxDiCrossBracketOG,OG_AdxDiCrossBracketOG,OG,NQ,NQ JUN26,SHORT,1,27791.50,27817.25,-519.36,-523.72,-104.7,LOSS,STOP_HIT,27859.75,1365.00,2026-05-07 09:28:34
2026-05-01,2026-05-01 10:54:00,2026-05-01 11:00:00,OG,Backtest,AdxDiCrossBracketOG,OG_AdxDiCrossBracketOG,OG,NQ,NQ JUN26,SHORT,1,27799.00,27833.00,-684.36,-688.72,-137.7,LOSS,STOP_HIT,27869.75,1415.00,2026-05-07 09:28:34
2026-04-29,2026-04-29 11:15:00,2026-04-29 11:24:00,OG,Backtest,AdxDiCrossBracketOG,OG_AdxDiCrossBracketOG,OG,NQ,NQ JUN26,SHORT,1,27236.75,27263.25,-534.36,-538.72,-107.7,LOSS,STOP_HIT,27287.25,1010.00,2026-05-07 09:28:34
2026-05-06,2026-05-06 11:48:00,2026-05-06 11:51:00,OG,Backtest,AdxDiCrossBracketOG,OG_AdxDiCrossBracketOG,OG,NQ,NQ JUN26,SHORT,1,28556.50,28567.00,-214.36,-218.72,-43.7,LOSS,STOP_HIT,28607.00,1010.00,2026-05-07 09:28:34
2026-05-01,2026-05-01 10:42:00,2026-05-01 10:48:00,OG,Backtest,AdxDiCrossBracketOG,OG_AdxDiCrossBracketOG,OG,NQ,NQ JUN26,SHORT,1,27791.50,27817.25,-519.36,-523.72,-104.7,LOSS,STOP_HIT,27859.75,1365.00,2026-05-07 09:28:34
2026-05-01,2026-05-01 10:54:00,2026-05-01 11:00:00,OG,Backtest,AdxDiCrossBracketOG,OG_AdxDiCrossBracketOG,OG,NQ,NQ JUN26,SHORT,1,27799.00,27833.00,-684.36,-688.72,-137.7,LOSS,STOP_HIT,27869.75,1415.00,2026-05-07 09:28:34
2026-05-01,2026-05-01 11:06:00,2026-05-01 11:15:00,OG,Backtest,AdxDiCrossBracketOG,OG_AdxDiCrossBracketOG,OG,NQ,NQ JUN26,SHORT,1,27786.00,27815.00,-584.36,-588.72,-117.7,LOSS,STOP_HIT,27857.50,1430.00,2026-05-07 09:28:34
2026-05-01,2026-05-01 11:18:00,2026-05-01 11:27:00,OG,Backtest,AdxDiCrossBracketOG,OG_AdxDiCrossBracketOG,OG,NQ,NQ JUN26,LONG,1,27837.25,27867.25,595.64,591.28,118.3,WIN,STOP_HIT,27770.75,1330.00,2026-05-07 09:28:34
2026-05-06,2026-05-06 11:48:00,2026-05-06 11:51:00,OG,Backtest,AdxDiCrossBracketOG,OG_AdxDiCrossBracketOG,OG,NQ,NQ JUN26,SHORT,1,28556.50,28567.00,-214.36,-218.72,-43.7,LOSS,STOP_HIT,28607.00,1010.00,2026-05-07 09:28:34
2026-04-21,2026-04-21 10:51:00,2026-04-21 11:00:00,OG,Backtest,AdxDiCrossBracketOG,OG_AdxDiCrossBracketOG,OG,NQ,NQ JUN26,SHORT,1,26794.50,26730.75,1270.64,1266.28,253.3,WIN,TARGET_HIT,26859.25,1295.00,2026-05-07 09:28:34
2026-04-29,2026-04-29 11:15:00,2026-04-29 11:24:00,OG,Backtest,AdxDiCrossBracketOG,OG_AdxDiCrossBracketOG,OG,NQ,NQ JUN26,SHORT,1,27236.75,27263.25,-534.36,-538.72,-107.7,LOSS,STOP_HIT,27287.25,1010.00,2026-05-07 09:28:34
2026-05-01,2026-05-01 10:42:00,2026-05-01 10:48:00,OG,Backtest,AdxDiCrossBracketOG,OG_AdxDiCrossBracketOG,OG,NQ,NQ JUN26,SHORT,1,27791.50,27817.25,-519.36,-523.72,-104.7,LOSS,STOP_HIT,27859.75,1365.00,2026-05-07 09:28:34
2026-04-21,2026-04-21 10:51:00,2026-04-21 11:00:00,OG,Backtest,AdxDiCrossBracketOG,OG_AdxDiCrossBracketOG,OG,NQ,NQ JUN26,SHORT,1,26794.50,26730.75,1270.64,1266.28,253.3,WIN,TARGET_HIT,26859.25,1295.00,2026-05-07 09:28:34
2026-05-01,2026-05-01 10:54:00,2026-05-01 11:00:00,OG,Backtest,AdxDiCrossBracketOG,OG_AdxDiCrossBracketOG,OG,NQ,NQ JUN26,SHORT,1,27799.00,27833.00,-684.36,-688.72,-137.7,LOSS,STOP_HIT,27869.75,1415.00,2026-05-07 09:28:34
2026-05-01,2026-05-01 11:06:00,2026-05-01 11:18:00,OG,Backtest,AdxDiCrossBracketOG,OG_AdxDiCrossBracketOG,OG,NQ,NQ JUN26,SHORT,1,27786.00,27837.25,-1029.36,-1033.72,-206.7,LOSS,STOP_HIT,27857.50,1430.00,2026-05-07 09:28:34
2026-04-21,2026-04-21 10:51:00,2026-04-21 11:00:00,OG,Backtest,AdxDiCrossBracketOG,OG_AdxDiCrossBracketOG,OG,NQ,NQ JUN26,SHORT,1,26794.50,26730.75,1270.64,1266.28,253.3,WIN,TARGET_HIT,26859.25,1295.00,2026-05-07 09:28:34
2026-05-06,2026-05-06 11:48:00,2026-05-06 11:51:00,OG,Backtest,AdxDiCrossBracketOG,OG_AdxDiCrossBracketOG,OG,NQ,NQ JUN26,SHORT,1,28556.50,28567.00,-214.36,-218.72,-43.7,LOSS,STOP_HIT,28607.00,1010.00,2026-05-07 09:28:34
2026-04-29,2026-04-29 11:15:00,2026-04-29 11:24:00,OG,Backtest,AdxDiCrossBracketOG,OG_AdxDiCrossBracketOG,OG,NQ,NQ JUN26,SHORT,1,27236.75,27263.25,-534.36,-538.72,-107.7,LOSS,STOP_HIT,27287.25,1010.00,2026-05-07 09:28:34
2026-05-01,2026-05-01 10:42:00,2026-05-01 10:48:00,OG,Backtest,AdxDiCrossBracketOG,OG_AdxDiCrossBracketOG,OG,NQ,NQ JUN26,SHORT,1,27791.50,27817.25,-519.36,-523.72,-104.7,LOSS,STOP_HIT,27859.75,1365.00,2026-05-07 09:28:34
2026-05-01,2026-05-01 10:54:00,2026-05-01 11:00:00,OG,Backtest,AdxDiCrossBracketOG,OG_AdxDiCrossBracketOG,OG,NQ,NQ JUN26,SHORT,1,27799.00,27833.00,-684.36,-688.72,-137.7,LOSS,STOP_HIT,27869.75,1415.00,2026-05-07 09:28:34
2026-05-01,2026-05-01 11:06:00,2026-05-01 11:18:00,OG,Backtest,AdxDiCrossBracketOG,OG_AdxDiCrossBracketOG,OG,NQ,NQ JUN26,SHORT,1,27786.00,27837.25,-1029.36,-1033.72,-206.7,LOSS,STOP_HIT,27857.50,1430.00,2026-05-07 09:28:34
2026-05-06,2026-05-06 11:48:00,2026-05-06 11:51:00,OG,Backtest,AdxDiCrossBracketOG,OG_AdxDiCrossBracketOG,OG,NQ,NQ JUN26,SHORT,1,28556.50,28567.00,-214.36,-218.72,-43.7,LOSS,STOP_HIT,28607.00,1010.00,2026-05-07 09:28:34
2026-05-01,2026-05-01 10:54:00,2026-05-01 11:00:00,OG,Backtest,AdxDiCrossBracketOG,OG_AdxDiCrossBracketOG,OG,NQ,NQ JUN26,SHORT,1,27799.00,27833.00,-684.36,-688.72,-137.7,LOSS,STOP_HIT,27869.75,1415.00,2026-05-07 09:28:34
2026-04-21,2026-04-21 10:51:00,2026-04-21 11:00:00,OG,Backtest,AdxDiCrossBracketOG,OG_AdxDiCrossBracketOG,OG,NQ,NQ JUN26,SHORT,1,26794.50,26730.75,1270.64,1266.28,253.3,WIN,TARGET_HIT,26859.25,1295.00,2026-05-07 09:28:34
2026-04-21,2026-04-21 10:51:00,2026-04-21 11:00:00,OG,Backtest,AdxDiCrossBracketOG,OG_AdxDiCrossBracketOG,OG,NQ,NQ JUN26,SHORT,1,26794.50,26730.75,1270.64,1266.28,253.3,WIN,TARGET_HIT,26859.25,1295.00,2026-05-07 09:28:34
2026-04-29,2026-04-29 11:15:00,2026-04-29 11:24:00,OG,Backtest,AdxDiCrossBracketOG,OG_AdxDiCrossBracketOG,OG,NQ,NQ JUN26,SHORT,1,27236.75,27263.25,-534.36,-538.72,-107.7,LOSS,STOP_HIT,27287.25,1010.00,2026-05-07 09:28:34
2026-05-06,2026-05-06 11:48:00,2026-05-06 11:51:00,OG,Backtest,AdxDiCrossBracketOG,OG_AdxDiCrossBracketOG,OG,NQ,NQ JUN26,SHORT,1,28556.50,28567.00,-214.36,-218.72,-43.7,LOSS,STOP_HIT,28607.00,1010.00,2026-05-07 09:28:34
2026-04-21,2026-04-21 10:51:00,2026-04-21 11:00:00,OG,Backtest,AdxDiCrossBracketOG,OG_AdxDiCrossBracketOG,OG,NQ,NQ JUN26,SHORT,1,26794.50,26730.75,1270.64,1266.28,253.3,WIN,TARGET_HIT,26859.25,1295.00,2026-05-07 09:28:34
2026-05-01,2026-05-01 10:42:00,2026-05-01 10:48:00,OG,Backtest,AdxDiCrossBracketOG,OG_AdxDiCrossBracketOG,OG,NQ,NQ JUN26,SHORT,1,27791.50,27817.25,-519.36,-523.72,-104.7,LOSS,STOP_HIT,27859.75,1365.00,2026-05-07 09:28:34
2026-05-01,2026-05-01 11:06:00,2026-05-01 11:18:00,OG,Backtest,AdxDiCrossBracketOG,OG_AdxDiCrossBracketOG,OG,NQ,NQ JUN26,SHORT,1,27786.00,27837.25,-1029.36,-1033.72,-206.7,LOSS,STOP_HIT,27857.50,1430.00,2026-05-07 09:28:34
2026-05-01,2026-05-01 10:42:00,2026-05-01 10:48:00,OG,Backtest,AdxDiCrossBracketOG,OG_AdxDiCrossBracketOG,OG,NQ,NQ JUN26,SHORT,1,27791.50,27817.25,-519.36,-523.72,-104.7,LOSS,STOP_HIT,27859.75,1365.00,2026-05-07 09:28:34
2026-05-01,2026-05-01 11:06:00,2026-05-01 11:18:00,OG,Backtest,AdxDiCrossBracketOG,OG_AdxDiCrossBracketOG,OG,NQ,NQ JUN26,SHORT,1,27786.00,27837.25,-1029.36,-1033.72,-206.7,LOSS,STOP_HIT,27857.50,1430.00,2026-05-07 09:28:34
2026-05-01,2026-05-01 11:06:00,2026-05-01 11:12:00,OG,Backtest,AdxDiCrossBracketOG,OG_AdxDiCrossBracketOG,OG,NQ,NQ JUN26,SHORT,1,27786.00,27809.25,-469.36,-473.72,-94.7,LOSS,STOP_HIT,27857.50,1430.00,2026-05-07 09:28:34
2026-04-29,2026-04-29 11:15:00,2026-04-29 11:24:00,OG,Backtest,AdxDiCrossBracketOG,OG_AdxDiCrossBracketOG,OG,NQ,NQ JUN26,SHORT,1,27236.75,27263.25,-534.36,-538.72,-107.7,LOSS,STOP_HIT,27287.25,1010.00,2026-05-07 09:28:34
2026-04-29,2026-04-29 11:15:00,2026-04-29 11:24:00,OG,Backtest,AdxDiCrossBracketOG,OG_AdxDiCrossBracketOG,OG,NQ,NQ JUN26,SHORT,1,27236.75,27263.25,-534.36,-538.72,-107.7,LOSS,STOP_HIT,27287.25,1010.00,2026-05-07 09:28:34
2026-05-01,2026-05-01 10:54:00,2026-05-01 11:00:00,OG,Backtest,AdxDiCrossBracketOG,OG_AdxDiCrossBracketOG,OG,NQ,NQ JUN26,SHORT,1,27799.00,27833.00,-684.36,-688.72,-137.7,LOSS,STOP_HIT,27869.75,1415.00,2026-05-07 09:28:34
2026-05-06,2026-05-06 11:48:00,2026-05-06 11:51:00,OG,Backtest,AdxDiCrossBracketOG,OG_AdxDiCrossBracketOG,OG,NQ,NQ JUN26,SHORT,1,28556.50,28567.00,-214.36,-218.72,-43.7,LOSS,STOP_HIT,28607.00,1010.00,2026-05-07 09:28:34
2026-04-29,2026-04-29 11:15:00,2026-04-29 11:24:00,OG,Backtest,AdxDiCrossBracketOG,OG_AdxDiCrossBracketOG,OG,NQ,NQ JUN26,SHORT,1,27236.75,27263.25,-534.36,-538.72,-107.7,LOSS,STOP_HIT,27287.25,1010.00,2026-05-07 09:28:34
2026-05-01,2026-05-01 11:06:00,2026-05-01 11:15:00,OG,Backtest,AdxDiCrossBracketOG,OG_AdxDiCrossBracketOG,OG,NQ,NQ JUN26,SHORT,1,27786.00,27815.00,-584.36,-588.72,-117.7,LOSS,STOP_HIT,27857.50,1430.00,2026-05-07 09:28:34
2026-05-06,2026-05-06 11:48:00,2026-05-06 11:51:00,OG,Backtest,AdxDiCrossBracketOG,OG_AdxDiCrossBracketOG,OG,NQ,NQ JUN26,SHORT,1,28556.50,28567.00,-214.36,-218.72,-43.7,LOSS,STOP_HIT,28607.00,1010.00,2026-05-07 09:28:34
2026-05-01,2026-05-01 11:18:00,2026-05-01 11:27:00,OG,Backtest,AdxDiCrossBracketOG,OG_AdxDiCrossBracketOG,OG,NQ,NQ JUN26,LONG,1,27837.25,27867.25,595.64,591.28,118.3,WIN,STOP_HIT,27770.75,1330.00,2026-05-07 09:28:34
2026-05-06,2026-05-06 11:48:00,2026-05-06 11:51:00,OG,Backtest,AdxDiCrossBracketOG,OG_AdxDiCrossBracketOG,OG,NQ,NQ JUN26,SHORT,1,28556.50,28567.00,-214.36,-218.72,-43.7,LOSS,STOP_HIT,28607.00,1010.00,2026-05-07 09:28:34
2026-05-01,2026-05-01 10:42:00,2026-05-01 10:48:00,OG,Backtest,AdxDiCrossBracketOG,OG_AdxDiCrossBracketOG,OG,NQ,NQ JUN26,SHORT,1,27791.50,27817.25,-519.36,-523.72,-104.7,LOSS,STOP_HIT,27859.75,1365.00,2026-05-07 09:28:34
2026-05-01,2026-05-01 10:42:00,2026-05-01 10:48:00,OG,Backtest,AdxDiCrossBracketOG,OG_AdxDiCrossBracketOG,OG,NQ,NQ JUN26,SHORT,1,27791.50,27817.25,-519.36,-523.72,-104.7,LOSS,STOP_HIT,27859.75,1365.00,2026-05-07 09:28:34
2026-05-01,2026-05-01 11:06:00,2026-05-01 11:15:00,OG,Backtest,AdxDiCrossBracketOG,OG_AdxDiCrossBracketOG,OG,NQ,NQ JUN26,SHORT,1,27786.00,27815.00,-584.36,-588.72,-117.7,LOSS,STOP_HIT,27857.50,1430.00,2026-05-07 09:28:34
2026-05-01,2026-05-01 11:06:00,2026-05-01 11:18:00,OG,Backtest,AdxDiCrossBracketOG,OG_AdxDiCrossBracketOG,OG,NQ,NQ JUN26,SHORT,1,27786.00,27837.25,-1029.36,-1033.72,-206.7,LOSS,STOP_HIT,27857.50,1430.00,2026-05-07 09:28:34
2026-05-01,2026-05-01 11:18:00,2026-05-01 11:27:00,OG,Backtest,AdxDiCrossBracketOG,OG_AdxDiCrossBracketOG,OG,NQ,NQ JUN26,LONG,1,27837.25,27867.25,595.64,591.28,118.3,WIN,STOP_HIT,27770.75,1330.00,2026-05-07 09:28:34
2026-05-06,2026-05-06 11:48:00,2026-05-06 11:51:00,OG,Backtest,AdxDiCrossBracketOG,OG_AdxDiCrossBracketOG,OG,NQ,NQ JUN26,SHORT,1,28556.50,28567.00,-214.36,-218.72,-43.7,LOSS,STOP_HIT,28607.00,1010.00,2026-05-07 09:28:34
2026-05-01,2026-05-01 10:42:00,2026-05-01 10:48:00,OG,Backtest,AdxDiCrossBracketOG,OG_AdxDiCrossBracketOG,OG,NQ,NQ JUN26,SHORT,1,27791.50,27817.25,-519.36,-523.72,-104.7,LOSS,STOP_HIT,27859.75,1365.00,2026-05-07 09:28:34
2026-05-01,2026-05-01 10:42:00,2026-05-01 10:48:00,OG,Backtest,AdxDiCrossBracketOG,OG_AdxDiCrossBracketOG,OG,NQ,NQ JUN26,SHORT,1,27791.50,27817.25,-519.36,-523.72,-104.7,LOSS,STOP_HIT,27859.75,1365.00,2026-05-07 09:28:34
2026-05-01,2026-05-01 11:18:00,2026-05-01 11:27:00,OG,Backtest,AdxDiCrossBracketOG,OG_AdxDiCrossBracketOG,OG,NQ,NQ JUN26,LONG,1,27837.25,27867.25,595.64,591.28,118.3,WIN,STOP_HIT,27770.75,1330.00,2026-05-07 09:28:34
2026-04-21,2026-04-21 10:51:00,2026-04-21 11:00:00,OG,Backtest,AdxDiCrossBracketOG,OG_AdxDiCrossBracketOG,OG,NQ,NQ JUN26,SHORT,1,26794.50,26730.75,1270.64,1266.28,253.3,WIN,TARGET_HIT,26859.25,1295.00,2026-05-07 09:28:34
2026-05-01,2026-05-01 10:42:00,2026-05-01 10:48:00,OG,Backtest,AdxDiCrossBracketOG,OG_AdxDiCrossBracketOG,OG,NQ,NQ JUN26,SHORT,1,27791.50,27817.25,-519.36,-523.72,-104.7,LOSS,STOP_HIT,27859.75,1365.00,2026-05-07 09:28:34
2026-05-01,2026-05-01 10:42:00,2026-05-01 10:48:00,OG,Backtest,AdxDiCrossBracketOG,OG_AdxDiCrossBracketOG,OG,NQ,NQ JUN26,SHORT,1,27791.50,27817.25,-519.36,-523.72,-104.7,LOSS,STOP_HIT,27859.75,1365.00,2026-05-07 09:28:34
2026-05-01,2026-05-01 11:06:00,2026-05-01 11:18:00,OG,Backtest,AdxDiCrossBracketOG,OG_AdxDiCrossBracketOG,OG,NQ,NQ JUN26,SHORT,1,27786.00,27837.25,-1029.36,-1033.72,-206.7,LOSS,STOP_HIT,27857.50,1430.00,2026-05-07 09:28:34
2026-05-01,2026-05-01 11:06:00,2026-05-01 11:18:00,OG,Backtest,AdxDiCrossBracketOG,OG_AdxDiCrossBracketOG,OG,NQ,NQ JUN26,SHORT,1,27786.00,27837.25,-1029.36,-1033.72,-206.7,LOSS,STOP_HIT,27857.50,1430.00,2026-05-07 09:28:34
2026-05-01,2026-05-01 11:06:00,2026-05-01 11:18:00,OG,Backtest,AdxDiCrossBracketOG,OG_AdxDiCrossBracketOG,OG,NQ,NQ JUN26,SHORT,1,27786.00,27837.25,-1029.36,-1033.72,-206.7,LOSS,STOP_HIT,27857.50,1430.00,2026-05-07 09:28:34
2026-05-06,2026-05-06 11:48:00,2026-05-06 11:51:00,OG,Backtest,AdxDiCrossBracketOG,OG_AdxDiCrossBracketOG,OG,NQ,NQ JUN26,SHORT,1,28556.50,28567.00,-214.36,-218.72,-43.7,LOSS,STOP_HIT,28607.00,1010.00,2026-05-07 09:28:34
2026-04-21,2026-04-21 10:51:00,2026-04-21 11:00:00,OG,Backtest,AdxDiCrossBracketOG,OG_AdxDiCrossBracketOG,OG,NQ,NQ JUN26,SHORT,1,26794.50,26730.75,1270.64,1266.28,253.3,WIN,TARGET_HIT,26859.25,1295.00,2026-05-07 09:28:34
2026-04-29,2026-04-29 11:15:00,2026-04-29 11:24:00,OG,Backtest,AdxDiCrossBracketOG,OG_AdxDiCrossBracketOG,OG,NQ,NQ JUN26,SHORT,1,27236.75,27263.25,-534.36,-538.72,-107.7,LOSS,STOP_HIT,27287.25,1010.00,2026-05-07 09:28:34
2026-05-01,2026-05-01 10:42:00,2026-05-01 10:48:00,OG,Backtest,AdxDiCrossBracketOG,OG_AdxDiCrossBracketOG,OG,NQ,NQ JUN26,SHORT,1,27791.50,27817.25,-519.36,-523.72,-104.7,LOSS,STOP_HIT,27859.75,1365.00,2026-05-07 09:28:34
2026-05-01,2026-05-01 10:54:00,2026-05-01 11:00:00,OG,Backtest,AdxDiCrossBracketOG,OG_AdxDiCrossBracketOG,OG,NQ,NQ JUN26,SHORT,1,27799.00,27833.00,-684.36,-688.72,-137.7,LOSS,STOP_HIT,27869.75,1415.00,2026-05-07 09:28:34
2026-05-01,2026-05-01 11:06:00,2026-05-01 11:18:00,OG,Backtest,AdxDiCrossBracketOG,OG_AdxDiCrossBracketOG,OG,NQ,NQ JUN26,SHORT,1,27786.00,27837.25,-1029.36,-1033.72,-206.7,LOSS,STOP_HIT,27857.50,1430.00,2026-05-07 09:28:34
2026-05-01,2026-05-01 10:42:00,2026-05-01 10:48:00,OG,Backtest,AdxDiCrossBracketOG,OG_AdxDiCrossBracketOG,OG,NQ,NQ JUN26,SHORT,1,27791.50,27817.25,-519.36,-523.72,-104.7,LOSS,STOP_HIT,27859.75,1365.00,2026-05-07 09:28:34
2026-05-01,2026-05-01 10:54:00,2026-05-01 11:00:00,OG,Backtest,AdxDiCrossBracketOG,OG_AdxDiCrossBracketOG,OG,NQ,NQ JUN26,SHORT,1,27799.00,27833.00,-684.36,-688.72,-137.7,LOSS,STOP_HIT,27869.75,1415.00,2026-05-07 09:28:34
2026-05-01,2026-05-01 11:06:00,2026-05-01 11:18:00,OG,Backtest,AdxDiCrossBracketOG,OG_AdxDiCrossBracketOG,OG,NQ,NQ JUN26,SHORT,1,27786.00,27837.25,-1029.36,-1033.72,-206.7,LOSS,STOP_HIT,27857.50,1430.00,2026-05-07 09:28:34
2026-05-06,2026-05-06 11:48:00,2026-05-06 11:51:00,OG,Backtest,AdxDiCrossBracketOG,OG_AdxDiCrossBracketOG,OG,NQ,NQ JUN26,SHORT,1,28556.50,28567.00,-214.36,-218.72,-43.7,LOSS,STOP_HIT,28607.00,1010.00,2026-05-07 09:28:34
2026-04-21,2026-04-21 10:51:00,2026-04-21 11:00:00,OG,Backtest,AdxDiCrossBracketOG,OG_AdxDiCrossBracketOG,OG,NQ,NQ JUN26,SHORT,1,26794.50,26730.75,1270.64,1266.28,253.3,WIN,TARGET_HIT,26859.25,1295.00,2026-05-07 09:28:34
2026-04-29,2026-04-29 11:15:00,2026-04-29 11:24:00,OG,Backtest,AdxDiCrossBracketOG,OG_AdxDiCrossBracketOG,OG,NQ,NQ JUN26,SHORT,1,27236.75,27263.25,-534.36,-538.72,-107.7,LOSS,STOP_HIT,27287.25,1010.00,2026-05-07 09:28:34
2026-05-01,2026-05-01 10:42:00,2026-05-01 10:48:00,OG,Backtest,AdxDiCrossBracketOG,OG_AdxDiCrossBracketOG,OG,NQ,NQ JUN26,SHORT,1,27791.50,27817.25,-519.36,-523.72,-104.7,LOSS,STOP_HIT,27859.75,1365.00,2026-05-07 09:28:34
2026-05-01,2026-05-01 10:54:00,2026-05-01 11:00:00,OG,Backtest,AdxDiCrossBracketOG,OG_AdxDiCrossBracketOG,OG,NQ,NQ JUN26,SHORT,1,27799.00,27833.00,-684.36,-688.72,-137.7,LOSS,STOP_HIT,27869.75,1415.00,2026-05-07 09:28:34
2026-05-01,2026-05-01 11:06:00,2026-05-01 11:18:00,OG,Backtest,AdxDiCrossBracketOG,OG_AdxDiCrossBracketOG,OG,NQ,NQ JUN26,SHORT,1,27786.00,27837.25,-1029.36,-1033.72,-206.7,LOSS,STOP_HIT,27857.50,1430.00,2026-05-07 09:28:34
2026-05-06,2026-05-06 11:48:00,2026-05-06 11:51:00,OG,Backtest,AdxDiCrossBracketOG,OG_AdxDiCrossBracketOG,OG,NQ,NQ JUN26,SHORT,1,28556.50,28567.00,-214.36,-218.72,-43.7,LOSS,STOP_HIT,28607.00,1010.00,2026-05-07 09:28:34
2026-04-21,2026-04-21 10:51:00,2026-04-21 11:00:00,OG,Backtest,AdxDiCrossBracketOG,OG_AdxDiCrossBracketOG,OG,NQ,NQ JUN26,SHORT,1,26794.50,26730.75,1270.64,1266.28,253.3,WIN,TARGET_HIT,26859.25,1295.00,2026-05-07 09:28:34
2026-04-21,2026-04-21 10:51:00,2026-04-21 11:00:00,OG,Backtest,AdxDiCrossBracketOG,OG_AdxDiCrossBracketOG,OG,NQ,NQ JUN26,SHORT,1,26794.50,26730.75,1270.64,1266.28,253.3,WIN,TARGET_HIT,26859.25,1295.00,2026-05-07 09:28:34
2026-05-01,2026-05-01 10:42:00,2026-05-01 10:48:00,OG,Backtest,AdxDiCrossBracketOG,OG_AdxDiCrossBracketOG,OG,NQ,NQ JUN26,SHORT,1,27791.50,27817.25,-519.36,-523.72,-104.7,LOSS,STOP_HIT,27859.75,1365.00,2026-05-07 09:28:34
2026-05-01,2026-05-01 10:54:00,2026-05-01 11:00:00,OG,Backtest,AdxDiCrossBracketOG,OG_AdxDiCrossBracketOG,OG,NQ,NQ JUN26,SHORT,1,27799.00,27833.00,-684.36,-688.72,-137.7,LOSS,STOP_HIT,27869.75,1415.00,2026-05-07 09:28:34
2026-05-01,2026-05-01 11:06:00,2026-05-01 11:18:00,OG,Backtest,AdxDiCrossBracketOG,OG_AdxDiCrossBracketOG,OG,NQ,NQ JUN26,SHORT,1,27786.00,27837.25,-1029.36,-1033.72,-206.7,LOSS,STOP_HIT,27857.50,1430.00,2026-05-07 09:28:34
2026-05-06,2026-05-06 11:48:00,2026-05-06 11:51:00,OG,Backtest,AdxDiCrossBracketOG,OG_AdxDiCrossBracketOG,OG,NQ,NQ JUN26,SHORT,1,28556.50,28567.00,-214.36,-218.72,-43.7,LOSS,STOP_HIT,28607.00,1010.00,2026-05-07 09:28:34
2026-05-01,2026-05-01 10:42:00,2026-05-01 10:48:00,OG,Backtest,AdxDiCrossBracketOG,OG_AdxDiCrossBracketOG,OG,NQ,NQ JUN26,SHORT,1,27791.50,27817.25,-519.36,-523.72,-104.7,LOSS,STOP_HIT,27859.75,1365.00,2026-05-07 09:28:34
2026-04-21,2026-04-21 10:51:00,2026-04-21 11:00:00,OG,Backtest,AdxDiCrossBracketOG,OG_AdxDiCrossBracketOG,OG,NQ,NQ JUN26,SHORT,1,26794.50,26730.75,1270.64,1266.28,253.3,WIN,TARGET_HIT,26859.25,1295.00,2026-05-07 09:28:34
2026-04-29,2026-04-29 11:15:00,2026-04-29 11:24:00,OG,Backtest,AdxDiCrossBracketOG,OG_AdxDiCrossBracketOG,OG,NQ,NQ JUN26,SHORT,1,27236.75,27263.25,-534.36,-538.72,-107.7,LOSS,STOP_HIT,27287.25,1010.00,2026-05-07 09:28:34
2026-05-01,2026-05-01 10:42:00,2026-05-01 10:48:00,OG,Backtest,AdxDiCrossBracketOG,OG_AdxDiCrossBracketOG,OG,NQ,NQ JUN26,SHORT,1,27791.50,27817.25,-519.36,-523.72,-104.7,LOSS,STOP_HIT,27859.75,1365.00,2026-05-07 09:28:34
2026-05-01,2026-05-01 10:54:00,2026-05-01 11:00:00,OG,Backtest,AdxDiCrossBracketOG,OG_AdxDiCrossBracketOG,OG,NQ,NQ JUN26,SHORT,1,27799.00,27833.00,-684.36,-688.72,-137.7,LOSS,STOP_HIT,27869.75,1415.00,2026-05-07 09:28:34
2026-05-01,2026-05-01 11:18:00,2026-05-01 11:27:00,OG,Backtest,AdxDiCrossBracketOG,OG_AdxDiCrossBracketOG,OG,NQ,NQ JUN26,LONG,1,27837.25,27867.25,595.64,591.28,118.3,WIN,STOP_HIT,27770.75,1330.00,2026-05-07 09:28:34
2026-04-29,2026-04-29 11:15:00,2026-04-29 11:24:00,OG,Backtest,AdxDiCrossBracketOG,OG_AdxDiCrossBracketOG,OG,NQ,NQ JUN26,SHORT,1,27236.75,27263.25,-534.36,-538.72,-107.7,LOSS,STOP_HIT,27287.25,1010.00,2026-05-07 09:28:34
2026-05-06,2026-05-06 11:48:00,2026-05-06 11:51:00,OG,Backtest,AdxDiCrossBracketOG,OG_AdxDiCrossBracketOG,OG,NQ,NQ JUN26,SHORT,1,28556.50,28567.00,-214.36,-218.72,-43.7,LOSS,STOP_HIT,28607.00,1010.00,2026-05-07 09:28:34
2026-05-01,2026-05-01 10:42:00,2026-05-01 10:48:00,OG,Backtest,AdxDiCrossBracketOG,OG_AdxDiCrossBracketOG,OG,NQ,NQ JUN26,SHORT,1,27791.50,27817.25,-519.36,-523.72,-104.7,LOSS,STOP_HIT,27859.75,1365.00,2026-05-07 09:28:34
2026-05-06,2026-05-06 11:48:00,2026-05-06 11:51:00,OG,Backtest,AdxDiCrossBracketOG,OG_AdxDiCrossBracketOG,OG,NQ,NQ JUN26,SHORT,1,28556.50,28567.00,-214.36,-218.72,-43.7,LOSS,STOP_HIT,28607.00,1010.00,2026-05-07 09:28:34
2026-05-01,2026-05-01 11:06:00,2026-05-01 11:18:00,OG,Backtest,AdxDiCrossBracketOG,OG_AdxDiCrossBracketOG,OG,NQ,NQ JUN26,SHORT,1,27786.00,27837.25,-1029.36,-1033.72,-206.7,LOSS,STOP_HIT,27857.50,1430.00,2026-05-07 09:28:34
2026-05-06,2026-05-06 11:48:00,2026-05-06 11:51:00,OG,Backtest,AdxDiCrossBracketOG,OG_AdxDiCrossBracketOG,OG,NQ,NQ JUN26,SHORT,1,28556.50,28567.00,-214.36,-218.72,-43.7,LOSS,STOP_HIT,28607.00,1010.00,2026-05-07 09:28:34
2026-04-29,2026-04-29 11:15:00,2026-04-29 11:24:00,OG,Backtest,AdxDiCrossBracketOG,OG_AdxDiCrossBracketOG,OG,NQ,NQ JUN26,SHORT,1,27236.75,27263.25,-534.36,-538.72,-107.7,LOSS,STOP_HIT,27287.25,1010.00,2026-05-07 09:28:34
2026-04-21,2026-04-21 10:51:00,2026-04-21 11:00:00,OG,Backtest,AdxDiCrossBracketOG,OG_AdxDiCrossBracketOG,OG,NQ,NQ JUN26,SHORT,1,26794.50,26730.75,1270.64,1266.28,253.3,WIN,TARGET_HIT,26859.25,1295.00,2026-05-07 09:28:34
2026-05-01,2026-05-01 10:54:00,2026-05-01 11:00:00,OG,Backtest,AdxDiCrossBracketOG,OG_AdxDiCrossBracketOG,OG,NQ,NQ JUN26,SHORT,1,27799.00,27833.00,-684.36,-688.72,-137.7,LOSS,STOP_HIT,27869.75,1415.00,2026-05-07 09:28:34
2026-05-01,2026-05-01 10:54:00,2026-05-01 11:00:00,OG,Backtest,AdxDiCrossBracketOG,OG_AdxDiCrossBracketOG,OG,NQ,NQ JUN26,SHORT,1,27799.00,27833.00,-684.36,-688.72,-137.7,LOSS,STOP_HIT,27869.75,1415.00,2026-05-07 09:28:34
2026-05-01,2026-05-01 11:06:00,2026-05-01 11:18:00,OG,Backtest,AdxDiCrossBracketOG,OG_AdxDiCrossBracketOG,OG,NQ,NQ JUN26,SHORT,1,27786.00,27837.25,-1029.36,-1033.72,-206.7,LOSS,STOP_HIT,27857.50,1430.00,2026-05-07 09:28:34
2026-05-06,2026-05-06 11:48:00,2026-05-06 11:51:00,OG,Backtest,AdxDiCrossBracketOG,OG_AdxDiCrossBracketOG,OG,NQ,NQ JUN26,SHORT,1,28556.50,28567.00,-214.36,-218.72,-43.7,LOSS,STOP_HIT,28607.00,1010.00,2026-05-07 09:28:34
2026-04-21,2026-04-21 10:51:00,2026-04-21 11:00:00,OG,Backtest,AdxDiCrossBracketOG,OG_AdxDiCrossBracketOG,OG,NQ,NQ JUN26,SHORT,1,26794.50,26730.75,1270.64,1266.28,253.3,WIN,TARGET_HIT,26859.25,1295.00,2026-05-07 09:28:34
2026-05-01,2026-05-01 10:42:00,2026-05-01 10:48:00,OG,Backtest,AdxDiCrossBracketOG,OG_AdxDiCrossBracketOG,OG,NQ,NQ JUN26,SHORT,1,27791.50,27817.25,-519.36,-523.72,-104.7,LOSS,STOP_HIT,27859.75,1365.00,2026-05-07 09:28:34
2026-04-29,2026-04-29 11:15:00,2026-04-29 11:24:00,OG,Backtest,AdxDiCrossBracketOG,OG_AdxDiCrossBracketOG,OG,NQ,NQ JUN26,SHORT,1,27236.75,27263.25,-534.36,-538.72,-107.7,LOSS,STOP_HIT,27287.25,1010.00,2026-05-07 09:28:34
2026-04-29,2026-04-29 11:15:00,2026-04-29 11:24:00,OG,Backtest,AdxDiCrossBracketOG,OG_AdxDiCrossBracketOG,OG,NQ,NQ JUN26,SHORT,1,27236.75,27263.25,-534.36,-538.72,-107.7,LOSS,STOP_HIT,27287.25,1010.00,2026-05-07 09:28:34
2026-05-06,2026-05-06 11:48:00,2026-05-06 11:51:00,OG,Backtest,AdxDiCrossBracketOG,OG_AdxDiCrossBracketOG,OG,NQ,NQ JUN26,SHORT,1,28556.50,28567.00,-214.36,-218.72,-43.7,LOSS,STOP_HIT,28607.00,1010.00,2026-05-07 09:28:34
2026-05-01,2026-05-01 10:54:00,2026-05-01 11:00:00,OG,Backtest,AdxDiCrossBracketOG,OG_AdxDiCrossBracketOG,OG,NQ,NQ JUN26,SHORT,1,27799.00,27833.00,-684.36,-688.72,-137.7,LOSS,STOP_HIT,27869.75,1415.00,2026-05-07 09:28:34
2026-05-01,2026-05-01 11:06:00,2026-05-01 11:18:00,OG,Backtest,AdxDiCrossBracketOG,OG_AdxDiCrossBracketOG,OG,NQ,NQ JUN26,SHORT,1,27786.00,27837.25,-1029.36,-1033.72,-206.7,LOSS,STOP_HIT,27857.50,1430.00,2026-05-07 09:28:34
2026-04-21,2026-04-21 10:51:00,2026-04-21 11:00:00,OG,Backtest,AdxDiCrossBracketOG,OG_AdxDiCrossBracketOG,OG,NQ,NQ JUN26,SHORT,1,26794.50,26730.75,1270.64,1266.28,253.3,WIN,TARGET_HIT,26859.25,1295.00,2026-05-07 09:28:34
2026-04-29,2026-04-29 11:15:00,2026-04-29 11:24:00,OG,Backtest,AdxDiCrossBracketOG,OG_AdxDiCrossBracketOG,OG,NQ,NQ JUN26,SHORT,1,27236.75,27263.25,-534.36,-538.72,-107.7,LOSS,STOP_HIT,27287.25,1010.00,2026-05-07 09:28:34
2026-04-29,2026-04-29 11:15:00,2026-04-29 11:24:00,OG,Backtest,AdxDiCrossBracketOG,OG_AdxDiCrossBracketOG,OG,NQ,NQ JUN26,SHORT,1,27236.75,27263.25,-534.36,-538.72,-107.7,LOSS,STOP_HIT,27287.25,1010.00,2026-05-07 09:28:34
2026-05-01,2026-05-01 10:42:00,2026-05-01 10:48:00,OG,Backtest,AdxDiCrossBracketOG,OG_AdxDiCrossBracketOG,OG,NQ,NQ JUN26,SHORT,1,27791.50,27817.25,-519.36,-523.72,-104.7,LOSS,STOP_HIT,27859.75,1365.00,2026-05-07 09:28:34
2026-05-01,2026-05-01 10:42:00,2026-05-01 10:48:00,OG,Backtest,AdxDiCrossBracketOG,OG_AdxDiCrossBracketOG,OG,NQ,NQ JUN26,SHORT,1,27791.50,27817.25,-519.36,-523.72,-104.7,LOSS,STOP_HIT,27859.75,1365.00,2026-05-07 09:28:34
2026-05-01,2026-05-01 11:06:00,2026-05-01 11:18:00,OG,Backtest,AdxDiCrossBracketOG,OG_AdxDiCrossBracketOG,OG,NQ,NQ JUN26,SHORT,1,27786.00,27837.25,-1029.36,-1033.72,-206.7,LOSS,STOP_HIT,27857.50,1430.00,2026-05-07 09:28:34
2026-05-01,2026-05-01 11:06:00,2026-05-01 11:18:00,OG,Backtest,AdxDiCrossBracketOG,OG_AdxDiCrossBracketOG,OG,NQ,NQ JUN26,SHORT,1,27786.00,27837.25,-1029.36,-1033.72,-206.7,LOSS,STOP_HIT,27857.50,1430.00,2026-05-07 09:28:34
2026-05-06,2026-05-06 11:48:00,2026-05-06 11:51:00,OG,Backtest,AdxDiCrossBracketOG,OG_AdxDiCrossBracketOG,OG,NQ,NQ JUN26,SHORT,1,28556.50,28567.00,-214.36,-218.72,-43.7,LOSS,STOP_HIT,28607.00,1010.00,2026-05-07 09:28:34
2026-05-06,2026-05-06 11:48:00,2026-05-06 11:51:00,OG,Backtest,AdxDiCrossBracketOG,OG_AdxDiCrossBracketOG,OG,NQ,NQ JUN26,SHORT,1,28556.50,28567.00,-214.36,-218.72,-43.7,LOSS,STOP_HIT,28607.00,1010.00,2026-05-07 09:28:34
2026-04-21,2026-04-21 10:51:00,2026-04-21 11:00:00,OG,Backtest,AdxDiCrossBracketOG,OG_AdxDiCrossBracketOG,OG,NQ,NQ JUN26,SHORT,1,26794.50,26730.75,1270.64,1266.28,253.3,WIN,TARGET_HIT,26859.25,1295.00,2026-05-07 09:28:34
2026-04-21,2026-04-21 10:51:00,2026-04-21 11:00:00,OG,Backtest,AdxDiCrossBracketOG,OG_AdxDiCrossBracketOG,OG,NQ,NQ JUN26,SHORT,1,26794.50,26730.75,1270.64,1266.28,253.3,WIN,TARGET_HIT,26859.25,1295.00,2026-05-07 09:28:34
2026-04-29,2026-04-29 11:15:00,2026-04-29 11:24:00,OG,Backtest,AdxDiCrossBracketOG,OG_AdxDiCrossBracketOG,OG,NQ,NQ JUN26,SHORT,1,27236.75,27263.25,-534.36,-538.72,-107.7,LOSS,STOP_HIT,27287.25,1010.00,2026-05-07 09:28:34
2026-05-01,2026-05-01 10:42:00,2026-05-01 10:48:00,OG,Backtest,AdxDiCrossBracketOG,OG_AdxDiCrossBracketOG,OG,NQ,NQ JUN26,SHORT,1,27791.50,27817.25,-519.36,-523.72,-104.7,LOSS,STOP_HIT,27859.75,1365.00,2026-05-07 09:28:34
2026-05-01,2026-05-01 10:54:00,2026-05-01 11:00:00,OG,Backtest,AdxDiCrossBracketOG,OG_AdxDiCrossBracketOG,OG,NQ,NQ JUN26,SHORT,1,27799.00,27833.00,-684.36,-688.72,-137.7,LOSS,STOP_HIT,27869.75,1415.00,2026-05-07 09:28:34
2026-05-01,2026-05-01 11:06:00,2026-05-01 11:18:00,OG,Backtest,AdxDiCrossBracketOG,OG_AdxDiCrossBracketOG,OG,NQ,NQ JUN26,SHORT,1,27786.00,27837.25,-1029.36,-1033.72,-206.7,LOSS,STOP_HIT,27857.50,1430.00,2026-05-07 09:28:34
2026-05-06,2026-05-06 11:48:00,2026-05-06 11:51:00,OG,Backtest,AdxDiCrossBracketOG,OG_AdxDiCrossBracketOG,OG,NQ,NQ JUN26,SHORT,1,28556.50,28567.00,-214.36,-218.72,-43.7,LOSS,STOP_HIT,28607.00,1010.00,2026-05-07 09:28:34
2026-04-21,2026-04-21 10:51:00,2026-04-21 11:00:00,OG,Backtest,AdxDiCrossBracketOG,OG_AdxDiCrossBracketOG,OG,NQ,NQ JUN26,SHORT,1,26794.50,26730.75,1270.64,1266.28,253.3,WIN,TARGET_HIT,26859.25,1295.00,2026-05-07 09:28:34
2026-05-01,2026-05-01 10:42:00,2026-05-01 10:48:00,OG,Backtest,AdxDiCrossBracketOG,OG_AdxDiCrossBracketOG,OG,NQ,NQ JUN26,SHORT,1,27791.50,27817.25,-519.36,-523.72,-104.7,LOSS,STOP_HIT,27859.75,1365.00,2026-05-07 09:28:34
2026-05-01,2026-05-01 10:54:00,2026-05-01 11:00:00,OG,Backtest,AdxDiCrossBracketOG,OG_AdxDiCrossBracketOG,OG,NQ,NQ JUN26,SHORT,1,27799.00,27833.00,-684.36,-688.72,-137.7,LOSS,STOP_HIT,27869.75,1415.00,2026-05-07 09:28:34
2026-05-01,2026-05-01 11:06:00,2026-05-01 11:18:00,OG,Backtest,AdxDiCrossBracketOG,OG_AdxDiCrossBracketOG,OG,NQ,NQ JUN26,SHORT,1,27786.00,27837.25,-1029.36,-1033.72,-206.7,LOSS,STOP_HIT,27857.50,1430.00,2026-05-07 09:28:34
2026-04-29,2026-04-29 11:15:00,2026-04-29 11:24:00,OG,Backtest,AdxDiCrossBracketOG,OG_AdxDiCrossBracketOG,OG,NQ,NQ JUN26,SHORT,1,27236.75,27263.25,-534.36,-538.72,-107.7,LOSS,STOP_HIT,27287.25,1010.00,2026-05-07 09:28:34
2026-05-01,2026-05-01 10:42:00,2026-05-01 10:48:00,OG,Backtest,AdxDiCrossBracketOG,OG_AdxDiCrossBracketOG,OG,NQ,NQ JUN26,SHORT,1,27791.50,27817.25,-519.36,-523.72,-104.7,LOSS,STOP_HIT,27859.75,1365.00,2026-05-07 09:28:34
2026-05-01,2026-05-01 10:54:00,2026-05-01 11:00:00,OG,Backtest,AdxDiCrossBracketOG,OG_AdxDiCrossBracketOG,OG,NQ,NQ JUN26,SHORT,1,27799.00,27833.00,-684.36,-688.72,-137.7,LOSS,STOP_HIT,27869.75,1415.00,2026-05-07 09:28:34
2026-04-21,2026-04-21 10:51:00,2026-04-21 11:00:00,OG,Backtest,AdxDiCrossBracketOG,OG_AdxDiCrossBracketOG,OG,NQ,NQ JUN26,SHORT,1,26794.50,26730.75,1270.64,1266.28,253.3,WIN,TARGET_HIT,26859.25,1295.00,2026-05-07 09:28:34
2026-05-06,2026-05-06 11:48:00,2026-05-06 11:51:00,OG,Backtest,AdxDiCrossBracketOG,OG_AdxDiCrossBracketOG,OG,NQ,NQ JUN26,SHORT,1,28556.50,28567.00,-214.36,-218.72,-43.7,LOSS,STOP_HIT,28607.00,1010.00,2026-05-07 09:28:34
2026-04-21,2026-04-21 10:51:00,2026-04-21 11:00:00,OG,Backtest,AdxDiCrossBracketOG,OG_AdxDiCrossBracketOG,OG,NQ,NQ JUN26,SHORT,1,26794.50,26730.75,1270.64,1266.28,253.3,WIN,TARGET_HIT,26859.25,1295.00,2026-05-07 09:28:34
2026-04-29,2026-04-29 11:15:00,2026-04-29 11:24:00,OG,Backtest,AdxDiCrossBracketOG,OG_AdxDiCrossBracketOG,OG,NQ,NQ JUN26,SHORT,1,27236.75,27263.25,-534.36,-538.72,-107.7,LOSS,STOP_HIT,27287.25,1010.00,2026-05-07 09:28:34
2026-04-29,2026-04-29 11:15:00,2026-04-29 11:24:00,OG,Backtest,AdxDiCrossBracketOG,OG_AdxDiCrossBracketOG,OG,NQ,NQ JUN26,SHORT,1,27236.75,27263.25,-534.36,-538.72,-107.7,LOSS,STOP_HIT,27287.25,1010.00,2026-05-07 09:28:34
2026-05-01,2026-05-01 10:54:00,2026-05-01 11:00:00,OG,Backtest,AdxDiCrossBracketOG,OG_AdxDiCrossBracketOG,OG,NQ,NQ JUN26,SHORT,1,27799.00,27833.00,-684.36,-688.72,-137.7,LOSS,STOP_HIT,27869.75,1415.00,2026-05-07 09:28:34
2026-05-01,2026-05-01 10:42:00,2026-05-01 10:48:00,OG,Backtest,AdxDiCrossBracketOG,OG_AdxDiCrossBracketOG,OG,NQ,NQ JUN26,SHORT,1,27791.50,27817.25,-519.36,-523.72,-104.7,LOSS,STOP_HIT,27859.75,1365.00,2026-05-07 09:28:34
2026-05-01,2026-05-01 11:06:00,2026-05-01 11:18:00,OG,Backtest,AdxDiCrossBracketOG,OG_AdxDiCrossBracketOG,OG,NQ,NQ JUN26,SHORT,1,27786.00,27837.25,-1029.36,-1033.72,-206.7,LOSS,STOP_HIT,27857.50,1430.00,2026-05-07 09:28:34
2026-05-01,2026-05-01 11:06:00,2026-05-01 11:18:00,OG,Backtest,AdxDiCrossBracketOG,OG_AdxDiCrossBracketOG,OG,NQ,NQ JUN26,SHORT,1,27786.00,27837.25,-1029.36,-1033.72,-206.7,LOSS,STOP_HIT,27857.50,1430.00,2026-05-07 09:28:34
2026-05-06,2026-05-06 11:48:00,2026-05-06 11:51:00,OG,Backtest,AdxDiCrossBracketOG,OG_AdxDiCrossBracketOG,OG,NQ,NQ JUN26,SHORT,1,28556.50,28567.00,-214.36,-218.72,-43.7,LOSS,STOP_HIT,28607.00,1010.00,2026-05-07 09:28:34
2026-05-06,2026-05-06 11:48:00,2026-05-06 11:51:00,OG,Backtest,AdxDiCrossBracketOG,OG_AdxDiCrossBracketOG,OG,NQ,NQ JUN26,SHORT,1,28556.50,28567.00,-214.36,-218.72,-43.7,LOSS,STOP_HIT,28607.00,1010.00,2026-05-07 09:28:34
2026-04-21,2026-04-21 10:51:00,2026-04-21 11:00:00,OG,Backtest,AdxDiCrossBracketOG,OG_AdxDiCrossBracketOG,OG,NQ,NQ JUN26,SHORT,1,26794.50,26730.75,1270.64,1266.28,253.3,WIN,TARGET_HIT,26859.25,1295.00,2026-05-07 09:28:34
2026-04-29,2026-04-29 11:15:00,2026-04-29 11:24:00,OG,Backtest,AdxDiCrossBracketOG,OG_AdxDiCrossBracketOG,OG,NQ,NQ JUN26,SHORT,1,27236.75,27263.25,-534.36,-538.72,-107.7,LOSS,STOP_HIT,27287.25,1010.00,2026-05-07 09:28:34
2026-05-01,2026-05-01 10:42:00,2026-05-01 10:48:00,OG,Backtest,AdxDiCrossBracketOG,OG_AdxDiCrossBracketOG,OG,NQ,NQ JUN26,SHORT,1,27791.50,27817.25,-519.36,-523.72,-104.7,LOSS,STOP_HIT,27859.75,1365.00,2026-05-07 09:28:34
2026-05-01,2026-05-01 10:54:00,2026-05-01 11:00:00,OG,Backtest,AdxDiCrossBracketOG,OG_AdxDiCrossBracketOG,OG,NQ,NQ JUN26,SHORT,1,27799.00,27833.00,-684.36,-688.72,-137.7,LOSS,STOP_HIT,27869.75,1415.00,2026-05-07 09:28:34
2026-05-01,2026-05-01 11:06:00,2026-05-01 11:18:00,OG,Backtest,AdxDiCrossBracketOG,OG_AdxDiCrossBracketOG,OG,NQ,NQ JUN26,SHORT,1,27786.00,27837.25,-1029.36,-1033.72,-206.7,LOSS,STOP_HIT,27857.50,1430.00,2026-05-07 09:28:34
2026-05-06,2026-05-06 11:48:00,2026-05-06 11:51:00,OG,Backtest,AdxDiCrossBracketOG,OG_AdxDiCrossBracketOG,OG,NQ,NQ JUN26,SHORT,1,28556.50,28567.00,-214.36,-218.72,-43.7,LOSS,STOP_HIT,28607.00,1010.00,2026-05-07 09:28:34
2026-04-21,2026-04-21 10:51:00,2026-04-21 11:00:00,OG,Backtest,AdxDiCrossBracketOG,OG_AdxDiCrossBracketOG,OG,NQ,NQ JUN26,SHORT,1,26794.50,26730.75,1270.64,1266.28,253.3,WIN,TARGET_HIT,26859.25,1295.00,2026-05-07 09:28:34
2026-04-21,2026-04-21 10:51:00,2026-04-21 11:00:00,OG,Backtest,AdxDiCrossBracketOG,OG_AdxDiCrossBracketOG,OG,NQ,NQ JUN26,SHORT,1,26794.50,26730.75,1270.64,1266.28,253.3,WIN,TARGET_HIT,26859.25,1295.00,2026-05-07 09:28:34
2026-04-29,2026-04-29 11:15:00,2026-04-29 11:24:00,OG,Backtest,AdxDiCrossBracketOG,OG_AdxDiCrossBracketOG,OG,NQ,NQ JUN26,SHORT,1,27236.75,27263.25,-534.36,-538.72,-107.7,LOSS,STOP_HIT,27287.25,1010.00,2026-05-07 09:28:34
2026-05-01,2026-05-01 10:42:00,2026-05-01 10:48:00,OG,Backtest,AdxDiCrossBracketOG,OG_AdxDiCrossBracketOG,OG,NQ,NQ JUN26,SHORT,1,27791.50,27817.25,-519.36,-523.72,-104.7,LOSS,STOP_HIT,27859.75,1365.00,2026-05-07 09:28:34
2026-04-21,2026-04-21 10:51:00,2026-04-21 11:00:00,OG,Backtest,AdxDiCrossBracketOG,OG_AdxDiCrossBracketOG,OG,NQ,NQ JUN26,SHORT,1,26794.50,26730.75,1270.64,1266.28,253.3,WIN,TARGET_HIT,26859.25,1295.00,2026-05-07 09:28:34
2026-05-01,2026-05-01 10:54:00,2026-05-01 11:00:00,OG,Backtest,AdxDiCrossBracketOG,OG_AdxDiCrossBracketOG,OG,NQ,NQ JUN26,SHORT,1,27799.00,27833.00,-684.36,-688.72,-137.7,LOSS,STOP_HIT,27869.75,1415.00,2026-05-07 09:28:34
2026-05-01,2026-05-01 11:06:00,2026-05-01 11:18:00,OG,Backtest,AdxDiCrossBracketOG,OG_AdxDiCrossBracketOG,OG,NQ,NQ JUN26,SHORT,1,27786.00,27837.25,-1029.36,-1033.72,-206.7,LOSS,STOP_HIT,27857.50,1430.00,2026-05-07 09:28:34
2026-04-29,2026-04-29 11:15:00,2026-04-29 11:24:00,OG,Backtest,AdxDiCrossBracketOG,OG_AdxDiCrossBracketOG,OG,NQ,NQ JUN26,SHORT,1,27236.75,27263.25,-534.36,-538.72,-107.7,LOSS,STOP_HIT,27287.25,1010.00,2026-05-07 09:28:34
2026-05-06,2026-05-06 11:48:00,2026-05-06 11:51:00,OG,Backtest,AdxDiCrossBracketOG,OG_AdxDiCrossBracketOG,OG,NQ,NQ JUN26,SHORT,1,28556.50,28567.00,-214.36,-218.72,-43.7,LOSS,STOP_HIT,28607.00,1010.00,2026-05-07 09:28:34
2026-05-01,2026-05-01 10:54:00,2026-05-01 11:00:00,OG,Backtest,AdxDiCrossBracketOG,OG_AdxDiCrossBracketOG,OG,NQ,NQ JUN26,SHORT,1,27799.00,27833.00,-684.36,-688.72,-137.7,LOSS,STOP_HIT,27869.75,1415.00,2026-05-07 09:28:34
2026-05-01,2026-05-01 11:06:00,2026-05-01 11:18:00,OG,Backtest,AdxDiCrossBracketOG,OG_AdxDiCrossBracketOG,OG,NQ,NQ JUN26,SHORT,1,27786.00,27837.25,-1029.36,-1033.72,-206.7,LOSS,STOP_HIT,27857.50,1430.00,2026-05-07 09:28:34
2026-05-06,2026-05-06 11:48:00,2026-05-06 11:51:00,OG,Backtest,AdxDiCrossBracketOG,OG_AdxDiCrossBracketOG,OG,NQ,NQ JUN26,SHORT,1,28556.50,28567.00,-214.36,-218.72,-43.7,LOSS,STOP_HIT,28607.00,1010.00,2026-05-07 09:28:34
2026-04-21,2026-04-21 10:51:00,2026-04-21 11:00:00,OG,Backtest,AdxDiCrossBracketOG,OG_AdxDiCrossBracketOG,OG,NQ,NQ JUN26,SHORT,1,26794.50,26730.75,1270.64,1266.28,253.3,WIN,TARGET_HIT,26859.25,1295.00,2026-05-07 09:28:34
2026-04-29,2026-04-29 11:15:00,2026-04-29 11:24:00,OG,Backtest,AdxDiCrossBracketOG,OG_AdxDiCrossBracketOG,OG,NQ,NQ JUN26,SHORT,1,27236.75,27263.25,-534.36,-538.72,-107.7,LOSS,STOP_HIT,27287.25,1010.00,2026-05-07 09:28:34
2026-05-01,2026-05-01 10:42:00,2026-05-01 10:48:00,OG,Backtest,AdxDiCrossBracketOG,OG_AdxDiCrossBracketOG,OG,NQ,NQ JUN26,SHORT,1,27791.50,27817.25,-519.36,-523.72,-104.7,LOSS,STOP_HIT,27859.75,1365.00,2026-05-07 09:28:34
2026-05-01,2026-05-01 10:54:00,2026-05-01 11:00:00,OG,Backtest,AdxDiCrossBracketOG,OG_AdxDiCrossBracketOG,OG,NQ,NQ JUN26,SHORT,1,27799.00,27833.00,-684.36,-688.72,-137.7,LOSS,STOP_HIT,27869.75,1415.00,2026-05-07 09:28:34
2026-04-21,2026-04-21 10:51:00,2026-04-21 11:00:00,OG,Backtest,AdxDiCrossBracketOG,OG_AdxDiCrossBracketOG,OG,NQ,NQ JUN26,SHORT,1,26794.50,26730.75,1270.64,1266.28,253.3,WIN,TARGET_HIT,26859.25,1295.00,2026-05-07 09:28:34
2026-04-29,2026-04-29 11:15:00,2026-04-29 11:24:00,OG,Backtest,AdxDiCrossBracketOG,OG_AdxDiCrossBracketOG,OG,NQ,NQ JUN26,SHORT,1,27236.75,27263.25,-534.36,-538.72,-107.7,LOSS,STOP_HIT,27287.25,1010.00,2026-05-07 09:28:34
2026-05-01,2026-05-01 10:42:00,2026-05-01 10:48:00,OG,Backtest,AdxDiCrossBracketOG,OG_AdxDiCrossBracketOG,OG,NQ,NQ JUN26,SHORT,1,27791.50,27817.25,-519.36,-523.72,-104.7,LOSS,STOP_HIT,27859.75,1365.00,2026-05-07 09:28:34
2026-05-01,2026-05-01 11:06:00,2026-05-01 11:18:00,OG,Backtest,AdxDiCrossBracketOG,OG_AdxDiCrossBracketOG,OG,NQ,NQ JUN26,SHORT,1,27786.00,27837.25,-1029.36,-1033.72,-206.7,LOSS,STOP_HIT,27857.50,1430.00,2026-05-07 09:28:34
2026-05-01,2026-05-01 11:06:00,2026-05-01 11:18:00,OG,Backtest,AdxDiCrossBracketOG,OG_AdxDiCrossBracketOG,OG,NQ,NQ JUN26,SHORT,1,27786.00,27837.25,-1029.36,-1033.72,-206.7,LOSS,STOP_HIT,27857.50,1430.00,2026-05-07 09:28:34
2026-05-06,2026-05-06 11:48:00,2026-05-06 11:51:00,OG,Backtest,AdxDiCrossBracketOG,OG_AdxDiCrossBracketOG,OG,NQ,NQ JUN26,SHORT,1,28556.50,28567.00,-214.36,-218.72,-43.7,LOSS,STOP_HIT,28607.00,1010.00,2026-05-07 09:28:34
2026-05-06,2026-05-06 11:48:00,2026-05-06 11:51:00,OG,Backtest,AdxDiCrossBracketOG,OG_AdxDiCrossBracketOG,OG,NQ,NQ JUN26,SHORT,1,28556.50,28567.00,-214.36,-218.72,-43.7,LOSS,STOP_HIT,28607.00,1010.00,2026-05-07 09:28:34
2026-04-21,2026-04-21 10:51:00,2026-04-21 11:00:00,OG,Backtest,AdxDiCrossBracketOG,OG_AdxDiCrossBracketOG,OG,NQ,NQ JUN26,SHORT,1,26794.50,26730.75,1270.64,1266.28,253.3,WIN,TARGET_HIT,26859.25,1295.00,2026-05-07 09:28:34
2026-04-29,2026-04-29 11:15:00,2026-04-29 11:24:00,OG,Backtest,AdxDiCrossBracketOG,OG_AdxDiCrossBracketOG,OG,NQ,NQ JUN26,SHORT,1,27236.75,27263.25,-534.36,-538.72,-107.7,LOSS,STOP_HIT,27287.25,1010.00,2026-05-07 09:28:34
2026-05-01,2026-05-01 10:42:00,2026-05-01 10:48:00,OG,Backtest,AdxDiCrossBracketOG,OG_AdxDiCrossBracketOG,OG,NQ,NQ JUN26,SHORT,1,27791.50,27817.25,-519.36,-523.72,-104.7,LOSS,STOP_HIT,27859.75,1365.00,2026-05-07 09:28:34
2026-05-01,2026-05-01 10:54:00,2026-05-01 11:00:00,OG,Backtest,AdxDiCrossBracketOG,OG_AdxDiCrossBracketOG,OG,NQ,NQ JUN26,SHORT,1,27799.00,27833.00,-684.36,-688.72,-137.7,LOSS,STOP_HIT,27869.75,1415.00,2026-05-07 09:28:34
2026-05-01,2026-05-01 11:06:00,2026-05-01 11:18:00,OG,Backtest,AdxDiCrossBracketOG,OG_AdxDiCrossBracketOG,OG,NQ,NQ JUN26,SHORT,1,27786.00,27837.25,-1029.36,-1033.72,-206.7,LOSS,STOP_HIT,27857.50,1430.00,2026-05-07 09:28:34
2026-05-06,2026-05-06 11:48:00,2026-05-06 11:51:00,OG,Backtest,AdxDiCrossBracketOG,OG_AdxDiCrossBracketOG,OG,NQ,NQ JUN26,SHORT,1,28556.50,28567.00,-214.36,-218.72,-43.7,LOSS,STOP_HIT,28607.00,1010.00,2026-05-07 09:28:34
2026-04-21,2026-04-21 10:51:00,2026-04-21 11:00:00,OG,Backtest,AdxDiCrossBracketOG,OG_AdxDiCrossBracketOG,OG,NQ,NQ JUN26,SHORT,1,26794.50,26730.75,1270.64,1266.28,253.3,WIN,TARGET_HIT,26859.25,1295.00,2026-05-07 09:28:34
2026-04-29,2026-04-29 11:15:00,2026-04-29 11:24:00,OG,Backtest,AdxDiCrossBracketOG,OG_AdxDiCrossBracketOG,OG,NQ,NQ JUN26,SHORT,1,27236.75,27263.25,-534.36,-538.72,-107.7,LOSS,STOP_HIT,27287.25,1010.00,2026-05-07 09:28:34
2026-05-01,2026-05-01 10:42:00,2026-05-01 10:48:00,OG,Backtest,AdxDiCrossBracketOG,OG_AdxDiCrossBracketOG,OG,NQ,NQ JUN26,SHORT,1,27791.50,27817.25,-519.36,-523.72,-104.7,LOSS,STOP_HIT,27859.75,1365.00,2026-05-07 09:28:34
2026-05-01,2026-05-01 10:54:00,2026-05-01 11:00:00,OG,Backtest,AdxDiCrossBracketOG,OG_AdxDiCrossBracketOG,OG,NQ,NQ JUN26,SHORT,1,27799.00,27833.00,-684.36,-688.72,-137.7,LOSS,STOP_HIT,27869.75,1415.00,2026-05-07 09:28:34
2026-05-01,2026-05-01 11:06:00,2026-05-01 11:18:00,OG,Backtest,AdxDiCrossBracketOG,OG_AdxDiCrossBracketOG,OG,NQ,NQ JUN26,SHORT,1,27786.00,27837.25,-1029.36,-1033.72,-206.7,LOSS,STOP_HIT,27857.50,1430.00,2026-05-07 09:28:34
2026-05-06,2026-05-06 11:48:00,2026-05-06 11:51:00,OG,Backtest,AdxDiCrossBracketOG,OG_AdxDiCrossBracketOG,OG,NQ,NQ JUN26,SHORT,1,28556.50,28567.00,-214.36,-218.72,-43.7,LOSS,STOP_HIT,28607.00,1010.00,2026-05-07 09:28:34
2026-04-21,2026-04-21 10:51:00,2026-04-21 11:00:00,OG,Backtest,AdxDiCrossBracketOG,OG_AdxDiCrossBracketOG,OG,NQ,NQ JUN26,SHORT,1,26794.50,26730.75,1270.64,1266.28,253.3,WIN,TARGET_HIT,26859.25,1295.00,2026-05-07 09:28:35
2026-04-29,2026-04-29 11:15:00,2026-04-29 11:21:00,OG,Backtest,AdxDiCrossBracketOG,OG_AdxDiCrossBracketOG,OG,NQ,NQ JUN26,SHORT,1,27236.75,27263.00,-529.36,-533.72,-106.7,LOSS,STOP_HIT,27287.25,1010.00,2026-05-07 09:28:35
2026-04-29,2026-04-29 11:27:00,2026-04-29 11:33:00,OG,Backtest,AdxDiCrossBracketOG,OG_AdxDiCrossBracketOG,OG,NQ,NQ JUN26,LONG,1,27267.25,27274.75,145.64,141.28,28.3,WIN,STOP_HIT,27218.00,985.00,2026-05-07 09:28:35
2026-05-01,2026-05-01 10:42:00,2026-05-01 10:48:00,OG,Backtest,AdxDiCrossBracketOG,OG_AdxDiCrossBracketOG,OG,NQ,NQ JUN26,SHORT,1,27791.50,27817.25,-519.36,-523.72,-104.7,LOSS,STOP_HIT,27859.75,1365.00,2026-05-07 09:28:35
2026-05-01,2026-05-01 10:54:00,2026-05-01 11:00:00,OG,Backtest,AdxDiCrossBracketOG,OG_AdxDiCrossBracketOG,OG,NQ,NQ JUN26,SHORT,1,27799.00,27833.00,-684.36,-688.72,-137.7,LOSS,STOP_HIT,27869.75,1415.00,2026-05-07 09:28:35
2026-05-01,2026-05-01 11:06:00,2026-05-01 11:12:00,OG,Backtest,AdxDiCrossBracketOG,OG_AdxDiCrossBracketOG,OG,NQ,NQ JUN26,SHORT,1,27786.00,27809.25,-469.36,-473.72,-94.7,LOSS,STOP_HIT,27857.50,1430.00,2026-05-07 09:28:35
2026-05-01,2026-05-01 11:18:00,2026-05-01 11:30:00,OG,Backtest,AdxDiCrossBracketOG,OG_AdxDiCrossBracketOG,OG,NQ,NQ JUN26,LONG,1,27837.25,27851.50,280.64,276.28,55.3,WIN,STOP_HIT,27770.75,1330.00,2026-05-07 09:28:35
2026-05-04,2026-05-04 11:03:00,2026-05-04 11:21:00,OG,Backtest,AdxDiCrossBracketOG,OG_AdxDiCrossBracketOG,OG,NQ,NQ JUN26,SHORT,1,27881.50,27827.25,1080.64,1076.28,215.3,WIN,TARGET_HIT,27936.75,1105.00,2026-05-07 09:28:35
2026-05-06,2026-05-06 11:48:00,2026-05-06 11:51:00,OG,Backtest,AdxDiCrossBracketOG,OG_AdxDiCrossBracketOG,OG,NQ,NQ JUN26,SHORT,1,28556.50,28567.00,-214.36,-218.72,-43.7,LOSS,STOP_HIT,28607.00,1010.00,2026-05-07 09:28:35
2026-04-29,2026-04-29 11:15:00,2026-04-29 11:20:00,OG,Backtest,AdxDiCrossBracketOG,OG_AdxDiCrossBracketOG,OG,NQ,NQ JUN26,SHORT,1,27249.50,27231.00,365.64,361.28,72.3,WIN,STOP_HIT,27280.00,610.00,2026-05-07 09:29:26
2026-05-04,2026-05-04 11:05:00,2026-05-04 11:15:00,OG,Backtest,AdxDiCrossBracketOG,OG_AdxDiCrossBracketOG,OG,NQ,NQ JUN26,SHORT,1,27881.50,27847.50,675.64,671.28,134.3,WIN,TARGET_HIT,27916.50,700.00,2026-05-07 09:29:26
2026-05-01,2026-05-01 11:20:00,2026-05-01 11:40:00,OG,Backtest,AdxDiCrossBracketOG,OG_AdxDiCrossBracketOG,OG,NQ,NQ JUN26,LONG,1,27837.25,27877.75,805.64,801.28,160.3,WIN,TARGET_HIT,27796.25,820.00,2026-05-07 09:29:26
2026-05-04,2026-05-04 11:05:00,2026-05-04 11:15:00,OG,Backtest,AdxDiCrossBracketOG,OG_AdxDiCrossBracketOG,OG,NQ,NQ JUN26,SHORT,1,27881.50,27847.50,675.64,671.28,134.3,WIN,TARGET_HIT,27916.50,700.00,2026-05-07 09:29:26
2026-05-01,2026-05-01 11:20:00,2026-05-01 11:40:00,OG,Backtest,AdxDiCrossBracketOG,OG_AdxDiCrossBracketOG,OG,NQ,NQ JUN26,LONG,1,27837.25,27877.75,805.64,801.28,160.3,WIN,TARGET_HIT,27796.25,820.00,2026-05-07 09:29:26
2026-04-29,2026-04-29 11:15:00,2026-04-29 11:20:00,OG,Backtest,AdxDiCrossBracketOG,OG_AdxDiCrossBracketOG,OG,NQ,NQ JUN26,SHORT,1,27249.50,27231.00,365.64,361.28,72.3,WIN,STOP_HIT,27280.00,610.00,2026-05-07 09:29:26
2026-04-29,2026-04-29 11:15:00,2026-04-29 11:20:00,OG,Backtest,AdxDiCrossBracketOG,OG_AdxDiCrossBracketOG,OG,NQ,NQ JUN26,SHORT,1,27249.50,27231.00,365.64,361.28,72.3,WIN,STOP_HIT,27280.00,610.00,2026-05-07 09:29:26
2026-04-29,2026-04-29 11:15:00,2026-04-29 11:20:00,OG,Backtest,AdxDiCrossBracketOG,OG_AdxDiCrossBracketOG,OG,NQ,NQ JUN26,SHORT,1,27249.50,27231.00,365.64,361.28,72.3,WIN,STOP_HIT,27280.00,610.00,2026-05-07 09:29:26
2026-05-01,2026-05-01 11:20:00,2026-05-01 11:40:00,OG,Backtest,AdxDiCrossBracketOG,OG_AdxDiCrossBracketOG,OG,NQ,NQ JUN26,LONG,1,27837.25,27877.75,805.64,801.28,160.3,WIN,TARGET_HIT,27796.25,820.00,2026-05-07 09:29:26
2026-05-01,2026-05-01 11:10:00,2026-05-01 11:15:00,OG,Backtest,AdxDiCrossBracketOG,OG_AdxDiCrossBracketOG,OG,NQ,NQ JUN26,SHORT,1,27795.25,27837.00,-839.36,-843.72,-168.7,LOSS,STOP_HIT,27836.50,825.00,2026-05-07 09:29:26
2026-05-04,2026-05-04 11:05:00,2026-05-04 11:15:00,OG,Backtest,AdxDiCrossBracketOG,OG_AdxDiCrossBracketOG,OG,NQ,NQ JUN26,SHORT,1,27881.50,27847.50,675.64,671.28,134.3,WIN,TARGET_HIT,27916.50,700.00,2026-05-07 09:29:26
2026-05-04,2026-05-04 11:05:00,2026-05-04 11:15:00,OG,Backtest,AdxDiCrossBracketOG,OG_AdxDiCrossBracketOG,OG,NQ,NQ JUN26,SHORT,1,27881.50,27847.50,675.64,671.28,134.3,WIN,TARGET_HIT,27916.50,700.00,2026-05-07 09:29:26
2026-05-01,2026-05-01 11:10:00,2026-05-01 11:15:00,OG,Backtest,AdxDiCrossBracketOG,OG_AdxDiCrossBracketOG,OG,NQ,NQ JUN26,SHORT,1,27795.25,27837.00,-839.36,-843.72,-168.7,LOSS,STOP_HIT,27836.50,825.00,2026-05-07 09:29:26
2026-04-29,2026-04-29 11:15:00,2026-04-29 11:20:00,OG,Backtest,AdxDiCrossBracketOG,OG_AdxDiCrossBracketOG,OG,NQ,NQ JUN26,SHORT,1,27249.50,27231.00,365.64,361.28,72.3,WIN,STOP_HIT,27280.00,610.00,2026-05-07 09:29:26
2026-05-01,2026-05-01 11:20:00,2026-05-01 11:40:00,OG,Backtest,AdxDiCrossBracketOG,OG_AdxDiCrossBracketOG,OG,NQ,NQ JUN26,LONG,1,27837.25,27877.75,805.64,801.28,160.3,WIN,TARGET_HIT,27796.25,820.00,2026-05-07 09:29:26
2026-05-01,2026-05-01 11:20:00,2026-05-01 11:40:00,OG,Backtest,AdxDiCrossBracketOG,OG_AdxDiCrossBracketOG,OG,NQ,NQ JUN26,LONG,1,27837.25,27877.75,805.64,801.28,160.3,WIN,TARGET_HIT,27796.25,820.00,2026-05-07 09:29:26
2026-05-04,2026-05-04 11:05:00,2026-05-04 11:15:00,OG,Backtest,AdxDiCrossBracketOG,OG_AdxDiCrossBracketOG,OG,NQ,NQ JUN26,SHORT,1,27881.50,27847.50,675.64,671.28,134.3,WIN,TARGET_HIT,27916.50,700.00,2026-05-07 09:29:26
2026-04-29,2026-04-29 11:15:00,2026-04-29 11:20:00,OG,Backtest,AdxDiCrossBracketOG,OG_AdxDiCrossBracketOG,OG,NQ,NQ JUN26,SHORT,1,27249.50,27231.00,365.64,361.28,72.3,WIN,STOP_HIT,27280.00,610.00,2026-05-07 09:29:26
2026-05-01,2026-05-01 11:10:00,2026-05-01 11:15:00,OG,Backtest,AdxDiCrossBracketOG,OG_AdxDiCrossBracketOG,OG,NQ,NQ JUN26,SHORT,1,27795.25,27837.00,-839.36,-843.72,-168.7,LOSS,STOP_HIT,27836.50,825.00,2026-05-07 09:29:26
2026-04-29,2026-04-29 11:15:00,2026-04-29 11:20:00,OG,Backtest,AdxDiCrossBracketOG,OG_AdxDiCrossBracketOG,OG,NQ,NQ JUN26,SHORT,1,27249.50,27231.00,365.64,361.28,72.3,WIN,STOP_HIT,27280.00,610.00,2026-05-07 09:29:26
2026-05-01,2026-05-01 11:10:00,2026-05-01 11:15:00,OG,Backtest,AdxDiCrossBracketOG,OG_AdxDiCrossBracketOG,OG,NQ,NQ JUN26,SHORT,1,27795.25,27837.00,-839.36,-843.72,-168.7,LOSS,STOP_HIT,27836.50,825.00,2026-05-07 09:29:26
2026-05-01,2026-05-01 11:20:00,2026-05-01 11:40:00,OG,Backtest,AdxDiCrossBracketOG,OG_AdxDiCrossBracketOG,OG,NQ,NQ JUN26,LONG,1,27837.25,27877.75,805.64,801.28,160.3,WIN,TARGET_HIT,27796.25,820.00,2026-05-07 09:29:26
2026-05-01,2026-05-01 11:20:00,2026-05-01 11:40:00,OG,Backtest,AdxDiCrossBracketOG,OG_AdxDiCrossBracketOG,OG,NQ,NQ JUN26,LONG,1,27837.25,27877.75,805.64,801.28,160.3,WIN,TARGET_HIT,27796.25,820.00,2026-05-07 09:29:26
2026-04-29,2026-04-29 11:15:00,2026-04-29 11:20:00,OG,Backtest,AdxDiCrossBracketOG,OG_AdxDiCrossBracketOG,OG,NQ,NQ JUN26,SHORT,1,27249.50,27231.00,365.64,361.28,72.3,WIN,STOP_HIT,27280.00,610.00,2026-05-07 09:29:26
2026-04-29,2026-04-29 11:15:00,2026-04-29 11:20:00,OG,Backtest,AdxDiCrossBracketOG,OG_AdxDiCrossBracketOG,OG,NQ,NQ JUN26,SHORT,1,27249.50,27231.00,365.64,361.28,72.3,WIN,STOP_HIT,27280.00,610.00,2026-05-07 09:29:26
2026-05-01,2026-05-01 11:20:00,2026-05-01 11:40:00,OG,Backtest,AdxDiCrossBracketOG,OG_AdxDiCrossBracketOG,OG,NQ,NQ JUN26,LONG,1,27837.25,27877.75,805.64,801.28,160.3,WIN,TARGET_HIT,27796.25,820.00,2026-05-07 09:29:26
2026-05-04,2026-05-04 11:05:00,2026-05-04 11:15:00,OG,Backtest,AdxDiCrossBracketOG,OG_AdxDiCrossBracketOG,OG,NQ,NQ JUN26,SHORT,1,27881.50,27847.50,675.64,671.28,134.3,WIN,TARGET_HIT,27916.50,700.00,2026-05-07 09:29:26
2026-05-04,2026-05-04 11:05:00,2026-05-04 11:15:00,OG,Backtest,AdxDiCrossBracketOG,OG_AdxDiCrossBracketOG,OG,NQ,NQ JUN26,SHORT,1,27881.50,27847.50,675.64,671.28,134.3,WIN,TARGET_HIT,27916.50,700.00,2026-05-07 09:29:26
2026-05-01,2026-05-01 11:10:00,2026-05-01 11:15:00,OG,Backtest,AdxDiCrossBracketOG,OG_AdxDiCrossBracketOG,OG,NQ,NQ JUN26,SHORT,1,27795.25,27837.00,-839.36,-843.72,-168.7,LOSS,STOP_HIT,27836.50,825.00,2026-05-07 09:29:26
2026-05-01,2026-05-01 11:20:00,2026-05-01 11:40:00,OG,Backtest,AdxDiCrossBracketOG,OG_AdxDiCrossBracketOG,OG,NQ,NQ JUN26,LONG,1,27837.25,27877.75,805.64,801.28,160.3,WIN,TARGET_HIT,27796.25,820.00,2026-05-07 09:29:26
2026-04-29,2026-04-29 11:15:00,2026-04-29 11:20:00,OG,Backtest,AdxDiCrossBracketOG,OG_AdxDiCrossBracketOG,OG,NQ,NQ JUN26,SHORT,1,27249.50,27231.00,365.64,361.28,72.3,WIN,STOP_HIT,27280.00,610.00,2026-05-07 09:29:26
2026-05-01,2026-05-01 11:10:00,2026-05-01 11:15:00,OG,Backtest,AdxDiCrossBracketOG,OG_AdxDiCrossBracketOG,OG,NQ,NQ JUN26,SHORT,1,27795.25,27837.00,-839.36,-843.72,-168.7,LOSS,STOP_HIT,27836.50,825.00,2026-05-07 09:29:26
2026-05-01,2026-05-01 11:20:00,2026-05-01 11:40:00,OG,Backtest,AdxDiCrossBracketOG,OG_AdxDiCrossBracketOG,OG,NQ,NQ JUN26,LONG,1,27837.25,27877.75,805.64,801.28,160.3,WIN,TARGET_HIT,27796.25,820.00,2026-05-07 09:29:26
2026-05-04,2026-05-04 11:05:00,2026-05-04 11:15:00,OG,Backtest,AdxDiCrossBracketOG,OG_AdxDiCrossBracketOG,OG,NQ,NQ JUN26,SHORT,1,27881.50,27847.50,675.64,671.28,134.3,WIN,TARGET_HIT,27916.50,700.00,2026-05-07 09:29:26
2026-04-29,2026-04-29 11:15:00,2026-04-29 11:20:00,OG,Backtest,AdxDiCrossBracketOG,OG_AdxDiCrossBracketOG,OG,NQ,NQ JUN26,SHORT,1,27249.50,27231.00,365.64,361.28,72.3,WIN,STOP_HIT,27280.00,610.00,2026-05-07 09:29:26
2026-05-01,2026-05-01 11:10:00,2026-05-01 11:15:00,OG,Backtest,AdxDiCrossBracketOG,OG_AdxDiCrossBracketOG,OG,NQ,NQ JUN26,SHORT,1,27795.25,27837.00,-839.36,-843.72,-168.7,LOSS,STOP_HIT,27836.50,825.00,2026-05-07 09:29:26
2026-05-01,2026-05-01 11:20:00,2026-05-01 11:40:00,OG,Backtest,AdxDiCrossBracketOG,OG_AdxDiCrossBracketOG,OG,NQ,NQ JUN26,LONG,1,27837.25,27877.75,805.64,801.28,160.3,WIN,TARGET_HIT,27796.25,820.00,2026-05-07 09:29:26
2026-05-04,2026-05-04 11:05:00,2026-05-04 11:15:00,OG,Backtest,AdxDiCrossBracketOG,OG_AdxDiCrossBracketOG,OG,NQ,NQ JUN26,SHORT,1,27881.50,27847.50,675.64,671.28,134.3,WIN,TARGET_HIT,27916.50,700.00,2026-05-07 09:29:26
2026-05-01,2026-05-01 11:20:00,2026-05-01 11:40:00,OG,Backtest,AdxDiCrossBracketOG,OG_AdxDiCrossBracketOG,OG,NQ,NQ JUN26,LONG,1,27837.25,27877.75,805.64,801.28,160.3,WIN,TARGET_HIT,27796.25,820.00,2026-05-07 09:29:26
2026-04-29,2026-04-29 11:15:00,2026-04-29 11:20:00,OG,Backtest,AdxDiCrossBracketOG,OG_AdxDiCrossBracketOG,OG,NQ,NQ JUN26,SHORT,1,27249.50,27231.00,365.64,361.28,72.3,WIN,STOP_HIT,27280.00,610.00,2026-05-07 09:29:27
2026-04-29,2026-04-29 11:15:00,2026-04-29 11:20:00,OG,Backtest,AdxDiCrossBracketOG,OG_AdxDiCrossBracketOG,OG,NQ,NQ JUN26,SHORT,1,27249.50,27231.00,365.64,361.28,72.3,WIN,STOP_HIT,27280.00,610.00,2026-05-07 09:29:27
2026-05-01,2026-05-01 11:20:00,2026-05-01 11:40:00,OG,Backtest,AdxDiCrossBracketOG,OG_AdxDiCrossBracketOG,OG,NQ,NQ JUN26,LONG,1,27837.25,27877.75,805.64,801.28,160.3,WIN,TARGET_HIT,27796.25,820.00,2026-05-07 09:29:27
2026-05-01,2026-05-01 11:20:00,2026-05-01 11:40:00,OG,Backtest,AdxDiCrossBracketOG,OG_AdxDiCrossBracketOG,OG,NQ,NQ JUN26,LONG,1,27837.25,27877.75,805.64,801.28,160.3,WIN,TARGET_HIT,27796.25,820.00,2026-05-07 09:29:27
2026-05-01,2026-05-01 11:20:00,2026-05-01 11:40:00,OG,Backtest,AdxDiCrossBracketOG,OG_AdxDiCrossBracketOG,OG,NQ,NQ JUN26,LONG,1,27837.25,27877.75,805.64,801.28,160.3,WIN,TARGET_HIT,27796.25,820.00,2026-05-07 09:29:27
2026-04-29,2026-04-29 11:15:00,2026-04-29 11:20:00,OG,Backtest,AdxDiCrossBracketOG,OG_AdxDiCrossBracketOG,OG,NQ,NQ JUN26,SHORT,1,27249.50,27231.00,365.64,361.28,72.3,WIN,STOP_HIT,27280.00,610.00,2026-05-07 09:29:27
2026-04-29,2026-04-29 11:15:00,2026-04-29 11:20:00,OG,Backtest,AdxDiCrossBracketOG,OG_AdxDiCrossBracketOG,OG,NQ,NQ JUN26,SHORT,1,27249.50,27231.00,365.64,361.28,72.3,WIN,STOP_HIT,27280.00,610.00,2026-05-07 09:29:27
2026-05-01,2026-05-01 11:10:00,2026-05-01 11:15:00,OG,Backtest,AdxDiCrossBracketOG,OG_AdxDiCrossBracketOG,OG,NQ,NQ JUN26,SHORT,1,27795.25,27837.00,-839.36,-843.72,-168.7,LOSS,STOP_HIT,27836.50,825.00,2026-05-07 09:29:27
2026-05-01,2026-05-01 11:20:00,2026-05-01 11:40:00,OG,Backtest,AdxDiCrossBracketOG,OG_AdxDiCrossBracketOG,OG,NQ,NQ JUN26,LONG,1,27837.25,27877.75,805.64,801.28,160.3,WIN,TARGET_HIT,27796.25,820.00,2026-05-07 09:29:27
2026-05-01,2026-05-01 11:10:00,2026-05-01 11:15:00,OG,Backtest,AdxDiCrossBracketOG,OG_AdxDiCrossBracketOG,OG,NQ,NQ JUN26,SHORT,1,27795.25,27837.00,-839.36,-843.72,-168.7,LOSS,STOP_HIT,27836.50,825.00,2026-05-07 09:29:27
2026-05-04,2026-05-04 11:05:00,2026-05-04 11:15:00,OG,Backtest,AdxDiCrossBracketOG,OG_AdxDiCrossBracketOG,OG,NQ,NQ JUN26,SHORT,1,27881.50,27847.50,675.64,671.28,134.3,WIN,TARGET_HIT,27916.50,700.00,2026-05-07 09:29:27
2026-05-04,2026-05-04 11:05:00,2026-05-04 11:15:00,OG,Backtest,AdxDiCrossBracketOG,OG_AdxDiCrossBracketOG,OG,NQ,NQ JUN26,SHORT,1,27881.50,27847.50,675.64,671.28,134.3,WIN,TARGET_HIT,27916.50,700.00,2026-05-07 09:29:27
2026-05-04,2026-05-04 11:05:00,2026-05-04 11:15:00,OG,Backtest,AdxDiCrossBracketOG,OG_AdxDiCrossBracketOG,OG,NQ,NQ JUN26,SHORT,1,27881.50,27847.50,675.64,671.28,134.3,WIN,TARGET_HIT,27916.50,700.00,2026-05-07 09:29:27
2026-04-29,2026-04-29 11:15:00,2026-04-29 11:20:00,OG,Backtest,AdxDiCrossBracketOG,OG_AdxDiCrossBracketOG,OG,NQ,NQ JUN26,SHORT,1,27249.50,27231.00,365.64,361.28,72.3,WIN,STOP_HIT,27280.00,610.00,2026-05-07 09:29:27
2026-05-01,2026-05-01 11:10:00,2026-05-01 11:15:00,OG,Backtest,AdxDiCrossBracketOG,OG_AdxDiCrossBracketOG,OG,NQ,NQ JUN26,SHORT,1,27795.25,27837.00,-839.36,-843.72,-168.7,LOSS,STOP_HIT,27836.50,825.00,2026-05-07 09:29:27
2026-05-01,2026-05-01 11:20:00,2026-05-01 11:40:00,OG,Backtest,AdxDiCrossBracketOG,OG_AdxDiCrossBracketOG,OG,NQ,NQ JUN26,LONG,1,27837.25,27877.75,805.64,801.28,160.3,WIN,TARGET_HIT,27796.25,820.00,2026-05-07 09:29:27
2026-05-04,2026-05-04 11:05:00,2026-05-04 11:15:00,OG,Backtest,AdxDiCrossBracketOG,OG_AdxDiCrossBracketOG,OG,NQ,NQ JUN26,SHORT,1,27881.50,27847.50,675.64,671.28,134.3,WIN,TARGET_HIT,27916.50,700.00,2026-05-07 09:29:27
2026-05-04,2026-05-04 11:05:00,2026-05-04 11:15:00,OG,Backtest,AdxDiCrossBracketOG,OG_AdxDiCrossBracketOG,OG,NQ,NQ JUN26,SHORT,1,27881.50,27847.50,675.64,671.28,134.3,WIN,TARGET_HIT,27916.50,700.00,2026-05-07 09:29:27
2026-04-29,2026-04-29 11:15:00,2026-04-29 11:20:00,OG,Backtest,AdxDiCrossBracketOG,OG_AdxDiCrossBracketOG,OG,NQ,NQ JUN26,SHORT,1,27249.50,27231.00,365.64,361.28,72.3,WIN,STOP_HIT,27280.00,610.00,2026-05-07 09:29:27
2026-05-01,2026-05-01 11:10:00,2026-05-01 11:15:00,OG,Backtest,AdxDiCrossBracketOG,OG_AdxDiCrossBracketOG,OG,NQ,NQ JUN26,SHORT,1,27795.25,27837.00,-839.36,-843.72,-168.7,LOSS,STOP_HIT,27836.50,825.00,2026-05-07 09:29:27
2026-04-29,2026-04-29 11:15:00,2026-04-29 11:20:00,OG,Backtest,AdxDiCrossBracketOG,OG_AdxDiCrossBracketOG,OG,NQ,NQ JUN26,SHORT,1,27249.50,27231.00,365.64,361.28,72.3,WIN,STOP_HIT,27280.00,610.00,2026-05-07 09:29:27
2026-05-04,2026-05-04 11:05:00,2026-05-04 11:15:00,OG,Backtest,AdxDiCrossBracketOG,OG_AdxDiCrossBracketOG,OG,NQ,NQ JUN26,SHORT,1,27881.50,27847.50,675.64,671.28,134.3,WIN,TARGET_HIT,27916.50,700.00,2026-05-07 09:29:27
2026-05-01,2026-05-01 11:10:00,2026-05-01 11:15:00,OG,Backtest,AdxDiCrossBracketOG,OG_AdxDiCrossBracketOG,OG,NQ,NQ JUN26,SHORT,1,27795.25,27837.00,-839.36,-843.72,-168.7,LOSS,STOP_HIT,27836.50,825.00,2026-05-07 09:29:27
2026-05-01,2026-05-01 11:20:00,2026-05-01 11:40:00,OG,Backtest,AdxDiCrossBracketOG,OG_AdxDiCrossBracketOG,OG,NQ,NQ JUN26,LONG,1,27837.25,27877.75,805.64,801.28,160.3,WIN,TARGET_HIT,27796.25,820.00,2026-05-07 09:29:27
2026-05-01,2026-05-01 11:10:00,2026-05-01 11:15:00,OG,Backtest,AdxDiCrossBracketOG,OG_AdxDiCrossBracketOG,OG,NQ,NQ JUN26,SHORT,1,27795.25,27837.00,-839.36,-843.72,-168.7,LOSS,STOP_HIT,27836.50,825.00,2026-05-07 09:29:27
2026-05-04,2026-05-04 11:05:00,2026-05-04 11:15:00,OG,Backtest,AdxDiCrossBracketOG,OG_AdxDiCrossBracketOG,OG,NQ,NQ JUN26,SHORT,1,27881.50,27847.50,675.64,671.28,134.3,WIN,TARGET_HIT,27916.50,700.00,2026-05-07 09:29:27
2026-05-01,2026-05-01 11:10:00,2026-05-01 11:15:00,OG,Backtest,AdxDiCrossBracketOG,OG_AdxDiCrossBracketOG,OG,NQ,NQ JUN26,SHORT,1,27795.25,27837.00,-839.36,-843.72,-168.7,LOSS,STOP_HIT,27836.50,825.00,2026-05-07 09:29:27
2026-05-04,2026-05-04 11:05:00,2026-05-04 11:15:00,OG,Backtest,AdxDiCrossBracketOG,OG_AdxDiCrossBracketOG,OG,NQ,NQ JUN26,SHORT,1,27881.50,27847.50,675.64,671.28,134.3,WIN,TARGET_HIT,27916.50,700.00,2026-05-07 09:29:27
2026-05-01,2026-05-01 11:10:00,2026-05-01 11:15:00,OG,Backtest,AdxDiCrossBracketOG,OG_AdxDiCrossBracketOG,OG,NQ,NQ JUN26,SHORT,1,27795.25,27837.00,-839.36,-843.72,-168.7,LOSS,STOP_HIT,27836.50,825.00,2026-05-07 09:29:27
2026-05-01,2026-05-01 11:10:00,2026-05-01 11:15:00,OG,Backtest,AdxDiCrossBracketOG,OG_AdxDiCrossBracketOG,OG,NQ,NQ JUN26,SHORT,1,27795.25,27837.00,-839.36,-843.72,-168.7,LOSS,STOP_HIT,27836.50,825.00,2026-05-07 09:29:27
2026-05-04,2026-05-04 11:05:00,2026-05-04 11:15:00,OG,Backtest,AdxDiCrossBracketOG,OG_AdxDiCrossBracketOG,OG,NQ,NQ JUN26,SHORT,1,27881.50,27847.50,675.64,671.28,134.3,WIN,TARGET_HIT,27916.50,700.00,2026-05-07 09:29:27
2026-05-04,2026-05-04 11:05:00,2026-05-04 11:15:00,OG,Backtest,AdxDiCrossBracketOG,OG_AdxDiCrossBracketOG,OG,NQ,NQ JUN26,SHORT,1,27881.50,27847.50,675.64,671.28,134.3,WIN,TARGET_HIT,27916.50,700.00,2026-05-07 09:29:27
2026-04-29,2026-04-29 11:15:00,2026-04-29 11:20:00,OG,Backtest,AdxDiCrossBracketOG,OG_AdxDiCrossBracketOG,OG,NQ,NQ JUN26,SHORT,1,27249.50,27231.00,365.64,361.28,72.3,WIN,STOP_HIT,27280.00,610.00,2026-05-07 09:29:27
2026-05-01,2026-05-01 11:10:00,2026-05-01 11:15:00,OG,Backtest,AdxDiCrossBracketOG,OG_AdxDiCrossBracketOG,OG,NQ,NQ JUN26,SHORT,1,27795.25,27837.00,-839.36,-843.72,-168.7,LOSS,STOP_HIT,27836.50,825.00,2026-05-07 09:29:27
2026-05-01,2026-05-01 11:10:00,2026-05-01 11:15:00,OG,Backtest,AdxDiCrossBracketOG,OG_AdxDiCrossBracketOG,OG,NQ,NQ JUN26,SHORT,1,27795.25,27837.00,-839.36,-843.72,-168.7,LOSS,STOP_HIT,27836.50,825.00,2026-05-07 09:29:27
2026-04-29,2026-04-29 11:15:00,2026-04-29 11:20:00,OG,Backtest,AdxDiCrossBracketOG,OG_AdxDiCrossBracketOG,OG,NQ,NQ JUN26,SHORT,1,27249.50,27231.00,365.64,361.28,72.3,WIN,STOP_HIT,27280.00,610.00,2026-05-07 09:29:27
2026-05-01,2026-05-01 11:20:00,2026-05-01 11:40:00,OG,Backtest,AdxDiCrossBracketOG,OG_AdxDiCrossBracketOG,OG,NQ,NQ JUN26,LONG,1,27837.25,27877.75,805.64,801.28,160.3,WIN,TARGET_HIT,27796.25,820.00,2026-05-07 09:29:27
2026-05-01,2026-05-01 11:20:00,2026-05-01 11:40:00,OG,Backtest,AdxDiCrossBracketOG,OG_AdxDiCrossBracketOG,OG,NQ,NQ JUN26,LONG,1,27837.25,27877.75,805.64,801.28,160.3,WIN,TARGET_HIT,27796.25,820.00,2026-05-07 09:29:27
2026-05-04,2026-05-04 11:05:00,2026-05-04 11:15:00,OG,Backtest,AdxDiCrossBracketOG,OG_AdxDiCrossBracketOG,OG,NQ,NQ JUN26,SHORT,1,27881.50,27847.50,675.64,671.28,134.3,WIN,TARGET_HIT,27916.50,700.00,2026-05-07 09:29:27
2026-04-29,2026-04-29 11:15:00,2026-04-29 11:20:00,OG,Backtest,AdxDiCrossBracketOG,OG_AdxDiCrossBracketOG,OG,NQ,NQ JUN26,SHORT,1,27249.50,27231.00,365.64,361.28,72.3,WIN,STOP_HIT,27280.00,610.00,2026-05-07 09:29:27
2026-05-01,2026-05-01 11:10:00,2026-05-01 11:15:00,OG,Backtest,AdxDiCrossBracketOG,OG_AdxDiCrossBracketOG,OG,NQ,NQ JUN26,SHORT,1,27795.25,27837.00,-839.36,-843.72,-168.7,LOSS,STOP_HIT,27836.50,825.00,2026-05-07 09:29:27
2026-05-01,2026-05-01 11:20:00,2026-05-01 11:40:00,OG,Backtest,AdxDiCrossBracketOG,OG_AdxDiCrossBracketOG,OG,NQ,NQ JUN26,LONG,1,27837.25,27877.75,805.64,801.28,160.3,WIN,TARGET_HIT,27796.25,820.00,2026-05-07 09:29:27
2026-05-04,2026-05-04 11:05:00,2026-05-04 11:15:00,OG,Backtest,AdxDiCrossBracketOG,OG_AdxDiCrossBracketOG,OG,NQ,NQ JUN26,SHORT,1,27881.50,27847.50,675.64,671.28,134.3,WIN,TARGET_HIT,27916.50,700.00,2026-05-07 09:29:27
2026-04-29,2026-04-29 11:15:00,2026-04-29 11:20:00,OG,Backtest,AdxDiCrossBracketOG,OG_AdxDiCrossBracketOG,OG,NQ,NQ JUN26,SHORT,1,27249.50,27231.00,365.64,361.28,72.3,WIN,STOP_HIT,27280.00,610.00,2026-05-07 09:29:27
2026-04-29,2026-04-29 11:15:00,2026-04-29 11:20:00,OG,Backtest,AdxDiCrossBracketOG,OG_AdxDiCrossBracketOG,OG,NQ,NQ JUN26,SHORT,1,27249.50,27231.00,365.64,361.28,72.3,WIN,STOP_HIT,27295.00,910.00,2026-05-07 09:29:27
2026-05-04,2026-05-04 11:05:00,2026-05-04 11:15:00,OG,Backtest,AdxDiCrossBracketOG,OG_AdxDiCrossBracketOG,OG,NQ,NQ JUN26,SHORT,1,27881.50,27847.50,675.64,671.28,134.3,WIN,TARGET_HIT,27916.50,700.00,2026-05-07 09:29:27
2026-05-04,2026-05-04 11:05:00,2026-05-04 11:20:00,OG,Backtest,AdxDiCrossBracketOG,OG_AdxDiCrossBracketOG,OG,NQ,NQ JUN26,SHORT,1,27881.50,27830.25,1020.64,1016.28,203.3,WIN,TARGET_HIT,27933.75,1045.00,2026-05-07 09:29:27
2026-04-29,2026-04-29 11:15:00,2026-04-29 11:20:00,OG,Backtest,AdxDiCrossBracketOG,OG_AdxDiCrossBracketOG,OG,NQ,NQ JUN26,SHORT,1,27249.50,27231.00,365.64,361.28,72.3,WIN,STOP_HIT,27280.00,610.00,2026-05-07 09:29:27
2026-05-01,2026-05-01 11:10:00,2026-05-01 11:15:00,OG,Backtest,AdxDiCrossBracketOG,OG_AdxDiCrossBracketOG,OG,NQ,NQ JUN26,SHORT,1,27795.25,27837.00,-839.36,-843.72,-168.7,LOSS,STOP_HIT,27836.50,825.00,2026-05-07 09:29:27
2026-05-01,2026-05-01 11:20:00,2026-05-01 11:40:00,OG,Backtest,AdxDiCrossBracketOG,OG_AdxDiCrossBracketOG,OG,NQ,NQ JUN26,LONG,1,27837.25,27877.75,805.64,801.28,160.3,WIN,TARGET_HIT,27796.25,820.00,2026-05-07 09:29:27
2026-05-01,2026-05-01 11:20:00,2026-05-01 11:40:00,OG,Backtest,AdxDiCrossBracketOG,OG_AdxDiCrossBracketOG,OG,NQ,NQ JUN26,LONG,1,27837.25,27877.75,805.64,801.28,160.3,WIN,TARGET_HIT,27796.25,820.00,2026-05-07 09:29:27
2026-04-29,2026-04-29 11:15:00,2026-04-29 11:20:00,OG,Backtest,AdxDiCrossBracketOG,OG_AdxDiCrossBracketOG,OG,NQ,NQ JUN26,SHORT,1,27249.50,27231.00,365.64,361.28,72.3,WIN,STOP_HIT,27280.00,610.00,2026-05-07 09:29:27
2026-04-29,2026-04-29 11:15:00,2026-04-29 11:20:00,OG,Backtest,AdxDiCrossBracketOG,OG_AdxDiCrossBracketOG,OG,NQ,NQ JUN26,SHORT,1,27249.50,27231.00,365.64,361.28,72.3,WIN,STOP_HIT,27280.00,610.00,2026-05-07 09:29:27
2026-04-29,2026-04-29 11:15:00,2026-04-29 11:20:00,OG,Backtest,AdxDiCrossBracketOG,OG_AdxDiCrossBracketOG,OG,NQ,NQ JUN26,SHORT,1,27249.50,27231.00,365.64,361.28,72.3,WIN,STOP_HIT,27280.00,610.00,2026-05-07 09:29:27
2026-05-01,2026-05-01 11:20:00,2026-05-01 11:40:00,OG,Backtest,AdxDiCrossBracketOG,OG_AdxDiCrossBracketOG,OG,NQ,NQ JUN26,LONG,1,27837.25,27877.75,805.64,801.28,160.3,WIN,TARGET_HIT,27796.25,820.00,2026-05-07 09:29:27
2026-05-04,2026-05-04 11:05:00,2026-05-04 11:15:00,OG,Backtest,AdxDiCrossBracketOG,OG_AdxDiCrossBracketOG,OG,NQ,NQ JUN26,SHORT,1,27881.50,27847.50,675.64,671.28,134.3,WIN,TARGET_HIT,27916.50,700.00,2026-05-07 09:29:27
2026-04-29,2026-04-29 11:15:00,2026-04-29 11:20:00,OG,Backtest,AdxDiCrossBracketOG,OG_AdxDiCrossBracketOG,OG,NQ,NQ JUN26,SHORT,1,27249.50,27231.00,365.64,361.28,72.3,WIN,STOP_HIT,27280.00,610.00,2026-05-07 09:29:27
2026-05-01,2026-05-01 11:20:00,2026-05-01 11:40:00,OG,Backtest,AdxDiCrossBracketOG,OG_AdxDiCrossBracketOG,OG,NQ,NQ JUN26,LONG,1,27837.25,27877.75,805.64,801.28,160.3,WIN,TARGET_HIT,27796.25,820.00,2026-05-07 09:29:27
2026-05-04,2026-05-04 11:05:00,2026-05-04 11:15:00,OG,Backtest,AdxDiCrossBracketOG,OG_AdxDiCrossBracketOG,OG,NQ,NQ JUN26,SHORT,1,27881.50,27847.50,675.64,671.28,134.3,WIN,TARGET_HIT,27916.50,700.00,2026-05-07 09:29:27
2026-05-01,2026-05-01 11:10:00,2026-05-01 11:15:00,OG,Backtest,AdxDiCrossBracketOG,OG_AdxDiCrossBracketOG,OG,NQ,NQ JUN26,SHORT,1,27795.25,27837.00,-839.36,-843.72,-168.7,LOSS,STOP_HIT,27836.50,825.00,2026-05-07 09:29:27
2026-04-29,2026-04-29 11:15:00,2026-04-29 11:20:00,OG,Backtest,AdxDiCrossBracketOG,OG_AdxDiCrossBracketOG,OG,NQ,NQ JUN26,SHORT,1,27249.50,27231.00,365.64,361.28,72.3,WIN,STOP_HIT,27280.00,610.00,2026-05-07 09:29:27
2026-05-04,2026-05-04 11:05:00,2026-05-04 11:20:00,OG,Backtest,AdxDiCrossBracketOG,OG_AdxDiCrossBracketOG,OG,NQ,NQ JUN26,SHORT,1,27881.50,27830.25,1020.64,1016.28,203.3,WIN,TARGET_HIT,27933.75,1045.00,2026-05-07 09:29:27
2026-04-29,2026-04-29 11:15:00,2026-04-29 11:20:00,OG,Backtest,AdxDiCrossBracketOG,OG_AdxDiCrossBracketOG,OG,NQ,NQ JUN26,SHORT,1,27249.50,27231.00,365.64,361.28,72.3,WIN,STOP_HIT,27295.00,910.00,2026-05-07 09:29:27
2026-05-01,2026-05-01 11:10:00,2026-05-01 11:20:00,OG,Backtest,AdxDiCrossBracketOG,OG_AdxDiCrossBracketOG,OG,NQ,NQ JUN26,SHORT,1,27795.25,27837.25,-844.36,-848.72,-169.7,LOSS,STOP_HIT,27857.00,1235.00,2026-05-07 09:29:27
2026-05-04,2026-05-04 11:05:00,2026-05-04 11:20:00,OG,Backtest,AdxDiCrossBracketOG,OG_AdxDiCrossBracketOG,OG,NQ,NQ JUN26,SHORT,1,27881.50,27830.25,1020.64,1016.28,203.3,WIN,TARGET_HIT,27933.75,1045.00,2026-05-07 09:29:27
2026-05-04,2026-05-04 11:05:00,2026-05-04 11:20:00,OG,Backtest,AdxDiCrossBracketOG,OG_AdxDiCrossBracketOG,OG,NQ,NQ JUN26,SHORT,1,27881.50,27830.25,1020.64,1016.28,203.3,WIN,TARGET_HIT,27933.75,1045.00,2026-05-07 09:29:27
2026-04-29,2026-04-29 11:15:00,2026-04-29 11:20:00,OG,Backtest,AdxDiCrossBracketOG,OG_AdxDiCrossBracketOG,OG,NQ,NQ JUN26,SHORT,1,27249.50,27231.00,365.64,361.28,72.3,WIN,STOP_HIT,27295.00,910.00,2026-05-07 09:29:27
2026-04-29,2026-04-29 11:15:00,2026-04-29 11:20:00,OG,Backtest,AdxDiCrossBracketOG,OG_AdxDiCrossBracketOG,OG,NQ,NQ JUN26,SHORT,1,27249.50,27231.00,365.64,361.28,72.3,WIN,STOP_HIT,27295.00,910.00,2026-05-07 09:29:27
2026-05-01,2026-05-01 11:10:00,2026-05-01 11:20:00,OG,Backtest,AdxDiCrossBracketOG,OG_AdxDiCrossBracketOG,OG,NQ,NQ JUN26,SHORT,1,27795.25,27837.25,-844.36,-848.72,-169.7,LOSS,STOP_HIT,27857.00,1235.00,2026-05-07 09:29:27
2026-05-01,2026-05-01 11:10:00,2026-05-01 11:20:00,OG,Backtest,AdxDiCrossBracketOG,OG_AdxDiCrossBracketOG,OG,NQ,NQ JUN26,SHORT,1,27795.25,27837.25,-844.36,-848.72,-169.7,LOSS,STOP_HIT,27857.00,1235.00,2026-05-07 09:29:27
2026-05-04,2026-05-04 11:05:00,2026-05-04 11:20:00,OG,Backtest,AdxDiCrossBracketOG,OG_AdxDiCrossBracketOG,OG,NQ,NQ JUN26,SHORT,1,27881.50,27830.25,1020.64,1016.28,203.3,WIN,TARGET_HIT,27933.75,1045.00,2026-05-07 09:29:27
2026-04-29,2026-04-29 11:15:00,2026-04-29 11:20:00,OG,Backtest,AdxDiCrossBracketOG,OG_AdxDiCrossBracketOG,OG,NQ,NQ JUN26,SHORT,1,27249.50,27231.00,365.64,361.28,72.3,WIN,STOP_HIT,27295.00,910.00,2026-05-07 09:29:27
2026-04-29,2026-04-29 11:15:00,2026-04-29 11:20:00,OG,Backtest,AdxDiCrossBracketOG,OG_AdxDiCrossBracketOG,OG,NQ,NQ JUN26,SHORT,1,27249.50,27231.00,365.64,361.28,72.3,WIN,STOP_HIT,27295.00,910.00,2026-05-07 09:29:27
2026-05-01,2026-05-01 11:10:00,2026-05-01 11:20:00,OG,Backtest,AdxDiCrossBracketOG,OG_AdxDiCrossBracketOG,OG,NQ,NQ JUN26,SHORT,1,27795.25,27837.25,-844.36,-848.72,-169.7,LOSS,STOP_HIT,27857.00,1235.00,2026-05-07 09:29:28
2026-05-04,2026-05-04 11:05:00,2026-05-04 11:20:00,OG,Backtest,AdxDiCrossBracketOG,OG_AdxDiCrossBracketOG,OG,NQ,NQ JUN26,SHORT,1,27881.50,27830.25,1020.64,1016.28,203.3,WIN,TARGET_HIT,27933.75,1045.00,2026-05-07 09:29:28
2026-04-29,2026-04-29 11:15:00,2026-04-29 11:20:00,OG,Backtest,AdxDiCrossBracketOG,OG_AdxDiCrossBracketOG,OG,NQ,NQ JUN26,SHORT,1,27249.50,27231.00,365.64,361.28,72.3,WIN,STOP_HIT,27295.00,910.00,2026-05-07 09:29:28
2026-05-01,2026-05-01 11:10:00,2026-05-01 11:20:00,OG,Backtest,AdxDiCrossBracketOG,OG_AdxDiCrossBracketOG,OG,NQ,NQ JUN26,SHORT,1,27795.25,27837.25,-844.36,-848.72,-169.7,LOSS,STOP_HIT,27857.00,1235.00,2026-05-07 09:29:28
2026-05-04,2026-05-04 11:05:00,2026-05-04 11:20:00,OG,Backtest,AdxDiCrossBracketOG,OG_AdxDiCrossBracketOG,OG,NQ,NQ JUN26,SHORT,1,27881.50,27830.25,1020.64,1016.28,203.3,WIN,TARGET_HIT,27933.75,1045.00,2026-05-07 09:29:28
2026-04-29,2026-04-29 11:15:00,2026-04-29 11:20:00,OG,Backtest,AdxDiCrossBracketOG,OG_AdxDiCrossBracketOG,OG,NQ,NQ JUN26,SHORT,1,27249.50,27231.00,365.64,361.28,72.3,WIN,STOP_HIT,27295.00,910.00,2026-05-07 09:29:28
2026-05-01,2026-05-01 11:10:00,2026-05-01 11:20:00,OG,Backtest,AdxDiCrossBracketOG,OG_AdxDiCrossBracketOG,OG,NQ,NQ JUN26,SHORT,1,27795.25,27837.25,-844.36,-848.72,-169.7,LOSS,STOP_HIT,27857.00,1235.00,2026-05-07 09:29:28
2026-05-04,2026-05-04 11:05:00,2026-05-04 11:20:00,OG,Backtest,AdxDiCrossBracketOG,OG_AdxDiCrossBracketOG,OG,NQ,NQ JUN26,SHORT,1,27881.50,27830.25,1020.64,1016.28,203.3,WIN,TARGET_HIT,27933.75,1045.00,2026-05-07 09:29:28
2026-05-01,2026-05-01 11:10:00,2026-05-01 11:20:00,OG,Backtest,AdxDiCrossBracketOG,OG_AdxDiCrossBracketOG,OG,NQ,NQ JUN26,SHORT,1,27795.25,27837.25,-844.36,-848.72,-169.7,LOSS,STOP_HIT,27857.00,1235.00,2026-05-07 09:29:28
2026-05-04,2026-05-04 11:05:00,2026-05-04 11:20:00,OG,Backtest,AdxDiCrossBracketOG,OG_AdxDiCrossBracketOG,OG,NQ,NQ JUN26,SHORT,1,27881.50,27830.25,1020.64,1016.28,203.3,WIN,TARGET_HIT,27933.75,1045.00,2026-05-07 09:29:28
2026-04-29,2026-04-29 11:15:00,2026-04-29 11:20:00,OG,Backtest,AdxDiCrossBracketOG,OG_AdxDiCrossBracketOG,OG,NQ,NQ JUN26,SHORT,1,27249.50,27231.00,365.64,361.28,72.3,WIN,STOP_HIT,27295.00,910.00,2026-05-07 09:29:28
2026-05-04,2026-05-04 11:05:00,2026-05-04 11:20:00,OG,Backtest,AdxDiCrossBracketOG,OG_AdxDiCrossBracketOG,OG,NQ,NQ JUN26,SHORT,1,27881.50,27830.25,1020.64,1016.28,203.3,WIN,TARGET_HIT,27933.75,1045.00,2026-05-07 09:29:28
2026-05-04,2026-05-04 11:05:00,2026-05-04 11:20:00,OG,Backtest,AdxDiCrossBracketOG,OG_AdxDiCrossBracketOG,OG,NQ,NQ JUN26,SHORT,1,27881.50,27830.25,1020.64,1016.28,203.3,WIN,TARGET_HIT,27933.75,1045.00,2026-05-07 09:29:28
2026-04-29,2026-04-29 11:15:00,2026-04-29 11:20:00,OG,Backtest,AdxDiCrossBracketOG,OG_AdxDiCrossBracketOG,OG,NQ,NQ JUN26,SHORT,1,27249.50,27231.00,365.64,361.28,72.3,WIN,STOP_HIT,27295.00,910.00,2026-05-07 09:29:28
2026-04-29,2026-04-29 11:15:00,2026-04-29 11:20:00,OG,Backtest,AdxDiCrossBracketOG,OG_AdxDiCrossBracketOG,OG,NQ,NQ JUN26,SHORT,1,27249.50,27231.00,365.64,361.28,72.3,WIN,STOP_HIT,27295.00,910.00,2026-05-07 09:29:28
2026-05-01,2026-05-01 11:10:00,2026-05-01 11:20:00,OG,Backtest,AdxDiCrossBracketOG,OG_AdxDiCrossBracketOG,OG,NQ,NQ JUN26,SHORT,1,27795.25,27837.25,-844.36,-848.72,-169.7,LOSS,STOP_HIT,27857.00,1235.00,2026-05-07 09:29:28
2026-05-04,2026-05-04 11:05:00,2026-05-04 11:20:00,OG,Backtest,AdxDiCrossBracketOG,OG_AdxDiCrossBracketOG,OG,NQ,NQ JUN26,SHORT,1,27881.50,27830.25,1020.64,1016.28,203.3,WIN,TARGET_HIT,27933.75,1045.00,2026-05-07 09:29:28
2026-04-29,2026-04-29 11:15:00,2026-04-29 11:20:00,OG,Backtest,AdxDiCrossBracketOG,OG_AdxDiCrossBracketOG,OG,NQ,NQ JUN26,SHORT,1,27249.50,27231.00,365.64,361.28,72.3,WIN,STOP_HIT,27295.00,910.00,2026-05-07 09:29:28
2026-05-01,2026-05-01 11:10:00,2026-05-01 11:20:00,OG,Backtest,AdxDiCrossBracketOG,OG_AdxDiCrossBracketOG,OG,NQ,NQ JUN26,SHORT,1,27795.25,27837.25,-844.36,-848.72,-169.7,LOSS,STOP_HIT,27857.00,1235.00,2026-05-07 09:29:28
2026-05-04,2026-05-04 11:05:00,2026-05-04 11:20:00,OG,Backtest,AdxDiCrossBracketOG,OG_AdxDiCrossBracketOG,OG,NQ,NQ JUN26,SHORT,1,27881.50,27830.25,1020.64,1016.28,203.3,WIN,TARGET_HIT,27933.75,1045.00,2026-05-07 09:29:28
2026-05-01,2026-05-01 11:10:00,2026-05-01 11:20:00,OG,Backtest,AdxDiCrossBracketOG,OG_AdxDiCrossBracketOG,OG,NQ,NQ JUN26,SHORT,1,27795.25,27837.25,-844.36,-848.72,-169.7,LOSS,STOP_HIT,27857.00,1235.00,2026-05-07 09:29:28
2026-04-29,2026-04-29 11:15:00,2026-04-29 11:20:00,OG,Backtest,AdxDiCrossBracketOG,OG_AdxDiCrossBracketOG,OG,NQ,NQ JUN26,SHORT,1,27249.50,27231.00,365.64,361.28,72.3,WIN,STOP_HIT,27295.00,910.00,2026-05-07 09:29:28
2026-04-29,2026-04-29 11:15:00,2026-04-29 11:20:00,OG,Backtest,AdxDiCrossBracketOG,OG_AdxDiCrossBracketOG,OG,NQ,NQ JUN26,SHORT,1,27249.50,27231.00,365.64,361.28,72.3,WIN,STOP_HIT,27295.00,910.00,2026-05-07 09:29:28
2026-05-01,2026-05-01 11:10:00,2026-05-01 11:20:00,OG,Backtest,AdxDiCrossBracketOG,OG_AdxDiCrossBracketOG,OG,NQ,NQ JUN26,SHORT,1,27795.25,27837.25,-844.36,-848.72,-169.7,LOSS,STOP_HIT,27857.00,1235.00,2026-05-07 09:29:28
2026-05-04,2026-05-04 11:05:00,2026-05-04 11:20:00,OG,Backtest,AdxDiCrossBracketOG,OG_AdxDiCrossBracketOG,OG,NQ,NQ JUN26,SHORT,1,27881.50,27830.25,1020.64,1016.28,203.3,WIN,TARGET_HIT,27933.75,1045.00,2026-05-07 09:29:28
2026-05-01,2026-05-01 11:10:00,2026-05-01 11:20:00,OG,Backtest,AdxDiCrossBracketOG,OG_AdxDiCrossBracketOG,OG,NQ,NQ JUN26,SHORT,1,27795.25,27837.25,-844.36,-848.72,-169.7,LOSS,STOP_HIT,27857.00,1235.00,2026-05-07 09:29:28
2026-05-04,2026-05-04 11:05:00,2026-05-04 11:20:00,OG,Backtest,AdxDiCrossBracketOG,OG_AdxDiCrossBracketOG,OG,NQ,NQ JUN26,SHORT,1,27881.50,27830.25,1020.64,1016.28,203.3,WIN,TARGET_HIT,27933.75,1045.00,2026-05-07 09:29:28
2026-04-29,2026-04-29 11:15:00,2026-04-29 11:20:00,OG,Backtest,AdxDiCrossBracketOG,OG_AdxDiCrossBracketOG,OG,NQ,NQ JUN26,SHORT,1,27249.50,27231.00,365.64,361.28,72.3,WIN,STOP_HIT,27295.00,910.00,2026-05-07 09:29:28
2026-05-04,2026-05-04 11:05:00,2026-05-04 11:20:00,OG,Backtest,AdxDiCrossBracketOG,OG_AdxDiCrossBracketOG,OG,NQ,NQ JUN26,SHORT,1,27881.50,27830.25,1020.64,1016.28,203.3,WIN,TARGET_HIT,27933.75,1045.00,2026-05-07 09:29:28
2026-05-04,2026-05-04 11:05:00,2026-05-04 11:20:00,OG,Backtest,AdxDiCrossBracketOG,OG_AdxDiCrossBracketOG,OG,NQ,NQ JUN26,SHORT,1,27881.50,27830.25,1020.64,1016.28,203.3,WIN,TARGET_HIT,27933.75,1045.00,2026-05-07 09:29:28
2026-05-04,2026-05-04 11:05:00,2026-05-04 11:20:00,OG,Backtest,AdxDiCrossBracketOG,OG_AdxDiCrossBracketOG,OG,NQ,NQ JUN26,SHORT,1,27881.50,27830.25,1020.64,1016.28,203.3,WIN,TARGET_HIT,27933.75,1045.00,2026-05-07 09:29:28
2026-04-29,2026-04-29 11:15:00,2026-04-29 11:20:00,OG,Backtest,AdxDiCrossBracketOG,OG_AdxDiCrossBracketOG,OG,NQ,NQ JUN26,SHORT,1,27249.50,27231.00,365.64,361.28,72.3,WIN,STOP_HIT,27295.00,910.00,2026-05-07 09:29:28
2026-04-29,2026-04-29 11:15:00,2026-04-29 11:20:00,OG,Backtest,AdxDiCrossBracketOG,OG_AdxDiCrossBracketOG,OG,NQ,NQ JUN26,SHORT,1,27249.50,27231.00,365.64,361.28,72.3,WIN,STOP_HIT,27295.00,910.00,2026-05-07 09:29:28
2026-04-29,2026-04-29 11:15:00,2026-04-29 11:20:00,OG,Backtest,AdxDiCrossBracketOG,OG_AdxDiCrossBracketOG,OG,NQ,NQ JUN26,SHORT,1,27249.50,27231.00,365.64,361.28,72.3,WIN,STOP_HIT,27295.00,910.00,2026-05-07 09:29:28
2026-05-04,2026-05-04 11:05:00,2026-05-04 11:20:00,OG,Backtest,AdxDiCrossBracketOG,OG_AdxDiCrossBracketOG,OG,NQ,NQ JUN26,SHORT,1,27881.50,27830.25,1020.64,1016.28,203.3,WIN,TARGET_HIT,27933.75,1045.00,2026-05-07 09:29:28
2026-04-29,2026-04-29 11:15:00,2026-04-29 11:20:00,OG,Backtest,AdxDiCrossBracketOG,OG_AdxDiCrossBracketOG,OG,NQ,NQ JUN26,SHORT,1,27249.50,27231.00,365.64,361.28,72.3,WIN,STOP_HIT,27295.00,910.00,2026-05-07 09:29:28
2026-05-04,2026-05-04 11:05:00,2026-05-04 11:20:00,OG,Backtest,AdxDiCrossBracketOG,OG_AdxDiCrossBracketOG,OG,NQ,NQ JUN26,SHORT,1,27881.50,27830.25,1020.64,1016.28,203.3,WIN,TARGET_HIT,27933.75,1045.00,2026-05-07 09:29:28
2026-04-29,2026-04-29 11:15:00,2026-04-29 11:20:00,OG,Backtest,AdxDiCrossBracketOG,OG_AdxDiCrossBracketOG,OG,NQ,NQ JUN26,SHORT,1,27249.50,27231.00,365.64,361.28,72.3,WIN,STOP_HIT,27295.00,910.00,2026-05-07 09:29:28
2026-04-29,2026-04-29 11:15:00,2026-04-29 11:20:00,OG,Backtest,AdxDiCrossBracketOG,OG_AdxDiCrossBracketOG,OG,NQ,NQ JUN26,SHORT,1,27249.50,27231.00,365.64,361.28,72.3,WIN,STOP_HIT,27295.00,910.00,2026-05-07 09:29:28
2026-04-29,2026-04-29 11:15:00,2026-04-29 11:20:00,OG,Backtest,AdxDiCrossBracketOG,OG_AdxDiCrossBracketOG,OG,NQ,NQ JUN26,SHORT,1,27249.50,27231.00,365.64,361.28,72.3,WIN,STOP_HIT,27295.00,910.00,2026-05-07 09:29:28
2026-04-29,2026-04-29 11:15:00,2026-04-29 11:20:00,OG,Backtest,AdxDiCrossBracketOG,OG_AdxDiCrossBracketOG,OG,NQ,NQ JUN26,SHORT,1,27249.50,27231.00,365.64,361.28,72.3,WIN,STOP_HIT,27295.00,910.00,2026-05-07 09:29:28
2026-05-01,2026-05-01 11:10:00,2026-05-01 11:20:00,OG,Backtest,AdxDiCrossBracketOG,OG_AdxDiCrossBracketOG,OG,NQ,NQ JUN26,SHORT,1,27795.25,27837.25,-844.36,-848.72,-169.7,LOSS,STOP_HIT,27857.00,1235.00,2026-05-07 09:29:28
2026-05-04,2026-05-04 11:05:00,2026-05-04 11:20:00,OG,Backtest,AdxDiCrossBracketOG,OG_AdxDiCrossBracketOG,OG,NQ,NQ JUN26,SHORT,1,27881.50,27830.25,1020.64,1016.28,203.3,WIN,TARGET_HIT,27933.75,1045.00,2026-05-07 09:29:28
2026-04-29,2026-04-29 11:15:00,2026-04-29 11:20:00,OG,Backtest,AdxDiCrossBracketOG,OG_AdxDiCrossBracketOG,OG,NQ,NQ JUN26,SHORT,1,27249.50,27231.00,365.64,361.28,72.3,WIN,STOP_HIT,27295.00,910.00,2026-05-07 09:29:28
2026-05-01,2026-05-01 11:10:00,2026-05-01 11:20:00,OG,Backtest,AdxDiCrossBracketOG,OG_AdxDiCrossBracketOG,OG,NQ,NQ JUN26,SHORT,1,27795.25,27837.25,-844.36,-848.72,-169.7,LOSS,STOP_HIT,27857.00,1235.00,2026-05-07 09:29:28
2026-05-01,2026-05-01 11:10:00,2026-05-01 11:20:00,OG,Backtest,AdxDiCrossBracketOG,OG_AdxDiCrossBracketOG,OG,NQ,NQ JUN26,SHORT,1,27795.25,27837.25,-844.36,-848.72,-169.7,LOSS,STOP_HIT,27857.00,1235.00,2026-05-07 09:29:28
2026-05-04,2026-05-04 11:05:00,2026-05-04 11:20:00,OG,Backtest,AdxDiCrossBracketOG,OG_AdxDiCrossBracketOG,OG,NQ,NQ JUN26,SHORT,1,27881.50,27830.25,1020.64,1016.28,203.3,WIN,TARGET_HIT,27933.75,1045.00,2026-05-07 09:29:28
2026-05-04,2026-05-04 11:05:00,2026-05-04 11:20:00,OG,Backtest,AdxDiCrossBracketOG,OG_AdxDiCrossBracketOG,OG,NQ,NQ JUN26,SHORT,1,27881.50,27830.25,1020.64,1016.28,203.3,WIN,TARGET_HIT,27933.75,1045.00,2026-05-07 09:29:28
2026-04-29,2026-04-29 11:15:00,2026-04-29 11:20:00,OG,Backtest,AdxDiCrossBracketOG,OG_AdxDiCrossBracketOG,OG,NQ,NQ JUN26,SHORT,1,27249.50,27231.00,365.64,361.28,72.3,WIN,STOP_HIT,27295.00,910.00,2026-05-07 09:29:28
2026-05-04,2026-05-04 11:05:00,2026-05-04 11:20:00,OG,Backtest,AdxDiCrossBracketOG,OG_AdxDiCrossBracketOG,OG,NQ,NQ JUN26,SHORT,1,27881.50,27830.25,1020.64,1016.28,203.3,WIN,TARGET_HIT,27933.75,1045.00,2026-05-07 09:29:28
2026-05-01,2026-05-01 11:10:00,2026-05-01 11:20:00,OG,Backtest,AdxDiCrossBracketOG,OG_AdxDiCrossBracketOG,OG,NQ,NQ JUN26,SHORT,1,27795.25,27837.25,-844.36,-848.72,-169.7,LOSS,STOP_HIT,27857.00,1235.00,2026-05-07 09:29:28
2026-05-04,2026-05-04 11:05:00,2026-05-04 11:20:00,OG,Backtest,AdxDiCrossBracketOG,OG_AdxDiCrossBracketOG,OG,NQ,NQ JUN26,SHORT,1,27881.50,27830.25,1020.64,1016.28,203.3,WIN,TARGET_HIT,27933.75,1045.00,2026-05-07 09:29:28
2026-04-29,2026-04-29 11:15:00,2026-04-29 11:20:00,OG,Backtest,AdxDiCrossBracketOG,OG_AdxDiCrossBracketOG,OG,NQ,NQ JUN26,SHORT,1,27249.50,27231.00,365.64,361.28,72.3,WIN,STOP_HIT,27295.00,910.00,2026-05-07 09:29:28
2026-05-01,2026-05-01 11:10:00,2026-05-01 11:20:00,OG,Backtest,AdxDiCrossBracketOG,OG_AdxDiCrossBracketOG,OG,NQ,NQ JUN26,SHORT,1,27795.25,27837.25,-844.36,-848.72,-169.7,LOSS,STOP_HIT,27857.00,1235.00,2026-05-07 09:29:28
2026-05-04,2026-05-04 11:05:00,2026-05-04 11:20:00,OG,Backtest,AdxDiCrossBracketOG,OG_AdxDiCrossBracketOG,OG,NQ,NQ JUN26,SHORT,1,27881.50,27830.25,1020.64,1016.28,203.3,WIN,TARGET_HIT,27933.75,1045.00,2026-05-07 09:29:28
2026-04-29,2026-04-29 11:15:00,2026-04-29 11:20:00,OG,Backtest,AdxDiCrossBracketOG,OG_AdxDiCrossBracketOG,OG,NQ,NQ JUN26,SHORT,1,27249.50,27231.00,365.64,361.28,72.3,WIN,STOP_HIT,27295.00,910.00,2026-05-07 09:29:28
2026-05-01,2026-05-01 11:10:00,2026-05-01 11:20:00,OG,Backtest,AdxDiCrossBracketOG,OG_AdxDiCrossBracketOG,OG,NQ,NQ JUN26,SHORT,1,27795.25,27837.25,-844.36,-848.72,-169.7,LOSS,STOP_HIT,27857.00,1235.00,2026-05-07 09:29:28
2026-05-01,2026-05-01 11:10:00,2026-05-01 11:20:00,OG,Backtest,AdxDiCrossBracketOG,OG_AdxDiCrossBracketOG,OG,NQ,NQ JUN26,SHORT,1,27795.25,27837.25,-844.36,-848.72,-169.7,LOSS,STOP_HIT,27857.00,1235.00,2026-05-07 09:29:28
2026-05-04,2026-05-04 11:05:00,2026-05-04 11:20:00,OG,Backtest,AdxDiCrossBracketOG,OG_AdxDiCrossBracketOG,OG,NQ,NQ JUN26,SHORT,1,27881.50,27830.25,1020.64,1016.28,203.3,WIN,TARGET_HIT,27933.75,1045.00,2026-05-07 09:29:28
2026-04-29,2026-04-29 11:15:00,2026-04-29 11:20:00,OG,Backtest,AdxDiCrossBracketOG,OG_AdxDiCrossBracketOG,OG,NQ,NQ JUN26,SHORT,1,27249.50,27231.00,365.64,361.28,72.3,WIN,STOP_HIT,27295.00,910.00,2026-05-07 09:29:28
2026-05-01,2026-05-01 11:10:00,2026-05-01 11:20:00,OG,Backtest,AdxDiCrossBracketOG,OG_AdxDiCrossBracketOG,OG,NQ,NQ JUN26,SHORT,1,27795.25,27837.25,-844.36,-848.72,-169.7,LOSS,STOP_HIT,27857.00,1235.00,2026-05-07 09:29:28
2026-05-04,2026-05-04 11:05:00,2026-05-04 11:20:00,OG,Backtest,AdxDiCrossBracketOG,OG_AdxDiCrossBracketOG,OG,NQ,NQ JUN26,SHORT,1,27881.50,27830.25,1020.64,1016.28,203.3,WIN,TARGET_HIT,27933.75,1045.00,2026-05-07 09:29:28
2026-04-29,2026-04-29 11:15:00,2026-04-29 11:20:00,OG,Backtest,AdxDiCrossBracketOG,OG_AdxDiCrossBracketOG,OG,NQ,NQ JUN26,SHORT,1,27249.50,27231.00,365.64,361.28,72.3,WIN,STOP_HIT,27295.00,910.00,2026-05-07 09:29:28
2026-04-29,2026-04-29 11:15:00,2026-04-29 11:20:00,OG,Backtest,AdxDiCrossBracketOG,OG_AdxDiCrossBracketOG,OG,NQ,NQ JUN26,SHORT,1,27249.50,27231.00,365.64,361.28,72.3,WIN,STOP_HIT,27295.00,910.00,2026-05-07 09:29:28
2026-05-01,2026-05-01 11:10:00,2026-05-01 11:20:00,OG,Backtest,AdxDiCrossBracketOG,OG_AdxDiCrossBracketOG,OG,NQ,NQ JUN26,SHORT,1,27795.25,27837.25,-844.36,-848.72,-169.7,LOSS,STOP_HIT,27857.00,1235.00,2026-05-07 09:29:28
2026-05-01,2026-05-01 11:10:00,2026-05-01 11:20:00,OG,Backtest,AdxDiCrossBracketOG,OG_AdxDiCrossBracketOG,OG,NQ,NQ JUN26,SHORT,1,27795.25,27837.25,-844.36,-848.72,-169.7,LOSS,STOP_HIT,27857.00,1235.00,2026-05-07 09:29:28
2026-04-29,2026-04-29 11:15:00,2026-04-29 11:20:00,OG,Backtest,AdxDiCrossBracketOG,OG_AdxDiCrossBracketOG,OG,NQ,NQ JUN26,SHORT,1,27249.50,27231.00,365.64,361.28,72.3,WIN,STOP_HIT,27295.00,910.00,2026-05-07 09:29:28
2026-05-01,2026-05-01 11:10:00,2026-05-01 11:20:00,OG,Backtest,AdxDiCrossBracketOG,OG_AdxDiCrossBracketOG,OG,NQ,NQ JUN26,SHORT,1,27795.25,27837.25,-844.36,-848.72,-169.7,LOSS,STOP_HIT,27857.00,1235.00,2026-05-07 09:29:28
2026-05-01,2026-05-01 11:10:00,2026-05-01 11:20:00,OG,Backtest,AdxDiCrossBracketOG,OG_AdxDiCrossBracketOG,OG,NQ,NQ JUN26,SHORT,1,27795.25,27837.25,-844.36,-848.72,-169.7,LOSS,STOP_HIT,27877.50,1645.00,2026-05-07 09:29:28
2026-05-04,2026-05-04 11:05:00,2026-05-04 11:20:00,OG,Backtest,AdxDiCrossBracketOG,OG_AdxDiCrossBracketOG,OG,NQ,NQ JUN26,SHORT,1,27881.50,27813.00,1365.64,1361.28,272.3,WIN,TARGET_HIT,27951.00,1390.00,2026-05-07 09:29:29
2026-05-01,2026-05-01 11:10:00,2026-05-01 11:20:00,OG,Backtest,AdxDiCrossBracketOG,OG_AdxDiCrossBracketOG,OG,NQ,NQ JUN26,SHORT,1,27795.25,27837.25,-844.36,-848.72,-169.7,LOSS,STOP_HIT,27877.50,1645.00,2026-05-07 09:29:29
2026-05-04,2026-05-04 11:05:00,2026-05-04 11:20:00,OG,Backtest,AdxDiCrossBracketOG,OG_AdxDiCrossBracketOG,OG,NQ,NQ JUN26,SHORT,1,27881.50,27813.00,1365.64,1361.28,272.3,WIN,TARGET_HIT,27951.00,1390.00,2026-05-07 09:29:29
2026-04-29,2026-04-29 11:15:00,2026-04-29 11:20:00,OG,Backtest,AdxDiCrossBracketOG,OG_AdxDiCrossBracketOG,OG,NQ,NQ JUN26,SHORT,1,27249.50,27231.00,365.64,361.28,72.3,WIN,STOP_HIT,27310.00,1210.00,2026-05-07 09:29:29
2026-04-29,2026-04-29 11:15:00,2026-04-29 11:20:00,OG,Backtest,AdxDiCrossBracketOG,OG_AdxDiCrossBracketOG,OG,NQ,NQ JUN26,SHORT,1,27249.50,27231.00,365.64,361.28,72.3,WIN,STOP_HIT,27295.00,910.00,2026-05-07 09:29:29
2026-04-29,2026-04-29 11:15:00,2026-04-29 11:20:00,OG,Backtest,AdxDiCrossBracketOG,OG_AdxDiCrossBracketOG,OG,NQ,NQ JUN26,SHORT,1,27249.50,27231.00,365.64,361.28,72.3,WIN,STOP_HIT,27295.00,910.00,2026-05-07 09:29:29
2026-05-04,2026-05-04 11:05:00,2026-05-04 11:20:00,OG,Backtest,AdxDiCrossBracketOG,OG_AdxDiCrossBracketOG,OG,NQ,NQ JUN26,SHORT,1,27881.50,27830.25,1020.64,1016.28,203.3,WIN,TARGET_HIT,27933.75,1045.00,2026-05-07 09:29:29
2026-04-29,2026-04-29 11:15:00,2026-04-29 11:20:00,OG,Backtest,AdxDiCrossBracketOG,OG_AdxDiCrossBracketOG,OG,NQ,NQ JUN26,SHORT,1,27249.50,27231.00,365.64,361.28,72.3,WIN,STOP_HIT,27295.00,910.00,2026-05-07 09:29:29
2026-05-01,2026-05-01 11:10:00,2026-05-01 11:20:00,OG,Backtest,AdxDiCrossBracketOG,OG_AdxDiCrossBracketOG,OG,NQ,NQ JUN26,SHORT,1,27795.25,27837.25,-844.36,-848.72,-169.7,LOSS,STOP_HIT,27857.00,1235.00,2026-05-07 09:29:29
2026-04-29,2026-04-29 11:15:00,2026-04-29 11:20:00,OG,Backtest,AdxDiCrossBracketOG,OG_AdxDiCrossBracketOG,OG,NQ,NQ JUN26,SHORT,1,27249.50,27231.00,365.64,361.28,72.3,WIN,STOP_HIT,27310.00,1210.00,2026-05-07 09:29:29
2026-05-04,2026-05-04 11:05:00,2026-05-04 11:20:00,OG,Backtest,AdxDiCrossBracketOG,OG_AdxDiCrossBracketOG,OG,NQ,NQ JUN26,SHORT,1,27881.50,27813.00,1365.64,1361.28,272.3,WIN,TARGET_HIT,27951.00,1390.00,2026-05-07 09:29:29
2026-04-29,2026-04-29 11:15:00,2026-04-29 11:20:00,OG,Backtest,AdxDiCrossBracketOG,OG_AdxDiCrossBracketOG,OG,NQ,NQ JUN26,SHORT,1,27249.50,27231.00,365.64,361.28,72.3,WIN,STOP_HIT,27295.00,910.00,2026-05-07 09:29:29
2026-05-01,2026-05-01 11:10:00,2026-05-01 11:20:00,OG,Backtest,AdxDiCrossBracketOG,OG_AdxDiCrossBracketOG,OG,NQ,NQ JUN26,SHORT,1,27795.25,27837.25,-844.36,-848.72,-169.7,LOSS,STOP_HIT,27877.50,1645.00,2026-05-07 09:29:29
2026-04-29,2026-04-29 11:15:00,2026-04-29 11:20:00,OG,Backtest,AdxDiCrossBracketOG,OG_AdxDiCrossBracketOG,OG,NQ,NQ JUN26,SHORT,1,27249.50,27231.00,365.64,361.28,72.3,WIN,STOP_HIT,27310.00,1210.00,2026-05-07 09:29:29
2026-04-29,2026-04-29 11:15:00,2026-04-29 11:20:00,OG,Backtest,AdxDiCrossBracketOG,OG_AdxDiCrossBracketOG,OG,NQ,NQ JUN26,SHORT,1,27249.50,27231.00,365.64,361.28,72.3,WIN,STOP_HIT,27310.00,1210.00,2026-05-07 09:29:29
2026-04-29,2026-04-29 11:15:00,2026-04-29 11:20:00,OG,Backtest,AdxDiCrossBracketOG,OG_AdxDiCrossBracketOG,OG,NQ,NQ JUN26,SHORT,1,27249.50,27231.00,365.64,361.28,72.3,WIN,STOP_HIT,27310.00,1210.00,2026-05-07 09:29:29
2026-05-01,2026-05-01 11:10:00,2026-05-01 11:20:00,OG,Backtest,AdxDiCrossBracketOG,OG_AdxDiCrossBracketOG,OG,NQ,NQ JUN26,SHORT,1,27795.25,27837.25,-844.36,-848.72,-169.7,LOSS,STOP_HIT,27877.50,1645.00,2026-05-07 09:29:29
2026-05-04,2026-05-04 11:05:00,2026-05-04 11:20:00,OG,Backtest,AdxDiCrossBracketOG,OG_AdxDiCrossBracketOG,OG,NQ,NQ JUN26,SHORT,1,27881.50,27813.00,1365.64,1361.28,272.3,WIN,TARGET_HIT,27951.00,1390.00,2026-05-07 09:29:29
2026-04-29,2026-04-29 11:15:00,2026-04-29 11:20:00,OG,Backtest,AdxDiCrossBracketOG,OG_AdxDiCrossBracketOG,OG,NQ,NQ JUN26,SHORT,1,27249.50,27231.00,365.64,361.28,72.3,WIN,STOP_HIT,27310.00,1210.00,2026-05-07 09:29:29
2026-05-01,2026-05-01 11:10:00,2026-05-01 11:20:00,OG,Backtest,AdxDiCrossBracketOG,OG_AdxDiCrossBracketOG,OG,NQ,NQ JUN26,SHORT,1,27795.25,27837.25,-844.36,-848.72,-169.7,LOSS,STOP_HIT,27877.50,1645.00,2026-05-07 09:29:29
2026-05-01,2026-05-01 11:10:00,2026-05-01 11:20:00,OG,Backtest,AdxDiCrossBracketOG,OG_AdxDiCrossBracketOG,OG,NQ,NQ JUN26,SHORT,1,27795.25,27837.25,-844.36,-848.72,-169.7,LOSS,STOP_HIT,27877.50,1645.00,2026-05-07 09:29:29
2026-04-29,2026-04-29 11:15:00,2026-04-29 11:20:00,OG,Backtest,AdxDiCrossBracketOG,OG_AdxDiCrossBracketOG,OG,NQ,NQ JUN26,SHORT,1,27249.50,27231.00,365.64,361.28,72.3,WIN,STOP_HIT,27310.00,1210.00,2026-05-07 09:29:29
2026-05-01,2026-05-01 11:10:00,2026-05-01 11:20:00,OG,Backtest,AdxDiCrossBracketOG,OG_AdxDiCrossBracketOG,OG,NQ,NQ JUN26,SHORT,1,27795.25,27837.25,-844.36,-848.72,-169.7,LOSS,STOP_HIT,27877.50,1645.00,2026-05-07 09:29:29
2026-04-29,2026-04-29 11:15:00,2026-04-29 11:20:00,OG,Backtest,AdxDiCrossBracketOG,OG_AdxDiCrossBracketOG,OG,NQ,NQ JUN26,SHORT,1,27249.50,27231.00,365.64,361.28,72.3,WIN,STOP_HIT,27310.00,1210.00,2026-05-07 09:29:29
2026-05-01,2026-05-01 11:10:00,2026-05-01 11:20:00,OG,Backtest,AdxDiCrossBracketOG,OG_AdxDiCrossBracketOG,OG,NQ,NQ JUN26,SHORT,1,27795.25,27837.25,-844.36,-848.72,-169.7,LOSS,STOP_HIT,27877.50,1645.00,2026-05-07 09:29:29
2026-05-04,2026-05-04 11:05:00,2026-05-04 11:20:00,OG,Backtest,AdxDiCrossBracketOG,OG_AdxDiCrossBracketOG,OG,NQ,NQ JUN26,SHORT,1,27881.50,27813.00,1365.64,1361.28,272.3,WIN,TARGET_HIT,27951.00,1390.00,2026-05-07 09:29:29
2026-05-04,2026-05-04 11:05:00,2026-05-04 11:20:00,OG,Backtest,AdxDiCrossBracketOG,OG_AdxDiCrossBracketOG,OG,NQ,NQ JUN26,SHORT,1,27881.50,27813.00,1365.64,1361.28,272.3,WIN,TARGET_HIT,27951.00,1390.00,2026-05-07 09:29:29
2026-05-04,2026-05-04 11:05:00,2026-05-04 11:20:00,OG,Backtest,AdxDiCrossBracketOG,OG_AdxDiCrossBracketOG,OG,NQ,NQ JUN26,SHORT,1,27881.50,27813.00,1365.64,1361.28,272.3,WIN,TARGET_HIT,27951.00,1390.00,2026-05-07 09:29:29
2026-05-04,2026-05-04 11:05:00,2026-05-04 11:20:00,OG,Backtest,AdxDiCrossBracketOG,OG_AdxDiCrossBracketOG,OG,NQ,NQ JUN26,SHORT,1,27881.50,27813.00,1365.64,1361.28,272.3,WIN,TARGET_HIT,27951.00,1390.00,2026-05-07 09:29:29
2026-05-01,2026-05-01 11:10:00,2026-05-01 11:20:00,OG,Backtest,AdxDiCrossBracketOG,OG_AdxDiCrossBracketOG,OG,NQ,NQ JUN26,SHORT,1,27795.25,27837.25,-844.36,-848.72,-169.7,LOSS,STOP_HIT,27877.50,1645.00,2026-05-07 09:29:29
2026-05-04,2026-05-04 11:05:00,2026-05-04 11:20:00,OG,Backtest,AdxDiCrossBracketOG,OG_AdxDiCrossBracketOG,OG,NQ,NQ JUN26,SHORT,1,27881.50,27813.00,1365.64,1361.28,272.3,WIN,TARGET_HIT,27951.00,1390.00,2026-05-07 09:29:29
2026-04-29,2026-04-29 11:15:00,2026-04-29 11:20:00,OG,Backtest,AdxDiCrossBracketOG,OG_AdxDiCrossBracketOG,OG,NQ,NQ JUN26,SHORT,1,27249.50,27231.00,365.64,361.28,72.3,WIN,STOP_HIT,27310.00,1210.00,2026-05-07 09:29:29
2026-05-01,2026-05-01 11:10:00,2026-05-01 11:20:00,OG,Backtest,AdxDiCrossBracketOG,OG_AdxDiCrossBracketOG,OG,NQ,NQ JUN26,SHORT,1,27795.25,27837.25,-844.36,-848.72,-169.7,LOSS,STOP_HIT,27877.50,1645.00,2026-05-07 09:29:29
2026-04-29,2026-04-29 11:15:00,2026-04-29 11:20:00,OG,Backtest,AdxDiCrossBracketOG,OG_AdxDiCrossBracketOG,OG,NQ,NQ JUN26,SHORT,1,27249.50,27231.00,365.64,361.28,72.3,WIN,STOP_HIT,27310.00,1210.00,2026-05-07 09:29:29
2026-05-01,2026-05-01 11:10:00,2026-05-01 11:20:00,OG,Backtest,AdxDiCrossBracketOG,OG_AdxDiCrossBracketOG,OG,NQ,NQ JUN26,SHORT,1,27795.25,27837.25,-844.36,-848.72,-169.7,LOSS,STOP_HIT,27877.50,1645.00,2026-05-07 09:29:29
2026-05-04,2026-05-04 11:05:00,2026-05-04 11:20:00,OG,Backtest,AdxDiCrossBracketOG,OG_AdxDiCrossBracketOG,OG,NQ,NQ JUN26,SHORT,1,27881.50,27813.00,1365.64,1361.28,272.3,WIN,TARGET_HIT,27951.00,1390.00,2026-05-07 09:29:29
2026-04-29,2026-04-29 11:15:00,2026-04-29 11:20:00,OG,Backtest,AdxDiCrossBracketOG,OG_AdxDiCrossBracketOG,OG,NQ,NQ JUN26,SHORT,1,27249.50,27231.00,365.64,361.28,72.3,WIN,STOP_HIT,27310.00,1210.00,2026-05-07 09:29:29
2026-05-01,2026-05-01 11:10:00,2026-05-01 11:20:00,OG,Backtest,AdxDiCrossBracketOG,OG_AdxDiCrossBracketOG,OG,NQ,NQ JUN26,SHORT,1,27795.25,27837.25,-844.36,-848.72,-169.7,LOSS,STOP_HIT,27877.50,1645.00,2026-05-07 09:29:29
2026-05-04,2026-05-04 11:05:00,2026-05-04 11:20:00,OG,Backtest,AdxDiCrossBracketOG,OG_AdxDiCrossBracketOG,OG,NQ,NQ JUN26,SHORT,1,27881.50,27813.00,1365.64,1361.28,272.3,WIN,TARGET_HIT,27951.00,1390.00,2026-05-07 09:29:29
2026-04-29,2026-04-29 11:15:00,2026-04-29 11:20:00,OG,Backtest,AdxDiCrossBracketOG,OG_AdxDiCrossBracketOG,OG,NQ,NQ JUN26,SHORT,1,27249.50,27231.00,365.64,361.28,72.3,WIN,STOP_HIT,27310.00,1210.00,2026-05-07 09:29:29
2026-05-04,2026-05-04 11:05:00,2026-05-04 11:20:00,OG,Backtest,AdxDiCrossBracketOG,OG_AdxDiCrossBracketOG,OG,NQ,NQ JUN26,SHORT,1,27881.50,27813.00,1365.64,1361.28,272.3,WIN,TARGET_HIT,27951.00,1390.00,2026-05-07 09:29:29
2026-05-01,2026-05-01 11:10:00,2026-05-01 11:20:00,OG,Backtest,AdxDiCrossBracketOG,OG_AdxDiCrossBracketOG,OG,NQ,NQ JUN26,SHORT,1,27795.25,27837.25,-844.36,-848.72,-169.7,LOSS,STOP_HIT,27877.50,1645.00,2026-05-07 09:29:29
2026-05-04,2026-05-04 11:05:00,2026-05-04 11:20:00,OG,Backtest,AdxDiCrossBracketOG,OG_AdxDiCrossBracketOG,OG,NQ,NQ JUN26,SHORT,1,27881.50,27813.00,1365.64,1361.28,272.3,WIN,TARGET_HIT,27951.00,1390.00,2026-05-07 09:29:29
2026-05-01,2026-05-01 11:10:00,2026-05-01 11:20:00,OG,Backtest,AdxDiCrossBracketOG,OG_AdxDiCrossBracketOG,OG,NQ,NQ JUN26,SHORT,1,27795.25,27837.25,-844.36,-848.72,-169.7,LOSS,STOP_HIT,27877.50,1645.00,2026-05-07 09:29:29
2026-05-04,2026-05-04 11:05:00,2026-05-04 11:20:00,OG,Backtest,AdxDiCrossBracketOG,OG_AdxDiCrossBracketOG,OG,NQ,NQ JUN26,SHORT,1,27881.50,27813.00,1365.64,1361.28,272.3,WIN,TARGET_HIT,27951.00,1390.00,2026-05-07 09:29:29
2026-04-29,2026-04-29 11:15:00,2026-04-29 11:20:00,OG,Backtest,AdxDiCrossBracketOG,OG_AdxDiCrossBracketOG,OG,NQ,NQ JUN26,SHORT,1,27249.50,27231.00,365.64,361.28,72.3,WIN,STOP_HIT,27310.00,1210.00,2026-05-07 09:29:29
2026-05-01,2026-05-01 11:10:00,2026-05-01 11:20:00,OG,Backtest,AdxDiCrossBracketOG,OG_AdxDiCrossBracketOG,OG,NQ,NQ JUN26,SHORT,1,27795.25,27837.25,-844.36,-848.72,-169.7,LOSS,STOP_HIT,27877.50,1645.00,2026-05-07 09:29:29
2026-05-04,2026-05-04 11:05:00,2026-05-04 11:20:00,OG,Backtest,AdxDiCrossBracketOG,OG_AdxDiCrossBracketOG,OG,NQ,NQ JUN26,SHORT,1,27881.50,27813.00,1365.64,1361.28,272.3,WIN,TARGET_HIT,27951.00,1390.00,2026-05-07 09:29:29
2026-05-04,2026-05-04 11:05:00,2026-05-04 11:20:00,OG,Backtest,AdxDiCrossBracketOG,OG_AdxDiCrossBracketOG,OG,NQ,NQ JUN26,SHORT,1,27881.50,27813.00,1365.64,1361.28,272.3,WIN,TARGET_HIT,27951.00,1390.00,2026-05-07 09:29:29
2026-04-29,2026-04-29 11:15:00,2026-04-29 11:20:00,OG,Backtest,AdxDiCrossBracketOG,OG_AdxDiCrossBracketOG,OG,NQ,NQ JUN26,SHORT,1,27249.50,27231.00,365.64,361.28,72.3,WIN,STOP_HIT,27310.00,1210.00,2026-05-07 09:29:29
2026-05-04,2026-05-04 11:05:00,2026-05-04 11:20:00,OG,Backtest,AdxDiCrossBracketOG,OG_AdxDiCrossBracketOG,OG,NQ,NQ JUN26,SHORT,1,27881.50,27813.00,1365.64,1361.28,272.3,WIN,TARGET_HIT,27951.00,1390.00,2026-05-07 09:29:29
2026-05-01,2026-05-01 11:10:00,2026-05-01 11:20:00,OG,Backtest,AdxDiCrossBracketOG,OG_AdxDiCrossBracketOG,OG,NQ,NQ JUN26,SHORT,1,27795.25,27837.25,-844.36,-848.72,-169.7,LOSS,STOP_HIT,27877.50,1645.00,2026-05-07 09:29:29
2026-05-01,2026-05-01 11:10:00,2026-05-01 11:20:00,OG,Backtest,AdxDiCrossBracketOG,OG_AdxDiCrossBracketOG,OG,NQ,NQ JUN26,SHORT,1,27795.25,27837.25,-844.36,-848.72,-169.7,LOSS,STOP_HIT,27877.50,1645.00,2026-05-07 09:29:30
2026-05-04,2026-05-04 11:05:00,2026-05-04 11:20:00,OG,Backtest,AdxDiCrossBracketOG,OG_AdxDiCrossBracketOG,OG,NQ,NQ JUN26,SHORT,1,27881.50,27813.00,1365.64,1361.28,272.3,WIN,TARGET_HIT,27951.00,1390.00,2026-05-07 09:29:30
2026-04-29,2026-04-29 11:15:00,2026-04-29 11:20:00,OG,Backtest,AdxDiCrossBracketOG,OG_AdxDiCrossBracketOG,OG,NQ,NQ JUN26,SHORT,1,27249.50,27231.00,365.64,361.28,72.3,WIN,STOP_HIT,27310.00,1210.00,2026-05-07 09:29:30
2026-05-01,2026-05-01 11:10:00,2026-05-01 11:20:00,OG,Backtest,AdxDiCrossBracketOG,OG_AdxDiCrossBracketOG,OG,NQ,NQ JUN26,SHORT,1,27795.25,27837.25,-844.36,-848.72,-169.7,LOSS,STOP_HIT,27877.50,1645.00,2026-05-07 09:29:30
2026-05-04,2026-05-04 11:05:00,2026-05-04 11:20:00,OG,Backtest,AdxDiCrossBracketOG,OG_AdxDiCrossBracketOG,OG,NQ,NQ JUN26,SHORT,1,27881.50,27813.00,1365.64,1361.28,272.3,WIN,TARGET_HIT,27951.00,1390.00,2026-05-07 09:29:30
2026-04-29,2026-04-29 11:15:00,2026-04-29 11:20:00,OG,Backtest,AdxDiCrossBracketOG,OG_AdxDiCrossBracketOG,OG,NQ,NQ JUN26,SHORT,1,27249.50,27231.00,365.64,361.28,72.3,WIN,STOP_HIT,27310.00,1210.00,2026-05-07 09:29:30
2026-05-01,2026-05-01 11:10:00,2026-05-01 11:20:00,OG,Backtest,AdxDiCrossBracketOG,OG_AdxDiCrossBracketOG,OG,NQ,NQ JUN26,SHORT,1,27795.25,27837.25,-844.36,-848.72,-169.7,LOSS,STOP_HIT,27877.50,1645.00,2026-05-07 09:29:30
2026-05-01,2026-05-01 11:10:00,2026-05-01 11:20:00,OG,Backtest,AdxDiCrossBracketOG,OG_AdxDiCrossBracketOG,OG,NQ,NQ JUN26,SHORT,1,27795.25,27837.25,-844.36,-848.72,-169.7,LOSS,STOP_HIT,27877.50,1645.00,2026-05-07 09:29:30
2026-05-01,2026-05-01 11:10:00,2026-05-01 11:20:00,OG,Backtest,AdxDiCrossBracketOG,OG_AdxDiCrossBracketOG,OG,NQ,NQ JUN26,SHORT,1,27795.25,27837.25,-844.36,-848.72,-169.7,LOSS,STOP_HIT,27877.50,1645.00,2026-05-07 09:29:30
2026-05-04,2026-05-04 11:05:00,2026-05-04 11:20:00,OG,Backtest,AdxDiCrossBracketOG,OG_AdxDiCrossBracketOG,OG,NQ,NQ JUN26,SHORT,1,27881.50,27813.00,1365.64,1361.28,272.3,WIN,TARGET_HIT,27951.00,1390.00,2026-05-07 09:29:30
2026-05-01,2026-05-01 11:10:00,2026-05-01 11:20:00,OG,Backtest,AdxDiCrossBracketOG,OG_AdxDiCrossBracketOG,OG,NQ,NQ JUN26,SHORT,1,27795.25,27837.25,-844.36,-848.72,-169.7,LOSS,STOP_HIT,27877.50,1645.00,2026-05-07 09:29:30
2026-05-04,2026-05-04 11:05:00,2026-05-04 11:20:00,OG,Backtest,AdxDiCrossBracketOG,OG_AdxDiCrossBracketOG,OG,NQ,NQ JUN26,SHORT,1,27881.50,27813.00,1365.64,1361.28,272.3,WIN,TARGET_HIT,27951.00,1390.00,2026-05-07 09:29:30
2026-04-29,2026-04-29 11:15:00,2026-04-29 11:20:00,OG,Backtest,AdxDiCrossBracketOG,OG_AdxDiCrossBracketOG,OG,NQ,NQ JUN26,SHORT,1,27249.50,27231.00,365.64,361.28,72.3,WIN,STOP_HIT,27310.00,1210.00,2026-05-07 09:29:30
2026-05-01,2026-05-01 11:10:00,2026-05-01 11:20:00,OG,Backtest,AdxDiCrossBracketOG,OG_AdxDiCrossBracketOG,OG,NQ,NQ JUN26,SHORT,1,27795.25,27837.25,-844.36,-848.72,-169.7,LOSS,STOP_HIT,27877.50,1645.00,2026-05-07 09:29:30
2026-04-29,2026-04-29 11:15:00,2026-04-29 11:20:00,OG,Backtest,AdxDiCrossBracketOG,OG_AdxDiCrossBracketOG,OG,NQ,NQ JUN26,SHORT,1,27249.50,27231.00,365.64,361.28,72.3,WIN,STOP_HIT,27310.00,1210.00,2026-05-07 09:29:30
2026-05-01,2026-05-01 11:10:00,2026-05-01 11:15:00,OG,Backtest,AdxDiCrossBracketOG,OG_AdxDiCrossBracketOG,OG,NQ,NQ JUN26,SHORT,1,27795.25,27837.00,-839.36,-843.72,-168.7,LOSS,STOP_HIT,27836.50,825.00,2026-05-07 09:29:30
2026-05-04,2026-05-04 11:05:00,2026-05-04 11:20:00,OG,Backtest,AdxDiCrossBracketOG,OG_AdxDiCrossBracketOG,OG,NQ,NQ JUN26,SHORT,1,27881.50,27813.00,1365.64,1361.28,272.3,WIN,TARGET_HIT,27951.00,1390.00,2026-05-07 09:29:30
2026-05-01,2026-05-01 11:20:00,2026-05-01 11:40:00,OG,Backtest,AdxDiCrossBracketOG,OG_AdxDiCrossBracketOG,OG,NQ,NQ JUN26,LONG,1,27837.25,27877.75,805.64,801.28,160.3,WIN,TARGET_HIT,27796.25,820.00,2026-05-07 09:29:30
2026-05-01,2026-05-01 11:10:00,2026-05-01 11:20:00,OG,Backtest,AdxDiCrossBracketOG,OG_AdxDiCrossBracketOG,OG,NQ,NQ JUN26,SHORT,1,27795.25,27837.25,-844.36,-848.72,-169.7,LOSS,STOP_HIT,27877.50,1645.00,2026-05-07 09:29:30
2026-05-01,2026-05-01 11:10:00,2026-05-01 11:20:00,OG,Backtest,AdxDiCrossBracketOG,OG_AdxDiCrossBracketOG,OG,NQ,NQ JUN26,SHORT,1,27795.25,27837.25,-844.36,-848.72,-169.7,LOSS,STOP_HIT,27877.50,1645.00,2026-05-07 09:29:30
2026-05-04,2026-05-04 11:05:00,2026-05-04 11:10:00,OG,Backtest,AdxDiCrossBracketOG,OG_AdxDiCrossBracketOG,OG,NQ,NQ JUN26,SHORT,1,27881.50,27890.00,-174.36,-178.72,-35.7,LOSS,STOP_HIT,27916.50,700.00,2026-05-07 09:29:30
2026-05-04,2026-05-04 11:05:00,2026-05-04 11:20:00,OG,Backtest,AdxDiCrossBracketOG,OG_AdxDiCrossBracketOG,OG,NQ,NQ JUN26,SHORT,1,27881.50,27813.00,1365.64,1361.28,272.3,WIN,TARGET_HIT,27951.00,1390.00,2026-05-07 09:29:30
2026-04-29,2026-04-29 11:15:00,2026-04-29 11:20:00,OG,Backtest,AdxDiCrossBracketOG,OG_AdxDiCrossBracketOG,OG,NQ,NQ JUN26,SHORT,1,27249.50,27231.00,365.64,361.28,72.3,WIN,STOP_HIT,27310.00,1210.00,2026-05-07 09:29:30
2026-05-01,2026-05-01 11:10:00,2026-05-01 11:20:00,OG,Backtest,AdxDiCrossBracketOG,OG_AdxDiCrossBracketOG,OG,NQ,NQ JUN26,SHORT,1,27795.25,27837.25,-844.36,-848.72,-169.7,LOSS,STOP_HIT,27877.50,1645.00,2026-05-07 09:29:30
2026-05-01,2026-05-01 11:10:00,2026-05-01 11:15:00,OG,Backtest,AdxDiCrossBracketOG,OG_AdxDiCrossBracketOG,OG,NQ,NQ JUN26,SHORT,1,27795.25,27837.00,-839.36,-843.72,-168.7,LOSS,STOP_HIT,27836.50,825.00,2026-05-07 09:29:30
2026-05-01,2026-05-01 11:10:00,2026-05-01 11:15:00,OG,Backtest,AdxDiCrossBracketOG,OG_AdxDiCrossBracketOG,OG,NQ,NQ JUN26,SHORT,1,27795.25,27837.00,-839.36,-843.72,-168.7,LOSS,STOP_HIT,27836.50,825.00,2026-05-07 09:29:30
2026-05-01,2026-05-01 11:20:00,2026-05-01 11:40:00,OG,Backtest,AdxDiCrossBracketOG,OG_AdxDiCrossBracketOG,OG,NQ,NQ JUN26,LONG,1,27837.25,27877.75,805.64,801.28,160.3,WIN,TARGET_HIT,27796.25,820.00,2026-05-07 09:29:30
2026-05-01,2026-05-01 11:20:00,2026-05-01 11:40:00,OG,Backtest,AdxDiCrossBracketOG,OG_AdxDiCrossBracketOG,OG,NQ,NQ JUN26,LONG,1,27837.25,27877.75,805.64,801.28,160.3,WIN,TARGET_HIT,27796.25,820.00,2026-05-07 09:29:30
2026-05-04,2026-05-04 11:05:00,2026-05-04 11:10:00,OG,Backtest,AdxDiCrossBracketOG,OG_AdxDiCrossBracketOG,OG,NQ,NQ JUN26,SHORT,1,27881.50,27890.00,-174.36,-178.72,-35.7,LOSS,STOP_HIT,27916.50,700.00,2026-05-07 09:29:30
2026-04-29,2026-04-29 11:15:00,2026-04-29 11:20:00,OG,Backtest,AdxDiCrossBracketOG,OG_AdxDiCrossBracketOG,OG,NQ,NQ JUN26,SHORT,1,27249.50,27231.00,365.64,361.28,72.3,WIN,STOP_HIT,27310.00,1210.00,2026-05-07 09:29:30
2026-04-29,2026-04-29 11:15:00,2026-04-29 11:20:00,OG,Backtest,AdxDiCrossBracketOG,OG_AdxDiCrossBracketOG,OG,NQ,NQ JUN26,SHORT,1,27249.50,27231.00,365.64,361.28,72.3,WIN,STOP_HIT,27310.00,1210.00,2026-05-07 09:29:30
2026-05-04,2026-05-04 11:05:00,2026-05-04 11:20:00,OG,Backtest,AdxDiCrossBracketOG,OG_AdxDiCrossBracketOG,OG,NQ,NQ JUN26,SHORT,1,27881.50,27813.00,1365.64,1361.28,272.3,WIN,TARGET_HIT,27951.00,1390.00,2026-05-07 09:29:30
2026-05-01,2026-05-01 11:10:00,2026-05-01 11:15:00,OG,Backtest,AdxDiCrossBracketOG,OG_AdxDiCrossBracketOG,OG,NQ,NQ JUN26,SHORT,1,27795.25,27837.00,-839.36,-843.72,-168.7,LOSS,STOP_HIT,27836.50,825.00,2026-05-07 09:29:30
2026-05-04,2026-05-04 11:05:00,2026-05-04 11:10:00,OG,Backtest,AdxDiCrossBracketOG,OG_AdxDiCrossBracketOG,OG,NQ,NQ JUN26,SHORT,1,27881.50,27890.00,-174.36,-178.72,-35.7,LOSS,STOP_HIT,27916.50,700.00,2026-05-07 09:29:30
2026-05-01,2026-05-01 11:10:00,2026-05-01 11:15:00,OG,Backtest,AdxDiCrossBracketOG,OG_AdxDiCrossBracketOG,OG,NQ,NQ JUN26,SHORT,1,27795.25,27837.00,-839.36,-843.72,-168.7,LOSS,STOP_HIT,27836.50,825.00,2026-05-07 09:29:30
2026-05-04,2026-05-04 11:05:00,2026-05-04 11:10:00,OG,Backtest,AdxDiCrossBracketOG,OG_AdxDiCrossBracketOG,OG,NQ,NQ JUN26,SHORT,1,27881.50,27890.00,-174.36,-178.72,-35.7,LOSS,STOP_HIT,27916.50,700.00,2026-05-07 09:29:30
2026-05-01,2026-05-01 11:10:00,2026-05-01 11:15:00,OG,Backtest,AdxDiCrossBracketOG,OG_AdxDiCrossBracketOG,OG,NQ,NQ JUN26,SHORT,1,27795.25,27837.00,-839.36,-843.72,-168.7,LOSS,STOP_HIT,27836.50,825.00,2026-05-07 09:29:30
2026-05-01,2026-05-01 11:20:00,2026-05-01 11:40:00,OG,Backtest,AdxDiCrossBracketOG,OG_AdxDiCrossBracketOG,OG,NQ,NQ JUN26,LONG,1,27837.25,27877.75,805.64,801.28,160.3,WIN,TARGET_HIT,27796.25,820.00,2026-05-07 09:29:30
2026-05-01,2026-05-01 11:20:00,2026-05-01 11:40:00,OG,Backtest,AdxDiCrossBracketOG,OG_AdxDiCrossBracketOG,OG,NQ,NQ JUN26,LONG,1,27837.25,27877.75,805.64,801.28,160.3,WIN,TARGET_HIT,27796.25,820.00,2026-05-07 09:29:30
2026-05-01,2026-05-01 11:10:00,2026-05-01 11:15:00,OG,Backtest,AdxDiCrossBracketOG,OG_AdxDiCrossBracketOG,OG,NQ,NQ JUN26,SHORT,1,27795.25,27837.00,-839.36,-843.72,-168.7,LOSS,STOP_HIT,27836.50,825.00,2026-05-07 09:29:30
2026-05-01,2026-05-01 11:20:00,2026-05-01 11:40:00,OG,Backtest,AdxDiCrossBracketOG,OG_AdxDiCrossBracketOG,OG,NQ,NQ JUN26,LONG,1,27837.25,27877.75,805.64,801.28,160.3,WIN,TARGET_HIT,27796.25,820.00,2026-05-07 09:29:30
2026-05-04,2026-05-04 11:05:00,2026-05-04 11:10:00,OG,Backtest,AdxDiCrossBracketOG,OG_AdxDiCrossBracketOG,OG,NQ,NQ JUN26,SHORT,1,27881.50,27890.00,-174.36,-178.72,-35.7,LOSS,STOP_HIT,27916.50,700.00,2026-05-07 09:29:30
2026-05-01,2026-05-01 11:10:00,2026-05-01 11:15:00,OG,Backtest,AdxDiCrossBracketOG,OG_AdxDiCrossBracketOG,OG,NQ,NQ JUN26,SHORT,1,27795.25,27837.00,-839.36,-843.72,-168.7,LOSS,STOP_HIT,27836.50,825.00,2026-05-07 09:29:30
2026-05-01,2026-05-01 11:20:00,2026-05-01 11:40:00,OG,Backtest,AdxDiCrossBracketOG,OG_AdxDiCrossBracketOG,OG,NQ,NQ JUN26,LONG,1,27837.25,27877.75,805.64,801.28,160.3,WIN,TARGET_HIT,27796.25,820.00,2026-05-07 09:29:30
2026-05-01,2026-05-01 11:20:00,2026-05-01 11:40:00,OG,Backtest,AdxDiCrossBracketOG,OG_AdxDiCrossBracketOG,OG,NQ,NQ JUN26,LONG,1,27837.25,27877.75,805.64,801.28,160.3,WIN,TARGET_HIT,27796.25,820.00,2026-05-07 09:29:30
2026-05-01,2026-05-01 11:10:00,2026-05-01 11:15:00,OG,Backtest,AdxDiCrossBracketOG,OG_AdxDiCrossBracketOG,OG,NQ,NQ JUN26,SHORT,1,27795.25,27837.00,-839.36,-843.72,-168.7,LOSS,STOP_HIT,27836.50,825.00,2026-05-07 09:29:30
2026-05-04,2026-05-04 11:05:00,2026-05-04 11:10:00,OG,Backtest,AdxDiCrossBracketOG,OG_AdxDiCrossBracketOG,OG,NQ,NQ JUN26,SHORT,1,27881.50,27890.00,-174.36,-178.72,-35.7,LOSS,STOP_HIT,27916.50,700.00,2026-05-07 09:29:30
2026-05-01,2026-05-01 11:10:00,2026-05-01 11:15:00,OG,Backtest,AdxDiCrossBracketOG,OG_AdxDiCrossBracketOG,OG,NQ,NQ JUN26,SHORT,1,27795.25,27837.00,-839.36,-843.72,-168.7,LOSS,STOP_HIT,27836.50,825.00,2026-05-07 09:29:30
2026-05-01,2026-05-01 11:10:00,2026-05-01 11:15:00,OG,Backtest,AdxDiCrossBracketOG,OG_AdxDiCrossBracketOG,OG,NQ,NQ JUN26,SHORT,1,27795.25,27837.00,-839.36,-843.72,-168.7,LOSS,STOP_HIT,27836.50,825.00,2026-05-07 09:29:30
2026-05-01,2026-05-01 11:20:00,2026-05-01 11:40:00,OG,Backtest,AdxDiCrossBracketOG,OG_AdxDiCrossBracketOG,OG,NQ,NQ JUN26,LONG,1,27837.25,27877.75,805.64,801.28,160.3,WIN,TARGET_HIT,27796.25,820.00,2026-05-07 09:29:30
2026-05-01,2026-05-01 11:20:00,2026-05-01 11:40:00,OG,Backtest,AdxDiCrossBracketOG,OG_AdxDiCrossBracketOG,OG,NQ,NQ JUN26,LONG,1,27837.25,27877.75,805.64,801.28,160.3,WIN,TARGET_HIT,27796.25,820.00,2026-05-07 09:29:30
2026-05-01,2026-05-01 11:20:00,2026-05-01 11:40:00,OG,Backtest,AdxDiCrossBracketOG,OG_AdxDiCrossBracketOG,OG,NQ,NQ JUN26,LONG,1,27837.25,27877.75,805.64,801.28,160.3,WIN,TARGET_HIT,27796.25,820.00,2026-05-07 09:29:30
2026-05-04,2026-05-04 11:05:00,2026-05-04 11:10:00,OG,Backtest,AdxDiCrossBracketOG,OG_AdxDiCrossBracketOG,OG,NQ,NQ JUN26,SHORT,1,27881.50,27890.00,-174.36,-178.72,-35.7,LOSS,STOP_HIT,27916.50,700.00,2026-05-07 09:29:30
2026-05-01,2026-05-01 11:10:00,2026-05-01 11:15:00,OG,Backtest,AdxDiCrossBracketOG,OG_AdxDiCrossBracketOG,OG,NQ,NQ JUN26,SHORT,1,27795.25,27837.00,-839.36,-843.72,-168.7,LOSS,STOP_HIT,27836.50,825.00,2026-05-07 09:29:31
2026-05-01,2026-05-01 11:20:00,2026-05-01 11:40:00,OG,Backtest,AdxDiCrossBracketOG,OG_AdxDiCrossBracketOG,OG,NQ,NQ JUN26,LONG,1,27837.25,27877.75,805.64,801.28,160.3,WIN,TARGET_HIT,27796.25,820.00,2026-05-07 09:29:31
2026-05-01,2026-05-01 11:20:00,2026-05-01 11:40:00,OG,Backtest,AdxDiCrossBracketOG,OG_AdxDiCrossBracketOG,OG,NQ,NQ JUN26,LONG,1,27837.25,27877.75,805.64,801.28,160.3,WIN,TARGET_HIT,27796.25,820.00,2026-05-07 09:29:31
2026-05-01,2026-05-01 11:20:00,2026-05-01 11:40:00,OG,Backtest,AdxDiCrossBracketOG,OG_AdxDiCrossBracketOG,OG,NQ,NQ JUN26,LONG,1,27837.25,27877.75,805.64,801.28,160.3,WIN,TARGET_HIT,27796.25,820.00,2026-05-07 09:29:31
2026-05-01,2026-05-01 11:10:00,2026-05-01 11:15:00,OG,Backtest,AdxDiCrossBracketOG,OG_AdxDiCrossBracketOG,OG,NQ,NQ JUN26,SHORT,1,27795.25,27837.00,-839.36,-843.72,-168.7,LOSS,STOP_HIT,27836.50,825.00,2026-05-07 09:29:31
2026-05-04,2026-05-04 11:05:00,2026-05-04 11:10:00,OG,Backtest,AdxDiCrossBracketOG,OG_AdxDiCrossBracketOG,OG,NQ,NQ JUN26,SHORT,1,27881.50,27890.00,-174.36,-178.72,-35.7,LOSS,STOP_HIT,27916.50,700.00,2026-05-07 09:29:31
2026-05-01,2026-05-01 11:10:00,2026-05-01 11:15:00,OG,Backtest,AdxDiCrossBracketOG,OG_AdxDiCrossBracketOG,OG,NQ,NQ JUN26,SHORT,1,27795.25,27837.00,-839.36,-843.72,-168.7,LOSS,STOP_HIT,27836.50,825.00,2026-05-07 09:29:31
2026-05-01,2026-05-01 11:20:00,2026-05-01 11:40:00,OG,Backtest,AdxDiCrossBracketOG,OG_AdxDiCrossBracketOG,OG,NQ,NQ JUN26,LONG,1,27837.25,27877.75,805.64,801.28,160.3,WIN,TARGET_HIT,27796.25,820.00,2026-05-07 09:29:31
2026-05-04,2026-05-04 11:05:00,2026-05-04 11:10:00,OG,Backtest,AdxDiCrossBracketOG,OG_AdxDiCrossBracketOG,OG,NQ,NQ JUN26,SHORT,1,27881.50,27890.00,-174.36,-178.72,-35.7,LOSS,STOP_HIT,27916.50,700.00,2026-05-07 09:29:31
2026-05-01,2026-05-01 11:20:00,2026-05-01 11:40:00,OG,Backtest,AdxDiCrossBracketOG,OG_AdxDiCrossBracketOG,OG,NQ,NQ JUN26,LONG,1,27837.25,27877.75,805.64,801.28,160.3,WIN,TARGET_HIT,27796.25,820.00,2026-05-07 09:29:31
2026-05-04,2026-05-04 11:05:00,2026-05-04 11:10:00,OG,Backtest,AdxDiCrossBracketOG,OG_AdxDiCrossBracketOG,OG,NQ,NQ JUN26,SHORT,1,27881.50,27890.00,-174.36,-178.72,-35.7,LOSS,STOP_HIT,27916.50,700.00,2026-05-07 09:29:31
2026-05-01,2026-05-01 11:10:00,2026-05-01 11:15:00,OG,Backtest,AdxDiCrossBracketOG,OG_AdxDiCrossBracketOG,OG,NQ,NQ JUN26,SHORT,1,27795.25,27837.00,-839.36,-843.72,-168.7,LOSS,STOP_HIT,27836.50,825.00,2026-05-07 09:29:31
2026-05-01,2026-05-01 11:20:00,2026-05-01 11:40:00,OG,Backtest,AdxDiCrossBracketOG,OG_AdxDiCrossBracketOG,OG,NQ,NQ JUN26,LONG,1,27837.25,27877.75,805.64,801.28,160.3,WIN,TARGET_HIT,27796.25,820.00,2026-05-07 09:29:31
2026-05-04,2026-05-04 11:05:00,2026-05-04 11:10:00,OG,Backtest,AdxDiCrossBracketOG,OG_AdxDiCrossBracketOG,OG,NQ,NQ JUN26,SHORT,1,27881.50,27890.00,-174.36,-178.72,-35.7,LOSS,STOP_HIT,27916.50,700.00,2026-05-07 09:29:31
2026-05-01,2026-05-01 11:10:00,2026-05-01 11:15:00,OG,Backtest,AdxDiCrossBracketOG,OG_AdxDiCrossBracketOG,OG,NQ,NQ JUN26,SHORT,1,27795.25,27837.00,-839.36,-843.72,-168.7,LOSS,STOP_HIT,27836.50,825.00,2026-05-07 09:29:31
2026-05-01,2026-05-01 11:20:00,2026-05-01 11:40:00,OG,Backtest,AdxDiCrossBracketOG,OG_AdxDiCrossBracketOG,OG,NQ,NQ JUN26,LONG,1,27837.25,27877.75,805.64,801.28,160.3,WIN,TARGET_HIT,27796.25,820.00,2026-05-07 09:29:31
2026-05-01,2026-05-01 11:10:00,2026-05-01 11:15:00,OG,Backtest,AdxDiCrossBracketOG,OG_AdxDiCrossBracketOG,OG,NQ,NQ JUN26,SHORT,1,27795.25,27837.00,-839.36,-843.72,-168.7,LOSS,STOP_HIT,27836.50,825.00,2026-05-07 09:29:31
2026-05-01,2026-05-01 11:20:00,2026-05-01 11:40:00,OG,Backtest,AdxDiCrossBracketOG,OG_AdxDiCrossBracketOG,OG,NQ,NQ JUN26,LONG,1,27837.25,27877.75,805.64,801.28,160.3,WIN,TARGET_HIT,27796.25,820.00,2026-05-07 09:29:31
2026-05-04,2026-05-04 11:05:00,2026-05-04 11:10:00,OG,Backtest,AdxDiCrossBracketOG,OG_AdxDiCrossBracketOG,OG,NQ,NQ JUN26,SHORT,1,27881.50,27890.00,-174.36,-178.72,-35.7,LOSS,STOP_HIT,27916.50,700.00,2026-05-07 09:29:31
2026-05-01,2026-05-01 11:10:00,2026-05-01 11:15:00,OG,Backtest,AdxDiCrossBracketOG,OG_AdxDiCrossBracketOG,OG,NQ,NQ JUN26,SHORT,1,27795.25,27837.00,-839.36,-843.72,-168.7,LOSS,STOP_HIT,27836.50,825.00,2026-05-07 09:29:31
2026-05-01,2026-05-01 11:20:00,2026-05-01 11:40:00,OG,Backtest,AdxDiCrossBracketOG,OG_AdxDiCrossBracketOG,OG,NQ,NQ JUN26,LONG,1,27837.25,27877.75,805.64,801.28,160.3,WIN,TARGET_HIT,27796.25,820.00,2026-05-07 09:29:31
2026-05-04,2026-05-04 11:05:00,2026-05-04 11:10:00,OG,Backtest,AdxDiCrossBracketOG,OG_AdxDiCrossBracketOG,OG,NQ,NQ JUN26,SHORT,1,27881.50,27890.00,-174.36,-178.72,-35.7,LOSS,STOP_HIT,27916.50,700.00,2026-05-07 09:29:31
2026-05-04,2026-05-04 11:05:00,2026-05-04 11:10:00,OG,Backtest,AdxDiCrossBracketOG,OG_AdxDiCrossBracketOG,OG,NQ,NQ JUN26,SHORT,1,27881.50,27890.00,-174.36,-178.72,-35.7,LOSS,STOP_HIT,27916.50,700.00,2026-05-07 09:29:31
2026-05-04,2026-05-04 11:05:00,2026-05-04 11:10:00,OG,Backtest,AdxDiCrossBracketOG,OG_AdxDiCrossBracketOG,OG,NQ,NQ JUN26,SHORT,1,27881.50,27890.00,-174.36,-178.72,-35.7,LOSS,STOP_HIT,27916.50,700.00,2026-05-07 09:29:31
2026-05-01,2026-05-01 11:10:00,2026-05-01 11:15:00,OG,Backtest,AdxDiCrossBracketOG,OG_AdxDiCrossBracketOG,OG,NQ,NQ JUN26,SHORT,1,27795.25,27837.00,-839.36,-843.72,-168.7,LOSS,STOP_HIT,27836.50,825.00,2026-05-07 09:29:31
2026-05-01,2026-05-01 11:10:00,2026-05-01 11:15:00,OG,Backtest,AdxDiCrossBracketOG,OG_AdxDiCrossBracketOG,OG,NQ,NQ JUN26,SHORT,1,27795.25,27837.00,-839.36,-843.72,-168.7,LOSS,STOP_HIT,27836.50,825.00,2026-05-07 09:29:31
2026-05-01,2026-05-01 11:10:00,2026-05-01 11:15:00,OG,Backtest,AdxDiCrossBracketOG,OG_AdxDiCrossBracketOG,OG,NQ,NQ JUN26,SHORT,1,27795.25,27837.00,-839.36,-843.72,-168.7,LOSS,STOP_HIT,27836.50,825.00,2026-05-07 09:29:31
2026-05-04,2026-05-04 11:05:00,2026-05-04 11:10:00,OG,Backtest,AdxDiCrossBracketOG,OG_AdxDiCrossBracketOG,OG,NQ,NQ JUN26,SHORT,1,27881.50,27890.00,-174.36,-178.72,-35.7,LOSS,STOP_HIT,27916.50,700.00,2026-05-07 09:29:31
2026-05-01,2026-05-01 11:10:00,2026-05-01 11:15:00,OG,Backtest,AdxDiCrossBracketOG,OG_AdxDiCrossBracketOG,OG,NQ,NQ JUN26,SHORT,1,27795.25,27837.00,-839.36,-843.72,-168.7,LOSS,STOP_HIT,27836.50,825.00,2026-05-07 09:29:31
2026-05-01,2026-05-01 11:10:00,2026-05-01 11:15:00,OG,Backtest,AdxDiCrossBracketOG,OG_AdxDiCrossBracketOG,OG,NQ,NQ JUN26,SHORT,1,27795.25,27837.00,-839.36,-843.72,-168.7,LOSS,STOP_HIT,27836.50,825.00,2026-05-07 09:29:31
2026-05-04,2026-05-04 11:05:00,2026-05-04 11:10:00,OG,Backtest,AdxDiCrossBracketOG,OG_AdxDiCrossBracketOG,OG,NQ,NQ JUN26,SHORT,1,27881.50,27890.00,-174.36,-178.72,-35.7,LOSS,STOP_HIT,27916.50,700.00,2026-05-07 09:29:31
2026-05-01,2026-05-01 11:10:00,2026-05-01 11:15:00,OG,Backtest,AdxDiCrossBracketOG,OG_AdxDiCrossBracketOG,OG,NQ,NQ JUN26,SHORT,1,27795.25,27837.00,-839.36,-843.72,-168.7,LOSS,STOP_HIT,27836.50,825.00,2026-05-07 09:29:31
2026-05-01,2026-05-01 11:10:00,2026-05-01 11:15:00,OG,Backtest,AdxDiCrossBracketOG,OG_AdxDiCrossBracketOG,OG,NQ,NQ JUN26,SHORT,1,27795.25,27837.00,-839.36,-843.72,-168.7,LOSS,STOP_HIT,27836.50,825.00,2026-05-07 09:29:31
2026-05-04,2026-05-04 11:05:00,2026-05-04 11:10:00,OG,Backtest,AdxDiCrossBracketOG,OG_AdxDiCrossBracketOG,OG,NQ,NQ JUN26,SHORT,1,27881.50,27890.00,-174.36,-178.72,-35.7,LOSS,STOP_HIT,27916.50,700.00,2026-05-07 09:29:31
2026-05-04,2026-05-04 11:05:00,2026-05-04 11:10:00,OG,Backtest,AdxDiCrossBracketOG,OG_AdxDiCrossBracketOG,OG,NQ,NQ JUN26,SHORT,1,27881.50,27890.00,-174.36,-178.72,-35.7,LOSS,STOP_HIT,27916.50,700.00,2026-05-07 09:29:31
2026-05-01,2026-05-01 11:10:00,2026-05-01 11:20:00,OG,Backtest,AdxDiCrossBracketOG,OG_AdxDiCrossBracketOG,OG,NQ,NQ JUN26,SHORT,1,27795.25,27837.25,-844.36,-848.72,-169.7,LOSS,STOP_HIT,27857.00,1235.00,2026-05-07 09:29:31
2026-05-01,2026-05-01 11:10:00,2026-05-01 11:15:00,OG,Backtest,AdxDiCrossBracketOG,OG_AdxDiCrossBracketOG,OG,NQ,NQ JUN26,SHORT,1,27795.25,27837.00,-839.36,-843.72,-168.7,LOSS,STOP_HIT,27836.50,825.00,2026-05-07 09:29:31
2026-05-01,2026-05-01 11:20:00,2026-05-01 11:40:00,OG,Backtest,AdxDiCrossBracketOG,OG_AdxDiCrossBracketOG,OG,NQ,NQ JUN26,LONG,1,27837.25,27877.75,805.64,801.28,160.3,WIN,TARGET_HIT,27796.25,820.00,2026-05-07 09:29:31
2026-05-04,2026-05-04 11:05:00,2026-05-04 11:10:00,OG,Backtest,AdxDiCrossBracketOG,OG_AdxDiCrossBracketOG,OG,NQ,NQ JUN26,SHORT,1,27881.50,27890.00,-174.36,-178.72,-35.7,LOSS,STOP_HIT,27916.50,700.00,2026-05-07 09:29:31
2026-05-01,2026-05-01 11:10:00,2026-05-01 11:15:00,OG,Backtest,AdxDiCrossBracketOG,OG_AdxDiCrossBracketOG,OG,NQ,NQ JUN26,SHORT,1,27795.25,27837.00,-839.36,-843.72,-168.7,LOSS,STOP_HIT,27836.50,825.00,2026-05-07 09:29:31
2026-05-01,2026-05-01 11:20:00,2026-05-01 11:40:00,OG,Backtest,AdxDiCrossBracketOG,OG_AdxDiCrossBracketOG,OG,NQ,NQ JUN26,LONG,1,27837.25,27877.75,805.64,801.28,160.3,WIN,TARGET_HIT,27796.25,820.00,2026-05-07 09:29:31
2026-05-04,2026-05-04 11:05:00,2026-05-04 11:10:00,OG,Backtest,AdxDiCrossBracketOG,OG_AdxDiCrossBracketOG,OG,NQ,NQ JUN26,SHORT,1,27881.50,27890.00,-174.36,-178.72,-35.7,LOSS,STOP_HIT,27916.50,700.00,2026-05-07 09:29:31
2026-05-04,2026-05-04 11:05:00,2026-05-04 11:10:00,OG,Backtest,AdxDiCrossBracketOG,OG_AdxDiCrossBracketOG,OG,NQ,NQ JUN26,SHORT,1,27881.50,27890.00,-174.36,-178.72,-35.7,LOSS,STOP_HIT,27916.50,700.00,2026-05-07 09:29:31
2026-05-01,2026-05-01 11:10:00,2026-05-01 11:20:00,OG,Backtest,AdxDiCrossBracketOG,OG_AdxDiCrossBracketOG,OG,NQ,NQ JUN26,SHORT,1,27795.25,27837.25,-844.36,-848.72,-169.7,LOSS,STOP_HIT,27857.00,1235.00,2026-05-07 09:29:31
2026-05-04,2026-05-04 11:05:00,2026-05-04 11:10:00,OG,Backtest,AdxDiCrossBracketOG,OG_AdxDiCrossBracketOG,OG,NQ,NQ JUN26,SHORT,1,27881.50,27890.00,-174.36,-178.72,-35.7,LOSS,STOP_HIT,27933.75,1045.00,2026-05-07 09:29:31
2026-05-01,2026-05-01 11:10:00,2026-05-01 11:15:00,OG,Backtest,AdxDiCrossBracketOG,OG_AdxDiCrossBracketOG,OG,NQ,NQ JUN26,SHORT,1,27795.25,27837.00,-839.36,-843.72,-168.7,LOSS,STOP_HIT,27836.50,825.00,2026-05-07 09:29:31
2026-05-01,2026-05-01 11:10:00,2026-05-01 11:20:00,OG,Backtest,AdxDiCrossBracketOG,OG_AdxDiCrossBracketOG,OG,NQ,NQ JUN26,SHORT,1,27795.25,27837.25,-844.36,-848.72,-169.7,LOSS,STOP_HIT,27857.00,1235.00,2026-05-07 09:29:31
2026-05-04,2026-05-04 11:05:00,2026-05-04 11:10:00,OG,Backtest,AdxDiCrossBracketOG,OG_AdxDiCrossBracketOG,OG,NQ,NQ JUN26,SHORT,1,27881.50,27890.00,-174.36,-178.72,-35.7,LOSS,STOP_HIT,27933.75,1045.00,2026-05-07 09:29:31
2026-05-01,2026-05-01 11:10:00,2026-05-01 11:20:00,OG,Backtest,AdxDiCrossBracketOG,OG_AdxDiCrossBracketOG,OG,NQ,NQ JUN26,SHORT,1,27795.25,27837.25,-844.36,-848.72,-169.7,LOSS,STOP_HIT,27857.00,1235.00,2026-05-07 09:29:31
2026-05-01,2026-05-01 11:20:00,2026-05-01 11:40:00,OG,Backtest,AdxDiCrossBracketOG,OG_AdxDiCrossBracketOG,OG,NQ,NQ JUN26,LONG,1,27837.25,27877.75,805.64,801.28,160.3,WIN,TARGET_HIT,27796.25,820.00,2026-05-07 09:29:31
2026-05-01,2026-05-01 11:10:00,2026-05-01 11:20:00,OG,Backtest,AdxDiCrossBracketOG,OG_AdxDiCrossBracketOG,OG,NQ,NQ JUN26,SHORT,1,27795.25,27837.25,-844.36,-848.72,-169.7,LOSS,STOP_HIT,27857.00,1235.00,2026-05-07 09:29:31
2026-05-01,2026-05-01 11:10:00,2026-05-01 11:20:00,OG,Backtest,AdxDiCrossBracketOG,OG_AdxDiCrossBracketOG,OG,NQ,NQ JUN26,SHORT,1,27795.25,27837.25,-844.36,-848.72,-169.7,LOSS,STOP_HIT,27857.00,1235.00,2026-05-07 09:29:31
2026-05-04,2026-05-04 11:05:00,2026-05-04 11:10:00,OG,Backtest,AdxDiCrossBracketOG,OG_AdxDiCrossBracketOG,OG,NQ,NQ JUN26,SHORT,1,27881.50,27890.00,-174.36,-178.72,-35.7,LOSS,STOP_HIT,27933.75,1045.00,2026-05-07 09:29:31
2026-05-01,2026-05-01 11:10:00,2026-05-01 11:20:00,OG,Backtest,AdxDiCrossBracketOG,OG_AdxDiCrossBracketOG,OG,NQ,NQ JUN26,SHORT,1,27795.25,27837.25,-844.36,-848.72,-169.7,LOSS,STOP_HIT,27857.00,1235.00,2026-05-07 09:29:31
2026-05-04,2026-05-04 11:05:00,2026-05-04 11:10:00,OG,Backtest,AdxDiCrossBracketOG,OG_AdxDiCrossBracketOG,OG,NQ,NQ JUN26,SHORT,1,27881.50,27890.00,-174.36,-178.72,-35.7,LOSS,STOP_HIT,27933.75,1045.00,2026-05-07 09:29:31
2026-05-04,2026-05-04 11:05:00,2026-05-04 11:10:00,OG,Backtest,AdxDiCrossBracketOG,OG_AdxDiCrossBracketOG,OG,NQ,NQ JUN26,SHORT,1,27881.50,27890.00,-174.36,-178.72,-35.7,LOSS,STOP_HIT,27933.75,1045.00,2026-05-07 09:29:31
2026-05-04,2026-05-04 11:05:00,2026-05-04 11:10:00,OG,Backtest,AdxDiCrossBracketOG,OG_AdxDiCrossBracketOG,OG,NQ,NQ JUN26,SHORT,1,27881.50,27890.00,-174.36,-178.72,-35.7,LOSS,STOP_HIT,27933.75,1045.00,2026-05-07 09:29:31
2026-05-01,2026-05-01 11:20:00,2026-05-01 11:40:00,OG,Backtest,AdxDiCrossBracketOG,OG_AdxDiCrossBracketOG,OG,NQ,NQ JUN26,LONG,1,27837.25,27877.75,805.64,801.28,160.3,WIN,TARGET_HIT,27796.25,820.00,2026-05-07 09:29:31
2026-05-01,2026-05-01 11:20:00,2026-05-01 11:40:00,OG,Backtest,AdxDiCrossBracketOG,OG_AdxDiCrossBracketOG,OG,NQ,NQ JUN26,LONG,1,27837.25,27877.75,805.64,801.28,160.3,WIN,TARGET_HIT,27796.25,820.00,2026-05-07 09:29:32
2026-05-01,2026-05-01 11:20:00,2026-05-01 11:40:00,OG,Backtest,AdxDiCrossBracketOG,OG_AdxDiCrossBracketOG,OG,NQ,NQ JUN26,LONG,1,27837.25,27877.75,805.64,801.28,160.3,WIN,TARGET_HIT,27796.25,820.00,2026-05-07 09:29:32
2026-05-04,2026-05-04 11:05:00,2026-05-04 11:10:00,OG,Backtest,AdxDiCrossBracketOG,OG_AdxDiCrossBracketOG,OG,NQ,NQ JUN26,SHORT,1,27881.50,27890.00,-174.36,-178.72,-35.7,LOSS,STOP_HIT,27933.75,1045.00,2026-05-07 09:29:32
2026-05-04,2026-05-04 11:05:00,2026-05-04 11:10:00,OG,Backtest,AdxDiCrossBracketOG,OG_AdxDiCrossBracketOG,OG,NQ,NQ JUN26,SHORT,1,27881.50,27890.00,-174.36,-178.72,-35.7,LOSS,STOP_HIT,27933.75,1045.00,2026-05-07 09:29:32
2026-05-01,2026-05-01 11:10:00,2026-05-01 11:20:00,OG,Backtest,AdxDiCrossBracketOG,OG_AdxDiCrossBracketOG,OG,NQ,NQ JUN26,SHORT,1,27795.25,27837.25,-844.36,-848.72,-169.7,LOSS,STOP_HIT,27857.00,1235.00,2026-05-07 09:29:32
2026-05-01,2026-05-01 11:10:00,2026-05-01 11:20:00,OG,Backtest,AdxDiCrossBracketOG,OG_AdxDiCrossBracketOG,OG,NQ,NQ JUN26,SHORT,1,27795.25,27837.25,-844.36,-848.72,-169.7,LOSS,STOP_HIT,27857.00,1235.00,2026-05-07 09:29:32
2026-05-04,2026-05-04 11:05:00,2026-05-04 11:10:00,OG,Backtest,AdxDiCrossBracketOG,OG_AdxDiCrossBracketOG,OG,NQ,NQ JUN26,SHORT,1,27881.50,27890.00,-174.36,-178.72,-35.7,LOSS,STOP_HIT,27933.75,1045.00,2026-05-07 09:29:32
2026-05-01,2026-05-01 11:10:00,2026-05-01 11:20:00,OG,Backtest,AdxDiCrossBracketOG,OG_AdxDiCrossBracketOG,OG,NQ,NQ JUN26,SHORT,1,27795.25,27837.25,-844.36,-848.72,-169.7,LOSS,STOP_HIT,27857.00,1235.00,2026-05-07 09:29:32
2026-05-04,2026-05-04 11:05:00,2026-05-04 11:10:00,OG,Backtest,AdxDiCrossBracketOG,OG_AdxDiCrossBracketOG,OG,NQ,NQ JUN26,SHORT,1,27881.50,27890.00,-174.36,-178.72,-35.7,LOSS,STOP_HIT,27933.75,1045.00,2026-05-07 09:29:32
2026-05-04,2026-05-04 11:05:00,2026-05-04 11:10:00,OG,Backtest,AdxDiCrossBracketOG,OG_AdxDiCrossBracketOG,OG,NQ,NQ JUN26,SHORT,1,27881.50,27890.00,-174.36,-178.72,-35.7,LOSS,STOP_HIT,27933.75,1045.00,2026-05-07 09:29:32
2026-05-04,2026-05-04 11:05:00,2026-05-04 11:10:00,OG,Backtest,AdxDiCrossBracketOG,OG_AdxDiCrossBracketOG,OG,NQ,NQ JUN26,SHORT,1,27881.50,27890.00,-174.36,-178.72,-35.7,LOSS,STOP_HIT,27933.75,1045.00,2026-05-07 09:29:32
2026-05-01,2026-05-01 11:10:00,2026-05-01 11:20:00,OG,Backtest,AdxDiCrossBracketOG,OG_AdxDiCrossBracketOG,OG,NQ,NQ JUN26,SHORT,1,27795.25,27837.25,-844.36,-848.72,-169.7,LOSS,STOP_HIT,27857.00,1235.00,2026-05-07 09:29:32
2026-05-04,2026-05-04 11:05:00,2026-05-04 11:10:00,OG,Backtest,AdxDiCrossBracketOG,OG_AdxDiCrossBracketOG,OG,NQ,NQ JUN26,SHORT,1,27881.50,27890.00,-174.36,-178.72,-35.7,LOSS,STOP_HIT,27933.75,1045.00,2026-05-07 09:29:32
2026-05-04,2026-05-04 11:05:00,2026-05-04 11:10:00,OG,Backtest,AdxDiCrossBracketOG,OG_AdxDiCrossBracketOG,OG,NQ,NQ JUN26,SHORT,1,27881.50,27890.00,-174.36,-178.72,-35.7,LOSS,STOP_HIT,27933.75,1045.00,2026-05-07 09:29:32
2026-05-01,2026-05-01 11:10:00,2026-05-01 11:20:00,OG,Backtest,AdxDiCrossBracketOG,OG_AdxDiCrossBracketOG,OG,NQ,NQ JUN26,SHORT,1,27795.25,27837.25,-844.36,-848.72,-169.7,LOSS,STOP_HIT,27857.00,1235.00,2026-05-07 09:29:32
2026-05-04,2026-05-04 11:05:00,2026-05-04 11:10:00,OG,Backtest,AdxDiCrossBracketOG,OG_AdxDiCrossBracketOG,OG,NQ,NQ JUN26,SHORT,1,27881.50,27890.00,-174.36,-178.72,-35.7,LOSS,STOP_HIT,27933.75,1045.00,2026-05-07 09:29:32
2026-05-04,2026-05-04 11:05:00,2026-05-04 11:10:00,OG,Backtest,AdxDiCrossBracketOG,OG_AdxDiCrossBracketOG,OG,NQ,NQ JUN26,SHORT,1,27881.50,27890.00,-174.36,-178.72,-35.7,LOSS,STOP_HIT,27933.75,1045.00,2026-05-07 09:29:32
2026-05-01,2026-05-01 11:10:00,2026-05-01 11:20:00,OG,Backtest,AdxDiCrossBracketOG,OG_AdxDiCrossBracketOG,OG,NQ,NQ JUN26,SHORT,1,27795.25,27837.25,-844.36,-848.72,-169.7,LOSS,STOP_HIT,27857.00,1235.00,2026-05-07 09:29:32
2026-05-01,2026-05-01 11:10:00,2026-05-01 11:20:00,OG,Backtest,AdxDiCrossBracketOG,OG_AdxDiCrossBracketOG,OG,NQ,NQ JUN26,SHORT,1,27795.25,27837.25,-844.36,-848.72,-169.7,LOSS,STOP_HIT,27857.00,1235.00,2026-05-07 09:29:32
2026-05-04,2026-05-04 11:05:00,2026-05-04 11:10:00,OG,Backtest,AdxDiCrossBracketOG,OG_AdxDiCrossBracketOG,OG,NQ,NQ JUN26,SHORT,1,27881.50,27890.00,-174.36,-178.72,-35.7,LOSS,STOP_HIT,27933.75,1045.00,2026-05-07 09:29:32
2026-05-01,2026-05-01 11:10:00,2026-05-01 11:20:00,OG,Backtest,AdxDiCrossBracketOG,OG_AdxDiCrossBracketOG,OG,NQ,NQ JUN26,SHORT,1,27795.25,27837.25,-844.36,-848.72,-169.7,LOSS,STOP_HIT,27857.00,1235.00,2026-05-07 09:29:32
2026-05-04,2026-05-04 11:05:00,2026-05-04 11:10:00,OG,Backtest,AdxDiCrossBracketOG,OG_AdxDiCrossBracketOG,OG,NQ,NQ JUN26,SHORT,1,27881.50,27890.00,-174.36,-178.72,-35.7,LOSS,STOP_HIT,27933.75,1045.00,2026-05-07 09:29:32
2026-05-01,2026-05-01 11:10:00,2026-05-01 11:20:00,OG,Backtest,AdxDiCrossBracketOG,OG_AdxDiCrossBracketOG,OG,NQ,NQ JUN26,SHORT,1,27795.25,27837.25,-844.36,-848.72,-169.7,LOSS,STOP_HIT,27857.00,1235.00,2026-05-07 09:29:32
2026-05-04,2026-05-04 11:05:00,2026-05-04 11:10:00,OG,Backtest,AdxDiCrossBracketOG,OG_AdxDiCrossBracketOG,OG,NQ,NQ JUN26,SHORT,1,27881.50,27890.00,-174.36,-178.72,-35.7,LOSS,STOP_HIT,27933.75,1045.00,2026-05-07 09:29:32
2026-05-01,2026-05-01 11:10:00,2026-05-01 11:20:00,OG,Backtest,AdxDiCrossBracketOG,OG_AdxDiCrossBracketOG,OG,NQ,NQ JUN26,SHORT,1,27795.25,27837.25,-844.36,-848.72,-169.7,LOSS,STOP_HIT,27857.00,1235.00,2026-05-07 09:29:32
2026-05-04,2026-05-04 11:05:00,2026-05-04 11:10:00,OG,Backtest,AdxDiCrossBracketOG,OG_AdxDiCrossBracketOG,OG,NQ,NQ JUN26,SHORT,1,27881.50,27890.00,-174.36,-178.72,-35.7,LOSS,STOP_HIT,27933.75,1045.00,2026-05-07 09:29:32
2026-05-01,2026-05-01 11:10:00,2026-05-01 11:20:00,OG,Backtest,AdxDiCrossBracketOG,OG_AdxDiCrossBracketOG,OG,NQ,NQ JUN26,SHORT,1,27795.25,27837.25,-844.36,-848.72,-169.7,LOSS,STOP_HIT,27857.00,1235.00,2026-05-07 09:29:32
2026-05-01,2026-05-01 11:10:00,2026-05-01 11:20:00,OG,Backtest,AdxDiCrossBracketOG,OG_AdxDiCrossBracketOG,OG,NQ,NQ JUN26,SHORT,1,27795.25,27837.25,-844.36,-848.72,-169.7,LOSS,STOP_HIT,27857.00,1235.00,2026-05-07 09:29:32
2026-05-04,2026-05-04 11:05:00,2026-05-04 11:10:00,OG,Backtest,AdxDiCrossBracketOG,OG_AdxDiCrossBracketOG,OG,NQ,NQ JUN26,SHORT,1,27881.50,27890.00,-174.36,-178.72,-35.7,LOSS,STOP_HIT,27933.75,1045.00,2026-05-07 09:29:32
2026-05-01,2026-05-01 11:10:00,2026-05-01 11:20:00,OG,Backtest,AdxDiCrossBracketOG,OG_AdxDiCrossBracketOG,OG,NQ,NQ JUN26,SHORT,1,27795.25,27837.25,-844.36,-848.72,-169.7,LOSS,STOP_HIT,27857.00,1235.00,2026-05-07 09:29:32
2026-05-04,2026-05-04 11:05:00,2026-05-04 11:10:00,OG,Backtest,AdxDiCrossBracketOG,OG_AdxDiCrossBracketOG,OG,NQ,NQ JUN26,SHORT,1,27881.50,27890.00,-174.36,-178.72,-35.7,LOSS,STOP_HIT,27933.75,1045.00,2026-05-07 09:29:32
2026-05-01,2026-05-01 11:10:00,2026-05-01 11:20:00,OG,Backtest,AdxDiCrossBracketOG,OG_AdxDiCrossBracketOG,OG,NQ,NQ JUN26,SHORT,1,27795.25,27837.25,-844.36,-848.72,-169.7,LOSS,STOP_HIT,27857.00,1235.00,2026-05-07 09:29:32
2026-05-01,2026-05-01 11:10:00,2026-05-01 11:20:00,OG,Backtest,AdxDiCrossBracketOG,OG_AdxDiCrossBracketOG,OG,NQ,NQ JUN26,SHORT,1,27795.25,27837.25,-844.36,-848.72,-169.7,LOSS,STOP_HIT,27857.00,1235.00,2026-05-07 09:29:32
2026-05-04,2026-05-04 11:05:00,2026-05-04 11:10:00,OG,Backtest,AdxDiCrossBracketOG,OG_AdxDiCrossBracketOG,OG,NQ,NQ JUN26,SHORT,1,27881.50,27890.00,-174.36,-178.72,-35.7,LOSS,STOP_HIT,27933.75,1045.00,2026-05-07 09:29:32
2026-05-01,2026-05-01 11:10:00,2026-05-01 11:20:00,OG,Backtest,AdxDiCrossBracketOG,OG_AdxDiCrossBracketOG,OG,NQ,NQ JUN26,SHORT,1,27795.25,27837.25,-844.36,-848.72,-169.7,LOSS,STOP_HIT,27857.00,1235.00,2026-05-07 09:29:32
2026-05-01,2026-05-01 11:10:00,2026-05-01 11:20:00,OG,Backtest,AdxDiCrossBracketOG,OG_AdxDiCrossBracketOG,OG,NQ,NQ JUN26,SHORT,1,27795.25,27837.25,-844.36,-848.72,-169.7,LOSS,STOP_HIT,27857.00,1235.00,2026-05-07 09:29:32
2026-05-04,2026-05-04 11:05:00,2026-05-04 11:10:00,OG,Backtest,AdxDiCrossBracketOG,OG_AdxDiCrossBracketOG,OG,NQ,NQ JUN26,SHORT,1,27881.50,27890.00,-174.36,-178.72,-35.7,LOSS,STOP_HIT,27933.75,1045.00,2026-05-07 09:29:32
2026-05-01,2026-05-01 11:10:00,2026-05-01 11:20:00,OG,Backtest,AdxDiCrossBracketOG,OG_AdxDiCrossBracketOG,OG,NQ,NQ JUN26,SHORT,1,27795.25,27837.25,-844.36,-848.72,-169.7,LOSS,STOP_HIT,27857.00,1235.00,2026-05-07 09:29:32
2026-05-01,2026-05-01 11:10:00,2026-05-01 11:20:00,OG,Backtest,AdxDiCrossBracketOG,OG_AdxDiCrossBracketOG,OG,NQ,NQ JUN26,SHORT,1,27795.25,27837.25,-844.36,-848.72,-169.7,LOSS,STOP_HIT,27857.00,1235.00,2026-05-07 09:29:32
2026-05-04,2026-05-04 11:05:00,2026-05-04 11:10:00,OG,Backtest,AdxDiCrossBracketOG,OG_AdxDiCrossBracketOG,OG,NQ,NQ JUN26,SHORT,1,27881.50,27890.00,-174.36,-178.72,-35.7,LOSS,STOP_HIT,27933.75,1045.00,2026-05-07 09:29:32
2026-05-01,2026-05-01 11:10:00,2026-05-01 11:20:00,OG,Backtest,AdxDiCrossBracketOG,OG_AdxDiCrossBracketOG,OG,NQ,NQ JUN26,SHORT,1,27795.25,27837.25,-844.36,-848.72,-169.7,LOSS,STOP_HIT,27857.00,1235.00,2026-05-07 09:29:32
2026-05-01,2026-05-01 11:10:00,2026-05-01 11:20:00,OG,Backtest,AdxDiCrossBracketOG,OG_AdxDiCrossBracketOG,OG,NQ,NQ JUN26,SHORT,1,27795.25,27837.25,-844.36,-848.72,-169.7,LOSS,STOP_HIT,27857.00,1235.00,2026-05-07 09:29:32
2026-05-01,2026-05-01 11:10:00,2026-05-01 11:20:00,OG,Backtest,AdxDiCrossBracketOG,OG_AdxDiCrossBracketOG,OG,NQ,NQ JUN26,SHORT,1,27795.25,27837.25,-844.36,-848.72,-169.7,LOSS,STOP_HIT,27857.00,1235.00,2026-05-07 09:29:32
2026-05-01,2026-05-01 11:10:00,2026-05-01 11:20:00,OG,Backtest,AdxDiCrossBracketOG,OG_AdxDiCrossBracketOG,OG,NQ,NQ JUN26,SHORT,1,27795.25,27837.25,-844.36,-848.72,-169.7,LOSS,STOP_HIT,27857.00,1235.00,2026-05-07 09:29:32
2026-05-01,2026-05-01 11:10:00,2026-05-01 11:20:00,OG,Backtest,AdxDiCrossBracketOG,OG_AdxDiCrossBracketOG,OG,NQ,NQ JUN26,SHORT,1,27795.25,27837.25,-844.36,-848.72,-169.7,LOSS,STOP_HIT,27857.00,1235.00,2026-05-07 09:29:32
2026-05-04,2026-05-04 11:05:00,2026-05-04 11:10:00,OG,Backtest,AdxDiCrossBracketOG,OG_AdxDiCrossBracketOG,OG,NQ,NQ JUN26,SHORT,1,27881.50,27890.00,-174.36,-178.72,-35.7,LOSS,STOP_HIT,27933.75,1045.00,2026-05-07 09:29:32
2026-05-04,2026-05-04 11:05:00,2026-05-04 11:10:00,OG,Backtest,AdxDiCrossBracketOG,OG_AdxDiCrossBracketOG,OG,NQ,NQ JUN26,SHORT,1,27881.50,27890.00,-174.36,-178.72,-35.7,LOSS,STOP_HIT,27933.75,1045.00,2026-05-07 09:29:32
2026-05-04,2026-05-04 11:05:00,2026-05-04 11:10:00,OG,Backtest,AdxDiCrossBracketOG,OG_AdxDiCrossBracketOG,OG,NQ,NQ JUN26,SHORT,1,27881.50,27890.00,-174.36,-178.72,-35.7,LOSS,STOP_HIT,27933.75,1045.00,2026-05-07 09:29:32
2026-05-01,2026-05-01 11:10:00,2026-05-01 11:20:00,OG,Backtest,AdxDiCrossBracketOG,OG_AdxDiCrossBracketOG,OG,NQ,NQ JUN26,SHORT,1,27795.25,27837.25,-844.36,-848.72,-169.7,LOSS,STOP_HIT,27857.00,1235.00,2026-05-07 09:29:32
2026-05-04,2026-05-04 11:05:00,2026-05-04 11:10:00,OG,Backtest,AdxDiCrossBracketOG,OG_AdxDiCrossBracketOG,OG,NQ,NQ JUN26,SHORT,1,27881.50,27890.00,-174.36,-178.72,-35.7,LOSS,STOP_HIT,27933.75,1045.00,2026-05-07 09:29:32
2026-05-01,2026-05-01 11:10:00,2026-05-01 11:20:00,OG,Backtest,AdxDiCrossBracketOG,OG_AdxDiCrossBracketOG,OG,NQ,NQ JUN26,SHORT,1,27795.25,27837.25,-844.36,-848.72,-169.7,LOSS,STOP_HIT,27877.50,1645.00,2026-05-07 09:29:32
2026-05-01,2026-05-01 11:10:00,2026-05-01 11:20:00,OG,Backtest,AdxDiCrossBracketOG,OG_AdxDiCrossBracketOG,OG,NQ,NQ JUN26,SHORT,1,27795.25,27837.25,-844.36,-848.72,-169.7,LOSS,STOP_HIT,27857.00,1235.00,2026-05-07 09:29:32
2026-05-04,2026-05-04 11:05:00,2026-05-04 11:10:00,OG,Backtest,AdxDiCrossBracketOG,OG_AdxDiCrossBracketOG,OG,NQ,NQ JUN26,SHORT,1,27881.50,27890.00,-174.36,-178.72,-35.7,LOSS,STOP_HIT,27933.75,1045.00,2026-05-07 09:29:33
2026-05-01,2026-05-01 11:10:00,2026-05-01 11:20:00,OG,Backtest,AdxDiCrossBracketOG,OG_AdxDiCrossBracketOG,OG,NQ,NQ JUN26,SHORT,1,27795.25,27837.25,-844.36,-848.72,-169.7,LOSS,STOP_HIT,27877.50,1645.00,2026-05-07 09:29:33
2026-05-04,2026-05-04 11:05:00,2026-05-04 11:10:00,OG,Backtest,AdxDiCrossBracketOG,OG_AdxDiCrossBracketOG,OG,NQ,NQ JUN26,SHORT,1,27881.50,27890.00,-174.36,-178.72,-35.7,LOSS,STOP_HIT,27951.00,1390.00,2026-05-07 09:29:33
2026-05-01,2026-05-01 11:10:00,2026-05-01 11:20:00,OG,Backtest,AdxDiCrossBracketOG,OG_AdxDiCrossBracketOG,OG,NQ,NQ JUN26,SHORT,1,27795.25,27837.25,-844.36,-848.72,-169.7,LOSS,STOP_HIT,27877.50,1645.00,2026-05-07 09:29:33
2026-05-04,2026-05-04 11:05:00,2026-05-04 11:10:00,OG,Backtest,AdxDiCrossBracketOG,OG_AdxDiCrossBracketOG,OG,NQ,NQ JUN26,SHORT,1,27881.50,27890.00,-174.36,-178.72,-35.7,LOSS,STOP_HIT,27933.75,1045.00,2026-05-07 09:29:33
2026-05-01,2026-05-01 11:10:00,2026-05-01 11:20:00,OG,Backtest,AdxDiCrossBracketOG,OG_AdxDiCrossBracketOG,OG,NQ,NQ JUN26,SHORT,1,27795.25,27837.25,-844.36,-848.72,-169.7,LOSS,STOP_HIT,27857.00,1235.00,2026-05-07 09:29:33
2026-05-04,2026-05-04 11:05:00,2026-05-04 11:10:00,OG,Backtest,AdxDiCrossBracketOG,OG_AdxDiCrossBracketOG,OG,NQ,NQ JUN26,SHORT,1,27881.50,27890.00,-174.36,-178.72,-35.7,LOSS,STOP_HIT,27933.75,1045.00,2026-05-07 09:29:33
2026-05-04,2026-05-04 11:05:00,2026-05-04 11:10:00,OG,Backtest,AdxDiCrossBracketOG,OG_AdxDiCrossBracketOG,OG,NQ,NQ JUN26,SHORT,1,27881.50,27890.00,-174.36,-178.72,-35.7,LOSS,STOP_HIT,27951.00,1390.00,2026-05-07 09:29:33
2026-05-01,2026-05-01 11:10:00,2026-05-01 11:20:00,OG,Backtest,AdxDiCrossBracketOG,OG_AdxDiCrossBracketOG,OG,NQ,NQ JUN26,SHORT,1,27795.25,27837.25,-844.36,-848.72,-169.7,LOSS,STOP_HIT,27877.50,1645.00,2026-05-07 09:29:33
2026-05-04,2026-05-04 11:05:00,2026-05-04 11:10:00,OG,Backtest,AdxDiCrossBracketOG,OG_AdxDiCrossBracketOG,OG,NQ,NQ JUN26,SHORT,1,27881.50,27890.00,-174.36,-178.72,-35.7,LOSS,STOP_HIT,27933.75,1045.00,2026-05-07 09:29:33
2026-05-04,2026-05-04 11:05:00,2026-05-04 11:10:00,OG,Backtest,AdxDiCrossBracketOG,OG_AdxDiCrossBracketOG,OG,NQ,NQ JUN26,SHORT,1,27881.50,27890.00,-174.36,-178.72,-35.7,LOSS,STOP_HIT,27951.00,1390.00,2026-05-07 09:29:33
2026-05-01,2026-05-01 11:10:00,2026-05-01 11:20:00,OG,Backtest,AdxDiCrossBracketOG,OG_AdxDiCrossBracketOG,OG,NQ,NQ JUN26,SHORT,1,27795.25,27837.25,-844.36,-848.72,-169.7,LOSS,STOP_HIT,27857.00,1235.00,2026-05-07 09:29:33
2026-05-04,2026-05-04 11:05:00,2026-05-04 11:10:00,OG,Backtest,AdxDiCrossBracketOG,OG_AdxDiCrossBracketOG,OG,NQ,NQ JUN26,SHORT,1,27881.50,27890.00,-174.36,-178.72,-35.7,LOSS,STOP_HIT,27933.75,1045.00,2026-05-07 09:29:33
2026-05-01,2026-05-01 11:10:00,2026-05-01 11:20:00,OG,Backtest,AdxDiCrossBracketOG,OG_AdxDiCrossBracketOG,OG,NQ,NQ JUN26,SHORT,1,27795.25,27837.25,-844.36,-848.72,-169.7,LOSS,STOP_HIT,27877.50,1645.00,2026-05-07 09:29:33
2026-05-04,2026-05-04 11:05:00,2026-05-04 11:10:00,OG,Backtest,AdxDiCrossBracketOG,OG_AdxDiCrossBracketOG,OG,NQ,NQ JUN26,SHORT,1,27881.50,27890.00,-174.36,-178.72,-35.7,LOSS,STOP_HIT,27951.00,1390.00,2026-05-07 09:29:33
2026-05-01,2026-05-01 11:10:00,2026-05-01 11:20:00,OG,Backtest,AdxDiCrossBracketOG,OG_AdxDiCrossBracketOG,OG,NQ,NQ JUN26,SHORT,1,27795.25,27837.25,-844.36,-848.72,-169.7,LOSS,STOP_HIT,27877.50,1645.00,2026-05-07 09:29:33
2026-05-04,2026-05-04 11:05:00,2026-05-04 11:10:00,OG,Backtest,AdxDiCrossBracketOG,OG_AdxDiCrossBracketOG,OG,NQ,NQ JUN26,SHORT,1,27881.50,27890.00,-174.36,-178.72,-35.7,LOSS,STOP_HIT,27951.00,1390.00,2026-05-07 09:29:33
2026-05-04,2026-05-04 11:05:00,2026-05-04 11:10:00,OG,Backtest,AdxDiCrossBracketOG,OG_AdxDiCrossBracketOG,OG,NQ,NQ JUN26,SHORT,1,27881.50,27890.00,-174.36,-178.72,-35.7,LOSS,STOP_HIT,27951.00,1390.00,2026-05-07 09:29:33
2026-05-04,2026-05-04 11:05:00,2026-05-04 11:10:00,OG,Backtest,AdxDiCrossBracketOG,OG_AdxDiCrossBracketOG,OG,NQ,NQ JUN26,SHORT,1,27881.50,27890.00,-174.36,-178.72,-35.7,LOSS,STOP_HIT,27951.00,1390.00,2026-05-07 09:29:33
2026-05-01,2026-05-01 11:10:00,2026-05-01 11:20:00,OG,Backtest,AdxDiCrossBracketOG,OG_AdxDiCrossBracketOG,OG,NQ,NQ JUN26,SHORT,1,27795.25,27837.25,-844.36,-848.72,-169.7,LOSS,STOP_HIT,27877.50,1645.00,2026-05-07 09:29:33
2026-05-01,2026-05-01 11:10:00,2026-05-01 11:20:00,OG,Backtest,AdxDiCrossBracketOG,OG_AdxDiCrossBracketOG,OG,NQ,NQ JUN26,SHORT,1,27795.25,27837.25,-844.36,-848.72,-169.7,LOSS,STOP_HIT,27857.00,1235.00,2026-05-07 09:29:33
2026-05-04,2026-05-04 11:05:00,2026-05-04 11:10:00,OG,Backtest,AdxDiCrossBracketOG,OG_AdxDiCrossBracketOG,OG,NQ,NQ JUN26,SHORT,1,27881.50,27890.00,-174.36,-178.72,-35.7,LOSS,STOP_HIT,27951.00,1390.00,2026-05-07 09:29:33
2026-05-01,2026-05-01 11:10:00,2026-05-01 11:20:00,OG,Backtest,AdxDiCrossBracketOG,OG_AdxDiCrossBracketOG,OG,NQ,NQ JUN26,SHORT,1,27795.25,27837.25,-844.36,-848.72,-169.7,LOSS,STOP_HIT,27877.50,1645.00,2026-05-07 09:29:33
2026-05-01,2026-05-01 11:10:00,2026-05-01 11:20:00,OG,Backtest,AdxDiCrossBracketOG,OG_AdxDiCrossBracketOG,OG,NQ,NQ JUN26,SHORT,1,27795.25,27837.25,-844.36,-848.72,-169.7,LOSS,STOP_HIT,27877.50,1645.00,2026-05-07 09:29:33
2026-05-04,2026-05-04 11:05:00,2026-05-04 11:10:00,OG,Backtest,AdxDiCrossBracketOG,OG_AdxDiCrossBracketOG,OG,NQ,NQ JUN26,SHORT,1,27881.50,27890.00,-174.36,-178.72,-35.7,LOSS,STOP_HIT,27951.00,1390.00,2026-05-07 09:29:33
2026-05-01,2026-05-01 11:10:00,2026-05-01 11:20:00,OG,Backtest,AdxDiCrossBracketOG,OG_AdxDiCrossBracketOG,OG,NQ,NQ JUN26,SHORT,1,27795.25,27837.25,-844.36,-848.72,-169.7,LOSS,STOP_HIT,27857.00,1235.00,2026-05-07 09:29:33
2026-05-04,2026-05-04 11:05:00,2026-05-04 11:10:00,OG,Backtest,AdxDiCrossBracketOG,OG_AdxDiCrossBracketOG,OG,NQ,NQ JUN26,SHORT,1,27881.50,27890.00,-174.36,-178.72,-35.7,LOSS,STOP_HIT,27933.75,1045.00,2026-05-07 09:29:33
2026-05-01,2026-05-01 11:10:00,2026-05-01 11:20:00,OG,Backtest,AdxDiCrossBracketOG,OG_AdxDiCrossBracketOG,OG,NQ,NQ JUN26,SHORT,1,27795.25,27837.25,-844.36,-848.72,-169.7,LOSS,STOP_HIT,27877.50,1645.00,2026-05-07 09:29:33
2026-05-04,2026-05-04 11:05:00,2026-05-04 11:10:00,OG,Backtest,AdxDiCrossBracketOG,OG_AdxDiCrossBracketOG,OG,NQ,NQ JUN26,SHORT,1,27881.50,27890.00,-174.36,-178.72,-35.7,LOSS,STOP_HIT,27951.00,1390.00,2026-05-07 09:29:33
2026-05-01,2026-05-01 11:10:00,2026-05-01 11:20:00,OG,Backtest,AdxDiCrossBracketOG,OG_AdxDiCrossBracketOG,OG,NQ,NQ JUN26,SHORT,1,27795.25,27837.25,-844.36,-848.72,-169.7,LOSS,STOP_HIT,27877.50,1645.00,2026-05-07 09:29:33
2026-05-01,2026-05-01 11:10:00,2026-05-01 11:20:00,OG,Backtest,AdxDiCrossBracketOG,OG_AdxDiCrossBracketOG,OG,NQ,NQ JUN26,SHORT,1,27795.25,27837.25,-844.36,-848.72,-169.7,LOSS,STOP_HIT,27877.50,1645.00,2026-05-07 09:29:33
2026-05-01,2026-05-01 11:10:00,2026-05-01 11:20:00,OG,Backtest,AdxDiCrossBracketOG,OG_AdxDiCrossBracketOG,OG,NQ,NQ JUN26,SHORT,1,27795.25,27837.25,-844.36,-848.72,-169.7,LOSS,STOP_HIT,27877.50,1645.00,2026-05-07 09:29:33
2026-05-04,2026-05-04 11:05:00,2026-05-04 11:10:00,OG,Backtest,AdxDiCrossBracketOG,OG_AdxDiCrossBracketOG,OG,NQ,NQ JUN26,SHORT,1,27881.50,27890.00,-174.36,-178.72,-35.7,LOSS,STOP_HIT,27951.00,1390.00,2026-05-07 09:29:33
2026-05-01,2026-05-01 11:10:00,2026-05-01 11:20:00,OG,Backtest,AdxDiCrossBracketOG,OG_AdxDiCrossBracketOG,OG,NQ,NQ JUN26,SHORT,1,27795.25,27837.25,-844.36,-848.72,-169.7,LOSS,STOP_HIT,27877.50,1645.00,2026-05-07 09:29:33
2026-05-04,2026-05-04 11:05:00,2026-05-04 11:10:00,OG,Backtest,AdxDiCrossBracketOG,OG_AdxDiCrossBracketOG,OG,NQ,NQ JUN26,SHORT,1,27881.50,27890.00,-174.36,-178.72,-35.7,LOSS,STOP_HIT,27951.00,1390.00,2026-05-07 09:29:33
2026-05-01,2026-05-01 11:10:00,2026-05-01 11:20:00,OG,Backtest,AdxDiCrossBracketOG,OG_AdxDiCrossBracketOG,OG,NQ,NQ JUN26,SHORT,1,27795.25,27837.25,-844.36,-848.72,-169.7,LOSS,STOP_HIT,27877.50,1645.00,2026-05-07 09:29:33
2026-05-04,2026-05-04 11:05:00,2026-05-04 11:10:00,OG,Backtest,AdxDiCrossBracketOG,OG_AdxDiCrossBracketOG,OG,NQ,NQ JUN26,SHORT,1,27881.50,27890.00,-174.36,-178.72,-35.7,LOSS,STOP_HIT,27951.00,1390.00,2026-05-07 09:29:33
2026-05-01,2026-05-01 11:10:00,2026-05-01 11:20:00,OG,Backtest,AdxDiCrossBracketOG,OG_AdxDiCrossBracketOG,OG,NQ,NQ JUN26,SHORT,1,27795.25,27837.25,-844.36,-848.72,-169.7,LOSS,STOP_HIT,27877.50,1645.00,2026-05-07 09:29:33
2026-05-04,2026-05-04 11:05:00,2026-05-04 11:10:00,OG,Backtest,AdxDiCrossBracketOG,OG_AdxDiCrossBracketOG,OG,NQ,NQ JUN26,SHORT,1,27881.50,27890.00,-174.36,-178.72,-35.7,LOSS,STOP_HIT,27951.00,1390.00,2026-05-07 09:29:33
2026-05-01,2026-05-01 11:10:00,2026-05-01 11:20:00,OG,Backtest,AdxDiCrossBracketOG,OG_AdxDiCrossBracketOG,OG,NQ,NQ JUN26,SHORT,1,27795.25,27837.25,-844.36,-848.72,-169.7,LOSS,STOP_HIT,27877.50,1645.00,2026-05-07 09:29:33
2026-05-04,2026-05-04 11:05:00,2026-05-04 11:10:00,OG,Backtest,AdxDiCrossBracketOG,OG_AdxDiCrossBracketOG,OG,NQ,NQ JUN26,SHORT,1,27881.50,27890.00,-174.36,-178.72,-35.7,LOSS,STOP_HIT,27951.00,1390.00,2026-05-07 09:29:33
2026-05-04,2026-05-04 11:05:00,2026-05-04 11:10:00,OG,Backtest,AdxDiCrossBracketOG,OG_AdxDiCrossBracketOG,OG,NQ,NQ JUN26,SHORT,1,27881.50,27890.00,-174.36,-178.72,-35.7,LOSS,STOP_HIT,27951.00,1390.00,2026-05-07 09:29:33
2026-05-04,2026-05-04 11:05:00,2026-05-04 11:10:00,OG,Backtest,AdxDiCrossBracketOG,OG_AdxDiCrossBracketOG,OG,NQ,NQ JUN26,SHORT,1,27881.50,27890.00,-174.36,-178.72,-35.7,LOSS,STOP_HIT,27951.00,1390.00,2026-05-07 09:29:33
2026-05-01,2026-05-01 11:10:00,2026-05-01 11:20:00,OG,Backtest,AdxDiCrossBracketOG,OG_AdxDiCrossBracketOG,OG,NQ,NQ JUN26,SHORT,1,27795.25,27837.25,-844.36,-848.72,-169.7,LOSS,STOP_HIT,27877.50,1645.00,2026-05-07 09:29:33
2026-05-01,2026-05-01 11:10:00,2026-05-01 11:20:00,OG,Backtest,AdxDiCrossBracketOG,OG_AdxDiCrossBracketOG,OG,NQ,NQ JUN26,SHORT,1,27795.25,27837.25,-844.36,-848.72,-169.7,LOSS,STOP_HIT,27877.50,1645.00,2026-05-07 09:29:33
2026-05-04,2026-05-04 11:05:00,2026-05-04 11:10:00,OG,Backtest,AdxDiCrossBracketOG,OG_AdxDiCrossBracketOG,OG,NQ,NQ JUN26,SHORT,1,27881.50,27890.00,-174.36,-178.72,-35.7,LOSS,STOP_HIT,27951.00,1390.00,2026-05-07 09:29:33
2026-05-01,2026-05-01 11:10:00,2026-05-01 11:20:00,OG,Backtest,AdxDiCrossBracketOG,OG_AdxDiCrossBracketOG,OG,NQ,NQ JUN26,SHORT,1,27795.25,27837.25,-844.36,-848.72,-169.7,LOSS,STOP_HIT,27877.50,1645.00,2026-05-07 09:29:33
2026-05-04,2026-05-04 11:05:00,2026-05-04 11:10:00,OG,Backtest,AdxDiCrossBracketOG,OG_AdxDiCrossBracketOG,OG,NQ,NQ JUN26,SHORT,1,27881.50,27890.00,-174.36,-178.72,-35.7,LOSS,STOP_HIT,27951.00,1390.00,2026-05-07 09:29:33
2026-05-04,2026-05-04 11:05:00,2026-05-04 11:10:00,OG,Backtest,AdxDiCrossBracketOG,OG_AdxDiCrossBracketOG,OG,NQ,NQ JUN26,SHORT,1,27881.50,27890.00,-174.36,-178.72,-35.7,LOSS,STOP_HIT,27951.00,1390.00,2026-05-07 09:29:33
2026-05-01,2026-05-01 11:10:00,2026-05-01 11:20:00,OG,Backtest,AdxDiCrossBracketOG,OG_AdxDiCrossBracketOG,OG,NQ,NQ JUN26,SHORT,1,27795.25,27837.25,-844.36,-848.72,-169.7,LOSS,STOP_HIT,27877.50,1645.00,2026-05-07 09:29:33
2026-05-04,2026-05-04 11:05:00,2026-05-04 11:10:00,OG,Backtest,AdxDiCrossBracketOG,OG_AdxDiCrossBracketOG,OG,NQ,NQ JUN26,SHORT,1,27881.50,27890.00,-174.36,-178.72,-35.7,LOSS,STOP_HIT,27951.00,1390.00,2026-05-07 09:29:34
2026-05-04,2026-05-04 11:05:00,2026-05-04 11:10:00,OG,Backtest,AdxDiCrossBracketOG,OG_AdxDiCrossBracketOG,OG,NQ,NQ JUN26,SHORT,1,27881.50,27890.00,-174.36,-178.72,-35.7,LOSS,STOP_HIT,27951.00,1390.00,2026-05-07 09:29:34
2026-05-01,2026-05-01 11:10:00,2026-05-01 11:20:00,OG,Backtest,AdxDiCrossBracketOG,OG_AdxDiCrossBracketOG,OG,NQ,NQ JUN26,SHORT,1,27795.25,27837.25,-844.36,-848.72,-169.7,LOSS,STOP_HIT,27877.50,1645.00,2026-05-07 09:29:34
2026-05-04,2026-05-04 11:05:00,2026-05-04 11:10:00,OG,Backtest,AdxDiCrossBracketOG,OG_AdxDiCrossBracketOG,OG,NQ,NQ JUN26,SHORT,1,27881.50,27890.00,-174.36,-178.72,-35.7,LOSS,STOP_HIT,27951.00,1390.00,2026-05-07 09:29:34
2026-05-01,2026-05-01 11:10:00,2026-05-01 11:15:00,OG,Backtest,AdxDiCrossBracketOG,OG_AdxDiCrossBracketOG,OG,NQ,NQ JUN26,SHORT,1,27795.25,27837.00,-839.36,-843.72,-168.7,LOSS,STOP_HIT,27836.50,825.00,2026-05-07 09:29:34
2026-05-01,2026-05-01 11:20:00,2026-05-01 11:40:00,OG,Backtest,AdxDiCrossBracketOG,OG_AdxDiCrossBracketOG,OG,NQ,NQ JUN26,LONG,1,27837.25,27877.75,805.64,801.28,160.3,WIN,TARGET_HIT,27796.25,820.00,2026-05-07 09:29:34
2026-05-01,2026-05-01 11:10:00,2026-05-01 11:20:00,OG,Backtest,AdxDiCrossBracketOG,OG_AdxDiCrossBracketOG,OG,NQ,NQ JUN26,SHORT,1,27795.25,27837.25,-844.36,-848.72,-169.7,LOSS,STOP_HIT,27877.50,1645.00,2026-05-07 09:29:34
2026-05-04,2026-05-04 11:05:00,2026-05-04 11:10:00,OG,Backtest,AdxDiCrossBracketOG,OG_AdxDiCrossBracketOG,OG,NQ,NQ JUN26,SHORT,1,27881.50,27890.00,-174.36,-178.72,-35.7,LOSS,STOP_HIT,27951.00,1390.00,2026-05-07 09:29:34
2026-05-01,2026-05-01 11:10:00,2026-05-01 11:15:00,OG,Backtest,AdxDiCrossBracketOG,OG_AdxDiCrossBracketOG,OG,NQ,NQ JUN26,SHORT,1,27795.25,27837.00,-839.36,-843.72,-168.7,LOSS,STOP_HIT,27836.50,825.00,2026-05-07 09:29:34
2026-05-04,2026-05-04 11:05:00,2026-05-04 11:10:00,OG,Backtest,AdxDiCrossBracketOG,OG_AdxDiCrossBracketOG,OG,NQ,NQ JUN26,SHORT,1,27881.50,27890.00,-174.36,-178.72,-35.7,LOSS,STOP_HIT,27951.00,1390.00,2026-05-07 09:29:34
2026-05-01,2026-05-01 11:10:00,2026-05-01 11:20:00,OG,Backtest,AdxDiCrossBracketOG,OG_AdxDiCrossBracketOG,OG,NQ,NQ JUN26,SHORT,1,27795.25,27837.25,-844.36,-848.72,-169.7,LOSS,STOP_HIT,27877.50,1645.00,2026-05-07 09:29:34
2026-05-04,2026-05-04 11:05:00,2026-05-04 11:10:00,OG,Backtest,AdxDiCrossBracketOG,OG_AdxDiCrossBracketOG,OG,NQ,NQ JUN26,SHORT,1,27881.50,27890.00,-174.36,-178.72,-35.7,LOSS,STOP_HIT,27951.00,1390.00,2026-05-07 09:29:34
2026-05-04,2026-05-04 11:05:00,2026-05-04 11:10:00,OG,Backtest,AdxDiCrossBracketOG,OG_AdxDiCrossBracketOG,OG,NQ,NQ JUN26,SHORT,1,27881.50,27890.00,-174.36,-178.72,-35.7,LOSS,STOP_HIT,27951.00,1390.00,2026-05-07 09:29:34
2026-05-01,2026-05-01 11:10:00,2026-05-01 11:15:00,OG,Backtest,AdxDiCrossBracketOG,OG_AdxDiCrossBracketOG,OG,NQ,NQ JUN26,SHORT,1,27795.25,27837.00,-839.36,-843.72,-168.7,LOSS,STOP_HIT,27836.50,825.00,2026-05-07 09:29:34
2026-05-04,2026-05-04 11:05:00,2026-05-04 11:10:00,OG,Backtest,AdxDiCrossBracketOG,OG_AdxDiCrossBracketOG,OG,NQ,NQ JUN26,SHORT,1,27881.50,27890.00,-174.36,-178.72,-35.7,LOSS,STOP_HIT,27951.00,1390.00,2026-05-07 09:29:34
2026-05-01,2026-05-01 11:20:00,2026-05-01 11:40:00,OG,Backtest,AdxDiCrossBracketOG,OG_AdxDiCrossBracketOG,OG,NQ,NQ JUN26,LONG,1,27837.25,27877.75,805.64,801.28,160.3,WIN,TARGET_HIT,27796.25,820.00,2026-05-07 09:29:34
2026-05-01,2026-05-01 11:10:00,2026-05-01 11:15:00,OG,Backtest,AdxDiCrossBracketOG,OG_AdxDiCrossBracketOG,OG,NQ,NQ JUN26,SHORT,1,27795.25,27837.00,-839.36,-843.72,-168.7,LOSS,STOP_HIT,27836.50,825.00,2026-05-07 09:29:34
2026-05-04,2026-05-04 11:05:00,2026-05-04 11:10:00,OG,Backtest,AdxDiCrossBracketOG,OG_AdxDiCrossBracketOG,OG,NQ,NQ JUN26,SHORT,1,27881.50,27890.00,-174.36,-178.72,-35.7,LOSS,STOP_HIT,27951.00,1390.00,2026-05-07 09:29:34
2026-05-01,2026-05-01 11:10:00,2026-05-01 11:20:00,OG,Backtest,AdxDiCrossBracketOG,OG_AdxDiCrossBracketOG,OG,NQ,NQ JUN26,SHORT,1,27795.25,27837.25,-844.36,-848.72,-169.7,LOSS,STOP_HIT,27877.50,1645.00,2026-05-07 09:29:34
2026-05-04,2026-05-04 11:05:00,2026-05-04 11:10:00,OG,Backtest,AdxDiCrossBracketOG,OG_AdxDiCrossBracketOG,OG,NQ,NQ JUN26,SHORT,1,27881.50,27890.00,-174.36,-178.72,-35.7,LOSS,STOP_HIT,27951.00,1390.00,2026-05-07 09:29:34
2026-05-01,2026-05-01 11:10:00,2026-05-01 11:20:00,OG,Backtest,AdxDiCrossBracketOG,OG_AdxDiCrossBracketOG,OG,NQ,NQ JUN26,SHORT,1,27795.25,27837.25,-844.36,-848.72,-169.7,LOSS,STOP_HIT,27877.50,1645.00,2026-05-07 09:29:34
2026-05-01,2026-05-01 11:20:00,2026-05-01 11:40:00,OG,Backtest,AdxDiCrossBracketOG,OG_AdxDiCrossBracketOG,OG,NQ,NQ JUN26,LONG,1,27837.25,27877.75,805.64,801.28,160.3,WIN,TARGET_HIT,27796.25,820.00,2026-05-07 09:29:34
2026-05-01,2026-05-01 11:10:00,2026-05-01 11:20:00,OG,Backtest,AdxDiCrossBracketOG,OG_AdxDiCrossBracketOG,OG,NQ,NQ JUN26,SHORT,1,27795.25,27837.25,-844.36,-848.72,-169.7,LOSS,STOP_HIT,27877.50,1645.00,2026-05-07 09:29:34
2026-05-01,2026-05-01 11:10:00,2026-05-01 11:15:00,OG,Backtest,AdxDiCrossBracketOG,OG_AdxDiCrossBracketOG,OG,NQ,NQ JUN26,SHORT,1,27795.25,27837.00,-839.36,-843.72,-168.7,LOSS,STOP_HIT,27836.50,825.00,2026-05-07 09:29:34
2026-05-01,2026-05-01 11:10:00,2026-05-01 11:20:00,OG,Backtest,AdxDiCrossBracketOG,OG_AdxDiCrossBracketOG,OG,NQ,NQ JUN26,SHORT,1,27795.25,27837.25,-844.36,-848.72,-169.7,LOSS,STOP_HIT,27877.50,1645.00,2026-05-07 09:29:34
2026-05-04,2026-05-04 11:05:00,2026-05-04 11:10:00,OG,Backtest,AdxDiCrossBracketOG,OG_AdxDiCrossBracketOG,OG,NQ,NQ JUN26,SHORT,1,27881.50,27890.00,-174.36,-178.72,-35.7,LOSS,STOP_HIT,27951.00,1390.00,2026-05-07 09:29:34
2026-05-01,2026-05-01 11:10:00,2026-05-01 11:15:00,OG,Backtest,AdxDiCrossBracketOG,OG_AdxDiCrossBracketOG,OG,NQ,NQ JUN26,SHORT,1,27795.25,27837.00,-839.36,-843.72,-168.7,LOSS,STOP_HIT,27836.50,825.00,2026-05-07 09:29:34
2026-05-04,2026-05-04 11:05:00,2026-05-04 11:10:00,OG,Backtest,AdxDiCrossBracketOG,OG_AdxDiCrossBracketOG,OG,NQ,NQ JUN26,SHORT,1,27881.50,27890.00,-174.36,-178.72,-35.7,LOSS,STOP_HIT,27951.00,1390.00,2026-05-07 09:29:34
2026-05-01,2026-05-01 11:10:00,2026-05-01 11:15:00,OG,Backtest,AdxDiCrossBracketOG,OG_AdxDiCrossBracketOG,OG,NQ,NQ JUN26,SHORT,1,27795.25,27837.00,-839.36,-843.72,-168.7,LOSS,STOP_HIT,27836.50,825.00,2026-05-07 09:29:34
2026-05-01,2026-05-01 11:20:00,2026-05-01 11:40:00,OG,Backtest,AdxDiCrossBracketOG,OG_AdxDiCrossBracketOG,OG,NQ,NQ JUN26,LONG,1,27837.25,27877.75,805.64,801.28,160.3,WIN,TARGET_HIT,27796.25,820.00,2026-05-07 09:29:34
2026-05-01,2026-05-01 11:10:00,2026-05-01 11:15:00,OG,Backtest,AdxDiCrossBracketOG,OG_AdxDiCrossBracketOG,OG,NQ,NQ JUN26,SHORT,1,27795.25,27837.00,-839.36,-843.72,-168.7,LOSS,STOP_HIT,27836.50,825.00,2026-05-07 09:29:34
2026-05-01,2026-05-01 11:10:00,2026-05-01 11:20:00,OG,Backtest,AdxDiCrossBracketOG,OG_AdxDiCrossBracketOG,OG,NQ,NQ JUN26,SHORT,1,27795.25,27837.25,-844.36,-848.72,-169.7,LOSS,STOP_HIT,27877.50,1645.00,2026-05-07 09:29:34
2026-05-01,2026-05-01 11:10:00,2026-05-01 11:15:00,OG,Backtest,AdxDiCrossBracketOG,OG_AdxDiCrossBracketOG,OG,NQ,NQ JUN26,SHORT,1,27795.25,27837.00,-839.36,-843.72,-168.7,LOSS,STOP_HIT,27836.50,825.00,2026-05-07 09:29:34
2026-05-01,2026-05-01 11:20:00,2026-05-01 11:40:00,OG,Backtest,AdxDiCrossBracketOG,OG_AdxDiCrossBracketOG,OG,NQ,NQ JUN26,LONG,1,27837.25,27877.75,805.64,801.28,160.3,WIN,TARGET_HIT,27796.25,820.00,2026-05-07 09:29:34
2026-05-01,2026-05-01 11:10:00,2026-05-01 11:15:00,OG,Backtest,AdxDiCrossBracketOG,OG_AdxDiCrossBracketOG,OG,NQ,NQ JUN26,SHORT,1,27795.25,27837.00,-839.36,-843.72,-168.7,LOSS,STOP_HIT,27836.50,825.00,2026-05-07 09:29:34
2026-05-01,2026-05-01 11:20:00,2026-05-01 11:40:00,OG,Backtest,AdxDiCrossBracketOG,OG_AdxDiCrossBracketOG,OG,NQ,NQ JUN26,LONG,1,27837.25,27877.75,805.64,801.28,160.3,WIN,TARGET_HIT,27796.25,820.00,2026-05-07 09:29:34
2026-05-01,2026-05-01 11:10:00,2026-05-01 11:15:00,OG,Backtest,AdxDiCrossBracketOG,OG_AdxDiCrossBracketOG,OG,NQ,NQ JUN26,SHORT,1,27795.25,27837.00,-839.36,-843.72,-168.7,LOSS,STOP_HIT,27836.50,825.00,2026-05-07 09:29:34
2026-05-01,2026-05-01 11:20:00,2026-05-01 11:40:00,OG,Backtest,AdxDiCrossBracketOG,OG_AdxDiCrossBracketOG,OG,NQ,NQ JUN26,LONG,1,27837.25,27877.75,805.64,801.28,160.3,WIN,TARGET_HIT,27796.25,820.00,2026-05-07 09:29:34
2026-05-01,2026-05-01 11:10:00,2026-05-01 11:15:00,OG,Backtest,AdxDiCrossBracketOG,OG_AdxDiCrossBracketOG,OG,NQ,NQ JUN26,SHORT,1,27795.25,27837.00,-839.36,-843.72,-168.7,LOSS,STOP_HIT,27836.50,825.00,2026-05-07 09:29:34
2026-05-01,2026-05-01 11:20:00,2026-05-01 11:40:00,OG,Backtest,AdxDiCrossBracketOG,OG_AdxDiCrossBracketOG,OG,NQ,NQ JUN26,LONG,1,27837.25,27877.75,805.64,801.28,160.3,WIN,TARGET_HIT,27796.25,820.00,2026-05-07 09:29:34
2026-05-01,2026-05-01 11:10:00,2026-05-01 11:15:00,OG,Backtest,AdxDiCrossBracketOG,OG_AdxDiCrossBracketOG,OG,NQ,NQ JUN26,SHORT,1,27795.25,27837.00,-839.36,-843.72,-168.7,LOSS,STOP_HIT,27836.50,825.00,2026-05-07 09:29:34
2026-05-01,2026-05-01 11:20:00,2026-05-01 11:40:00,OG,Backtest,AdxDiCrossBracketOG,OG_AdxDiCrossBracketOG,OG,NQ,NQ JUN26,LONG,1,27837.25,27877.75,805.64,801.28,160.3,WIN,TARGET_HIT,27796.25,820.00,2026-05-07 09:29:34
2026-05-01,2026-05-01 11:10:00,2026-05-01 11:15:00,OG,Backtest,AdxDiCrossBracketOG,OG_AdxDiCrossBracketOG,OG,NQ,NQ JUN26,SHORT,1,27795.25,27837.00,-839.36,-843.72,-168.7,LOSS,STOP_HIT,27836.50,825.00,2026-05-07 09:29:34
2026-05-01,2026-05-01 11:20:00,2026-05-01 11:40:00,OG,Backtest,AdxDiCrossBracketOG,OG_AdxDiCrossBracketOG,OG,NQ,NQ JUN26,LONG,1,27837.25,27877.75,805.64,801.28,160.3,WIN,TARGET_HIT,27796.25,820.00,2026-05-07 09:29:34
2026-05-01,2026-05-01 11:10:00,2026-05-01 11:15:00,OG,Backtest,AdxDiCrossBracketOG,OG_AdxDiCrossBracketOG,OG,NQ,NQ JUN26,SHORT,1,27795.25,27837.00,-839.36,-843.72,-168.7,LOSS,STOP_HIT,27836.50,825.00,2026-05-07 09:29:35
2026-05-01,2026-05-01 11:20:00,2026-05-01 11:40:00,OG,Backtest,AdxDiCrossBracketOG,OG_AdxDiCrossBracketOG,OG,NQ,NQ JUN26,LONG,1,27837.25,27877.75,805.64,801.28,160.3,WIN,TARGET_HIT,27796.25,820.00,2026-05-07 09:29:35
2026-05-01,2026-05-01 11:20:00,2026-05-01 11:40:00,OG,Backtest,AdxDiCrossBracketOG,OG_AdxDiCrossBracketOG,OG,NQ,NQ JUN26,LONG,1,27837.25,27877.75,805.64,801.28,160.3,WIN,TARGET_HIT,27796.25,820.00,2026-05-07 09:29:35
2026-05-01,2026-05-01 11:10:00,2026-05-01 11:15:00,OG,Backtest,AdxDiCrossBracketOG,OG_AdxDiCrossBracketOG,OG,NQ,NQ JUN26,SHORT,1,27795.25,27837.00,-839.36,-843.72,-168.7,LOSS,STOP_HIT,27836.50,825.00,2026-05-07 09:29:35
2026-05-01,2026-05-01 11:10:00,2026-05-01 11:15:00,OG,Backtest,AdxDiCrossBracketOG,OG_AdxDiCrossBracketOG,OG,NQ,NQ JUN26,SHORT,1,27795.25,27837.00,-839.36,-843.72,-168.7,LOSS,STOP_HIT,27836.50,825.00,2026-05-07 09:29:35
2026-05-01,2026-05-01 11:10:00,2026-05-01 11:15:00,OG,Backtest,AdxDiCrossBracketOG,OG_AdxDiCrossBracketOG,OG,NQ,NQ JUN26,SHORT,1,27795.25,27837.00,-839.36,-843.72,-168.7,LOSS,STOP_HIT,27836.50,825.00,2026-05-07 09:29:35
2026-05-01,2026-05-01 11:20:00,2026-05-01 11:40:00,OG,Backtest,AdxDiCrossBracketOG,OG_AdxDiCrossBracketOG,OG,NQ,NQ JUN26,LONG,1,27837.25,27877.75,805.64,801.28,160.3,WIN,TARGET_HIT,27796.25,820.00,2026-05-07 09:29:35
2026-05-01,2026-05-01 11:20:00,2026-05-01 11:40:00,OG,Backtest,AdxDiCrossBracketOG,OG_AdxDiCrossBracketOG,OG,NQ,NQ JUN26,LONG,1,27837.25,27877.75,805.64,801.28,160.3,WIN,TARGET_HIT,27796.25,820.00,2026-05-07 09:29:35
2026-05-01,2026-05-01 11:10:00,2026-05-01 11:20:00,OG,Backtest,AdxDiCrossBracketOG,OG_AdxDiCrossBracketOG,OG,NQ,NQ JUN26,SHORT,1,27795.25,27837.25,-844.36,-848.72,-169.7,LOSS,STOP_HIT,27877.50,1645.00,2026-05-07 09:29:35
2026-05-04,2026-05-04 11:05:00,2026-05-04 11:10:00,OG,Backtest,AdxDiCrossBracketOG,OG_AdxDiCrossBracketOG,OG,NQ,NQ JUN26,SHORT,1,27881.50,27890.00,-174.36,-178.72,-35.7,LOSS,STOP_HIT,27951.00,1390.00,2026-05-07 09:29:35
2026-05-01,2026-05-01 11:10:00,2026-05-01 11:15:00,OG,Backtest,AdxDiCrossBracketOG,OG_AdxDiCrossBracketOG,OG,NQ,NQ JUN26,SHORT,1,27795.25,27837.00,-839.36,-843.72,-168.7,LOSS,STOP_HIT,27836.50,825.00,2026-05-07 09:29:35
2026-05-01,2026-05-01 11:20:00,2026-05-01 11:40:00,OG,Backtest,AdxDiCrossBracketOG,OG_AdxDiCrossBracketOG,OG,NQ,NQ JUN26,LONG,1,27837.25,27877.75,805.64,801.28,160.3,WIN,TARGET_HIT,27796.25,820.00,2026-05-07 09:29:35
2026-05-01,2026-05-01 11:10:00,2026-05-01 11:15:00,OG,Backtest,AdxDiCrossBracketOG,OG_AdxDiCrossBracketOG,OG,NQ,NQ JUN26,SHORT,1,27795.25,27837.00,-839.36,-843.72,-168.7,LOSS,STOP_HIT,27836.50,825.00,2026-05-07 09:29:35
2026-05-01,2026-05-01 11:10:00,2026-05-01 11:15:00,OG,Backtest,AdxDiCrossBracketOG,OG_AdxDiCrossBracketOG,OG,NQ,NQ JUN26,SHORT,1,27795.25,27837.00,-839.36,-843.72,-168.7,LOSS,STOP_HIT,27836.50,825.00,2026-05-07 09:29:35
2026-05-01,2026-05-01 11:20:00,2026-05-01 11:40:00,OG,Backtest,AdxDiCrossBracketOG,OG_AdxDiCrossBracketOG,OG,NQ,NQ JUN26,LONG,1,27837.25,27877.75,805.64,801.28,160.3,WIN,TARGET_HIT,27796.25,820.00,2026-05-07 09:29:35
2026-05-01,2026-05-01 11:10:00,2026-05-01 11:15:00,OG,Backtest,AdxDiCrossBracketOG,OG_AdxDiCrossBracketOG,OG,NQ,NQ JUN26,SHORT,1,27795.25,27837.00,-839.36,-843.72,-168.7,LOSS,STOP_HIT,27836.50,825.00,2026-05-07 09:29:35
2026-05-01,2026-05-01 11:20:00,2026-05-01 11:40:00,OG,Backtest,AdxDiCrossBracketOG,OG_AdxDiCrossBracketOG,OG,NQ,NQ JUN26,LONG,1,27837.25,27877.75,805.64,801.28,160.3,WIN,TARGET_HIT,27796.25,820.00,2026-05-07 09:29:35
2026-05-01,2026-05-01 11:20:00,2026-05-01 11:40:00,OG,Backtest,AdxDiCrossBracketOG,OG_AdxDiCrossBracketOG,OG,NQ,NQ JUN26,LONG,1,27837.25,27877.75,805.64,801.28,160.3,WIN,TARGET_HIT,27796.25,820.00,2026-05-07 09:29:35
2026-05-01,2026-05-01 11:20:00,2026-05-01 11:40:00,OG,Backtest,AdxDiCrossBracketOG,OG_AdxDiCrossBracketOG,OG,NQ,NQ JUN26,LONG,1,27837.25,27877.75,805.64,801.28,160.3,WIN,TARGET_HIT,27796.25,820.00,2026-05-07 09:29:35
2026-05-01,2026-05-01 11:20:00,2026-05-01 11:40:00,OG,Backtest,AdxDiCrossBracketOG,OG_AdxDiCrossBracketOG,OG,NQ,NQ JUN26,LONG,1,27837.25,27877.75,805.64,801.28,160.3,WIN,TARGET_HIT,27796.25,820.00,2026-05-07 09:29:35
2026-05-01,2026-05-01 11:10:00,2026-05-01 11:15:00,OG,Backtest,AdxDiCrossBracketOG,OG_AdxDiCrossBracketOG,OG,NQ,NQ JUN26,SHORT,1,27795.25,27837.00,-839.36,-843.72,-168.7,LOSS,STOP_HIT,27836.50,825.00,2026-05-07 09:29:35
2026-05-01,2026-05-01 11:20:00,2026-05-01 11:40:00,OG,Backtest,AdxDiCrossBracketOG,OG_AdxDiCrossBracketOG,OG,NQ,NQ JUN26,LONG,1,27837.25,27877.75,805.64,801.28,160.3,WIN,TARGET_HIT,27796.25,820.00,2026-05-07 09:29:35
2026-05-01,2026-05-01 11:10:00,2026-05-01 11:15:00,OG,Backtest,AdxDiCrossBracketOG,OG_AdxDiCrossBracketOG,OG,NQ,NQ JUN26,SHORT,1,27795.25,27837.00,-839.36,-843.72,-168.7,LOSS,STOP_HIT,27836.50,825.00,2026-05-07 09:29:35
2026-05-01,2026-05-01 11:20:00,2026-05-01 11:40:00,OG,Backtest,AdxDiCrossBracketOG,OG_AdxDiCrossBracketOG,OG,NQ,NQ JUN26,LONG,1,27837.25,27877.75,805.64,801.28,160.3,WIN,TARGET_HIT,27796.25,820.00,2026-05-07 09:29:35
2026-05-01,2026-05-01 11:20:00,2026-05-01 11:40:00,OG,Backtest,AdxDiCrossBracketOG,OG_AdxDiCrossBracketOG,OG,NQ,NQ JUN26,LONG,1,27837.25,27877.75,805.64,801.28,160.3,WIN,TARGET_HIT,27796.25,820.00,2026-05-07 09:29:35
2026-05-01,2026-05-01 11:10:00,2026-05-01 11:15:00,OG,Backtest,AdxDiCrossBracketOG,OG_AdxDiCrossBracketOG,OG,NQ,NQ JUN26,SHORT,1,27795.25,27837.00,-839.36,-843.72,-168.7,LOSS,STOP_HIT,27836.50,825.00,2026-05-07 09:29:35
2026-05-01,2026-05-01 11:20:00,2026-05-01 11:40:00,OG,Backtest,AdxDiCrossBracketOG,OG_AdxDiCrossBracketOG,OG,NQ,NQ JUN26,LONG,1,27837.25,27877.75,805.64,801.28,160.3,WIN,TARGET_HIT,27796.25,820.00,2026-05-07 09:29:35
2026-05-01,2026-05-01 11:20:00,2026-05-01 11:40:00,OG,Backtest,AdxDiCrossBracketOG,OG_AdxDiCrossBracketOG,OG,NQ,NQ JUN26,LONG,1,27837.25,27877.75,805.64,801.28,160.3,WIN,TARGET_HIT,27796.25,820.00,2026-05-07 09:29:35
2026-05-01,2026-05-01 11:10:00,2026-05-01 11:15:00,OG,Backtest,AdxDiCrossBracketOG,OG_AdxDiCrossBracketOG,OG,NQ,NQ JUN26,SHORT,1,27795.25,27837.00,-839.36,-843.72,-168.7,LOSS,STOP_HIT,27836.50,825.00,2026-05-07 09:29:35
2026-05-01,2026-05-01 11:20:00,2026-05-01 11:40:00,OG,Backtest,AdxDiCrossBracketOG,OG_AdxDiCrossBracketOG,OG,NQ,NQ JUN26,LONG,1,27837.25,27877.75,805.64,801.28,160.3,WIN,TARGET_HIT,27796.25,820.00,2026-05-07 09:29:35
2026-05-01,2026-05-01 11:10:00,2026-05-01 11:15:00,OG,Backtest,AdxDiCrossBracketOG,OG_AdxDiCrossBracketOG,OG,NQ,NQ JUN26,SHORT,1,27795.25,27837.00,-839.36,-843.72,-168.7,LOSS,STOP_HIT,27836.50,825.00,2026-05-07 09:29:35
2026-05-01,2026-05-01 11:20:00,2026-05-01 11:40:00,OG,Backtest,AdxDiCrossBracketOG,OG_AdxDiCrossBracketOG,OG,NQ,NQ JUN26,LONG,1,27837.25,27877.75,805.64,801.28,160.3,WIN,TARGET_HIT,27796.25,820.00,2026-05-07 09:29:35
2026-05-01,2026-05-01 11:20:00,2026-05-01 11:40:00,OG,Backtest,AdxDiCrossBracketOG,OG_AdxDiCrossBracketOG,OG,NQ,NQ JUN26,LONG,1,27837.25,27877.75,805.64,801.28,160.3,WIN,TARGET_HIT,27796.25,820.00,2026-05-07 09:29:35
2026-05-01,2026-05-01 11:10:00,2026-05-01 11:15:00,OG,Backtest,AdxDiCrossBracketOG,OG_AdxDiCrossBracketOG,OG,NQ,NQ JUN26,SHORT,1,27795.25,27837.00,-839.36,-843.72,-168.7,LOSS,STOP_HIT,27836.50,825.00,2026-05-07 09:29:35
2026-05-01,2026-05-01 11:20:00,2026-05-01 11:40:00,OG,Backtest,AdxDiCrossBracketOG,OG_AdxDiCrossBracketOG,OG,NQ,NQ JUN26,LONG,1,27837.25,27877.75,805.64,801.28,160.3,WIN,TARGET_HIT,27796.25,820.00,2026-05-07 09:29:35
2026-05-01,2026-05-01 11:10:00,2026-05-01 11:15:00,OG,Backtest,AdxDiCrossBracketOG,OG_AdxDiCrossBracketOG,OG,NQ,NQ JUN26,SHORT,1,27795.25,27837.00,-839.36,-843.72,-168.7,LOSS,STOP_HIT,27836.50,825.00,2026-05-07 09:29:35
2026-05-01,2026-05-01 11:20:00,2026-05-01 11:40:00,OG,Backtest,AdxDiCrossBracketOG,OG_AdxDiCrossBracketOG,OG,NQ,NQ JUN26,LONG,1,27837.25,27877.75,805.64,801.28,160.3,WIN,TARGET_HIT,27796.25,820.00,2026-05-07 09:29:35
2026-05-01,2026-05-01 11:10:00,2026-05-01 11:15:00,OG,Backtest,AdxDiCrossBracketOG,OG_AdxDiCrossBracketOG,OG,NQ,NQ JUN26,SHORT,1,27795.25,27837.00,-839.36,-843.72,-168.7,LOSS,STOP_HIT,27836.50,825.00,2026-05-07 09:29:35
2026-05-01,2026-05-01 11:10:00,2026-05-01 11:15:00,OG,Backtest,AdxDiCrossBracketOG,OG_AdxDiCrossBracketOG,OG,NQ,NQ JUN26,SHORT,1,27795.25,27837.00,-839.36,-843.72,-168.7,LOSS,STOP_HIT,27836.50,825.00,2026-05-07 09:29:35
2026-05-01,2026-05-01 11:10:00,2026-05-01 11:15:00,OG,Backtest,AdxDiCrossBracketOG,OG_AdxDiCrossBracketOG,OG,NQ,NQ JUN26,SHORT,1,27795.25,27837.00,-839.36,-843.72,-168.7,LOSS,STOP_HIT,27836.50,825.00,2026-05-07 09:29:35
2026-05-01,2026-05-01 11:20:00,2026-05-01 11:40:00,OG,Backtest,AdxDiCrossBracketOG,OG_AdxDiCrossBracketOG,OG,NQ,NQ JUN26,LONG,1,27837.25,27877.75,805.64,801.28,160.3,WIN,TARGET_HIT,27796.25,820.00,2026-05-07 09:29:35
2026-05-01,2026-05-01 11:10:00,2026-05-01 11:15:00,OG,Backtest,AdxDiCrossBracketOG,OG_AdxDiCrossBracketOG,OG,NQ,NQ JUN26,SHORT,1,27795.25,27837.00,-839.36,-843.72,-168.7,LOSS,STOP_HIT,27836.50,825.00,2026-05-07 09:29:35
2026-05-01,2026-05-01 11:20:00,2026-05-01 11:40:00,OG,Backtest,AdxDiCrossBracketOG,OG_AdxDiCrossBracketOG,OG,NQ,NQ JUN26,LONG,1,27837.25,27877.75,805.64,801.28,160.3,WIN,TARGET_HIT,27796.25,820.00,2026-05-07 09:29:35
2026-05-01,2026-05-01 11:10:00,2026-05-01 11:15:00,OG,Backtest,AdxDiCrossBracketOG,OG_AdxDiCrossBracketOG,OG,NQ,NQ JUN26,SHORT,1,27795.25,27837.00,-839.36,-843.72,-168.7,LOSS,STOP_HIT,27836.50,825.00,2026-05-07 09:29:35
2026-05-01,2026-05-01 11:10:00,2026-05-01 11:20:00,OG,Backtest,AdxDiCrossBracketOG,OG_AdxDiCrossBracketOG,OG,NQ,NQ JUN26,SHORT,1,27795.25,27837.25,-844.36,-848.72,-169.7,LOSS,STOP_HIT,27857.00,1235.00,2026-05-07 09:29:35
2026-05-01,2026-05-01 11:20:00,2026-05-01 11:40:00,OG,Backtest,AdxDiCrossBracketOG,OG_AdxDiCrossBracketOG,OG,NQ,NQ JUN26,LONG,1,27837.25,27877.75,805.64,801.28,160.3,WIN,TARGET_HIT,27796.25,820.00,2026-05-07 09:29:35
2026-05-01,2026-05-01 11:10:00,2026-05-01 11:15:00,OG,Backtest,AdxDiCrossBracketOG,OG_AdxDiCrossBracketOG,OG,NQ,NQ JUN26,SHORT,1,27795.25,27837.00,-839.36,-843.72,-168.7,LOSS,STOP_HIT,27836.50,825.00,2026-05-07 09:29:35
2026-05-01,2026-05-01 11:20:00,2026-05-01 11:40:00,OG,Backtest,AdxDiCrossBracketOG,OG_AdxDiCrossBracketOG,OG,NQ,NQ JUN26,LONG,1,27837.25,27877.75,805.64,801.28,160.3,WIN,TARGET_HIT,27796.25,820.00,2026-05-07 09:29:35
2026-05-01,2026-05-01 11:10:00,2026-05-01 11:20:00,OG,Backtest,AdxDiCrossBracketOG,OG_AdxDiCrossBracketOG,OG,NQ,NQ JUN26,SHORT,1,27795.25,27837.25,-844.36,-848.72,-169.7,LOSS,STOP_HIT,27857.00,1235.00,2026-05-07 09:29:35
2026-05-01,2026-05-01 11:10:00,2026-05-01 11:20:00,OG,Backtest,AdxDiCrossBracketOG,OG_AdxDiCrossBracketOG,OG,NQ,NQ JUN26,SHORT,1,27795.25,27837.25,-844.36,-848.72,-169.7,LOSS,STOP_HIT,27857.00,1235.00,2026-05-07 09:29:35
2026-05-01,2026-05-01 11:10:00,2026-05-01 11:20:00,OG,Backtest,AdxDiCrossBracketOG,OG_AdxDiCrossBracketOG,OG,NQ,NQ JUN26,SHORT,1,27795.25,27837.25,-844.36,-848.72,-169.7,LOSS,STOP_HIT,27857.00,1235.00,2026-05-07 09:29:35
2026-05-01,2026-05-01 11:10:00,2026-05-01 11:15:00,OG,Backtest,AdxDiCrossBracketOG,OG_AdxDiCrossBracketOG,OG,NQ,NQ JUN26,SHORT,1,27795.25,27837.00,-839.36,-843.72,-168.7,LOSS,STOP_HIT,27836.50,825.00,2026-05-07 09:29:35
2026-05-01,2026-05-01 11:20:00,2026-05-01 11:40:00,OG,Backtest,AdxDiCrossBracketOG,OG_AdxDiCrossBracketOG,OG,NQ,NQ JUN26,LONG,1,27837.25,27877.75,805.64,801.28,160.3,WIN,TARGET_HIT,27796.25,820.00,2026-05-07 09:29:35
2026-05-01,2026-05-01 11:10:00,2026-05-01 11:20:00,OG,Backtest,AdxDiCrossBracketOG,OG_AdxDiCrossBracketOG,OG,NQ,NQ JUN26,SHORT,1,27795.25,27837.25,-844.36,-848.72,-169.7,LOSS,STOP_HIT,27857.00,1235.00,2026-05-07 09:29:36
2026-05-01,2026-05-01 11:20:00,2026-05-01 11:40:00,OG,Backtest,AdxDiCrossBracketOG,OG_AdxDiCrossBracketOG,OG,NQ,NQ JUN26,LONG,1,27837.25,27877.75,805.64,801.28,160.3,WIN,TARGET_HIT,27796.25,820.00,2026-05-07 09:29:36
2026-05-01,2026-05-01 11:10:00,2026-05-01 11:20:00,OG,Backtest,AdxDiCrossBracketOG,OG_AdxDiCrossBracketOG,OG,NQ,NQ JUN26,SHORT,1,27795.25,27837.25,-844.36,-848.72,-169.7,LOSS,STOP_HIT,27857.00,1235.00,2026-05-07 09:29:36
2026-05-01,2026-05-01 11:10:00,2026-05-01 11:20:00,OG,Backtest,AdxDiCrossBracketOG,OG_AdxDiCrossBracketOG,OG,NQ,NQ JUN26,SHORT,1,27795.25,27837.25,-844.36,-848.72,-169.7,LOSS,STOP_HIT,27857.00,1235.00,2026-05-07 09:29:36
2026-05-01,2026-05-01 11:10:00,2026-05-01 11:20:00,OG,Backtest,AdxDiCrossBracketOG,OG_AdxDiCrossBracketOG,OG,NQ,NQ JUN26,SHORT,1,27795.25,27837.25,-844.36,-848.72,-169.7,LOSS,STOP_HIT,27857.00,1235.00,2026-05-07 09:29:36
2026-05-01,2026-05-01 11:10:00,2026-05-01 11:15:00,OG,Backtest,AdxDiCrossBracketOG,OG_AdxDiCrossBracketOG,OG,NQ,NQ JUN26,SHORT,1,27795.25,27837.00,-839.36,-843.72,-168.7,LOSS,STOP_HIT,27836.50,825.00,2026-05-07 09:29:36
2026-05-01,2026-05-01 11:20:00,2026-05-01 11:40:00,OG,Backtest,AdxDiCrossBracketOG,OG_AdxDiCrossBracketOG,OG,NQ,NQ JUN26,LONG,1,27837.25,27877.75,805.64,801.28,160.3,WIN,TARGET_HIT,27796.25,820.00,2026-05-07 09:29:36
2026-05-01,2026-05-01 11:10:00,2026-05-01 11:15:00,OG,Backtest,AdxDiCrossBracketOG,OG_AdxDiCrossBracketOG,OG,NQ,NQ JUN26,SHORT,1,27795.25,27837.00,-839.36,-843.72,-168.7,LOSS,STOP_HIT,27836.50,825.00,2026-05-07 09:29:36
2026-05-01,2026-05-01 11:10:00,2026-05-01 11:20:00,OG,Backtest,AdxDiCrossBracketOG,OG_AdxDiCrossBracketOG,OG,NQ,NQ JUN26,SHORT,1,27795.25,27837.25,-844.36,-848.72,-169.7,LOSS,STOP_HIT,27857.00,1235.00,2026-05-07 09:29:36
2026-05-01,2026-05-01 11:10:00,2026-05-01 11:20:00,OG,Backtest,AdxDiCrossBracketOG,OG_AdxDiCrossBracketOG,OG,NQ,NQ JUN26,SHORT,1,27795.25,27837.25,-844.36,-848.72,-169.7,LOSS,STOP_HIT,27857.00,1235.00,2026-05-07 09:29:36
2026-05-01,2026-05-01 11:10:00,2026-05-01 11:20:00,OG,Backtest,AdxDiCrossBracketOG,OG_AdxDiCrossBracketOG,OG,NQ,NQ JUN26,SHORT,1,27795.25,27837.25,-844.36,-848.72,-169.7,LOSS,STOP_HIT,27857.00,1235.00,2026-05-07 09:29:36
2026-05-01,2026-05-01 11:10:00,2026-05-01 11:20:00,OG,Backtest,AdxDiCrossBracketOG,OG_AdxDiCrossBracketOG,OG,NQ,NQ JUN26,SHORT,1,27795.25,27837.25,-844.36,-848.72,-169.7,LOSS,STOP_HIT,27857.00,1235.00,2026-05-07 09:29:36
2026-05-01,2026-05-01 11:10:00,2026-05-01 11:20:00,OG,Backtest,AdxDiCrossBracketOG,OG_AdxDiCrossBracketOG,OG,NQ,NQ JUN26,SHORT,1,27795.25,27837.25,-844.36,-848.72,-169.7,LOSS,STOP_HIT,27857.00,1235.00,2026-05-07 09:29:36
2026-05-01,2026-05-01 11:10:00,2026-05-01 11:20:00,OG,Backtest,AdxDiCrossBracketOG,OG_AdxDiCrossBracketOG,OG,NQ,NQ JUN26,SHORT,1,27795.25,27837.25,-844.36,-848.72,-169.7,LOSS,STOP_HIT,27857.00,1235.00,2026-05-07 09:29:36
2026-05-01,2026-05-01 11:10:00,2026-05-01 11:15:00,OG,Backtest,AdxDiCrossBracketOG,OG_AdxDiCrossBracketOG,OG,NQ,NQ JUN26,SHORT,1,27795.25,27837.00,-839.36,-843.72,-168.7,LOSS,STOP_HIT,27836.50,825.00,2026-05-07 09:29:36
2026-05-01,2026-05-01 11:10:00,2026-05-01 11:20:00,OG,Backtest,AdxDiCrossBracketOG,OG_AdxDiCrossBracketOG,OG,NQ,NQ JUN26,SHORT,1,27795.25,27837.25,-844.36,-848.72,-169.7,LOSS,STOP_HIT,27857.00,1235.00,2026-05-07 09:29:36
2026-05-01,2026-05-01 11:10:00,2026-05-01 11:20:00,OG,Backtest,AdxDiCrossBracketOG,OG_AdxDiCrossBracketOG,OG,NQ,NQ JUN26,SHORT,1,27795.25,27837.25,-844.36,-848.72,-169.7,LOSS,STOP_HIT,27857.00,1235.00,2026-05-07 09:29:36
2026-05-01,2026-05-01 11:20:00,2026-05-01 11:40:00,OG,Backtest,AdxDiCrossBracketOG,OG_AdxDiCrossBracketOG,OG,NQ,NQ JUN26,LONG,1,27837.25,27877.75,805.64,801.28,160.3,WIN,TARGET_HIT,27796.25,820.00,2026-05-07 09:29:36
2026-05-01,2026-05-01 11:10:00,2026-05-01 11:20:00,OG,Backtest,AdxDiCrossBracketOG,OG_AdxDiCrossBracketOG,OG,NQ,NQ JUN26,SHORT,1,27795.25,27837.25,-844.36,-848.72,-169.7,LOSS,STOP_HIT,27857.00,1235.00,2026-05-07 09:29:36
2026-05-01,2026-05-01 11:10:00,2026-05-01 11:20:00,OG,Backtest,AdxDiCrossBracketOG,OG_AdxDiCrossBracketOG,OG,NQ,NQ JUN26,SHORT,1,27795.25,27837.25,-844.36,-848.72,-169.7,LOSS,STOP_HIT,27857.00,1235.00,2026-05-07 09:29:36
2026-05-01,2026-05-01 11:10:00,2026-05-01 11:20:00,OG,Backtest,AdxDiCrossBracketOG,OG_AdxDiCrossBracketOG,OG,NQ,NQ JUN26,SHORT,1,27795.25,27837.25,-844.36,-848.72,-169.7,LOSS,STOP_HIT,27857.00,1235.00,2026-05-07 09:29:36
2026-05-01,2026-05-01 11:10:00,2026-05-01 11:20:00,OG,Backtest,AdxDiCrossBracketOG,OG_AdxDiCrossBracketOG,OG,NQ,NQ JUN26,SHORT,1,27795.25,27837.25,-844.36,-848.72,-169.7,LOSS,STOP_HIT,27877.50,1645.00,2026-05-07 09:29:36
2026-05-01,2026-05-01 11:10:00,2026-05-01 11:20:00,OG,Backtest,AdxDiCrossBracketOG,OG_AdxDiCrossBracketOG,OG,NQ,NQ JUN26,SHORT,1,27795.25,27837.25,-844.36,-848.72,-169.7,LOSS,STOP_HIT,27857.00,1235.00,2026-05-07 09:29:36
2026-05-01,2026-05-01 11:10:00,2026-05-01 11:20:00,OG,Backtest,AdxDiCrossBracketOG,OG_AdxDiCrossBracketOG,OG,NQ,NQ JUN26,SHORT,1,27795.25,27837.25,-844.36,-848.72,-169.7,LOSS,STOP_HIT,27857.00,1235.00,2026-05-07 09:29:36
2026-05-01,2026-05-01 11:10:00,2026-05-01 11:20:00,OG,Backtest,AdxDiCrossBracketOG,OG_AdxDiCrossBracketOG,OG,NQ,NQ JUN26,SHORT,1,27795.25,27837.25,-844.36,-848.72,-169.7,LOSS,STOP_HIT,27857.00,1235.00,2026-05-07 09:29:36
2026-05-01,2026-05-01 11:10:00,2026-05-01 11:20:00,OG,Backtest,AdxDiCrossBracketOG,OG_AdxDiCrossBracketOG,OG,NQ,NQ JUN26,SHORT,1,27795.25,27837.25,-844.36,-848.72,-169.7,LOSS,STOP_HIT,27857.00,1235.00,2026-05-07 09:29:36
2026-05-01,2026-05-01 11:10:00,2026-05-01 11:20:00,OG,Backtest,AdxDiCrossBracketOG,OG_AdxDiCrossBracketOG,OG,NQ,NQ JUN26,SHORT,1,27795.25,27837.25,-844.36,-848.72,-169.7,LOSS,STOP_HIT,27857.00,1235.00,2026-05-07 09:29:36
2026-05-01,2026-05-01 11:10:00,2026-05-01 11:20:00,OG,Backtest,AdxDiCrossBracketOG,OG_AdxDiCrossBracketOG,OG,NQ,NQ JUN26,SHORT,1,27795.25,27837.25,-844.36,-848.72,-169.7,LOSS,STOP_HIT,27857.00,1235.00,2026-05-07 09:29:36
2026-05-01,2026-05-01 11:10:00,2026-05-01 11:20:00,OG,Backtest,AdxDiCrossBracketOG,OG_AdxDiCrossBracketOG,OG,NQ,NQ JUN26,SHORT,1,27795.25,27837.25,-844.36,-848.72,-169.7,LOSS,STOP_HIT,27857.00,1235.00,2026-05-07 09:29:36
2026-05-01,2026-05-01 11:10:00,2026-05-01 11:20:00,OG,Backtest,AdxDiCrossBracketOG,OG_AdxDiCrossBracketOG,OG,NQ,NQ JUN26,SHORT,1,27795.25,27837.25,-844.36,-848.72,-169.7,LOSS,STOP_HIT,27857.00,1235.00,2026-05-07 09:29:36
2026-05-01,2026-05-01 11:10:00,2026-05-01 11:20:00,OG,Backtest,AdxDiCrossBracketOG,OG_AdxDiCrossBracketOG,OG,NQ,NQ JUN26,SHORT,1,27795.25,27837.25,-844.36,-848.72,-169.7,LOSS,STOP_HIT,27877.50,1645.00,2026-05-07 09:29:36
2026-05-01,2026-05-01 11:10:00,2026-05-01 11:20:00,OG,Backtest,AdxDiCrossBracketOG,OG_AdxDiCrossBracketOG,OG,NQ,NQ JUN26,SHORT,1,27795.25,27837.25,-844.36,-848.72,-169.7,LOSS,STOP_HIT,27857.00,1235.00,2026-05-07 09:29:36
2026-05-01,2026-05-01 11:10:00,2026-05-01 11:20:00,OG,Backtest,AdxDiCrossBracketOG,OG_AdxDiCrossBracketOG,OG,NQ,NQ JUN26,SHORT,1,27795.25,27837.25,-844.36,-848.72,-169.7,LOSS,STOP_HIT,27877.50,1645.00,2026-05-07 09:29:36
2026-05-01,2026-05-01 11:10:00,2026-05-01 11:20:00,OG,Backtest,AdxDiCrossBracketOG,OG_AdxDiCrossBracketOG,OG,NQ,NQ JUN26,SHORT,1,27795.25,27837.25,-844.36,-848.72,-169.7,LOSS,STOP_HIT,27857.00,1235.00,2026-05-07 09:29:36
2026-05-01,2026-05-01 11:10:00,2026-05-01 11:20:00,OG,Backtest,AdxDiCrossBracketOG,OG_AdxDiCrossBracketOG,OG,NQ,NQ JUN26,SHORT,1,27795.25,27837.25,-844.36,-848.72,-169.7,LOSS,STOP_HIT,27857.00,1235.00,2026-05-07 09:29:36
2026-05-01,2026-05-01 11:10:00,2026-05-01 11:20:00,OG,Backtest,AdxDiCrossBracketOG,OG_AdxDiCrossBracketOG,OG,NQ,NQ JUN26,SHORT,1,27795.25,27837.25,-844.36,-848.72,-169.7,LOSS,STOP_HIT,27857.00,1235.00,2026-05-07 09:29:36
2026-05-01,2026-05-01 11:10:00,2026-05-01 11:20:00,OG,Backtest,AdxDiCrossBracketOG,OG_AdxDiCrossBracketOG,OG,NQ,NQ JUN26,SHORT,1,27795.25,27837.25,-844.36,-848.72,-169.7,LOSS,STOP_HIT,27857.00,1235.00,2026-05-07 09:29:37
2026-05-01,2026-05-01 11:10:00,2026-05-01 11:20:00,OG,Backtest,AdxDiCrossBracketOG,OG_AdxDiCrossBracketOG,OG,NQ,NQ JUN26,SHORT,1,27795.25,27837.25,-844.36,-848.72,-169.7,LOSS,STOP_HIT,27857.00,1235.00,2026-05-07 09:29:37
2026-05-01,2026-05-01 11:10:00,2026-05-01 11:20:00,OG,Backtest,AdxDiCrossBracketOG,OG_AdxDiCrossBracketOG,OG,NQ,NQ JUN26,SHORT,1,27795.25,27837.25,-844.36,-848.72,-169.7,LOSS,STOP_HIT,27857.00,1235.00,2026-05-07 09:29:37
2026-05-01,2026-05-01 11:10:00,2026-05-01 11:20:00,OG,Backtest,AdxDiCrossBracketOG,OG_AdxDiCrossBracketOG,OG,NQ,NQ JUN26,SHORT,1,27795.25,27837.25,-844.36,-848.72,-169.7,LOSS,STOP_HIT,27877.50,1645.00,2026-05-07 09:29:37
2026-05-01,2026-05-01 11:10:00,2026-05-01 11:20:00,OG,Backtest,AdxDiCrossBracketOG,OG_AdxDiCrossBracketOG,OG,NQ,NQ JUN26,SHORT,1,27795.25,27837.25,-844.36,-848.72,-169.7,LOSS,STOP_HIT,27857.00,1235.00,2026-05-07 09:29:37
2026-05-01,2026-05-01 11:10:00,2026-05-01 11:20:00,OG,Backtest,AdxDiCrossBracketOG,OG_AdxDiCrossBracketOG,OG,NQ,NQ JUN26,SHORT,1,27795.25,27837.25,-844.36,-848.72,-169.7,LOSS,STOP_HIT,27877.50,1645.00,2026-05-07 09:29:37
2026-05-01,2026-05-01 11:10:00,2026-05-01 11:20:00,OG,Backtest,AdxDiCrossBracketOG,OG_AdxDiCrossBracketOG,OG,NQ,NQ JUN26,SHORT,1,27795.25,27837.25,-844.36,-848.72,-169.7,LOSS,STOP_HIT,27877.50,1645.00,2026-05-07 09:29:37
2026-05-01,2026-05-01 11:10:00,2026-05-01 11:20:00,OG,Backtest,AdxDiCrossBracketOG,OG_AdxDiCrossBracketOG,OG,NQ,NQ JUN26,SHORT,1,27795.25,27837.25,-844.36,-848.72,-169.7,LOSS,STOP_HIT,27877.50,1645.00,2026-05-07 09:29:37
2026-05-01,2026-05-01 11:10:00,2026-05-01 11:20:00,OG,Backtest,AdxDiCrossBracketOG,OG_AdxDiCrossBracketOG,OG,NQ,NQ JUN26,SHORT,1,27795.25,27837.25,-844.36,-848.72,-169.7,LOSS,STOP_HIT,27877.50,1645.00,2026-05-07 09:29:37
2026-05-01,2026-05-01 11:10:00,2026-05-01 11:20:00,OG,Backtest,AdxDiCrossBracketOG,OG_AdxDiCrossBracketOG,OG,NQ,NQ JUN26,SHORT,1,27795.25,27837.25,-844.36,-848.72,-169.7,LOSS,STOP_HIT,27857.00,1235.00,2026-05-07 09:29:37
2026-05-01,2026-05-01 11:10:00,2026-05-01 11:20:00,OG,Backtest,AdxDiCrossBracketOG,OG_AdxDiCrossBracketOG,OG,NQ,NQ JUN26,SHORT,1,27795.25,27837.25,-844.36,-848.72,-169.7,LOSS,STOP_HIT,27877.50,1645.00,2026-05-07 09:29:37
2026-05-01,2026-05-01 11:10:00,2026-05-01 11:20:00,OG,Backtest,AdxDiCrossBracketOG,OG_AdxDiCrossBracketOG,OG,NQ,NQ JUN26,SHORT,1,27795.25,27837.25,-844.36,-848.72,-169.7,LOSS,STOP_HIT,27857.00,1235.00,2026-05-07 09:29:37
2026-05-01,2026-05-01 11:10:00,2026-05-01 11:20:00,OG,Backtest,AdxDiCrossBracketOG,OG_AdxDiCrossBracketOG,OG,NQ,NQ JUN26,SHORT,1,27795.25,27837.25,-844.36,-848.72,-169.7,LOSS,STOP_HIT,27877.50,1645.00,2026-05-07 09:29:37
2026-05-01,2026-05-01 11:10:00,2026-05-01 11:20:00,OG,Backtest,AdxDiCrossBracketOG,OG_AdxDiCrossBracketOG,OG,NQ,NQ JUN26,SHORT,1,27795.25,27837.25,-844.36,-848.72,-169.7,LOSS,STOP_HIT,27857.00,1235.00,2026-05-07 09:29:37
2026-05-01,2026-05-01 11:10:00,2026-05-01 11:20:00,OG,Backtest,AdxDiCrossBracketOG,OG_AdxDiCrossBracketOG,OG,NQ,NQ JUN26,SHORT,1,27795.25,27837.25,-844.36,-848.72,-169.7,LOSS,STOP_HIT,27877.50,1645.00,2026-05-07 09:29:37
2026-05-01,2026-05-01 11:10:00,2026-05-01 11:20:00,OG,Backtest,AdxDiCrossBracketOG,OG_AdxDiCrossBracketOG,OG,NQ,NQ JUN26,SHORT,1,27795.25,27837.25,-844.36,-848.72,-169.7,LOSS,STOP_HIT,27877.50,1645.00,2026-05-07 09:29:37
2026-05-01,2026-05-01 11:10:00,2026-05-01 11:20:00,OG,Backtest,AdxDiCrossBracketOG,OG_AdxDiCrossBracketOG,OG,NQ,NQ JUN26,SHORT,1,27795.25,27837.25,-844.36,-848.72,-169.7,LOSS,STOP_HIT,27877.50,1645.00,2026-05-07 09:29:37
2026-05-01,2026-05-01 11:10:00,2026-05-01 11:20:00,OG,Backtest,AdxDiCrossBracketOG,OG_AdxDiCrossBracketOG,OG,NQ,NQ JUN26,SHORT,1,27795.25,27837.25,-844.36,-848.72,-169.7,LOSS,STOP_HIT,27877.50,1645.00,2026-05-07 09:29:37
2026-05-01,2026-05-01 11:10:00,2026-05-01 11:20:00,OG,Backtest,AdxDiCrossBracketOG,OG_AdxDiCrossBracketOG,OG,NQ,NQ JUN26,SHORT,1,27795.25,27837.25,-844.36,-848.72,-169.7,LOSS,STOP_HIT,27877.50,1645.00,2026-05-07 09:29:37
2026-05-01,2026-05-01 11:10:00,2026-05-01 11:20:00,OG,Backtest,AdxDiCrossBracketOG,OG_AdxDiCrossBracketOG,OG,NQ,NQ JUN26,SHORT,1,27795.25,27837.25,-844.36,-848.72,-169.7,LOSS,STOP_HIT,27877.50,1645.00,2026-05-07 09:29:37
2026-05-01,2026-05-01 11:10:00,2026-05-01 11:20:00,OG,Backtest,AdxDiCrossBracketOG,OG_AdxDiCrossBracketOG,OG,NQ,NQ JUN26,SHORT,1,27795.25,27837.25,-844.36,-848.72,-169.7,LOSS,STOP_HIT,27877.50,1645.00,2026-05-07 09:29:37
2026-05-01,2026-05-01 11:10:00,2026-05-01 11:20:00,OG,Backtest,AdxDiCrossBracketOG,OG_AdxDiCrossBracketOG,OG,NQ,NQ JUN26,SHORT,1,27795.25,27837.25,-844.36,-848.72,-169.7,LOSS,STOP_HIT,27877.50,1645.00,2026-05-07 09:29:37
2026-05-01,2026-05-01 11:10:00,2026-05-01 11:20:00,OG,Backtest,AdxDiCrossBracketOG,OG_AdxDiCrossBracketOG,OG,NQ,NQ JUN26,SHORT,1,27795.25,27837.25,-844.36,-848.72,-169.7,LOSS,STOP_HIT,27877.50,1645.00,2026-05-07 09:29:37
2026-05-01,2026-05-01 11:10:00,2026-05-01 11:20:00,OG,Backtest,AdxDiCrossBracketOG,OG_AdxDiCrossBracketOG,OG,NQ,NQ JUN26,SHORT,1,27795.25,27837.25,-844.36,-848.72,-169.7,LOSS,STOP_HIT,27877.50,1645.00,2026-05-07 09:29:37
2026-05-01,2026-05-01 11:10:00,2026-05-01 11:20:00,OG,Backtest,AdxDiCrossBracketOG,OG_AdxDiCrossBracketOG,OG,NQ,NQ JUN26,SHORT,1,27795.25,27837.25,-844.36,-848.72,-169.7,LOSS,STOP_HIT,27877.50,1645.00,2026-05-07 09:29:37
2026-05-01,2026-05-01 11:10:00,2026-05-01 11:20:00,OG,Backtest,AdxDiCrossBracketOG,OG_AdxDiCrossBracketOG,OG,NQ,NQ JUN26,SHORT,1,27795.25,27837.25,-844.36,-848.72,-169.7,LOSS,STOP_HIT,27877.50,1645.00,2026-05-07 09:29:37
2026-05-01,2026-05-01 11:10:00,2026-05-01 11:20:00,OG,Backtest,AdxDiCrossBracketOG,OG_AdxDiCrossBracketOG,OG,NQ,NQ JUN26,SHORT,1,27795.25,27837.25,-844.36,-848.72,-169.7,LOSS,STOP_HIT,27877.50,1645.00,2026-05-07 09:29:37
2026-05-01,2026-05-01 11:10:00,2026-05-01 11:20:00,OG,Backtest,AdxDiCrossBracketOG,OG_AdxDiCrossBracketOG,OG,NQ,NQ JUN26,SHORT,1,27795.25,27837.25,-844.36,-848.72,-169.7,LOSS,STOP_HIT,27877.50,1645.00,2026-05-07 09:29:37
2026-05-01,2026-05-01 11:10:00,2026-05-01 11:20:00,OG,Backtest,AdxDiCrossBracketOG,OG_AdxDiCrossBracketOG,OG,NQ,NQ JUN26,SHORT,1,27795.25,27837.25,-844.36,-848.72,-169.7,LOSS,STOP_HIT,27877.50,1645.00,2026-05-07 09:29:37
2026-05-01,2026-05-01 11:10:00,2026-05-01 11:20:00,OG,Backtest,AdxDiCrossBracketOG,OG_AdxDiCrossBracketOG,OG,NQ,NQ JUN26,SHORT,1,27795.25,27837.25,-844.36,-848.72,-169.7,LOSS,STOP_HIT,27877.50,1645.00,2026-05-07 09:29:37
2026-05-01,2026-05-01 11:10:00,2026-05-01 11:20:00,OG,Backtest,AdxDiCrossBracketOG,OG_AdxDiCrossBracketOG,OG,NQ,NQ JUN26,SHORT,1,27795.25,27837.25,-844.36,-848.72,-169.7,LOSS,STOP_HIT,27877.50,1645.00,2026-05-07 09:29:37
2026-05-01,2026-05-01 11:10:00,2026-05-01 11:20:00,OG,Backtest,AdxDiCrossBracketOG,OG_AdxDiCrossBracketOG,OG,NQ,NQ JUN26,SHORT,1,27795.25,27837.25,-844.36,-848.72,-169.7,LOSS,STOP_HIT,27877.50,1645.00,2026-05-07 09:29:37
2026-05-01,2026-05-01 11:10:00,2026-05-01 11:20:00,OG,Backtest,AdxDiCrossBracketOG,OG_AdxDiCrossBracketOG,OG,NQ,NQ JUN26,SHORT,1,27795.25,27837.25,-844.36,-848.72,-169.7,LOSS,STOP_HIT,27877.50,1645.00,2026-05-07 09:29:37
2026-05-01,2026-05-01 11:10:00,2026-05-01 11:20:00,OG,Backtest,AdxDiCrossBracketOG,OG_AdxDiCrossBracketOG,OG,NQ,NQ JUN26,SHORT,1,27795.25,27837.25,-844.36,-848.72,-169.7,LOSS,STOP_HIT,27877.50,1645.00,2026-05-07 09:29:37
2026-05-01,2026-05-01 11:10:00,2026-05-01 11:20:00,OG,Backtest,AdxDiCrossBracketOG,OG_AdxDiCrossBracketOG,OG,NQ,NQ JUN26,SHORT,1,27795.25,27837.25,-844.36,-848.72,-169.7,LOSS,STOP_HIT,27877.50,1645.00,2026-05-07 09:29:37
2026-05-01,2026-05-01 11:10:00,2026-05-01 11:20:00,OG,Backtest,AdxDiCrossBracketOG,OG_AdxDiCrossBracketOG,OG,NQ,NQ JUN26,SHORT,1,27795.25,27837.25,-844.36,-848.72,-169.7,LOSS,STOP_HIT,27877.50,1645.00,2026-05-07 09:29:37
2026-05-01,2026-05-01 11:10:00,2026-05-01 11:20:00,OG,Backtest,AdxDiCrossBracketOG,OG_AdxDiCrossBracketOG,OG,NQ,NQ JUN26,SHORT,1,27795.25,27837.25,-844.36,-848.72,-169.7,LOSS,STOP_HIT,27877.50,1645.00,2026-05-07 09:29:37
2026-05-01,2026-05-01 11:10:00,2026-05-01 11:20:00,OG,Backtest,AdxDiCrossBracketOG,OG_AdxDiCrossBracketOG,OG,NQ,NQ JUN26,SHORT,1,27795.25,27837.25,-844.36,-848.72,-169.7,LOSS,STOP_HIT,27877.50,1645.00,2026-05-07 09:29:37
2026-05-01,2026-05-01 11:10:00,2026-05-01 11:20:00,OG,Backtest,AdxDiCrossBracketOG,OG_AdxDiCrossBracketOG,OG,NQ,NQ JUN26,SHORT,1,27795.25,27837.25,-844.36,-848.72,-169.7,LOSS,STOP_HIT,27877.50,1645.00,2026-05-07 09:29:37
2026-05-01,2026-05-01 11:10:00,2026-05-01 11:20:00,OG,Backtest,AdxDiCrossBracketOG,OG_AdxDiCrossBracketOG,OG,NQ,NQ JUN26,SHORT,1,27795.25,27837.25,-844.36,-848.72,-169.7,LOSS,STOP_HIT,27857.00,1235.00,2026-05-07 09:29:37
2026-05-01,2026-05-01 11:10:00,2026-05-01 11:20:00,OG,Backtest,AdxDiCrossBracketOG,OG_AdxDiCrossBracketOG,OG,NQ,NQ JUN26,SHORT,1,27795.25,27837.25,-844.36,-848.72,-169.7,LOSS,STOP_HIT,27877.50,1645.00,2026-05-07 09:29:37
2026-05-01,2026-05-01 11:10:00,2026-05-01 11:20:00,OG,Backtest,AdxDiCrossBracketOG,OG_AdxDiCrossBracketOG,OG,NQ,NQ JUN26,SHORT,1,27795.25,27837.25,-844.36,-848.72,-169.7,LOSS,STOP_HIT,27877.50,1645.00,2026-05-07 09:29:37
2026-05-01,2026-05-01 11:10:00,2026-05-01 11:20:00,OG,Backtest,AdxDiCrossBracketOG,OG_AdxDiCrossBracketOG,OG,NQ,NQ JUN26,SHORT,1,27795.25,27837.25,-844.36,-848.72,-169.7,LOSS,STOP_HIT,27877.50,1645.00,2026-05-07 09:29:37
2026-05-01,2026-05-01 11:10:00,2026-05-01 11:20:00,OG,Backtest,AdxDiCrossBracketOG,OG_AdxDiCrossBracketOG,OG,NQ,NQ JUN26,SHORT,1,27795.25,27837.25,-844.36,-848.72,-169.7,LOSS,STOP_HIT,27877.50,1645.00,2026-05-07 09:29:37
2026-05-01,2026-05-01 11:10:00,2026-05-01 11:20:00,OG,Backtest,AdxDiCrossBracketOG,OG_AdxDiCrossBracketOG,OG,NQ,NQ JUN26,SHORT,1,27795.25,27837.25,-844.36,-848.72,-169.7,LOSS,STOP_HIT,27877.50,1645.00,2026-05-07 09:29:37
2026-05-01,2026-05-01 11:10:00,2026-05-01 11:20:00,OG,Backtest,AdxDiCrossBracketOG,OG_AdxDiCrossBracketOG,OG,NQ,NQ JUN26,SHORT,1,27795.25,27837.25,-844.36,-848.72,-169.7,LOSS,STOP_HIT,27877.50,1645.00,2026-05-07 09:29:38
2026-05-01,2026-05-01 11:10:00,2026-05-01 11:20:00,OG,Backtest,AdxDiCrossBracketOG,OG_AdxDiCrossBracketOG,OG,NQ,NQ JUN26,SHORT,1,27795.25,27837.25,-844.36,-848.72,-169.7,LOSS,STOP_HIT,27877.50,1645.00,2026-05-07 09:29:38
2026-05-01,2026-05-01 11:10:00,2026-05-01 11:20:00,OG,Backtest,AdxDiCrossBracketOG,OG_AdxDiCrossBracketOG,OG,NQ,NQ JUN26,SHORT,1,27795.25,27837.25,-844.36,-848.72,-169.7,LOSS,STOP_HIT,27877.50,1645.00,2026-05-07 09:29:38
2026-05-01,2026-05-01 11:10:00,2026-05-01 11:20:00,OG,Backtest,AdxDiCrossBracketOG,OG_AdxDiCrossBracketOG,OG,NQ,NQ JUN26,SHORT,1,27795.25,27837.25,-844.36,-848.72,-169.7,LOSS,STOP_HIT,27877.50,1645.00,2026-05-07 09:29:38
2026-05-01,2026-05-01 11:10:00,2026-05-01 11:20:00,OG,Backtest,AdxDiCrossBracketOG,OG_AdxDiCrossBracketOG,OG,NQ,NQ JUN26,SHORT,1,27795.25,27837.25,-844.36,-848.72,-169.7,LOSS,STOP_HIT,27877.50,1645.00,2026-05-07 09:29:38
2026-05-01,2026-05-01 11:10:00,2026-05-01 11:20:00,OG,Backtest,AdxDiCrossBracketOG,OG_AdxDiCrossBracketOG,OG,NQ,NQ JUN26,SHORT,1,27795.25,27837.25,-844.36,-848.72,-169.7,LOSS,STOP_HIT,27877.50,1645.00,2026-05-07 09:29:38
2026-05-01,2026-05-01 11:10:00,2026-05-01 11:20:00,OG,Backtest,AdxDiCrossBracketOG,OG_AdxDiCrossBracketOG,OG,NQ,NQ JUN26,SHORT,1,27795.25,27837.25,-844.36,-848.72,-169.7,LOSS,STOP_HIT,27877.50,1645.00,2026-05-07 09:29:38
2026-05-01,2026-05-01 11:10:00,2026-05-01 11:20:00,OG,Backtest,AdxDiCrossBracketOG,OG_AdxDiCrossBracketOG,OG,NQ,NQ JUN26,SHORT,1,27795.25,27837.25,-844.36,-848.72,-169.7,LOSS,STOP_HIT,27877.50,1645.00,2026-05-07 09:29:38
2026-05-01,2026-05-01 11:10:00,2026-05-01 11:20:00,OG,Backtest,AdxDiCrossBracketOG,OG_AdxDiCrossBracketOG,OG,NQ,NQ JUN26,SHORT,1,27795.25,27837.25,-844.36,-848.72,-169.7,LOSS,STOP_HIT,27877.50,1645.00,2026-05-07 09:29:38
2026-05-01,2026-05-01 11:10:00,2026-05-01 11:20:00,OG,Backtest,AdxDiCrossBracketOG,OG_AdxDiCrossBracketOG,OG,NQ,NQ JUN26,SHORT,1,27795.25,27837.25,-844.36,-848.72,-169.7,LOSS,STOP_HIT,27877.50,1645.00,2026-05-07 09:29:38
2026-05-01,2026-05-01 11:10:00,2026-05-01 11:20:00,OG,Backtest,AdxDiCrossBracketOG,OG_AdxDiCrossBracketOG,OG,NQ,NQ JUN26,SHORT,1,27795.25,27837.25,-844.36,-848.72,-169.7,LOSS,STOP_HIT,27877.50,1645.00,2026-05-07 09:29:38
2026-05-01,2026-05-01 11:10:00,2026-05-01 11:20:00,OG,Backtest,AdxDiCrossBracketOG,OG_AdxDiCrossBracketOG,OG,NQ,NQ JUN26,SHORT,1,27795.25,27837.25,-844.36,-848.72,-169.7,LOSS,STOP_HIT,27877.50,1645.00,2026-05-07 09:29:38
2026-05-01,2026-05-01 11:10:00,2026-05-01 11:20:00,OG,Backtest,AdxDiCrossBracketOG,OG_AdxDiCrossBracketOG,OG,NQ,NQ JUN26,SHORT,1,27795.25,27837.25,-844.36,-848.72,-169.7,LOSS,STOP_HIT,27877.50,1645.00,2026-05-07 09:29:38
2026-05-01,2026-05-01 11:10:00,2026-05-01 11:20:00,OG,Backtest,AdxDiCrossBracketOG,OG_AdxDiCrossBracketOG,OG,NQ,NQ JUN26,SHORT,1,27795.25,27837.25,-844.36,-848.72,-169.7,LOSS,STOP_HIT,27877.50,1645.00,2026-05-07 09:29:38
2026-05-01,2026-05-01 11:10:00,2026-05-01 11:20:00,OG,Backtest,AdxDiCrossBracketOG,OG_AdxDiCrossBracketOG,OG,NQ,NQ JUN26,SHORT,1,27795.25,27837.25,-844.36,-848.72,-169.7,LOSS,STOP_HIT,27877.50,1645.00,2026-05-07 09:29:38
2026-05-01,2026-05-01 11:10:00,2026-05-01 11:20:00,OG,Backtest,AdxDiCrossBracketOG,OG_AdxDiCrossBracketOG,OG,NQ,NQ JUN26,SHORT,1,27795.25,27837.25,-844.36,-848.72,-169.7,LOSS,STOP_HIT,27877.50,1645.00,2026-05-07 09:29:38
2026-05-01,2026-05-01 11:10:00,2026-05-01 11:20:00,OG,Backtest,AdxDiCrossBracketOG,OG_AdxDiCrossBracketOG,OG,NQ,NQ JUN26,SHORT,1,27795.25,27837.25,-844.36,-848.72,-169.7,LOSS,STOP_HIT,27877.50,1645.00,2026-05-07 09:29:38
2026-05-01,2026-05-01 11:10:00,2026-05-01 11:20:00,OG,Backtest,AdxDiCrossBracketOG,OG_AdxDiCrossBracketOG,OG,NQ,NQ JUN26,SHORT,1,27795.25,27837.25,-844.36,-848.72,-169.7,LOSS,STOP_HIT,27877.50,1645.00,2026-05-07 09:29:38
2026-05-01,2026-05-01 11:10:00,2026-05-01 11:20:00,OG,Backtest,AdxDiCrossBracketOG,OG_AdxDiCrossBracketOG,OG,NQ,NQ JUN26,SHORT,1,27795.25,27837.25,-844.36,-848.72,-169.7,LOSS,STOP_HIT,27877.50,1645.00,2026-05-07 09:29:38
2026-05-01,2026-05-01 11:10:00,2026-05-01 11:20:00,OG,Backtest,AdxDiCrossBracketOG,OG_AdxDiCrossBracketOG,OG,NQ,NQ JUN26,SHORT,1,27795.25,27837.25,-844.36,-848.72,-169.7,LOSS,STOP_HIT,27877.50,1645.00,2026-05-07 09:29:38
2026-05-01,2026-05-01 11:10:00,2026-05-01 11:20:00,OG,Backtest,AdxDiCrossBracketOG,OG_AdxDiCrossBracketOG,OG,NQ,NQ JUN26,SHORT,1,27795.25,27837.25,-844.36,-848.72,-169.7,LOSS,STOP_HIT,27877.50,1645.00,2026-05-07 09:29:38
2026-05-01,2026-05-01 11:10:00,2026-05-01 11:20:00,OG,Backtest,AdxDiCrossBracketOG,OG_AdxDiCrossBracketOG,OG,NQ,NQ JUN26,SHORT,1,27795.25,27837.25,-844.36,-848.72,-169.7,LOSS,STOP_HIT,27877.50,1645.00,2026-05-07 09:29:38
2026-05-01,2026-05-01 11:10:00,2026-05-01 11:20:00,OG,Backtest,AdxDiCrossBracketOG,OG_AdxDiCrossBracketOG,OG,NQ,NQ JUN26,SHORT,1,27795.25,27837.25,-844.36,-848.72,-169.7,LOSS,STOP_HIT,27877.50,1645.00,2026-05-07 09:29:38
2026-05-01,2026-05-01 11:10:00,2026-05-01 11:20:00,OG,Backtest,AdxDiCrossBracketOG,OG_AdxDiCrossBracketOG,OG,NQ,NQ JUN26,SHORT,1,27795.25,27837.25,-844.36,-848.72,-169.7,LOSS,STOP_HIT,27877.50,1645.00,2026-05-07 09:29:38
2026-05-01,2026-05-01 11:10:00,2026-05-01 11:20:00,OG,Backtest,AdxDiCrossBracketOG,OG_AdxDiCrossBracketOG,OG,NQ,NQ JUN26,SHORT,1,27795.25,27837.25,-844.36,-848.72,-169.7,LOSS,STOP_HIT,27877.50,1645.00,2026-05-07 09:29:38
2026-05-01,2026-05-01 11:10:00,2026-05-01 11:20:00,OG,Backtest,AdxDiCrossBracketOG,OG_AdxDiCrossBracketOG,OG,NQ,NQ JUN26,SHORT,1,27795.25,27837.25,-844.36,-848.72,-169.7,LOSS,STOP_HIT,27877.50,1645.00,2026-05-07 09:29:38
2026-05-01,2026-05-01 11:10:00,2026-05-01 11:20:00,OG,Backtest,AdxDiCrossBracketOG,OG_AdxDiCrossBracketOG,OG,NQ,NQ JUN26,SHORT,1,27795.25,27837.25,-844.36,-848.72,-169.7,LOSS,STOP_HIT,27877.50,1645.00,2026-05-07 09:29:38
2026-05-01,2026-05-01 11:10:00,2026-05-01 11:20:00,OG,Backtest,AdxDiCrossBracketOG,OG_AdxDiCrossBracketOG,OG,NQ,NQ JUN26,SHORT,1,27795.25,27837.25,-844.36,-848.72,-169.7,LOSS,STOP_HIT,27877.50,1645.00,2026-05-07 09:29:38
2026-05-01,2026-05-01 11:10:00,2026-05-01 11:20:00,OG,Backtest,AdxDiCrossBracketOG,OG_AdxDiCrossBracketOG,OG,NQ,NQ JUN26,SHORT,1,27795.25,27837.25,-844.36,-848.72,-169.7,LOSS,STOP_HIT,27877.50,1645.00,2026-05-07 09:29:38
2026-05-01,2026-05-01 11:10:00,2026-05-01 11:20:00,OG,Backtest,AdxDiCrossBracketOG,OG_AdxDiCrossBracketOG,OG,NQ,NQ JUN26,SHORT,1,27795.25,27837.25,-844.36,-848.72,-169.7,LOSS,STOP_HIT,27877.50,1645.00,2026-05-07 09:29:38
2026-05-01,2026-05-01 11:10:00,2026-05-01 11:20:00,OG,Backtest,AdxDiCrossBracketOG,OG_AdxDiCrossBracketOG,OG,NQ,NQ JUN26,SHORT,1,27795.25,27837.25,-844.36,-848.72,-169.7,LOSS,STOP_HIT,27877.50,1645.00,2026-05-07 09:29:38
2026-05-01,2026-05-01 11:10:00,2026-05-01 11:20:00,OG,Backtest,AdxDiCrossBracketOG,OG_AdxDiCrossBracketOG,OG,NQ,NQ JUN26,SHORT,1,27795.25,27837.25,-844.36,-848.72,-169.7,LOSS,STOP_HIT,27877.50,1645.00,2026-05-07 09:29:38
2026-05-01,2026-05-01 11:10:00,2026-05-01 11:20:00,OG,Backtest,AdxDiCrossBracketOG,OG_AdxDiCrossBracketOG,OG,NQ,NQ JUN26,SHORT,1,27795.25,27837.25,-844.36,-848.72,-169.7,LOSS,STOP_HIT,27877.50,1645.00,2026-05-07 09:29:38
2026-05-01,2026-05-01 11:10:00,2026-05-01 11:20:00,OG,Backtest,AdxDiCrossBracketOG,OG_AdxDiCrossBracketOG,OG,NQ,NQ JUN26,SHORT,1,27795.25,27837.25,-844.36,-848.72,-169.7,LOSS,STOP_HIT,27877.50,1645.00,2026-05-07 09:29:38
2026-05-01,2026-05-01 11:10:00,2026-05-01 11:20:00,OG,Backtest,AdxDiCrossBracketOG,OG_AdxDiCrossBracketOG,OG,NQ,NQ JUN26,SHORT,1,27795.25,27837.25,-844.36,-848.72,-169.7,LOSS,STOP_HIT,27877.50,1645.00,2026-05-07 09:29:38
2026-05-01,2026-05-01 11:10:00,2026-05-01 11:20:00,OG,Backtest,AdxDiCrossBracketOG,OG_AdxDiCrossBracketOG,OG,NQ,NQ JUN26,SHORT,1,27795.25,27837.25,-844.36,-848.72,-169.7,LOSS,STOP_HIT,27877.50,1645.00,2026-05-07 09:29:38
2026-05-01,2026-05-01 11:10:00,2026-05-01 11:20:00,OG,Backtest,AdxDiCrossBracketOG,OG_AdxDiCrossBracketOG,OG,NQ,NQ JUN26,SHORT,1,27795.25,27837.25,-844.36,-848.72,-169.7,LOSS,STOP_HIT,27877.50,1645.00,2026-05-07 09:29:38
2026-05-01,2026-05-01 11:10:00,2026-05-01 11:20:00,OG,Backtest,AdxDiCrossBracketOG,OG_AdxDiCrossBracketOG,OG,NQ,NQ JUN26,SHORT,1,27795.25,27837.25,-844.36,-848.72,-169.7,LOSS,STOP_HIT,27877.50,1645.00,2026-05-07 09:29:38
2026-05-01,2026-05-01 11:10:00,2026-05-01 11:20:00,OG,Backtest,AdxDiCrossBracketOG,OG_AdxDiCrossBracketOG,OG,NQ,NQ JUN26,SHORT,1,27795.25,27837.25,-844.36,-848.72,-169.7,LOSS,STOP_HIT,27877.50,1645.00,2026-05-07 09:29:38
2026-05-01,2026-05-01 11:10:00,2026-05-01 11:20:00,OG,Backtest,AdxDiCrossBracketOG,OG_AdxDiCrossBracketOG,OG,NQ,NQ JUN26,SHORT,1,27795.25,27837.25,-844.36,-848.72,-169.7,LOSS,STOP_HIT,27877.50,1645.00,2026-05-07 09:29:38
2026-05-01,2026-05-01 11:10:00,2026-05-01 11:20:00,OG,Backtest,AdxDiCrossBracketOG,OG_AdxDiCrossBracketOG,OG,NQ,NQ JUN26,SHORT,1,27795.25,27837.25,-844.36,-848.72,-169.7,LOSS,STOP_HIT,27877.50,1645.00,2026-05-07 09:29:38
2026-05-01,2026-05-01 11:10:00,2026-05-01 11:20:00,OG,Backtest,AdxDiCrossBracketOG,OG_AdxDiCrossBracketOG,OG,NQ,NQ JUN26,SHORT,1,27795.25,27837.25,-844.36,-848.72,-169.7,LOSS,STOP_HIT,27877.50,1645.00,2026-05-07 09:29:38
2026-05-01,2026-05-01 11:10:00,2026-05-01 11:20:00,OG,Backtest,AdxDiCrossBracketOG,OG_AdxDiCrossBracketOG,OG,NQ,NQ JUN26,SHORT,1,27795.25,27837.25,-844.36,-848.72,-169.7,LOSS,STOP_HIT,27877.50,1645.00,2026-05-07 09:29:38
2026-05-01,2026-05-01 11:10:00,2026-05-01 11:20:00,OG,Backtest,AdxDiCrossBracketOG,OG_AdxDiCrossBracketOG,OG,NQ,NQ JUN26,SHORT,1,27795.25,27837.25,-844.36,-848.72,-169.7,LOSS,STOP_HIT,27877.50,1645.00,2026-05-07 09:29:38
2026-04-29,2026-04-29 11:15:00,2026-04-29 11:20:00,OG,Backtest,AdxDiCrossBracketOG,OG_AdxDiCrossBracketOG,OG,NQ,NQ JUN26,SHORT,1,27249.50,27231.00,365.64,361.28,72.3,WIN,STOP_HIT,27310.00,1210.00,2026-05-07 09:29:38
2026-05-01,2026-05-01 11:10:00,2026-05-01 11:20:00,OG,Backtest,AdxDiCrossBracketOG,OG_AdxDiCrossBracketOG,OG,NQ,NQ JUN26,SHORT,1,27795.25,27837.25,-844.36,-848.72,-169.7,LOSS,STOP_HIT,27877.50,1645.00,2026-05-07 09:29:38
2026-05-04,2026-05-04 11:05:00,2026-05-04 11:20:00,OG,Backtest,AdxDiCrossBracketOG,OG_AdxDiCrossBracketOG,OG,NQ,NQ JUN26,SHORT,1,27881.50,27813.00,1365.64,1361.28,272.3,WIN,TARGET_HIT,27951.00,1390.00,2026-05-07 09:29:38
2026-01-06,2026-01-06 11:00:00,2026-01-06 11:05:00,OG,Backtest,AdxDiCrossBracketOG,OG_AdxDiCrossBracketOG,OG,NQ,NQ JUN26,SHORT,1,25909.25,25880.75,565.64,561.28,112.3,WIN,TARGET_HIT,25938.25,580.00,2026-05-07 09:30:45
2026-01-09,2026-01-09 09:45:00,2026-01-09 09:50:00,OG,Backtest,AdxDiCrossBracketOG,OG_AdxDiCrossBracketOG,OG,NQ,NQ JUN26,LONG,1,25965.00,25937.50,-554.36,-558.72,-111.7,LOSS,STOP_HIT,25938.00,540.00,2026-05-07 09:30:45
2026-01-06,2026-01-06 11:00:00,2026-01-06 11:05:00,OG,Backtest,AdxDiCrossBracketOG,OG_AdxDiCrossBracketOG,OG,NQ,NQ JUN26,SHORT,1,25909.25,25880.75,565.64,561.28,112.3,WIN,TARGET_HIT,25938.25,580.00,2026-05-07 09:30:45
2026-01-09,2026-01-09 09:55:00,2026-01-09 09:55:00,OG,Backtest,AdxDiCrossBracketOG,OG_AdxDiCrossBracketOG,OG,NQ,NQ JUN26,SHORT,1,25913.25,25948.25,-704.36,-708.72,-141.7,LOSS,STOP_HIT,25947.75,690.00,2026-05-07 09:30:45
2026-01-09,2026-01-09 10:10:00,2026-01-09 10:10:00,OG,Backtest,AdxDiCrossBracketOG,OG_AdxDiCrossBracketOG,OG,NQ,NQ JUN26,LONG,1,25921.75,25881.75,-804.36,-808.72,-161.7,LOSS,STOP_HIT,25882.25,790.00,2026-05-07 09:30:45
2026-01-07,2026-01-07 10:10:00,2026-01-07 10:10:00,OG,Backtest,AdxDiCrossBracketOG,OG_AdxDiCrossBracketOG,OG,NQ,NQ JUN26,SHORT,1,26050.75,26072.75,-444.36,-448.72,-89.7,LOSS,STOP_HIT,26072.25,430.00,2026-05-07 09:30:45
2026-01-07,2026-01-07 10:10:00,2026-01-07 10:10:00,OG,Backtest,AdxDiCrossBracketOG,OG_AdxDiCrossBracketOG,OG,NQ,NQ JUN26,SHORT,1,26050.75,26072.75,-444.36,-448.72,-89.7,LOSS,STOP_HIT,26072.25,430.00,2026-05-07 09:30:45
2026-01-07,2026-01-07 09:50:00,2026-01-07 09:50:00,OG,Backtest,AdxDiCrossBracketOG,OG_AdxDiCrossBracketOG,OG,NQ,NQ JUN26,LONG,1,26063.75,26079.75,315.64,311.28,62.3,WIN,TARGET_HIT,26047.25,330.00,2026-05-07 09:30:45
2026-01-07,2026-01-07 10:10:00,2026-01-07 10:10:00,OG,Backtest,AdxDiCrossBracketOG,OG_AdxDiCrossBracketOG,OG,NQ,NQ JUN26,SHORT,1,26050.75,26072.75,-444.36,-448.72,-89.7,LOSS,STOP_HIT,26072.25,430.00,2026-05-07 09:30:45
2026-01-07,2026-01-07 10:10:00,2026-01-07 10:10:00,OG,Backtest,AdxDiCrossBracketOG,OG_AdxDiCrossBracketOG,OG,NQ,NQ JUN26,SHORT,1,26050.75,26072.75,-444.36,-448.72,-89.7,LOSS,STOP_HIT,26072.25,430.00,2026-05-07 09:30:45
2026-01-09,2026-01-09 09:45:00,2026-01-09 09:50:00,OG,Backtest,AdxDiCrossBracketOG,OG_AdxDiCrossBracketOG,OG,NQ,NQ JUN26,LONG,1,25965.00,25937.50,-554.36,-558.72,-111.7,LOSS,STOP_HIT,25938.00,540.00,2026-05-07 09:30:45
2026-01-09,2026-01-09 10:15:00,2026-01-09 10:15:00,OG,Backtest,AdxDiCrossBracketOG,OG_AdxDiCrossBracketOG,OG,NQ,NQ JUN26,SHORT,1,25850.50,25896.25,-919.36,-923.72,-184.7,LOSS,STOP_HIT,25895.75,905.00,2026-05-07 09:30:45
2026-01-09,2026-01-09 09:55:00,2026-01-09 09:55:00,OG,Backtest,AdxDiCrossBracketOG,OG_AdxDiCrossBracketOG,OG,NQ,NQ JUN26,SHORT,1,25913.25,25948.25,-704.36,-708.72,-141.7,LOSS,STOP_HIT,25947.75,690.00,2026-05-07 09:30:45
2026-01-09,2026-01-09 10:15:00,2026-01-09 10:15:00,OG,Backtest,AdxDiCrossBracketOG,OG_AdxDiCrossBracketOG,OG,NQ,NQ JUN26,SHORT,1,25850.50,25896.25,-919.36,-923.72,-184.7,LOSS,STOP_HIT,25895.75,905.00,2026-05-07 09:30:45
2026-01-09,2026-01-09 09:45:00,2026-01-09 09:50:00,OG,Backtest,AdxDiCrossBracketOG,OG_AdxDiCrossBracketOG,OG,NQ,NQ JUN26,LONG,1,25965.00,25937.50,-554.36,-558.72,-111.7,LOSS,STOP_HIT,25938.00,540.00,2026-05-07 09:30:45
2026-01-09,2026-01-09 09:45:00,2026-01-09 09:50:00,OG,Backtest,AdxDiCrossBracketOG,OG_AdxDiCrossBracketOG,OG,NQ,NQ JUN26,LONG,1,25965.00,25937.50,-554.36,-558.72,-111.7,LOSS,STOP_HIT,25938.00,540.00,2026-05-07 09:30:45
2026-01-09,2026-01-09 10:15:00,2026-01-09 10:15:00,OG,Backtest,AdxDiCrossBracketOG,OG_AdxDiCrossBracketOG,OG,NQ,NQ JUN26,SHORT,1,25850.50,25896.25,-919.36,-923.72,-184.7,LOSS,STOP_HIT,25895.75,905.00,2026-05-07 09:30:45
2026-01-09,2026-01-09 09:55:00,2026-01-09 09:55:00,OG,Backtest,AdxDiCrossBracketOG,OG_AdxDiCrossBracketOG,OG,NQ,NQ JUN26,SHORT,1,25913.25,25948.25,-704.36,-708.72,-141.7,LOSS,STOP_HIT,25947.75,690.00,2026-05-07 09:30:45
2026-01-09,2026-01-09 10:15:00,2026-01-09 10:15:00,OG,Backtest,AdxDiCrossBracketOG,OG_AdxDiCrossBracketOG,OG,NQ,NQ JUN26,SHORT,1,25850.50,25896.25,-919.36,-923.72,-184.7,LOSS,STOP_HIT,25895.75,905.00,2026-05-07 09:30:45
2026-01-21,2026-01-21 11:45:00,2026-01-21 11:45:00,OG,Backtest,AdxDiCrossBracketOG,OG_AdxDiCrossBracketOG,OG,NQ,NQ JUN26,SHORT,1,25543.75,25505.75,755.64,751.28,150.3,WIN,TARGET_HIT,25582.25,770.00,2026-05-07 09:30:45
2026-01-28,2026-01-28 11:20:00,2026-01-28 11:25:00,OG,Backtest,AdxDiCrossBracketOG,OG_AdxDiCrossBracketOG,OG,NQ,NQ JUN26,LONG,1,26393.00,26379.00,-284.36,-288.72,-57.7,LOSS,STOP_HIT,26363.25,595.00,2026-05-07 09:30:45
2026-01-09,2026-01-09 10:30:00,2026-01-09 10:30:00,OG,Backtest,AdxDiCrossBracketOG,OG_AdxDiCrossBracketOG,OG,NQ,NQ JUN26,LONG,1,26009.25,26057.25,955.64,951.28,190.3,WIN,TARGET_HIT,25959.75,990.00,2026-05-07 09:30:45
2026-01-13,2026-01-13 10:10:00,2026-01-13 10:15:00,OG,Backtest,AdxDiCrossBracketOG,OG_AdxDiCrossBracketOG,OG,NQ,NQ JUN26,SHORT,1,26138.00,26108.00,595.64,591.28,118.3,WIN,TARGET_HIT,26168.00,600.00,2026-05-07 09:30:45
2026-01-20,2026-01-20 11:10:00,2026-01-20 11:15:00,OG,Backtest,AdxDiCrossBracketOG,OG_AdxDiCrossBracketOG,OG,NQ,NQ JUN26,LONG,1,25587.50,25601.00,265.64,261.28,52.3,WIN,STOP_HIT,25540.75,935.00,2026-05-07 09:30:45
2026-01-09,2026-01-09 10:30:00,2026-01-09 10:30:00,OG,Backtest,AdxDiCrossBracketOG,OG_AdxDiCrossBracketOG,OG,NQ,NQ JUN26,LONG,1,26009.25,26057.25,955.64,951.28,190.3,WIN,TARGET_HIT,25959.75,990.00,2026-05-07 09:30:45
2026-01-20,2026-01-20 10:50:00,2026-01-20 10:55:00,OG,Backtest,AdxDiCrossBracketOG,OG_AdxDiCrossBracketOG,OG,NQ,NQ JUN26,LONG,1,25598.00,25559.50,-774.36,-778.72,-155.7,LOSS,STOP_HIT,25550.75,945.00,2026-05-07 09:30:45
2026-01-16,2026-01-16 11:30:00,2026-01-16 11:35:00,OG,Backtest,AdxDiCrossBracketOG,OG_AdxDiCrossBracketOG,OG,NQ,NQ JUN26,LONG,1,25911.50,25925.25,270.64,266.28,53.3,WIN,STOP_HIT,25874.75,735.00,2026-05-07 09:30:45
2026-01-16,2026-01-16 11:30:00,2026-01-16 11:35:00,OG,Backtest,AdxDiCrossBracketOG,OG_AdxDiCrossBracketOG,OG,NQ,NQ JUN26,LONG,1,25911.50,25925.25,270.64,266.28,53.3,WIN,STOP_HIT,25874.75,735.00,2026-05-07 09:30:45
2026-01-20,2026-01-20 10:50:00,2026-01-20 10:55:00,OG,Backtest,AdxDiCrossBracketOG,OG_AdxDiCrossBracketOG,OG,NQ,NQ JUN26,LONG,1,25598.00,25559.50,-774.36,-778.72,-155.7,LOSS,STOP_HIT,25550.75,945.00,2026-05-07 09:30:45
2026-01-20,2026-01-20 10:50:00,2026-01-20 10:55:00,OG,Backtest,AdxDiCrossBracketOG,OG_AdxDiCrossBracketOG,OG,NQ,NQ JUN26,LONG,1,25598.00,25559.50,-774.36,-778.72,-155.7,LOSS,STOP_HIT,25550.75,945.00,2026-05-07 09:30:45
2026-01-28,2026-01-28 10:55:00,2026-01-28 11:05:00,OG,Backtest,AdxDiCrossBracketOG,OG_AdxDiCrossBracketOG,OG,NQ,NQ JUN26,SHORT,1,26395.25,26393.25,35.64,31.28,6.3,WIN,STOP_HIT,26429.00,675.00,2026-05-07 09:30:45
2026-01-28,2026-01-28 10:55:00,2026-01-28 11:05:00,OG,Backtest,AdxDiCrossBracketOG,OG_AdxDiCrossBracketOG,OG,NQ,NQ JUN26,SHORT,1,26395.25,26393.25,35.64,31.28,6.3,WIN,STOP_HIT,26429.00,675.00,2026-05-07 09:30:45
2026-01-21,2026-01-21 11:45:00,2026-01-21 11:45:00,OG,Backtest,AdxDiCrossBracketOG,OG_AdxDiCrossBracketOG,OG,NQ,NQ JUN26,SHORT,1,25543.75,25505.75,755.64,751.28,150.3,WIN,TARGET_HIT,25582.25,770.00,2026-05-07 09:30:45
2026-01-28,2026-01-28 11:20:00,2026-01-28 11:25:00,OG,Backtest,AdxDiCrossBracketOG,OG_AdxDiCrossBracketOG,OG,NQ,NQ JUN26,LONG,1,26393.00,26379.00,-284.36,-288.72,-57.7,LOSS,STOP_HIT,26363.25,595.00,2026-05-07 09:30:45
2026-01-28,2026-01-28 11:20:00,2026-01-28 11:25:00,OG,Backtest,AdxDiCrossBracketOG,OG_AdxDiCrossBracketOG,OG,NQ,NQ JUN26,LONG,1,26393.00,26379.00,-284.36,-288.72,-57.7,LOSS,STOP_HIT,26363.25,595.00,2026-05-07 09:30:45
2026-01-28,2026-01-28 10:55:00,2026-01-28 11:05:00,OG,Backtest,AdxDiCrossBracketOG,OG_AdxDiCrossBracketOG,OG,NQ,NQ JUN26,SHORT,1,26395.25,26393.25,35.64,31.28,6.3,WIN,STOP_HIT,26429.00,675.00,2026-05-07 09:30:45
2026-01-23,2026-01-23 10:10:00,2026-01-23 10:15:00,OG,Backtest,AdxDiCrossBracketOG,OG_AdxDiCrossBracketOG,OG,NQ,NQ JUN26,LONG,1,25921.00,25885.00,-724.36,-728.72,-145.7,LOSS,STOP_HIT,25885.50,710.00,2026-05-07 09:30:45
2026-02-13,2026-02-13 10:50:00,2026-02-13 11:00:00,OG,Backtest,AdxDiCrossBracketOG,OG_AdxDiCrossBracketOG,OG,NQ,NQ JUN26,SHORT,1,24983.00,25030.00,-944.36,-948.72,-189.7,LOSS,STOP_HIT,25055.00,1440.00,2026-05-07 09:30:45
2026-01-28,2026-01-28 10:55:00,2026-01-28 11:05:00,OG,Backtest,AdxDiCrossBracketOG,OG_AdxDiCrossBracketOG,OG,NQ,NQ JUN26,SHORT,1,26395.25,26393.25,35.64,31.28,6.3,WIN,STOP_HIT,26429.00,675.00,2026-05-07 09:30:45
2026-02-17,2026-02-17 11:10:00,2026-02-17 11:10:00,OG,Backtest,AdxDiCrossBracketOG,OG_AdxDiCrossBracketOG,OG,NQ,NQ JUN26,LONG,1,24861.25,24927.25,1315.64,1311.28,262.3,WIN,TARGET_HIT,24793.75,1350.00,2026-05-07 09:30:45
2026-01-30,2026-01-30 11:00:00,2026-01-30 11:10:00,OG,Backtest,AdxDiCrossBracketOG,OG_AdxDiCrossBracketOG,OG,NQ,NQ JUN26,SHORT,1,26072.25,26047.50,490.64,486.28,97.3,WIN,STOP_HIT,26129.00,1135.00,2026-05-07 09:30:45
2026-02-03,2026-02-03 09:50:00,2026-02-03 09:50:00,OG,Backtest,AdxDiCrossBracketOG,OG_AdxDiCrossBracketOG,OG,NQ,NQ JUN26,SHORT,1,25960.75,25998.50,-759.36,-763.72,-152.7,LOSS,STOP_HIT,25998.00,745.00,2026-05-07 09:30:45
2026-02-11,2026-02-11 10:20:00,2026-02-11 10:20:00,OG,Backtest,AdxDiCrossBracketOG,OG_AdxDiCrossBracketOG,OG,NQ,NQ JUN26,SHORT,1,25396.00,25345.50,1005.64,1001.28,200.3,WIN,TARGET_HIT,25448.50,1050.00,2026-05-07 09:30:45
2026-02-05,2026-02-05 11:40:00,2026-02-05 11:50:00,OG,Backtest,AdxDiCrossBracketOG,OG_AdxDiCrossBracketOG,OG,NQ,NQ JUN26,LONG,1,25025.50,24992.25,-669.36,-673.72,-134.7,LOSS,STOP_HIT,24938.00,1750.00,2026-05-07 09:30:45
2026-02-11,2026-02-11 11:05:00,2026-02-11 11:10:00,OG,Backtest,AdxDiCrossBracketOG,OG_AdxDiCrossBracketOG,OG,NQ,NQ JUN26,LONG,1,25453.50,25418.25,-709.36,-713.72,-142.7,LOSS,STOP_HIT,25393.00,1210.00,2026-05-07 09:30:45
2026-02-11,2026-02-11 11:05:00,2026-02-11 11:10:00,OG,Backtest,AdxDiCrossBracketOG,OG_AdxDiCrossBracketOG,OG,NQ,NQ JUN26,LONG,1,25453.50,25418.25,-709.36,-713.72,-142.7,LOSS,STOP_HIT,25393.00,1210.00,2026-05-07 09:30:45
2026-02-13,2026-02-13 10:50:00,2026-02-13 11:00:00,OG,Backtest,AdxDiCrossBracketOG,OG_AdxDiCrossBracketOG,OG,NQ,NQ JUN26,SHORT,1,24983.00,25030.00,-944.36,-948.72,-189.7,LOSS,STOP_HIT,25055.00,1440.00,2026-05-07 09:30:45
2026-03-02,2026-03-02 11:15:00,2026-03-02 11:20:00,OG,Backtest,AdxDiCrossBracketOG,OG_AdxDiCrossBracketOG,OG,NQ,NQ JUN26,LONG,1,25187.00,25180.75,-129.36,-133.72,-26.7,LOSS,STOP_HIT,25129.50,1150.00,2026-05-07 09:30:45
2026-02-13,2026-02-13 10:35:00,2026-02-13 10:35:00,OG,Backtest,AdxDiCrossBracketOG,OG_AdxDiCrossBracketOG,OG,NQ,NQ JUN26,LONG,1,25058.00,25127.00,1375.64,1371.28,274.3,WIN,TARGET_HIT,24987.50,1410.00,2026-05-07 09:30:45
2026-02-13,2026-02-13 10:35:00,2026-02-13 10:35:00,OG,Backtest,AdxDiCrossBracketOG,OG_AdxDiCrossBracketOG,OG,NQ,NQ JUN26,LONG,1,25058.00,25127.00,1375.64,1371.28,274.3,WIN,TARGET_HIT,24987.50,1410.00,2026-05-07 09:30:45
2026-02-10,2026-02-10 09:45:00,2026-02-10 09:45:00,OG,Backtest,AdxDiCrossBracketOG,OG_AdxDiCrossBracketOG,OG,NQ,NQ JUN26,SHORT,1,25535.25,25512.25,455.64,451.28,90.3,WIN,TARGET_HIT,25559.75,490.00,2026-05-07 09:30:45
2026-02-11,2026-02-11 10:20:00,2026-02-11 10:20:00,OG,Backtest,AdxDiCrossBracketOG,OG_AdxDiCrossBracketOG,OG,NQ,NQ JUN26,SHORT,1,25396.00,25345.50,1005.64,1001.28,200.3,WIN,TARGET_HIT,25448.50,1050.00,2026-05-07 09:30:45
2026-02-11,2026-02-11 11:20:00,2026-02-11 11:25:00,OG,Backtest,AdxDiCrossBracketOG,OG_AdxDiCrossBracketOG,OG,NQ,NQ JUN26,LONG,1,25468.00,25457.75,-209.36,-213.72,-42.7,LOSS,STOP_HIT,25406.75,1225.00,2026-05-07 09:30:45
2026-02-11,2026-02-11 10:20:00,2026-02-11 10:20:00,OG,Backtest,AdxDiCrossBracketOG,OG_AdxDiCrossBracketOG,OG,NQ,NQ JUN26,SHORT,1,25396.00,25345.50,1005.64,1001.28,200.3,WIN,TARGET_HIT,25448.50,1050.00,2026-05-07 09:30:45
2026-02-24,2026-02-24 10:10:00,2026-02-24 10:10:00,OG,Backtest,AdxDiCrossBracketOG,OG_AdxDiCrossBracketOG,OG,NQ,NQ JUN26,SHORT,1,25048.75,25092.75,-884.36,-888.72,-177.7,LOSS,STOP_HIT,25092.25,870.00,2026-05-07 09:30:45
2026-02-13,2026-02-13 10:50:00,2026-02-13 11:00:00,OG,Backtest,AdxDiCrossBracketOG,OG_AdxDiCrossBracketOG,OG,NQ,NQ JUN26,SHORT,1,24983.00,25030.00,-944.36,-948.72,-189.7,LOSS,STOP_HIT,25055.00,1440.00,2026-05-07 09:30:45
2026-02-24,2026-02-24 10:10:00,2026-02-24 10:10:00,OG,Backtest,AdxDiCrossBracketOG,OG_AdxDiCrossBracketOG,OG,NQ,NQ JUN26,SHORT,1,25048.75,25092.75,-884.36,-888.72,-177.7,LOSS,STOP_HIT,25092.25,870.00,2026-05-07 09:30:45
2026-02-24,2026-02-24 09:50:00,2026-02-24 09:50:00,OG,Backtest,AdxDiCrossBracketOG,OG_AdxDiCrossBracketOG,OG,NQ,NQ JUN26,LONG,1,25120.50,25157.50,735.64,731.28,146.3,WIN,TARGET_HIT,25081.50,780.00,2026-05-07 09:30:45
2026-02-24,2026-02-24 10:15:00,2026-02-24 10:15:00,OG,Backtest,AdxDiCrossBracketOG,OG_AdxDiCrossBracketOG,OG,NQ,NQ JUN26,LONG,1,25109.25,25063.75,-914.36,-918.72,-183.7,LOSS,STOP_HIT,25064.25,900.00,2026-05-07 09:30:45
2026-02-24,2026-02-24 10:10:00,2026-02-24 10:10:00,OG,Backtest,AdxDiCrossBracketOG,OG_AdxDiCrossBracketOG,OG,NQ,NQ JUN26,SHORT,1,25048.75,25092.75,-884.36,-888.72,-177.7,LOSS,STOP_HIT,25092.25,870.00,2026-05-07 09:30:45
2026-02-13,2026-02-13 10:50:00,2026-02-13 11:00:00,OG,Backtest,AdxDiCrossBracketOG,OG_AdxDiCrossBracketOG,OG,NQ,NQ JUN26,SHORT,1,24983.00,25030.00,-944.36,-948.72,-189.7,LOSS,STOP_HIT,25055.00,1440.00,2026-05-07 09:30:45
2026-02-24,2026-02-24 09:50:00,2026-02-24 09:50:00,OG,Backtest,AdxDiCrossBracketOG,OG_AdxDiCrossBracketOG,OG,NQ,NQ JUN26,LONG,1,25120.50,25157.50,735.64,731.28,146.3,WIN,TARGET_HIT,25081.50,780.00,2026-05-07 09:30:45
2026-02-24,2026-02-24 10:15:00,2026-02-24 10:15:00,OG,Backtest,AdxDiCrossBracketOG,OG_AdxDiCrossBracketOG,OG,NQ,NQ JUN26,LONG,1,25109.25,25063.75,-914.36,-918.72,-183.7,LOSS,STOP_HIT,25064.25,900.00,2026-05-07 09:30:45
2026-02-24,2026-02-24 10:15:00,2026-02-24 10:15:00,OG,Backtest,AdxDiCrossBracketOG,OG_AdxDiCrossBracketOG,OG,NQ,NQ JUN26,LONG,1,25109.25,25063.75,-914.36,-918.72,-183.7,LOSS,STOP_HIT,25064.25,900.00,2026-05-07 09:30:45
2026-03-13,2026-03-13 10:50:00,2026-03-13 10:50:00,OG,Backtest,AdxDiCrossBracketOG,OG_AdxDiCrossBracketOG,OG,NQ,NQ JUN26,SHORT,1,24805.00,24755.00,995.64,991.28,198.3,WIN,TARGET_HIT,24853.50,970.00,2026-05-07 09:30:45
2026-03-17,2026-03-17 11:15:00,2026-03-17 11:20:00,OG,Backtest,AdxDiCrossBracketOG,OG_AdxDiCrossBracketOG,OG,NQ,NQ JUN26,SHORT,1,25020.50,25056.75,-729.36,-733.72,-146.7,LOSS,STOP_HIT,25056.25,715.00,2026-05-07 09:30:45
2026-03-06,2026-03-06 11:10:00,2026-03-06 11:15:00,OG,Backtest,AdxDiCrossBracketOG,OG_AdxDiCrossBracketOG,OG,NQ,NQ JUN26,LONG,1,25101.50,25059.00,-854.36,-858.72,-171.7,LOSS,STOP_HIT,25038.75,1255.00,2026-05-07 09:30:45
2026-03-06,2026-03-06 11:10:00,2026-03-06 11:15:00,OG,Backtest,AdxDiCrossBracketOG,OG_AdxDiCrossBracketOG,OG,NQ,NQ JUN26,LONG,1,25101.50,25059.00,-854.36,-858.72,-171.7,LOSS,STOP_HIT,25038.75,1255.00,2026-05-07 09:30:45
2026-03-09,2026-03-09 10:45:00,2026-03-09 10:50:00,OG,Backtest,AdxDiCrossBracketOG,OG_AdxDiCrossBracketOG,OG,NQ,NQ JUN26,LONG,1,24692.00,24762.25,1400.64,1396.28,279.3,WIN,TARGET_HIT,24622.25,1395.00,2026-05-07 09:30:45
2026-03-13,2026-03-13 10:50:00,2026-03-13 10:50:00,OG,Backtest,AdxDiCrossBracketOG,OG_AdxDiCrossBracketOG,OG,NQ,NQ JUN26,SHORT,1,24805.00,24755.00,995.64,991.28,198.3,WIN,TARGET_HIT,24853.50,970.00,2026-05-07 09:30:45
2026-03-03,2026-03-03 11:25:00,2026-03-03 11:35:00,OG,Backtest,AdxDiCrossBracketOG,OG_AdxDiCrossBracketOG,OG,NQ,NQ JUN26,LONG,1,24794.50,24819.00,485.64,481.28,96.3,WIN,STOP_HIT,24724.00,1410.00,2026-05-07 09:30:45
2026-03-25,2026-03-25 11:20:00,2026-03-25 11:20:00,OG,Backtest,AdxDiCrossBracketOG,OG_AdxDiCrossBracketOG,OG,NQ,NQ JUN26,SHORT,1,24386.00,24336.50,985.64,981.28,196.3,WIN,TARGET_HIT,24438.00,1040.00,2026-05-07 09:30:45
2026-03-09,2026-03-09 10:45:00,2026-03-09 10:50:00,OG,Backtest,AdxDiCrossBracketOG,OG_AdxDiCrossBracketOG,OG,NQ,NQ JUN26,LONG,1,24692.00,24762.25,1400.64,1396.28,279.3,WIN,TARGET_HIT,24622.25,1395.00,2026-05-07 09:30:45
2026-03-12,2026-03-12 11:50:00,2026-03-12 11:50:00,OG,Backtest,AdxDiCrossBracketOG,OG_AdxDiCrossBracketOG,OG,NQ,NQ JUN26,LONG,1,24898.00,24844.00,-1084.36,-1088.72,-217.7,LOSS,STOP_HIT,24844.50,1070.00,2026-05-07 09:30:45
2026-03-13,2026-03-13 10:50:00,2026-03-13 10:50:00,OG,Backtest,AdxDiCrossBracketOG,OG_AdxDiCrossBracketOG,OG,NQ,NQ JUN26,SHORT,1,24805.00,24755.00,995.64,991.28,198.3,WIN,TARGET_HIT,24853.50,970.00,2026-05-07 09:30:45
2026-03-09,2026-03-09 10:45:00,2026-03-09 10:50:00,OG,Backtest,AdxDiCrossBracketOG,OG_AdxDiCrossBracketOG,OG,NQ,NQ JUN26,LONG,1,24692.00,24762.25,1400.64,1396.28,279.3,WIN,TARGET_HIT,24622.25,1395.00,2026-05-07 09:30:45
2026-03-13,2026-03-13 10:50:00,2026-03-13 10:50:00,OG,Backtest,AdxDiCrossBracketOG,OG_AdxDiCrossBracketOG,OG,NQ,NQ JUN26,SHORT,1,24805.00,24755.00,995.64,991.28,198.3,WIN,TARGET_HIT,24853.50,970.00,2026-05-07 09:30:45
2026-03-17,2026-03-17 11:15:00,2026-03-17 11:20:00,OG,Backtest,AdxDiCrossBracketOG,OG_AdxDiCrossBracketOG,OG,NQ,NQ JUN26,SHORT,1,25020.50,25056.75,-729.36,-733.72,-146.7,LOSS,STOP_HIT,25056.25,715.00,2026-05-07 09:30:45
2026-04-07,2026-04-07 11:40:00,2026-04-07 12:00:00,OG,Backtest,AdxDiCrossBracketOG,OG_AdxDiCrossBracketOG,OG,NQ,NQ JUN26,LONG,1,24071.50,24117.50,915.64,911.28,182.3,WIN,TARGET_HIT,24025.00,930.00,2026-05-07 09:30:45
2026-03-20,2026-03-20 11:30:00,2026-03-20 12:05:00,OG,Backtest,AdxDiCrossBracketOG,OG_AdxDiCrossBracketOG,OG,NQ,NQ JUN26,LONG,1,24274.25,24327.75,1065.64,1061.28,212.3,WIN,TARGET_HIT,24219.75,1090.00,2026-05-07 09:30:45
2026-03-19,2026-03-19 11:15:00,2026-03-19 11:25:00,OG,Backtest,AdxDiCrossBracketOG,OG_AdxDiCrossBracketOG,OG,NQ,NQ JUN26,LONG,1,24530.25,24486.25,-884.36,-888.72,-177.7,LOSS,STOP_HIT,24473.00,1145.00,2026-05-07 09:30:45
2026-04-02,2026-04-02 10:45:00,2026-04-02 10:45:00,OG,Backtest,AdxDiCrossBracketOG,OG_AdxDiCrossBracketOG,OG,NQ,NQ JUN26,LONG,1,24210.25,24134.00,-1529.36,-1533.72,-306.7,LOSS,STOP_HIT,24134.50,1515.00,2026-05-07 09:30:45
2026-03-20,2026-03-20 11:30:00,2026-03-20 12:05:00,OG,Backtest,AdxDiCrossBracketOG,OG_AdxDiCrossBracketOG,OG,NQ,NQ JUN26,LONG,1,24274.25,24327.75,1065.64,1061.28,212.3,WIN,TARGET_HIT,24219.75,1090.00,2026-05-07 09:30:45
2026-03-27,2026-03-27 11:40:00,2026-03-27 11:45:00,OG,Backtest,AdxDiCrossBracketOG,OG_AdxDiCrossBracketOG,OG,NQ,NQ JUN26,LONG,1,23597.00,23541.00,-1124.36,-1128.72,-225.7,LOSS,STOP_HIT,23541.50,1110.00,2026-05-07 09:30:45
2026-03-25,2026-03-25 11:20:00,2026-03-25 11:20:00,OG,Backtest,AdxDiCrossBracketOG,OG_AdxDiCrossBracketOG,OG,NQ,NQ JUN26,SHORT,1,24386.00,24336.50,985.64,981.28,196.3,WIN,TARGET_HIT,24438.00,1040.00,2026-05-07 09:30:45
2026-03-19,2026-03-19 11:15:00,2026-03-19 11:25:00,OG,Backtest,AdxDiCrossBracketOG,OG_AdxDiCrossBracketOG,OG,NQ,NQ JUN26,LONG,1,24530.25,24486.25,-884.36,-888.72,-177.7,LOSS,STOP_HIT,24473.00,1145.00,2026-05-07 09:30:45
2026-03-25,2026-03-25 11:20:00,2026-03-25 11:20:00,OG,Backtest,AdxDiCrossBracketOG,OG_AdxDiCrossBracketOG,OG,NQ,NQ JUN26,SHORT,1,24386.00,24336.50,985.64,981.28,196.3,WIN,TARGET_HIT,24438.00,1040.00,2026-05-07 09:30:45
2026-03-25,2026-03-25 11:20:00,2026-03-25 11:20:00,OG,Backtest,AdxDiCrossBracketOG,OG_AdxDiCrossBracketOG,OG,NQ,NQ JUN26,SHORT,1,24386.00,24336.50,985.64,981.28,196.3,WIN,TARGET_HIT,24438.00,1040.00,2026-05-07 09:30:45
2026-03-25,2026-03-25 11:20:00,2026-03-25 11:20:00,OG,Backtest,AdxDiCrossBracketOG,OG_AdxDiCrossBracketOG,OG,NQ,NQ JUN26,SHORT,1,24386.00,24336.50,985.64,981.28,196.3,WIN,TARGET_HIT,24438.00,1040.00,2026-05-07 09:30:45
2026-03-27,2026-03-27 11:40:00,2026-03-27 11:45:00,OG,Backtest,AdxDiCrossBracketOG,OG_AdxDiCrossBracketOG,OG,NQ,NQ JUN26,LONG,1,23597.00,23541.00,-1124.36,-1128.72,-225.7,LOSS,STOP_HIT,23541.50,1110.00,2026-05-07 09:30:45
2026-04-06,2026-04-06 11:35:00,2026-04-06 11:45:00,OG,Backtest,AdxDiCrossBracketOG,OG_AdxDiCrossBracketOG,OG,NQ,NQ JUN26,SHORT,1,24280.75,24290.00,-189.36,-193.72,-38.7,LOSS,STOP_HIT,24325.50,895.00,2026-05-07 09:30:45
2026-04-02,2026-04-02 10:45:00,2026-04-02 10:45:00,OG,Backtest,AdxDiCrossBracketOG,OG_AdxDiCrossBracketOG,OG,NQ,NQ JUN26,LONG,1,24210.25,24134.00,-1529.36,-1533.72,-306.7,LOSS,STOP_HIT,24134.50,1515.00,2026-05-07 09:30:45
2026-04-02,2026-04-02 10:45:00,2026-04-02 10:45:00,OG,Backtest,AdxDiCrossBracketOG,OG_AdxDiCrossBracketOG,OG,NQ,NQ JUN26,LONG,1,24210.25,24134.00,-1529.36,-1533.72,-306.7,LOSS,STOP_HIT,24134.50,1515.00,2026-05-07 09:30:45
2026-04-06,2026-04-06 10:55:00,2026-04-06 11:00:00,OG,Backtest,AdxDiCrossBracketOG,OG_AdxDiCrossBracketOG,OG,NQ,NQ JUN26,SHORT,1,24269.25,24321.50,-1049.36,-1053.72,-210.7,LOSS,STOP_HIT,24321.00,1035.00,2026-05-07 09:30:45
2026-04-06,2026-04-06 11:35:00,2026-04-06 11:45:00,OG,Backtest,AdxDiCrossBracketOG,OG_AdxDiCrossBracketOG,OG,NQ,NQ JUN26,SHORT,1,24280.75,24290.00,-189.36,-193.72,-38.7,LOSS,STOP_HIT,24325.50,895.00,2026-05-07 09:30:45
2026-04-06,2026-04-06 11:05:00,2026-04-06 11:25:00,OG,Backtest,AdxDiCrossBracketOG,OG_AdxDiCrossBracketOG,OG,NQ,NQ JUN26,LONG,1,24306.75,24294.50,-249.36,-253.72,-50.7,LOSS,STOP_HIT,24255.50,1025.00,2026-05-07 09:30:45
2026-04-02,2026-04-02 10:45:00,2026-04-02 10:45:00,OG,Backtest,AdxDiCrossBracketOG,OG_AdxDiCrossBracketOG,OG,NQ,NQ JUN26,LONG,1,24210.25,24134.00,-1529.36,-1533.72,-306.7,LOSS,STOP_HIT,24134.50,1515.00,2026-05-07 09:30:45
2026-04-06,2026-04-06 11:35:00,2026-04-06 11:45:00,OG,Backtest,AdxDiCrossBracketOG,OG_AdxDiCrossBracketOG,OG,NQ,NQ JUN26,SHORT,1,24280.75,24290.00,-189.36,-193.72,-38.7,LOSS,STOP_HIT,24325.50,895.00,2026-05-07 09:30:45
2026-04-13,2026-04-13 10:00:00,2026-04-13 10:00:00,OG,Backtest,AdxDiCrossBracketOG,OG_AdxDiCrossBracketOG,OG,NQ,NQ JUN26,LONG,1,25271.50,25305.75,680.64,676.28,135.3,WIN,TARGET_HIT,25235.75,715.00,2026-05-07 09:30:45
2026-04-29,2026-04-29 11:15:00,2026-04-29 11:20:00,OG,Backtest,AdxDiCrossBracketOG,OG_AdxDiCrossBracketOG,OG,NQ,NQ JUN26,SHORT,1,27249.50,27231.00,365.64,361.28,72.3,WIN,STOP_HIT,27280.00,610.00,2026-05-07 09:30:45
2026-04-07,2026-04-07 11:40:00,2026-04-07 12:00:00,OG,Backtest,AdxDiCrossBracketOG,OG_AdxDiCrossBracketOG,OG,NQ,NQ JUN26,LONG,1,24071.50,24117.50,915.64,911.28,182.3,WIN,TARGET_HIT,24025.00,930.00,2026-05-07 09:30:45
2026-04-06,2026-04-06 11:35:00,2026-04-06 11:45:00,OG,Backtest,AdxDiCrossBracketOG,OG_AdxDiCrossBracketOG,OG,NQ,NQ JUN26,SHORT,1,24280.75,24290.00,-189.36,-193.72,-38.7,LOSS,STOP_HIT,24325.50,895.00,2026-05-07 09:30:45
2026-04-16,2026-04-16 10:15:00,2026-04-16 10:15:00,OG,Backtest,AdxDiCrossBracketOG,OG_AdxDiCrossBracketOG,OG,NQ,NQ JUN26,LONG,1,26347.25,26381.00,670.64,666.28,133.3,WIN,TARGET_HIT,26311.50,715.00,2026-05-07 09:30:45
2026-04-10,2026-04-10 11:45:00,2026-04-10 12:00:00,OG,Backtest,AdxDiCrossBracketOG,OG_AdxDiCrossBracketOG,OG,NQ,NQ JUN26,SHORT,1,25301.50,25269.75,630.64,626.28,125.3,WIN,TARGET_HIT,25334.25,655.00,2026-05-07 09:30:45
2026-04-13,2026-04-13 10:00:00,2026-04-13 10:00:00,OG,Backtest,AdxDiCrossBracketOG,OG_AdxDiCrossBracketOG,OG,NQ,NQ JUN26,LONG,1,25271.50,25305.75,680.64,676.28,135.3,WIN,TARGET_HIT,25235.75,715.00,2026-05-07 09:30:45
2026-04-29,2026-04-29 11:15:00,2026-04-29 11:20:00,OG,Backtest,AdxDiCrossBracketOG,OG_AdxDiCrossBracketOG,OG,NQ,NQ JUN26,SHORT,1,27249.50,27231.00,365.64,361.28,72.3,WIN,STOP_HIT,27280.00,610.00,2026-05-07 09:30:45
2026-04-16,2026-04-16 10:15:00,2026-04-16 10:15:00,OG,Backtest,AdxDiCrossBracketOG,OG_AdxDiCrossBracketOG,OG,NQ,NQ JUN26,LONG,1,26347.25,26381.00,670.64,666.28,133.3,WIN,TARGET_HIT,26311.50,715.00,2026-05-07 09:30:45
2026-04-16,2026-04-16 10:15:00,2026-04-16 10:15:00,OG,Backtest,AdxDiCrossBracketOG,OG_AdxDiCrossBracketOG,OG,NQ,NQ JUN26,LONG,1,26347.25,26381.00,670.64,666.28,133.3,WIN,TARGET_HIT,26311.50,715.00,2026-05-07 09:30:45
2026-04-16,2026-04-16 10:15:00,2026-04-16 10:15:00,OG,Backtest,AdxDiCrossBracketOG,OG_AdxDiCrossBracketOG,OG,NQ,NQ JUN26,LONG,1,26347.25,26381.00,670.64,666.28,133.3,WIN,TARGET_HIT,26311.50,715.00,2026-05-07 09:30:45
2026-04-10,2026-04-10 11:45:00,2026-04-10 12:00:00,OG,Backtest,AdxDiCrossBracketOG,OG_AdxDiCrossBracketOG,OG,NQ,NQ JUN26,SHORT,1,25301.50,25269.75,630.64,626.28,125.3,WIN,TARGET_HIT,25334.25,655.00,2026-05-07 09:30:45
2026-04-16,2026-04-16 10:15:00,2026-04-16 10:15:00,OG,Backtest,AdxDiCrossBracketOG,OG_AdxDiCrossBracketOG,OG,NQ,NQ JUN26,LONG,1,26347.25,26381.00,670.64,666.28,133.3,WIN,TARGET_HIT,26311.50,715.00,2026-05-07 09:30:45
2026-04-21,2026-04-21 11:05:00,2026-04-21 11:05:00,OG,Backtest,AdxDiCrossBracketOG,OG_AdxDiCrossBracketOG,OG,NQ,NQ JUN26,SHORT,1,26737.25,26702.00,700.64,696.28,139.3,WIN,TARGET_HIT,26771.50,685.00,2026-05-07 09:30:45
2026-05-01,2026-05-01 11:10:00,2026-05-01 11:15:00,OG,Backtest,AdxDiCrossBracketOG,OG_AdxDiCrossBracketOG,OG,NQ,NQ JUN26,SHORT,1,27795.25,27837.00,-839.36,-843.72,-168.7,LOSS,STOP_HIT,27836.50,825.00,2026-05-07 09:30:45
2026-05-01,2026-05-01 11:20:00,2026-05-01 11:40:00,OG,Backtest,AdxDiCrossBracketOG,OG_AdxDiCrossBracketOG,OG,NQ,NQ JUN26,LONG,1,27837.25,27877.75,805.64,801.28,160.3,WIN,TARGET_HIT,27796.25,820.00,2026-05-07 09:30:45
2026-05-01,2026-05-01 11:10:00,2026-05-01 11:15:00,OG,Backtest,AdxDiCrossBracketOG,OG_AdxDiCrossBracketOG,OG,NQ,NQ JUN26,SHORT,1,27795.25,27837.00,-839.36,-843.72,-168.7,LOSS,STOP_HIT,27836.50,825.00,2026-05-07 09:30:45
2026-05-04,2026-05-04 11:05:00,2026-05-04 11:15:00,OG,Backtest,AdxDiCrossBracketOG,OG_AdxDiCrossBracketOG,OG,NQ,NQ JUN26,SHORT,1,27881.50,27847.50,675.64,671.28,134.3,WIN,TARGET_HIT,27916.50,700.00,2026-05-07 09:30:45
2026-05-01,2026-05-01 11:20:00,2026-05-01 11:40:00,OG,Backtest,AdxDiCrossBracketOG,OG_AdxDiCrossBracketOG,OG,NQ,NQ JUN26,LONG,1,27837.25,27877.75,805.64,801.28,160.3,WIN,TARGET_HIT,27796.25,820.00,2026-05-07 09:30:45
2026-05-04,2026-05-04 11:05:00,2026-05-04 11:15:00,OG,Backtest,AdxDiCrossBracketOG,OG_AdxDiCrossBracketOG,OG,NQ,NQ JUN26,SHORT,1,27881.50,27847.50,675.64,671.28,134.3,WIN,TARGET_HIT,27916.50,700.00,2026-05-07 09:30:45
2026-05-01,2026-05-01 11:20:00,2026-05-01 11:40:00,OG,Backtest,AdxDiCrossBracketOG,OG_AdxDiCrossBracketOG,OG,NQ,NQ JUN26,LONG,1,27837.25,27877.75,805.64,801.28,160.3,WIN,TARGET_HIT,27796.25,820.00,2026-05-07 09:30:45
2026-05-04,2026-05-04 11:05:00,2026-05-04 11:15:00,OG,Backtest,AdxDiCrossBracketOG,OG_AdxDiCrossBracketOG,OG,NQ,NQ JUN26,SHORT,1,27881.50,27847.50,675.64,671.28,134.3,WIN,TARGET_HIT,27916.50,700.00,2026-05-07 09:30:45
2026-01-06,2026-01-06 11:00:00,2026-01-06 11:05:00,OG,Backtest,AdxDiCrossBracketOG,OG_AdxDiCrossBracketOG,OG,NQ,NQ JUN26,SHORT,1,25909.25,25880.75,565.64,561.28,112.3,WIN,TARGET_HIT,25938.25,580.00,2026-05-07 09:30:45
2026-01-07,2026-01-07 09:50:00,2026-01-07 09:50:00,OG,Backtest,AdxDiCrossBracketOG,OG_AdxDiCrossBracketOG,OG,NQ,NQ JUN26,LONG,1,26063.75,26079.75,315.64,311.28,62.3,WIN,TARGET_HIT,26047.25,330.00,2026-05-07 09:30:45
2026-01-07,2026-01-07 10:10:00,2026-01-07 10:10:00,OG,Backtest,AdxDiCrossBracketOG,OG_AdxDiCrossBracketOG,OG,NQ,NQ JUN26,SHORT,1,26050.75,26072.75,-444.36,-448.72,-89.7,LOSS,STOP_HIT,26072.25,430.00,2026-05-07 09:30:45
2026-01-09,2026-01-09 09:45:00,2026-01-09 09:50:00,OG,Backtest,AdxDiCrossBracketOG,OG_AdxDiCrossBracketOG,OG,NQ,NQ JUN26,LONG,1,25965.00,25937.50,-554.36,-558.72,-111.7,LOSS,STOP_HIT,25938.00,540.00,2026-05-07 09:30:45
2026-01-06,2026-01-06 11:00:00,2026-01-06 11:05:00,OG,Backtest,AdxDiCrossBracketOG,OG_AdxDiCrossBracketOG,OG,NQ,NQ JUN26,SHORT,1,25909.25,25880.75,565.64,561.28,112.3,WIN,TARGET_HIT,25938.25,580.00,2026-05-07 09:30:45
2026-01-13,2026-01-13 10:10:00,2026-01-13 10:15:00,OG,Backtest,AdxDiCrossBracketOG,OG_AdxDiCrossBracketOG,OG,NQ,NQ JUN26,SHORT,1,26138.00,26108.00,595.64,591.28,118.3,WIN,TARGET_HIT,26168.00,600.00,2026-05-07 09:30:45
2026-01-16,2026-01-16 11:30:00,2026-01-16 11:35:00,OG,Backtest,AdxDiCrossBracketOG,OG_AdxDiCrossBracketOG,OG,NQ,NQ JUN26,LONG,1,25911.50,25925.25,270.64,266.28,53.3,WIN,STOP_HIT,25874.75,735.00,2026-05-07 09:30:45
2026-01-06,2026-01-06 11:00:00,2026-01-06 11:05:00,OG,Backtest,AdxDiCrossBracketOG,OG_AdxDiCrossBracketOG,OG,NQ,NQ JUN26,SHORT,1,25909.25,25880.75,565.64,561.28,112.3,WIN,TARGET_HIT,25938.25,580.00,2026-05-07 09:30:45
2026-01-09,2026-01-09 09:55:00,2026-01-09 09:55:00,OG,Backtest,AdxDiCrossBracketOG,OG_AdxDiCrossBracketOG,OG,NQ,NQ JUN26,SHORT,1,25913.25,25948.25,-704.36,-708.72,-141.7,LOSS,STOP_HIT,25947.75,690.00,2026-05-07 09:30:45
2026-01-07,2026-01-07 10:10:00,2026-01-07 10:10:00,OG,Backtest,AdxDiCrossBracketOG,OG_AdxDiCrossBracketOG,OG,NQ,NQ JUN26,SHORT,1,26050.75,26072.75,-444.36,-448.72,-89.7,LOSS,STOP_HIT,26072.25,430.00,2026-05-07 09:30:45
2026-01-07,2026-01-07 09:50:00,2026-01-07 09:50:00,OG,Backtest,AdxDiCrossBracketOG,OG_AdxDiCrossBracketOG,OG,NQ,NQ JUN26,LONG,1,26063.75,26079.75,315.64,311.28,62.3,WIN,TARGET_HIT,26047.25,330.00,2026-05-07 09:30:45
2026-01-07,2026-01-07 09:50:00,2026-01-07 09:50:00,OG,Backtest,AdxDiCrossBracketOG,OG_AdxDiCrossBracketOG,OG,NQ,NQ JUN26,LONG,1,26063.75,26079.75,315.64,311.28,62.3,WIN,TARGET_HIT,26047.25,330.00,2026-05-07 09:30:45
2026-01-09,2026-01-09 10:10:00,2026-01-09 10:10:00,OG,Backtest,AdxDiCrossBracketOG,OG_AdxDiCrossBracketOG,OG,NQ,NQ JUN26,LONG,1,25921.75,25881.75,-804.36,-808.72,-161.7,LOSS,STOP_HIT,25882.25,790.00,2026-05-07 09:30:45
2026-01-07,2026-01-07 10:10:00,2026-01-07 10:10:00,OG,Backtest,AdxDiCrossBracketOG,OG_AdxDiCrossBracketOG,OG,NQ,NQ JUN26,SHORT,1,26050.75,26072.75,-444.36,-448.72,-89.7,LOSS,STOP_HIT,26072.25,430.00,2026-05-07 09:30:45
2026-01-09,2026-01-09 09:55:00,2026-01-09 09:55:00,OG,Backtest,AdxDiCrossBracketOG,OG_AdxDiCrossBracketOG,OG,NQ,NQ JUN26,SHORT,1,25913.25,25948.25,-704.36,-708.72,-141.7,LOSS,STOP_HIT,25947.75,690.00,2026-05-07 09:30:45
2026-01-06,2026-01-06 11:00:00,2026-01-06 11:05:00,OG,Backtest,AdxDiCrossBracketOG,OG_AdxDiCrossBracketOG,OG,NQ,NQ JUN26,SHORT,1,25909.25,25880.75,565.64,561.28,112.3,WIN,TARGET_HIT,25938.25,580.00,2026-05-07 09:30:45
2026-01-07,2026-01-07 10:10:00,2026-01-07 10:10:00,OG,Backtest,AdxDiCrossBracketOG,OG_AdxDiCrossBracketOG,OG,NQ,NQ JUN26,SHORT,1,26050.75,26072.75,-444.36,-448.72,-89.7,LOSS,STOP_HIT,26072.25,430.00,2026-05-07 09:30:45
2026-01-28,2026-01-28 10:55:00,2026-01-28 11:10:00,OG,Backtest,AdxDiCrossBracketOG,OG_AdxDiCrossBracketOG,OG,NQ,NQ JUN26,SHORT,1,26395.25,26395.25,-4.36,-8.72,-1.7,LOSS,STOP_HIT,26429.00,675.00,2026-05-07 09:30:45
2026-01-06,2026-01-06 11:00:00,2026-01-06 11:05:00,OG,Backtest,AdxDiCrossBracketOG,OG_AdxDiCrossBracketOG,OG,NQ,NQ JUN26,SHORT,1,25909.25,25880.75,565.64,561.28,112.3,WIN,TARGET_HIT,25938.25,580.00,2026-05-07 09:30:45
2026-01-09,2026-01-09 10:15:00,2026-01-09 10:15:00,OG,Backtest,AdxDiCrossBracketOG,OG_AdxDiCrossBracketOG,OG,NQ,NQ JUN26,SHORT,1,25850.50,25896.25,-919.36,-923.72,-184.7,LOSS,STOP_HIT,25895.75,905.00,2026-05-07 09:30:45
2026-01-09,2026-01-09 09:45:00,2026-01-09 09:50:00,OG,Backtest,AdxDiCrossBracketOG,OG_AdxDiCrossBracketOG,OG,NQ,NQ JUN26,LONG,1,25965.00,25937.50,-554.36,-558.72,-111.7,LOSS,STOP_HIT,25938.00,540.00,2026-05-07 09:30:45
2026-01-09,2026-01-09 10:15:00,2026-01-09 10:15:00,OG,Backtest,AdxDiCrossBracketOG,OG_AdxDiCrossBracketOG,OG,NQ,NQ JUN26,SHORT,1,25850.50,25896.25,-919.36,-923.72,-184.7,LOSS,STOP_HIT,25895.75,905.00,2026-05-07 09:30:45
2026-01-09,2026-01-09 09:45:00,2026-01-09 09:50:00,OG,Backtest,AdxDiCrossBracketOG,OG_AdxDiCrossBracketOG,OG,NQ,NQ JUN26,LONG,1,25965.00,25937.50,-554.36,-558.72,-111.7,LOSS,STOP_HIT,25938.00,540.00,2026-05-07 09:30:45
2026-01-09,2026-01-09 10:30:00,2026-01-09 10:30:00,OG,Backtest,AdxDiCrossBracketOG,OG_AdxDiCrossBracketOG,OG,NQ,NQ JUN26,LONG,1,26009.25,26057.25,955.64,951.28,190.3,WIN,TARGET_HIT,25959.75,990.00,2026-05-07 09:30:45
2026-01-12,2026-01-12 11:25:00,2026-01-12 11:35:00,OG,Backtest,AdxDiCrossBracketOG,OG_AdxDiCrossBracketOG,OG,NQ,NQ JUN26,LONG,1,26158.75,26150.00,-179.36,-183.72,-36.7,LOSS,STOP_HIT,26131.75,540.00,2026-05-07 09:30:45
2026-01-09,2026-01-09 10:10:00,2026-01-09 10:10:00,OG,Backtest,AdxDiCrossBracketOG,OG_AdxDiCrossBracketOG,OG,NQ,NQ JUN26,LONG,1,25921.75,25881.75,-804.36,-808.72,-161.7,LOSS,STOP_HIT,25882.25,790.00,2026-05-07 09:30:45
2026-01-21,2026-01-21 11:45:00,2026-01-21 11:45:00,OG,Backtest,AdxDiCrossBracketOG,OG_AdxDiCrossBracketOG,OG,NQ,NQ JUN26,SHORT,1,25543.75,25505.75,755.64,751.28,150.3,WIN,TARGET_HIT,25582.25,770.00,2026-05-07 09:30:45
2026-01-09,2026-01-09 10:30:00,2026-01-09 10:30:00,OG,Backtest,AdxDiCrossBracketOG,OG_AdxDiCrossBracketOG,OG,NQ,NQ JUN26,LONG,1,26009.25,26057.25,955.64,951.28,190.3,WIN,TARGET_HIT,25959.75,990.00,2026-05-07 09:30:45
2026-01-16,2026-01-16 11:30:00,2026-01-16 11:35:00,OG,Backtest,AdxDiCrossBracketOG,OG_AdxDiCrossBracketOG,OG,NQ,NQ JUN26,LONG,1,25911.50,25925.25,270.64,266.28,53.3,WIN,STOP_HIT,25874.75,735.00,2026-05-07 09:30:45
2026-01-09,2026-01-09 10:15:00,2026-01-09 10:15:00,OG,Backtest,AdxDiCrossBracketOG,OG_AdxDiCrossBracketOG,OG,NQ,NQ JUN26,SHORT,1,25850.50,25896.25,-919.36,-923.72,-184.7,LOSS,STOP_HIT,25895.75,905.00,2026-05-07 09:30:45
2026-01-28,2026-01-28 10:55:00,2026-01-28 11:05:00,OG,Backtest,AdxDiCrossBracketOG,OG_AdxDiCrossBracketOG,OG,NQ,NQ JUN26,SHORT,1,26395.25,26393.25,35.64,31.28,6.3,WIN,STOP_HIT,26429.00,675.00,2026-05-07 09:30:45
2026-01-20,2026-01-20 10:50:00,2026-01-20 10:55:00,OG,Backtest,AdxDiCrossBracketOG,OG_AdxDiCrossBracketOG,OG,NQ,NQ JUN26,LONG,1,25598.00,25559.50,-774.36,-778.72,-155.7,LOSS,STOP_HIT,25550.75,945.00,2026-05-07 09:30:45
2026-01-12,2026-01-12 11:25:00,2026-01-12 11:35:00,OG,Backtest,AdxDiCrossBracketOG,OG_AdxDiCrossBracketOG,OG,NQ,NQ JUN26,LONG,1,26158.75,26150.00,-179.36,-183.72,-36.7,LOSS,STOP_HIT,26131.75,540.00,2026-05-07 09:30:45
2026-01-21,2026-01-21 11:45:00,2026-01-21 11:45:00,OG,Backtest,AdxDiCrossBracketOG,OG_AdxDiCrossBracketOG,OG,NQ,NQ JUN26,SHORT,1,25543.75,25505.75,755.64,751.28,150.3,WIN,TARGET_HIT,25582.25,770.00,2026-05-07 09:30:45
2026-01-09,2026-01-09 10:30:00,2026-01-09 10:30:00,OG,Backtest,AdxDiCrossBracketOG,OG_AdxDiCrossBracketOG,OG,NQ,NQ JUN26,LONG,1,26009.25,26057.25,955.64,951.28,190.3,WIN,TARGET_HIT,25959.75,990.00,2026-05-07 09:30:45
2026-01-28,2026-01-28 11:20:00,2026-01-28 11:25:00,OG,Backtest,AdxDiCrossBracketOG,OG_AdxDiCrossBracketOG,OG,NQ,NQ JUN26,LONG,1,26393.00,26379.00,-284.36,-288.72,-57.7,LOSS,STOP_HIT,26363.25,595.00,2026-05-07 09:30:46
2026-02-05,2026-02-05 11:40:00,2026-02-05 11:50:00,OG,Backtest,AdxDiCrossBracketOG,OG_AdxDiCrossBracketOG,OG,NQ,NQ JUN26,LONG,1,25025.50,24992.25,-669.36,-673.72,-134.7,LOSS,STOP_HIT,24938.00,1750.00,2026-05-07 09:30:46
2026-02-03,2026-02-03 09:50:00,2026-02-03 09:50:00,OG,Backtest,AdxDiCrossBracketOG,OG_AdxDiCrossBracketOG,OG,NQ,NQ JUN26,SHORT,1,25960.75,25998.50,-759.36,-763.72,-152.7,LOSS,STOP_HIT,25998.00,745.00,2026-05-07 09:30:46
2026-01-28,2026-01-28 11:20:00,2026-01-28 11:25:00,OG,Backtest,AdxDiCrossBracketOG,OG_AdxDiCrossBracketOG,OG,NQ,NQ JUN26,LONG,1,26393.00,26379.00,-284.36,-288.72,-57.7,LOSS,STOP_HIT,26363.25,595.00,2026-05-07 09:30:46
2026-01-30,2026-01-30 10:55:00,2026-01-30 10:55:00,OG,Backtest,AdxDiCrossBracketOG,OG_AdxDiCrossBracketOG,OG,NQ,NQ JUN26,LONG,1,26117.25,26059.50,-1159.36,-1163.72,-232.7,LOSS,STOP_HIT,26060.00,1145.00,2026-05-07 09:30:46
2026-01-30,2026-01-30 11:00:00,2026-01-30 11:10:00,OG,Backtest,AdxDiCrossBracketOG,OG_AdxDiCrossBracketOG,OG,NQ,NQ JUN26,SHORT,1,26072.25,26047.50,490.64,486.28,97.3,WIN,STOP_HIT,26129.00,1135.00,2026-05-07 09:30:46
2026-01-30,2026-01-30 10:55:00,2026-01-30 10:55:00,OG,Backtest,AdxDiCrossBracketOG,OG_AdxDiCrossBracketOG,OG,NQ,NQ JUN26,LONG,1,26117.25,26059.50,-1159.36,-1163.72,-232.7,LOSS,STOP_HIT,26060.00,1145.00,2026-05-07 09:30:46
2026-01-20,2026-01-20 11:10:00,2026-01-20 11:15:00,OG,Backtest,AdxDiCrossBracketOG,OG_AdxDiCrossBracketOG,OG,NQ,NQ JUN26,LONG,1,25587.50,25601.00,265.64,261.28,52.3,WIN,STOP_HIT,25540.75,935.00,2026-05-07 09:30:46
2026-01-28,2026-01-28 10:55:00,2026-01-28 11:10:00,OG,Backtest,AdxDiCrossBracketOG,OG_AdxDiCrossBracketOG,OG,NQ,NQ JUN26,SHORT,1,26395.25,26395.25,-4.36,-8.72,-1.7,LOSS,STOP_HIT,26429.00,675.00,2026-05-07 09:30:46
2026-03-03,2026-03-03 11:25:00,2026-03-03 11:40:00,OG,Backtest,AdxDiCrossBracketOG,OG_AdxDiCrossBracketOG,OG,NQ,NQ JUN26,LONG,1,24794.50,24817.25,450.64,446.28,89.3,WIN,STOP_HIT,24724.00,1410.00,2026-05-07 09:30:46
2026-01-28,2026-01-28 10:55:00,2026-01-28 11:10:00,OG,Backtest,AdxDiCrossBracketOG,OG_AdxDiCrossBracketOG,OG,NQ,NQ JUN26,SHORT,1,26395.25,26395.25,-4.36,-8.72,-1.7,LOSS,STOP_HIT,26429.00,675.00,2026-05-07 09:30:46
2026-03-06,2026-03-06 11:10:00,2026-03-06 11:15:00,OG,Backtest,AdxDiCrossBracketOG,OG_AdxDiCrossBracketOG,OG,NQ,NQ JUN26,LONG,1,25101.50,25059.00,-854.36,-858.72,-171.7,LOSS,STOP_HIT,25038.75,1255.00,2026-05-07 09:30:46
2026-02-05,2026-02-05 11:40:00,2026-02-05 11:50:00,OG,Backtest,AdxDiCrossBracketOG,OG_AdxDiCrossBracketOG,OG,NQ,NQ JUN26,LONG,1,25025.50,24992.25,-669.36,-673.72,-134.7,LOSS,STOP_HIT,24938.00,1750.00,2026-05-07 09:30:46
2026-01-30,2026-01-30 10:55:00,2026-01-30 10:55:00,OG,Backtest,AdxDiCrossBracketOG,OG_AdxDiCrossBracketOG,OG,NQ,NQ JUN26,LONG,1,26117.25,26059.50,-1159.36,-1163.72,-232.7,LOSS,STOP_HIT,26060.00,1145.00,2026-05-07 09:30:46
2026-01-30,2026-01-30 10:55:00,2026-01-30 10:55:00,OG,Backtest,AdxDiCrossBracketOG,OG_AdxDiCrossBracketOG,OG,NQ,NQ JUN26,LONG,1,26117.25,26059.50,-1159.36,-1163.72,-232.7,LOSS,STOP_HIT,26060.00,1145.00,2026-05-07 09:30:46
2026-02-11,2026-02-11 11:05:00,2026-02-11 11:10:00,OG,Backtest,AdxDiCrossBracketOG,OG_AdxDiCrossBracketOG,OG,NQ,NQ JUN26,LONG,1,25453.50,25418.25,-709.36,-713.72,-142.7,LOSS,STOP_HIT,25393.00,1210.00,2026-05-07 09:30:46
2026-02-10,2026-02-10 09:45:00,2026-02-10 09:45:00,OG,Backtest,AdxDiCrossBracketOG,OG_AdxDiCrossBracketOG,OG,NQ,NQ JUN26,SHORT,1,25535.25,25512.25,455.64,451.28,90.3,WIN,TARGET_HIT,25559.75,490.00,2026-05-07 09:30:46
2026-01-30,2026-01-30 10:55:00,2026-01-30 10:55:00,OG,Backtest,AdxDiCrossBracketOG,OG_AdxDiCrossBracketOG,OG,NQ,NQ JUN26,LONG,1,26117.25,26059.50,-1159.36,-1163.72,-232.7,LOSS,STOP_HIT,26060.00,1145.00,2026-05-07 09:30:46
2026-02-13,2026-02-13 10:35:00,2026-02-13 10:35:00,OG,Backtest,AdxDiCrossBracketOG,OG_AdxDiCrossBracketOG,OG,NQ,NQ JUN26,LONG,1,25058.00,25127.00,1375.64,1371.28,274.3,WIN,TARGET_HIT,24987.50,1410.00,2026-05-07 09:30:46
2026-02-13,2026-02-13 10:50:00,2026-02-13 11:05:00,OG,Backtest,AdxDiCrossBracketOG,OG_AdxDiCrossBracketOG,OG,NQ,NQ JUN26,SHORT,1,24983.00,25020.25,-749.36,-753.72,-150.7,LOSS,STOP_HIT,25055.00,1440.00,2026-05-07 09:30:46
2026-02-11,2026-02-11 10:20:00,2026-02-11 10:20:00,OG,Backtest,AdxDiCrossBracketOG,OG_AdxDiCrossBracketOG,OG,NQ,NQ JUN26,SHORT,1,25396.00,25345.50,1005.64,1001.28,200.3,WIN,TARGET_HIT,25448.50,1050.00,2026-05-07 09:30:46
2026-03-02,2026-03-02 11:15:00,2026-03-02 11:20:00,OG,Backtest,AdxDiCrossBracketOG,OG_AdxDiCrossBracketOG,OG,NQ,NQ JUN26,LONG,1,25187.00,25180.75,-129.36,-133.72,-26.7,LOSS,STOP_HIT,25129.50,1150.00,2026-05-07 09:30:46
2026-02-13,2026-02-13 10:50:00,2026-02-13 11:00:00,OG,Backtest,AdxDiCrossBracketOG,OG_AdxDiCrossBracketOG,OG,NQ,NQ JUN26,SHORT,1,24983.00,25030.00,-944.36,-948.72,-189.7,LOSS,STOP_HIT,25055.00,1440.00,2026-05-07 09:30:46
2026-03-03,2026-03-03 11:25:00,2026-03-03 11:35:00,OG,Backtest,AdxDiCrossBracketOG,OG_AdxDiCrossBracketOG,OG,NQ,NQ JUN26,LONG,1,24794.50,24819.00,485.64,481.28,96.3,WIN,STOP_HIT,24724.00,1410.00,2026-05-07 09:30:46
2026-02-11,2026-02-11 10:20:00,2026-02-11 10:20:00,OG,Backtest,AdxDiCrossBracketOG,OG_AdxDiCrossBracketOG,OG,NQ,NQ JUN26,SHORT,1,25396.00,25345.50,1005.64,1001.28,200.3,WIN,TARGET_HIT,25448.50,1050.00,2026-05-07 09:30:46
2026-02-24,2026-02-24 10:15:00,2026-02-24 10:15:00,OG,Backtest,AdxDiCrossBracketOG,OG_AdxDiCrossBracketOG,OG,NQ,NQ JUN26,LONG,1,25109.25,25063.75,-914.36,-918.72,-183.7,LOSS,STOP_HIT,25064.25,900.00,2026-05-07 09:30:46
2026-02-24,2026-02-24 09:50:00,2026-02-24 09:50:00,OG,Backtest,AdxDiCrossBracketOG,OG_AdxDiCrossBracketOG,OG,NQ,NQ JUN26,LONG,1,25120.50,25157.50,735.64,731.28,146.3,WIN,TARGET_HIT,25081.50,780.00,2026-05-07 09:30:46
2026-03-06,2026-03-06 11:10:00,2026-03-06 11:15:00,OG,Backtest,AdxDiCrossBracketOG,OG_AdxDiCrossBracketOG,OG,NQ,NQ JUN26,LONG,1,25101.50,25059.00,-854.36,-858.72,-171.7,LOSS,STOP_HIT,25038.75,1255.00,2026-05-07 09:30:46
2026-02-10,2026-02-10 09:45:00,2026-02-10 09:45:00,OG,Backtest,AdxDiCrossBracketOG,OG_AdxDiCrossBracketOG,OG,NQ,NQ JUN26,SHORT,1,25535.25,25512.25,455.64,451.28,90.3,WIN,TARGET_HIT,25559.75,490.00,2026-05-07 09:30:46
2026-02-24,2026-02-24 10:10:00,2026-02-24 10:10:00,OG,Backtest,AdxDiCrossBracketOG,OG_AdxDiCrossBracketOG,OG,NQ,NQ JUN26,SHORT,1,25048.75,25092.75,-884.36,-888.72,-177.7,LOSS,STOP_HIT,25092.25,870.00,2026-05-07 09:30:46
2026-02-17,2026-02-17 11:10:00,2026-02-17 11:10:00,OG,Backtest,AdxDiCrossBracketOG,OG_AdxDiCrossBracketOG,OG,NQ,NQ JUN26,LONG,1,24861.25,24927.25,1315.64,1311.28,262.3,WIN,TARGET_HIT,24793.75,1350.00,2026-05-07 09:30:46
2026-02-24,2026-02-24 10:15:00,2026-02-24 10:15:00,OG,Backtest,AdxDiCrossBracketOG,OG_AdxDiCrossBracketOG,OG,NQ,NQ JUN26,LONG,1,25109.25,25063.75,-914.36,-918.72,-183.7,LOSS,STOP_HIT,25064.25,900.00,2026-05-07 09:30:46
2026-03-03,2026-03-03 11:25:00,2026-03-03 11:40:00,OG,Backtest,AdxDiCrossBracketOG,OG_AdxDiCrossBracketOG,OG,NQ,NQ JUN26,LONG,1,24794.50,24817.25,450.64,446.28,89.3,WIN,STOP_HIT,24724.00,1410.00,2026-05-07 09:30:46
2026-02-24,2026-02-24 10:15:00,2026-02-24 10:15:00,OG,Backtest,AdxDiCrossBracketOG,OG_AdxDiCrossBracketOG,OG,NQ,NQ JUN26,LONG,1,25109.25,25063.75,-914.36,-918.72,-183.7,LOSS,STOP_HIT,25064.25,900.00,2026-05-07 09:30:46
2026-03-06,2026-03-06 11:10:00,2026-03-06 11:15:00,OG,Backtest,AdxDiCrossBracketOG,OG_AdxDiCrossBracketOG,OG,NQ,NQ JUN26,LONG,1,25101.50,25059.00,-854.36,-858.72,-171.7,LOSS,STOP_HIT,25038.75,1255.00,2026-05-07 09:30:46
2026-03-03,2026-03-03 11:25:00,2026-03-03 11:40:00,OG,Backtest,AdxDiCrossBracketOG,OG_AdxDiCrossBracketOG,OG,NQ,NQ JUN26,LONG,1,24794.50,24817.25,450.64,446.28,89.3,WIN,STOP_HIT,24724.00,1410.00,2026-05-07 09:30:46
2026-04-06,2026-04-06 11:35:00,2026-04-06 11:50:00,OG,Backtest,AdxDiCrossBracketOG,OG_AdxDiCrossBracketOG,OG,NQ,NQ JUN26,SHORT,1,24280.75,24293.50,-259.36,-263.72,-52.7,LOSS,STOP_HIT,24325.50,895.00,2026-05-07 09:30:46
2026-03-19,2026-03-19 11:15:00,2026-03-19 11:25:00,OG,Backtest,AdxDiCrossBracketOG,OG_AdxDiCrossBracketOG,OG,NQ,NQ JUN26,LONG,1,24530.25,24486.25,-884.36,-888.72,-177.7,LOSS,STOP_HIT,24473.00,1145.00,2026-05-07 09:30:46
2026-03-06,2026-03-06 11:10:00,2026-03-06 11:15:00,OG,Backtest,AdxDiCrossBracketOG,OG_AdxDiCrossBracketOG,OG,NQ,NQ JUN26,LONG,1,25101.50,25059.00,-854.36,-858.72,-171.7,LOSS,STOP_HIT,25038.75,1255.00,2026-05-07 09:30:46
2026-03-03,2026-03-03 11:40:00,2026-03-03 11:50:00,OG,Backtest,AdxDiCrossBracketOG,OG_AdxDiCrossBracketOG,OG,NQ,NQ JUN26,SHORT,1,24817.25,24864.25,-944.36,-948.72,-189.7,LOSS,STOP_HIT,24882.75,1310.00,2026-05-07 09:30:46
2026-03-24,2026-03-24 11:00:00,2026-03-24 11:00:00,OG,Backtest,AdxDiCrossBracketOG,OG_AdxDiCrossBracketOG,OG,NQ,NQ JUN26,LONG,1,24281.50,24217.75,-1279.36,-1283.72,-256.7,LOSS,STOP_HIT,24218.25,1265.00,2026-05-07 09:30:46
2026-02-24,2026-02-24 09:50:00,2026-02-24 09:50:00,OG,Backtest,AdxDiCrossBracketOG,OG_AdxDiCrossBracketOG,OG,NQ,NQ JUN26,LONG,1,25120.50,25157.50,735.64,731.28,146.3,WIN,TARGET_HIT,25081.50,780.00,2026-05-07 09:30:46
2026-02-24,2026-02-24 09:50:00,2026-02-24 09:50:00,OG,Backtest,AdxDiCrossBracketOG,OG_AdxDiCrossBracketOG,OG,NQ,NQ JUN26,LONG,1,25120.50,25157.50,735.64,731.28,146.3,WIN,TARGET_HIT,25081.50,780.00,2026-05-07 09:30:46
2026-02-24,2026-02-24 10:10:00,2026-02-24 10:10:00,OG,Backtest,AdxDiCrossBracketOG,OG_AdxDiCrossBracketOG,OG,NQ,NQ JUN26,SHORT,1,25048.75,25092.75,-884.36,-888.72,-177.7,LOSS,STOP_HIT,25092.25,870.00,2026-05-07 09:30:46
2026-03-17,2026-03-17 11:15:00,2026-03-17 11:20:00,OG,Backtest,AdxDiCrossBracketOG,OG_AdxDiCrossBracketOG,OG,NQ,NQ JUN26,SHORT,1,25020.50,25056.75,-729.36,-733.72,-146.7,LOSS,STOP_HIT,25056.25,715.00,2026-05-07 09:30:46
2026-03-06,2026-03-06 11:10:00,2026-03-06 11:15:00,OG,Backtest,AdxDiCrossBracketOG,OG_AdxDiCrossBracketOG,OG,NQ,NQ JUN26,LONG,1,25101.50,25059.00,-854.36,-858.72,-171.7,LOSS,STOP_HIT,25038.75,1255.00,2026-05-07 09:30:46
2026-03-24,2026-03-24 11:00:00,2026-03-24 11:00:00,OG,Backtest,AdxDiCrossBracketOG,OG_AdxDiCrossBracketOG,OG,NQ,NQ JUN26,LONG,1,24281.50,24217.75,-1279.36,-1283.72,-256.7,LOSS,STOP_HIT,24218.25,1265.00,2026-05-07 09:30:46
2026-03-06,2026-03-06 11:10:00,2026-03-06 11:15:00,OG,Backtest,AdxDiCrossBracketOG,OG_AdxDiCrossBracketOG,OG,NQ,NQ JUN26,LONG,1,25101.50,25059.00,-854.36,-858.72,-171.7,LOSS,STOP_HIT,25038.75,1255.00,2026-05-07 09:30:46
2026-03-13,2026-03-13 10:50:00,2026-03-13 10:50:00,OG,Backtest,AdxDiCrossBracketOG,OG_AdxDiCrossBracketOG,OG,NQ,NQ JUN26,SHORT,1,24805.00,24755.00,995.64,991.28,198.3,WIN,TARGET_HIT,24853.50,970.00,2026-05-07 09:30:46
2026-03-27,2026-03-27 11:40:00,2026-03-27 11:45:00,OG,Backtest,AdxDiCrossBracketOG,OG_AdxDiCrossBracketOG,OG,NQ,NQ JUN26,LONG,1,23597.00,23541.00,-1124.36,-1128.72,-225.7,LOSS,STOP_HIT,23541.50,1110.00,2026-05-07 09:30:46
2026-03-02,2026-03-02 11:15:00,2026-03-02 11:20:00,OG,Backtest,AdxDiCrossBracketOG,OG_AdxDiCrossBracketOG,OG,NQ,NQ JUN26,LONG,1,25187.00,25180.75,-129.36,-133.72,-26.7,LOSS,STOP_HIT,25129.50,1150.00,2026-05-07 09:30:46
2026-03-17,2026-03-17 11:15:00,2026-03-17 11:20:00,OG,Backtest,AdxDiCrossBracketOG,OG_AdxDiCrossBracketOG,OG,NQ,NQ JUN26,SHORT,1,25020.50,25056.75,-729.36,-733.72,-146.7,LOSS,STOP_HIT,25056.25,715.00,2026-05-07 09:30:46
2026-03-17,2026-03-17 11:15:00,2026-03-17 11:20:00,OG,Backtest,AdxDiCrossBracketOG,OG_AdxDiCrossBracketOG,OG,NQ,NQ JUN26,SHORT,1,25020.50,25056.75,-729.36,-733.72,-146.7,LOSS,STOP_HIT,25056.25,715.00,2026-05-07 09:30:46
2026-03-24,2026-03-24 11:00:00,2026-03-24 11:00:00,OG,Backtest,AdxDiCrossBracketOG,OG_AdxDiCrossBracketOG,OG,NQ,NQ JUN26,LONG,1,24281.50,24217.75,-1279.36,-1283.72,-256.7,LOSS,STOP_HIT,24218.25,1265.00,2026-05-07 09:30:46
2026-04-29,2026-04-29 11:15:00,2026-04-29 11:20:00,OG,Backtest,AdxDiCrossBracketOG,OG_AdxDiCrossBracketOG,OG,NQ,NQ JUN26,SHORT,1,27249.50,27231.00,365.64,361.28,72.3,WIN,STOP_HIT,27280.00,610.00,2026-05-07 09:30:46
2026-03-25,2026-03-25 11:20:00,2026-03-25 11:20:00,OG,Backtest,AdxDiCrossBracketOG,OG_AdxDiCrossBracketOG,OG,NQ,NQ JUN26,SHORT,1,24386.00,24336.50,985.64,981.28,196.3,WIN,TARGET_HIT,24438.00,1040.00,2026-05-07 09:30:46
2026-03-06,2026-03-06 11:10:00,2026-03-06 11:15:00,OG,Backtest,AdxDiCrossBracketOG,OG_AdxDiCrossBracketOG,OG,NQ,NQ JUN26,LONG,1,25101.50,25059.00,-854.36,-858.72,-171.7,LOSS,STOP_HIT,25038.75,1255.00,2026-05-07 09:30:46
2026-04-10,2026-04-10 11:45:00,2026-04-10 12:00:00,OG,Backtest,AdxDiCrossBracketOG,OG_AdxDiCrossBracketOG,OG,NQ,NQ JUN26,SHORT,1,25301.50,25269.75,630.64,626.28,125.3,WIN,TARGET_HIT,25334.25,655.00,2026-05-07 09:30:46
2026-03-12,2026-03-12 11:50:00,2026-03-12 11:50:00,OG,Backtest,AdxDiCrossBracketOG,OG_AdxDiCrossBracketOG,OG,NQ,NQ JUN26,LONG,1,24898.00,24844.00,-1084.36,-1088.72,-217.7,LOSS,STOP_HIT,24844.50,1070.00,2026-05-07 09:30:46
2026-04-13,2026-04-13 10:00:00,2026-04-13 10:00:00,OG,Backtest,AdxDiCrossBracketOG,OG_AdxDiCrossBracketOG,OG,NQ,NQ JUN26,LONG,1,25271.50,25305.75,680.64,676.28,135.3,WIN,TARGET_HIT,25235.75,715.00,2026-05-07 09:30:46
2026-03-17,2026-03-17 11:15:00,2026-03-17 11:20:00,OG,Backtest,AdxDiCrossBracketOG,OG_AdxDiCrossBracketOG,OG,NQ,NQ JUN26,SHORT,1,25020.50,25056.75,-729.36,-733.72,-146.7,LOSS,STOP_HIT,25056.25,715.00,2026-05-07 09:30:46
2026-03-27,2026-03-27 11:40:00,2026-03-27 11:45:00,OG,Backtest,AdxDiCrossBracketOG,OG_AdxDiCrossBracketOG,OG,NQ,NQ JUN26,LONG,1,23597.00,23541.00,-1124.36,-1128.72,-225.7,LOSS,STOP_HIT,23541.50,1110.00,2026-05-07 09:30:46
2026-04-16,2026-04-16 10:15:00,2026-04-16 10:15:00,OG,Backtest,AdxDiCrossBracketOG,OG_AdxDiCrossBracketOG,OG,NQ,NQ JUN26,LONG,1,26347.25,26381.00,670.64,666.28,133.3,WIN,TARGET_HIT,26311.50,715.00,2026-05-07 09:30:46
2026-04-13,2026-04-13 10:00:00,2026-04-13 10:00:00,OG,Backtest,AdxDiCrossBracketOG,OG_AdxDiCrossBracketOG,OG,NQ,NQ JUN26,LONG,1,25271.50,25305.75,680.64,676.28,135.3,WIN,TARGET_HIT,25235.75,715.00,2026-05-07 09:30:46
2026-04-10,2026-04-10 11:45:00,2026-04-10 12:00:00,OG,Backtest,AdxDiCrossBracketOG,OG_AdxDiCrossBracketOG,OG,NQ,NQ JUN26,SHORT,1,25301.50,25269.75,630.64,626.28,125.3,WIN,TARGET_HIT,25334.25,655.00,2026-05-07 09:30:46
2026-03-27,2026-03-27 11:40:00,2026-03-27 11:45:00,OG,Backtest,AdxDiCrossBracketOG,OG_AdxDiCrossBracketOG,OG,NQ,NQ JUN26,LONG,1,23597.00,23541.00,-1124.36,-1128.72,-225.7,LOSS,STOP_HIT,23541.50,1110.00,2026-05-07 09:30:46
2026-03-20,2026-03-20 11:30:00,2026-03-20 12:05:00,OG,Backtest,AdxDiCrossBracketOG,OG_AdxDiCrossBracketOG,OG,NQ,NQ JUN26,LONG,1,24274.25,24327.75,1065.64,1061.28,212.3,WIN,TARGET_HIT,24219.75,1090.00,2026-05-07 09:30:46
2026-04-16,2026-04-16 10:15:00,2026-04-16 10:15:00,OG,Backtest,AdxDiCrossBracketOG,OG_AdxDiCrossBracketOG,OG,NQ,NQ JUN26,LONG,1,26347.25,26381.00,670.64,666.28,133.3,WIN,TARGET_HIT,26311.50,715.00,2026-05-07 09:30:46
2026-05-04,2026-05-04 11:05:00,2026-05-04 11:15:00,OG,Backtest,AdxDiCrossBracketOG,OG_AdxDiCrossBracketOG,OG,NQ,NQ JUN26,SHORT,1,27881.50,27847.50,675.64,671.28,134.3,WIN,TARGET_HIT,27916.50,700.00,2026-05-07 09:30:46
2026-04-13,2026-04-13 10:00:00,2026-04-13 10:00:00,OG,Backtest,AdxDiCrossBracketOG,OG_AdxDiCrossBracketOG,OG,NQ,NQ JUN26,LONG,1,25271.50,25305.75,680.64,676.28,135.3,WIN,TARGET_HIT,25235.75,715.00,2026-05-07 09:30:46
2026-04-13,2026-04-13 10:00:00,2026-04-13 10:00:00,OG,Backtest,AdxDiCrossBracketOG,OG_AdxDiCrossBracketOG,OG,NQ,NQ JUN26,LONG,1,25271.50,25305.75,680.64,676.28,135.3,WIN,TARGET_HIT,25235.75,715.00,2026-05-07 09:30:46
2026-04-02,2026-04-02 10:45:00,2026-04-02 10:45:00,OG,Backtest,AdxDiCrossBracketOG,OG_AdxDiCrossBracketOG,OG,NQ,NQ JUN26,LONG,1,24210.25,24134.00,-1529.36,-1533.72,-306.7,LOSS,STOP_HIT,24134.50,1515.00,2026-05-07 09:30:46
2026-04-29,2026-04-29 11:15:00,2026-04-29 11:20:00,OG,Backtest,AdxDiCrossBracketOG,OG_AdxDiCrossBracketOG,OG,NQ,NQ JUN26,SHORT,1,27249.50,27231.00,365.64,361.28,72.3,WIN,STOP_HIT,27280.00,610.00,2026-05-07 09:30:46
2026-04-06,2026-04-06 11:35:00,2026-04-06 11:45:00,OG,Backtest,AdxDiCrossBracketOG,OG_AdxDiCrossBracketOG,OG,NQ,NQ JUN26,SHORT,1,24280.75,24290.00,-189.36,-193.72,-38.7,LOSS,STOP_HIT,24325.50,895.00,2026-05-07 09:30:46
2026-03-27,2026-03-27 11:40:00,2026-03-27 11:45:00,OG,Backtest,AdxDiCrossBracketOG,OG_AdxDiCrossBracketOG,OG,NQ,NQ JUN26,LONG,1,23597.00,23541.00,-1124.36,-1128.72,-225.7,LOSS,STOP_HIT,23541.50,1110.00,2026-05-07 09:30:46
2026-05-01,2026-05-01 11:20:00,2026-05-01 11:40:00,OG,Backtest,AdxDiCrossBracketOG,OG_AdxDiCrossBracketOG,OG,NQ,NQ JUN26,LONG,1,27837.25,27877.75,805.64,801.28,160.3,WIN,TARGET_HIT,27796.25,820.00,2026-05-07 09:30:46
2026-05-04,2026-05-04 11:05:00,2026-05-04 11:15:00,OG,Backtest,AdxDiCrossBracketOG,OG_AdxDiCrossBracketOG,OG,NQ,NQ JUN26,SHORT,1,27881.50,27847.50,675.64,671.28,134.3,WIN,TARGET_HIT,27916.50,700.00,2026-05-07 09:30:46
2026-04-06,2026-04-06 11:35:00,2026-04-06 11:50:00,OG,Backtest,AdxDiCrossBracketOG,OG_AdxDiCrossBracketOG,OG,NQ,NQ JUN26,SHORT,1,24280.75,24293.50,-259.36,-263.72,-52.7,LOSS,STOP_HIT,24325.50,895.00,2026-05-07 09:30:46
2026-04-16,2026-04-16 10:00:00,2026-04-16 10:00:00,OG,Backtest,AdxDiCrossBracketOG,OG_AdxDiCrossBracketOG,OG,NQ,NQ JUN26,SHORT,1,26282.00,26314.50,-654.36,-658.72,-131.7,LOSS,STOP_HIT,26314.00,640.00,2026-05-07 09:30:46
2026-04-16,2026-04-16 10:00:00,2026-04-16 10:00:00,OG,Backtest,AdxDiCrossBracketOG,OG_AdxDiCrossBracketOG,OG,NQ,NQ JUN26,SHORT,1,26282.00,26314.50,-654.36,-658.72,-131.7,LOSS,STOP_HIT,26314.00,640.00,2026-05-07 09:30:46
2026-04-10,2026-04-10 11:45:00,2026-04-10 12:00:00,OG,Backtest,AdxDiCrossBracketOG,OG_AdxDiCrossBracketOG,OG,NQ,NQ JUN26,SHORT,1,25301.50,25269.75,630.64,626.28,125.3,WIN,TARGET_HIT,25334.25,655.00,2026-05-07 09:30:46
2026-05-04,2026-05-04 11:05:00,2026-05-04 11:15:00,OG,Backtest,AdxDiCrossBracketOG,OG_AdxDiCrossBracketOG,OG,NQ,NQ JUN26,SHORT,1,27881.50,27847.50,675.64,671.28,134.3,WIN,TARGET_HIT,27916.50,700.00,2026-05-07 09:30:46
2026-04-16,2026-04-16 10:15:00,2026-04-16 10:15:00,OG,Backtest,AdxDiCrossBracketOG,OG_AdxDiCrossBracketOG,OG,NQ,NQ JUN26,LONG,1,26347.25,26381.00,670.64,666.28,133.3,WIN,TARGET_HIT,26311.50,715.00,2026-05-07 09:30:46
2026-05-01,2026-05-01 11:20:00,2026-05-01 11:40:00,OG,Backtest,AdxDiCrossBracketOG,OG_AdxDiCrossBracketOG,OG,NQ,NQ JUN26,LONG,1,27837.25,27877.75,805.64,801.28,160.3,WIN,TARGET_HIT,27796.25,820.00,2026-05-07 09:30:46
2026-05-04,2026-05-04 11:05:00,2026-05-04 11:15:00,OG,Backtest,AdxDiCrossBracketOG,OG_AdxDiCrossBracketOG,OG,NQ,NQ JUN26,SHORT,1,27881.50,27847.50,675.64,671.28,134.3,WIN,TARGET_HIT,27916.50,700.00,2026-05-07 09:30:46
2026-05-04,2026-05-04 11:05:00,2026-05-04 11:15:00,OG,Backtest,AdxDiCrossBracketOG,OG_AdxDiCrossBracketOG,OG,NQ,NQ JUN26,SHORT,1,27881.50,27847.50,675.64,671.28,134.3,WIN,TARGET_HIT,27916.50,700.00,2026-05-07 09:30:46
2026-05-04,2026-05-04 11:05:00,2026-05-04 11:15:00,OG,Backtest,AdxDiCrossBracketOG,OG_AdxDiCrossBracketOG,OG,NQ,NQ JUN26,SHORT,1,27881.50,27847.50,675.64,671.28,134.3,WIN,TARGET_HIT,27916.50,700.00,2026-05-07 09:30:46
2026-05-04,2026-05-04 11:05:00,2026-05-04 11:15:00,OG,Backtest,AdxDiCrossBracketOG,OG_AdxDiCrossBracketOG,OG,NQ,NQ JUN26,SHORT,1,27881.50,27847.50,675.64,671.28,134.3,WIN,TARGET_HIT,27916.50,700.00,2026-05-07 09:30:46
2026-04-21,2026-04-21 11:05:00,2026-04-21 11:05:00,OG,Backtest,AdxDiCrossBracketOG,OG_AdxDiCrossBracketOG,OG,NQ,NQ JUN26,SHORT,1,26737.25,26702.00,700.64,696.28,139.3,WIN,TARGET_HIT,26771.50,685.00,2026-05-07 09:30:46
2026-01-07,2026-01-07 10:10:00,2026-01-07 10:10:00,OG,Backtest,AdxDiCrossBracketOG,OG_AdxDiCrossBracketOG,OG,NQ,NQ JUN26,SHORT,1,26050.75,26072.75,-444.36,-448.72,-89.7,LOSS,STOP_HIT,26072.25,430.00,2026-05-07 09:30:46
2026-01-09,2026-01-09 09:55:00,2026-01-09 09:55:00,OG,Backtest,AdxDiCrossBracketOG,OG_AdxDiCrossBracketOG,OG,NQ,NQ JUN26,SHORT,1,25913.25,25948.25,-704.36,-708.72,-141.7,LOSS,STOP_HIT,25947.75,690.00,2026-05-07 09:30:46
2026-01-09,2026-01-09 09:45:00,2026-01-09 09:50:00,OG,Backtest,AdxDiCrossBracketOG,OG_AdxDiCrossBracketOG,OG,NQ,NQ JUN26,LONG,1,25965.00,25937.50,-554.36,-558.72,-111.7,LOSS,STOP_HIT,25938.00,540.00,2026-05-07 09:30:46
2026-01-09,2026-01-09 10:15:00,2026-01-09 10:15:00,OG,Backtest,AdxDiCrossBracketOG,OG_AdxDiCrossBracketOG,OG,NQ,NQ JUN26,SHORT,1,25850.50,25896.25,-919.36,-923.72,-184.7,LOSS,STOP_HIT,25895.75,905.00,2026-05-07 09:30:46
2026-01-09,2026-01-09 10:10:00,2026-01-09 10:10:00,OG,Backtest,AdxDiCrossBracketOG,OG_AdxDiCrossBracketOG,OG,NQ,NQ JUN26,LONG,1,25921.75,25881.75,-804.36,-808.72,-161.7,LOSS,STOP_HIT,25882.25,790.00,2026-05-07 09:30:46
2026-01-12,2026-01-12 11:25:00,2026-01-12 11:35:00,OG,Backtest,AdxDiCrossBracketOG,OG_AdxDiCrossBracketOG,OG,NQ,NQ JUN26,LONG,1,26158.75,26150.00,-179.36,-183.72,-36.7,LOSS,STOP_HIT,26131.75,540.00,2026-05-07 09:30:46
2026-01-12,2026-01-12 11:25:00,2026-01-12 11:35:00,OG,Backtest,AdxDiCrossBracketOG,OG_AdxDiCrossBracketOG,OG,NQ,NQ JUN26,LONG,1,26158.75,26150.00,-179.36,-183.72,-36.7,LOSS,STOP_HIT,26131.75,540.00,2026-05-07 09:30:46
2026-01-13,2026-01-13 10:10:00,2026-01-13 10:15:00,OG,Backtest,AdxDiCrossBracketOG,OG_AdxDiCrossBracketOG,OG,NQ,NQ JUN26,SHORT,1,26138.00,26108.00,595.64,591.28,118.3,WIN,TARGET_HIT,26168.00,600.00,2026-05-07 09:30:46
2026-03-12,2026-03-12 11:50:00,2026-03-12 11:50:00,OG,Backtest,AdxDiCrossBracketOG,OG_AdxDiCrossBracketOG,OG,NQ,NQ JUN26,LONG,1,24898.00,24844.00,-1084.36,-1088.72,-217.7,LOSS,STOP_HIT,24844.50,1070.00,2026-05-07 09:30:46
2026-01-20,2026-01-20 10:50:00,2026-01-20 10:55:00,OG,Backtest,AdxDiCrossBracketOG,OG_AdxDiCrossBracketOG,OG,NQ,NQ JUN26,LONG,1,25598.00,25559.50,-774.36,-778.72,-155.7,LOSS,STOP_HIT,25550.75,945.00,2026-05-07 09:30:46
2026-03-17,2026-03-17 11:15:00,2026-03-17 11:20:00,OG,Backtest,AdxDiCrossBracketOG,OG_AdxDiCrossBracketOG,OG,NQ,NQ JUN26,SHORT,1,25020.50,25056.75,-729.36,-733.72,-146.7,LOSS,STOP_HIT,25056.25,715.00,2026-05-07 09:30:46
2026-01-20,2026-01-20 11:10:00,2026-01-20 11:15:00,OG,Backtest,AdxDiCrossBracketOG,OG_AdxDiCrossBracketOG,OG,NQ,NQ JUN26,LONG,1,25587.50,25601.00,265.64,261.28,52.3,WIN,STOP_HIT,25540.75,935.00,2026-05-07 09:30:46
2026-03-24,2026-03-24 11:00:00,2026-03-24 11:00:00,OG,Backtest,AdxDiCrossBracketOG,OG_AdxDiCrossBracketOG,OG,NQ,NQ JUN26,LONG,1,24281.50,24217.75,-1279.36,-1283.72,-256.7,LOSS,STOP_HIT,24218.25,1265.00,2026-05-07 09:30:46
2026-01-28,2026-01-28 10:55:00,2026-01-28 11:10:00,OG,Backtest,AdxDiCrossBracketOG,OG_AdxDiCrossBracketOG,OG,NQ,NQ JUN26,SHORT,1,26395.25,26395.25,-4.36,-8.72,-1.7,LOSS,STOP_HIT,26429.00,675.00,2026-05-07 09:30:46
2026-04-06,2026-04-06 11:05:00,2026-04-06 11:25:00,OG,Backtest,AdxDiCrossBracketOG,OG_AdxDiCrossBracketOG,OG,NQ,NQ JUN26,LONG,1,24306.75,24292.00,-299.36,-303.72,-60.7,LOSS,STOP_HIT,24255.50,1025.00,2026-05-07 09:30:46
2026-02-11,2026-02-11 10:20:00,2026-02-11 10:20:00,OG,Backtest,AdxDiCrossBracketOG,OG_AdxDiCrossBracketOG,OG,NQ,NQ JUN26,SHORT,1,25396.00,25345.50,1005.64,1001.28,200.3,WIN,TARGET_HIT,25448.50,1050.00,2026-05-07 09:30:46
2026-01-07,2026-01-07 09:50:00,2026-01-07 09:50:00,OG,Backtest,AdxDiCrossBracketOG,OG_AdxDiCrossBracketOG,OG,NQ,NQ JUN26,LONG,1,26063.75,26079.75,315.64,311.28,62.3,WIN,TARGET_HIT,26047.25,330.00,2026-05-07 09:30:46
2026-02-13,2026-02-13 10:35:00,2026-02-13 10:35:00,OG,Backtest,AdxDiCrossBracketOG,OG_AdxDiCrossBracketOG,OG,NQ,NQ JUN26,LONG,1,25058.00,25127.00,1375.64,1371.28,274.3,WIN,TARGET_HIT,24987.50,1410.00,2026-05-07 09:30:46
2026-01-28,2026-01-28 11:20:00,2026-01-28 11:25:00,OG,Backtest,AdxDiCrossBracketOG,OG_AdxDiCrossBracketOG,OG,NQ,NQ JUN26,LONG,1,26393.00,26379.00,-284.36,-288.72,-57.7,LOSS,STOP_HIT,26363.25,595.00,2026-05-07 09:30:46
2026-02-13,2026-02-13 10:50:00,2026-02-13 11:05:00,OG,Backtest,AdxDiCrossBracketOG,OG_AdxDiCrossBracketOG,OG,NQ,NQ JUN26,SHORT,1,24983.00,25020.25,-749.36,-753.72,-150.7,LOSS,STOP_HIT,25055.00,1440.00,2026-05-07 09:30:46
2026-05-04,2026-05-04 11:05:00,2026-05-04 11:15:00,OG,Backtest,AdxDiCrossBracketOG,OG_AdxDiCrossBracketOG,OG,NQ,NQ JUN26,SHORT,1,27881.50,27847.50,675.64,671.28,134.3,WIN,TARGET_HIT,27916.50,700.00,2026-05-07 09:30:46
2026-01-30,2026-01-30 11:00:00,2026-01-30 11:10:00,OG,Backtest,AdxDiCrossBracketOG,OG_AdxDiCrossBracketOG,OG,NQ,NQ JUN26,SHORT,1,26072.25,26047.50,490.64,486.28,97.3,WIN,STOP_HIT,26129.00,1135.00,2026-05-07 09:30:46
2026-01-07,2026-01-07 10:10:00,2026-01-07 10:10:00,OG,Backtest,AdxDiCrossBracketOG,OG_AdxDiCrossBracketOG,OG,NQ,NQ JUN26,SHORT,1,26050.75,26072.75,-444.36,-448.72,-89.7,LOSS,STOP_HIT,26072.25,430.00,2026-05-07 09:30:46
2026-01-07,2026-01-07 10:10:00,2026-01-07 10:10:00,OG,Backtest,AdxDiCrossBracketOG,OG_AdxDiCrossBracketOG,OG,NQ,NQ JUN26,SHORT,1,26050.75,26072.75,-444.36,-448.72,-89.7,LOSS,STOP_HIT,26072.25,430.00,2026-05-07 09:30:46
2026-01-07,2026-01-07 10:10:00,2026-01-07 10:10:00,OG,Backtest,AdxDiCrossBracketOG,OG_AdxDiCrossBracketOG,OG,NQ,NQ JUN26,SHORT,1,26050.75,26072.75,-444.36,-448.72,-89.7,LOSS,STOP_HIT,26072.25,430.00,2026-05-07 09:30:46
2026-03-19,2026-03-19 11:15:00,2026-03-19 11:25:00,OG,Backtest,AdxDiCrossBracketOG,OG_AdxDiCrossBracketOG,OG,NQ,NQ JUN26,LONG,1,24530.25,24486.25,-884.36,-888.72,-177.7,LOSS,STOP_HIT,24473.00,1145.00,2026-05-07 09:30:46
2026-02-10,2026-02-10 09:45:00,2026-02-10 09:45:00,OG,Backtest,AdxDiCrossBracketOG,OG_AdxDiCrossBracketOG,OG,NQ,NQ JUN26,SHORT,1,25535.25,25512.25,455.64,451.28,90.3,WIN,TARGET_HIT,25559.75,490.00,2026-05-07 09:30:46
2026-01-07,2026-01-07 09:50:00,2026-01-07 09:50:00,OG,Backtest,AdxDiCrossBracketOG,OG_AdxDiCrossBracketOG,OG,NQ,NQ JUN26,LONG,1,26063.75,26079.75,315.64,311.28,62.3,WIN,TARGET_HIT,26047.25,330.00,2026-05-07 09:30:46
2026-01-13,2026-01-13 10:10:00,2026-01-13 10:15:00,OG,Backtest,AdxDiCrossBracketOG,OG_AdxDiCrossBracketOG,OG,NQ,NQ JUN26,SHORT,1,26138.00,26108.00,595.64,591.28,118.3,WIN,TARGET_HIT,26168.00,600.00,2026-05-07 09:30:46
2026-01-12,2026-01-12 11:25:00,2026-01-12 11:35:00,OG,Backtest,AdxDiCrossBracketOG,OG_AdxDiCrossBracketOG,OG,NQ,NQ JUN26,LONG,1,26158.75,26150.00,-179.36,-183.72,-36.7,LOSS,STOP_HIT,26131.75,540.00,2026-05-07 09:30:46
2026-01-09,2026-01-09 09:55:00,2026-01-09 09:55:00,OG,Backtest,AdxDiCrossBracketOG,OG_AdxDiCrossBracketOG,OG,NQ,NQ JUN26,SHORT,1,25913.25,25948.25,-704.36,-708.72,-141.7,LOSS,STOP_HIT,25947.75,690.00,2026-05-07 09:30:46
2026-01-09,2026-01-09 09:45:00,2026-01-09 09:50:00,OG,Backtest,AdxDiCrossBracketOG,OG_AdxDiCrossBracketOG,OG,NQ,NQ JUN26,LONG,1,25965.00,25937.50,-554.36,-558.72,-111.7,LOSS,STOP_HIT,25938.00,540.00,2026-05-07 09:30:46
2026-02-11,2026-02-11 11:20:00,2026-02-11 11:25:00,OG,Backtest,AdxDiCrossBracketOG,OG_AdxDiCrossBracketOG,OG,NQ,NQ JUN26,LONG,1,25468.00,25457.75,-209.36,-213.72,-42.7,LOSS,STOP_HIT,25406.75,1225.00,2026-05-07 09:30:46
2026-01-09,2026-01-09 10:15:00,2026-01-09 10:15:00,OG,Backtest,AdxDiCrossBracketOG,OG_AdxDiCrossBracketOG,OG,NQ,NQ JUN26,SHORT,1,25850.50,25896.25,-919.36,-923.72,-184.7,LOSS,STOP_HIT,25895.75,905.00,2026-05-07 09:30:46
2026-01-06,2026-01-06 11:00:00,2026-01-06 11:05:00,OG,Backtest,AdxDiCrossBracketOG,OG_AdxDiCrossBracketOG,OG,NQ,NQ JUN26,SHORT,1,25909.25,25880.75,565.64,561.28,112.3,WIN,TARGET_HIT,25938.25,580.00,2026-05-07 09:30:46
2026-01-07,2026-01-07 10:10:00,2026-01-07 10:10:00,OG,Backtest,AdxDiCrossBracketOG,OG_AdxDiCrossBracketOG,OG,NQ,NQ JUN26,SHORT,1,26050.75,26072.75,-444.36,-448.72,-89.7,LOSS,STOP_HIT,26072.25,430.00,2026-05-07 09:30:46
2026-01-09,2026-01-09 10:15:00,2026-01-09 10:15:00,OG,Backtest,AdxDiCrossBracketOG,OG_AdxDiCrossBracketOG,OG,NQ,NQ JUN26,SHORT,1,25850.50,25896.25,-919.36,-923.72,-184.7,LOSS,STOP_HIT,25895.75,905.00,2026-05-07 09:30:46
2026-01-06,2026-01-06 11:00:00,2026-01-06 11:05:00,OG,Backtest,AdxDiCrossBracketOG,OG_AdxDiCrossBracketOG,OG,NQ,NQ JUN26,SHORT,1,25909.25,25880.75,565.64,561.28,112.3,WIN,TARGET_HIT,25938.25,580.00,2026-05-07 09:30:46
2026-01-28,2026-01-28 10:55:00,2026-01-28 11:15:00,OG,Backtest,AdxDiCrossBracketOG,OG_AdxDiCrossBracketOG,OG,NQ,NQ JUN26,SHORT,1,26395.25,26406.25,-224.36,-228.72,-45.7,LOSS,STOP_HIT,26429.00,675.00,2026-05-07 09:30:46
2026-01-09,2026-01-09 10:15:00,2026-01-09 10:15:00,OG,Backtest,AdxDiCrossBracketOG,OG_AdxDiCrossBracketOG,OG,NQ,NQ JUN26,SHORT,1,25850.50,25896.25,-919.36,-923.72,-184.7,LOSS,STOP_HIT,25895.75,905.00,2026-05-07 09:30:46
2026-01-07,2026-01-07 10:10:00,2026-01-07 10:10:00,OG,Backtest,AdxDiCrossBracketOG,OG_AdxDiCrossBracketOG,OG,NQ,NQ JUN26,SHORT,1,26050.75,26072.75,-444.36,-448.72,-89.7,LOSS,STOP_HIT,26072.25,430.00,2026-05-07 09:30:46
2026-01-28,2026-01-28 11:20:00,2026-01-28 11:25:00,OG,Backtest,AdxDiCrossBracketOG,OG_AdxDiCrossBracketOG,OG,NQ,NQ JUN26,LONG,1,26393.00,26379.00,-284.36,-288.72,-57.7,LOSS,STOP_HIT,26363.25,595.00,2026-05-07 09:30:46
2026-01-09,2026-01-09 09:45:00,2026-01-09 09:50:00,OG,Backtest,AdxDiCrossBracketOG,OG_AdxDiCrossBracketOG,OG,NQ,NQ JUN26,LONG,1,25965.00,25937.50,-554.36,-558.72,-111.7,LOSS,STOP_HIT,25938.00,540.00,2026-05-07 09:30:46
2026-01-09,2026-01-09 09:55:00,2026-01-09 09:55:00,OG,Backtest,AdxDiCrossBracketOG,OG_AdxDiCrossBracketOG,OG,NQ,NQ JUN26,SHORT,1,25913.25,25948.25,-704.36,-708.72,-141.7,LOSS,STOP_HIT,25947.75,690.00,2026-05-07 09:30:46
2026-01-09,2026-01-09 09:55:00,2026-01-09 09:55:00,OG,Backtest,AdxDiCrossBracketOG,OG_AdxDiCrossBracketOG,OG,NQ,NQ JUN26,SHORT,1,25913.25,25948.25,-704.36,-708.72,-141.7,LOSS,STOP_HIT,25947.75,690.00,2026-05-07 09:30:46
2026-01-09,2026-01-09 10:15:00,2026-01-09 10:15:00,OG,Backtest,AdxDiCrossBracketOG,OG_AdxDiCrossBracketOG,OG,NQ,NQ JUN26,SHORT,1,25850.50,25896.25,-919.36,-923.72,-184.7,LOSS,STOP_HIT,25895.75,905.00,2026-05-07 09:30:46
2026-01-09,2026-01-09 09:55:00,2026-01-09 09:55:00,OG,Backtest,AdxDiCrossBracketOG,OG_AdxDiCrossBracketOG,OG,NQ,NQ JUN26,SHORT,1,25913.25,25948.25,-704.36,-708.72,-141.7,LOSS,STOP_HIT,25947.75,690.00,2026-05-07 09:30:46
2026-01-16,2026-01-16 11:30:00,2026-01-16 11:35:00,OG,Backtest,AdxDiCrossBracketOG,OG_AdxDiCrossBracketOG,OG,NQ,NQ JUN26,LONG,1,25911.50,25925.25,270.64,266.28,53.3,WIN,STOP_HIT,25874.75,735.00,2026-05-07 09:30:46
2026-01-09,2026-01-09 10:10:00,2026-01-09 10:10:00,OG,Backtest,AdxDiCrossBracketOG,OG_AdxDiCrossBracketOG,OG,NQ,NQ JUN26,LONG,1,25921.75,25881.75,-804.36,-808.72,-161.7,LOSS,STOP_HIT,25882.25,790.00,2026-05-07 09:30:46
2026-01-20,2026-01-20 10:50:00,2026-01-20 10:55:00,OG,Backtest,AdxDiCrossBracketOG,OG_AdxDiCrossBracketOG,OG,NQ,NQ JUN26,LONG,1,25598.00,25559.50,-774.36,-778.72,-155.7,LOSS,STOP_HIT,25550.75,945.00,2026-05-07 09:30:46
2026-04-06,2026-04-06 10:55:00,2026-04-06 11:00:00,OG,Backtest,AdxDiCrossBracketOG,OG_AdxDiCrossBracketOG,OG,NQ,NQ JUN26,SHORT,1,24269.25,24321.50,-1049.36,-1053.72,-210.7,LOSS,STOP_HIT,24321.00,1035.00,2026-05-07 09:30:46
2026-02-11,2026-02-11 11:05:00,2026-02-11 11:10:00,OG,Backtest,AdxDiCrossBracketOG,OG_AdxDiCrossBracketOG,OG,NQ,NQ JUN26,LONG,1,25453.50,25418.25,-709.36,-713.72,-142.7,LOSS,STOP_HIT,25393.00,1210.00,2026-05-07 09:30:46
2026-02-11,2026-02-11 10:20:00,2026-02-11 10:20:00,OG,Backtest,AdxDiCrossBracketOG,OG_AdxDiCrossBracketOG,OG,NQ,NQ JUN26,SHORT,1,25396.00,25345.50,1005.64,1001.28,200.3,WIN,TARGET_HIT,25448.50,1050.00,2026-05-07 09:30:46
2026-01-21,2026-01-21 11:45:00,2026-01-21 11:45:00,OG,Backtest,AdxDiCrossBracketOG,OG_AdxDiCrossBracketOG,OG,NQ,NQ JUN26,SHORT,1,25543.75,25505.75,755.64,751.28,150.3,WIN,TARGET_HIT,25582.25,770.00,2026-05-07 09:30:46
2026-01-20,2026-01-20 10:50:00,2026-01-20 10:55:00,OG,Backtest,AdxDiCrossBracketOG,OG_AdxDiCrossBracketOG,OG,NQ,NQ JUN26,LONG,1,25598.00,25559.50,-774.36,-778.72,-155.7,LOSS,STOP_HIT,25550.75,945.00,2026-05-07 09:30:46
2026-02-11,2026-02-11 10:20:00,2026-02-11 10:20:00,OG,Backtest,AdxDiCrossBracketOG,OG_AdxDiCrossBracketOG,OG,NQ,NQ JUN26,SHORT,1,25396.00,25345.50,1005.64,1001.28,200.3,WIN,TARGET_HIT,25448.50,1050.00,2026-05-07 09:30:46
2026-02-11,2026-02-11 11:05:00,2026-02-11 11:10:00,OG,Backtest,AdxDiCrossBracketOG,OG_AdxDiCrossBracketOG,OG,NQ,NQ JUN26,LONG,1,25453.50,25418.25,-709.36,-713.72,-142.7,LOSS,STOP_HIT,25393.00,1210.00,2026-05-07 09:30:46
2026-02-11,2026-02-11 11:05:00,2026-02-11 11:10:00,OG,Backtest,AdxDiCrossBracketOG,OG_AdxDiCrossBracketOG,OG,NQ,NQ JUN26,LONG,1,25453.50,25418.25,-709.36,-713.72,-142.7,LOSS,STOP_HIT,25393.00,1210.00,2026-05-07 09:30:46
2026-02-11,2026-02-11 11:20:00,2026-02-11 11:25:00,OG,Backtest,AdxDiCrossBracketOG,OG_AdxDiCrossBracketOG,OG,NQ,NQ JUN26,LONG,1,25468.00,25457.75,-209.36,-213.72,-42.7,LOSS,STOP_HIT,25406.75,1225.00,2026-05-07 09:30:46
2026-02-03,2026-02-03 09:50:00,2026-02-03 09:50:00,OG,Backtest,AdxDiCrossBracketOG,OG_AdxDiCrossBracketOG,OG,NQ,NQ JUN26,SHORT,1,25960.75,25998.50,-759.36,-763.72,-152.7,LOSS,STOP_HIT,25998.00,745.00,2026-05-07 09:30:46
2026-01-21,2026-01-21 11:45:00,2026-01-21 11:45:00,OG,Backtest,AdxDiCrossBracketOG,OG_AdxDiCrossBracketOG,OG,NQ,NQ JUN26,SHORT,1,25543.75,25505.75,755.64,751.28,150.3,WIN,TARGET_HIT,25582.25,770.00,2026-05-07 09:30:46
2026-03-20,2026-03-20 11:30:00,2026-03-20 12:05:00,OG,Backtest,AdxDiCrossBracketOG,OG_AdxDiCrossBracketOG,OG,NQ,NQ JUN26,LONG,1,24274.25,24327.75,1065.64,1061.28,212.3,WIN,TARGET_HIT,24219.75,1090.00,2026-05-07 09:30:46
2026-01-30,2026-01-30 11:00:00,2026-01-30 11:10:00,OG,Backtest,AdxDiCrossBracketOG,OG_AdxDiCrossBracketOG,OG,NQ,NQ JUN26,SHORT,1,26072.25,26047.50,490.64,486.28,97.3,WIN,STOP_HIT,26129.00,1135.00,2026-05-07 09:30:46
2026-02-24,2026-02-24 10:15:00,2026-02-24 10:15:00,OG,Backtest,AdxDiCrossBracketOG,OG_AdxDiCrossBracketOG,OG,NQ,NQ JUN26,LONG,1,25109.25,25063.75,-914.36,-918.72,-183.7,LOSS,STOP_HIT,25064.25,900.00,2026-05-07 09:30:46
2026-02-05,2026-02-05 11:40:00,2026-02-05 11:50:00,OG,Backtest,AdxDiCrossBracketOG,OG_AdxDiCrossBracketOG,OG,NQ,NQ JUN26,LONG,1,25025.50,24992.25,-669.36,-673.72,-134.7,LOSS,STOP_HIT,24938.00,1750.00,2026-05-07 09:30:46
2026-01-30,2026-01-30 11:00:00,2026-01-30 11:10:00,OG,Backtest,AdxDiCrossBracketOG,OG_AdxDiCrossBracketOG,OG,NQ,NQ JUN26,SHORT,1,26072.25,26047.50,490.64,486.28,97.3,WIN,STOP_HIT,26129.00,1135.00,2026-05-07 09:30:46
2026-02-05,2026-02-05 11:40:00,2026-02-05 11:50:00,OG,Backtest,AdxDiCrossBracketOG,OG_AdxDiCrossBracketOG,OG,NQ,NQ JUN26,LONG,1,25025.50,24992.25,-669.36,-673.72,-134.7,LOSS,STOP_HIT,24938.00,1750.00,2026-05-07 09:30:46
2026-01-30,2026-01-30 10:55:00,2026-01-30 10:55:00,OG,Backtest,AdxDiCrossBracketOG,OG_AdxDiCrossBracketOG,OG,NQ,NQ JUN26,LONG,1,26117.25,26059.50,-1159.36,-1163.72,-232.7,LOSS,STOP_HIT,26060.00,1145.00,2026-05-07 09:30:46
2026-02-11,2026-02-11 10:20:00,2026-02-11 10:20:00,OG,Backtest,AdxDiCrossBracketOG,OG_AdxDiCrossBracketOG,OG,NQ,NQ JUN26,SHORT,1,25396.00,25345.50,1005.64,1001.28,200.3,WIN,TARGET_HIT,25448.50,1050.00,2026-05-07 09:30:46
2026-04-13,2026-04-13 10:00:00,2026-04-13 10:00:00,OG,Backtest,AdxDiCrossBracketOG,OG_AdxDiCrossBracketOG,OG,NQ,NQ JUN26,LONG,1,25271.50,25305.75,680.64,676.28,135.3,WIN,TARGET_HIT,25235.75,715.00,2026-05-07 09:30:46
2026-04-06,2026-04-06 11:05:00,2026-04-06 11:25:00,OG,Backtest,AdxDiCrossBracketOG,OG_AdxDiCrossBracketOG,OG,NQ,NQ JUN26,LONG,1,24306.75,24292.00,-299.36,-303.72,-60.7,LOSS,STOP_HIT,24255.50,1025.00,2026-05-07 09:30:46
2026-01-28,2026-01-28 10:55:00,2026-01-28 11:15:00,OG,Backtest,AdxDiCrossBracketOG,OG_AdxDiCrossBracketOG,OG,NQ,NQ JUN26,SHORT,1,26395.25,26406.25,-224.36,-228.72,-45.7,LOSS,STOP_HIT,26429.00,675.00,2026-05-07 09:30:46
2026-03-03,2026-03-03 11:25:00,2026-03-03 11:40:00,OG,Backtest,AdxDiCrossBracketOG,OG_AdxDiCrossBracketOG,OG,NQ,NQ JUN26,LONG,1,24794.50,24817.25,450.64,446.28,89.3,WIN,STOP_HIT,24724.00,1410.00,2026-05-07 09:30:46
2026-02-13,2026-02-13 10:35:00,2026-02-13 10:35:00,OG,Backtest,AdxDiCrossBracketOG,OG_AdxDiCrossBracketOG,OG,NQ,NQ JUN26,LONG,1,25058.00,25127.00,1375.64,1371.28,274.3,WIN,TARGET_HIT,24987.50,1410.00,2026-05-07 09:30:46
2026-02-13,2026-02-13 10:50:00,2026-02-13 11:05:00,OG,Backtest,AdxDiCrossBracketOG,OG_AdxDiCrossBracketOG,OG,NQ,NQ JUN26,SHORT,1,24983.00,25020.25,-749.36,-753.72,-150.7,LOSS,STOP_HIT,25055.00,1440.00,2026-05-07 09:30:46
2026-03-09,2026-03-09 10:45:00,2026-03-09 10:50:00,OG,Backtest,AdxDiCrossBracketOG,OG_AdxDiCrossBracketOG,OG,NQ,NQ JUN26,LONG,1,24692.00,24762.25,1400.64,1396.28,279.3,WIN,TARGET_HIT,24622.25,1395.00,2026-05-07 09:30:46
2026-02-11,2026-02-11 11:05:00,2026-02-11 11:10:00,OG,Backtest,AdxDiCrossBracketOG,OG_AdxDiCrossBracketOG,OG,NQ,NQ JUN26,LONG,1,25453.50,25418.25,-709.36,-713.72,-142.7,LOSS,STOP_HIT,25393.00,1210.00,2026-05-07 09:30:46
2026-02-11,2026-02-11 10:20:00,2026-02-11 10:20:00,OG,Backtest,AdxDiCrossBracketOG,OG_AdxDiCrossBracketOG,OG,NQ,NQ JUN26,SHORT,1,25396.00,25345.50,1005.64,1001.28,200.3,WIN,TARGET_HIT,25448.50,1050.00,2026-05-07 09:30:46
2026-02-11,2026-02-11 11:20:00,2026-02-11 11:25:00,OG,Backtest,AdxDiCrossBracketOG,OG_AdxDiCrossBracketOG,OG,NQ,NQ JUN26,LONG,1,25468.00,25457.75,-209.36,-213.72,-42.7,LOSS,STOP_HIT,25406.75,1225.00,2026-05-07 09:30:46
2026-02-13,2026-02-13 10:50:00,2026-02-13 11:05:00,OG,Backtest,AdxDiCrossBracketOG,OG_AdxDiCrossBracketOG,OG,NQ,NQ JUN26,SHORT,1,24983.00,25020.25,-749.36,-753.72,-150.7,LOSS,STOP_HIT,25055.00,1440.00,2026-05-07 09:30:46
2026-02-17,2026-02-17 11:10:00,2026-02-17 11:10:00,OG,Backtest,AdxDiCrossBracketOG,OG_AdxDiCrossBracketOG,OG,NQ,NQ JUN26,LONG,1,24861.25,24927.25,1315.64,1311.28,262.3,WIN,TARGET_HIT,24793.75,1350.00,2026-05-07 09:30:46
2026-03-19,2026-03-19 11:15:00,2026-03-19 11:25:00,OG,Backtest,AdxDiCrossBracketOG,OG_AdxDiCrossBracketOG,OG,NQ,NQ JUN26,LONG,1,24530.25,24486.25,-884.36,-888.72,-177.7,LOSS,STOP_HIT,24473.00,1145.00,2026-05-07 09:30:46
2026-03-03,2026-03-03 11:25:00,2026-03-03 11:40:00,OG,Backtest,AdxDiCrossBracketOG,OG_AdxDiCrossBracketOG,OG,NQ,NQ JUN26,LONG,1,24794.50,24817.25,450.64,446.28,89.3,WIN,STOP_HIT,24724.00,1410.00,2026-05-07 09:30:46
2026-02-13,2026-02-13 10:35:00,2026-02-13 10:35:00,OG,Backtest,AdxDiCrossBracketOG,OG_AdxDiCrossBracketOG,OG,NQ,NQ JUN26,LONG,1,25058.00,25127.00,1375.64,1371.28,274.3,WIN,TARGET_HIT,24987.50,1410.00,2026-05-07 09:30:46
2026-02-24,2026-02-24 10:15:00,2026-02-24 10:15:00,OG,Backtest,AdxDiCrossBracketOG,OG_AdxDiCrossBracketOG,OG,NQ,NQ JUN26,LONG,1,25109.25,25063.75,-914.36,-918.72,-183.7,LOSS,STOP_HIT,25064.25,900.00,2026-05-07 09:30:46
2026-03-09,2026-03-09 10:45:00,2026-03-09 10:50:00,OG,Backtest,AdxDiCrossBracketOG,OG_AdxDiCrossBracketOG,OG,NQ,NQ JUN26,LONG,1,24692.00,24762.25,1400.64,1396.28,279.3,WIN,TARGET_HIT,24622.25,1395.00,2026-05-07 09:30:46
2026-03-17,2026-03-17 11:15:00,2026-03-17 11:20:00,OG,Backtest,AdxDiCrossBracketOG,OG_AdxDiCrossBracketOG,OG,NQ,NQ JUN26,SHORT,1,25020.50,25056.75,-729.36,-733.72,-146.7,LOSS,STOP_HIT,25056.25,715.00,2026-05-07 09:30:46
2026-02-24,2026-02-24 09:50:00,2026-02-24 09:50:00,OG,Backtest,AdxDiCrossBracketOG,OG_AdxDiCrossBracketOG,OG,NQ,NQ JUN26,LONG,1,25120.50,25157.50,735.64,731.28,146.3,WIN,TARGET_HIT,25081.50,780.00,2026-05-07 09:30:46
2026-03-02,2026-03-02 11:15:00,2026-03-02 11:20:00,OG,Backtest,AdxDiCrossBracketOG,OG_AdxDiCrossBracketOG,OG,NQ,NQ JUN26,LONG,1,25187.00,25180.75,-129.36,-133.72,-26.7,LOSS,STOP_HIT,25129.50,1150.00,2026-05-07 09:30:46
2026-02-24,2026-02-24 10:15:00,2026-02-24 10:15:00,OG,Backtest,AdxDiCrossBracketOG,OG_AdxDiCrossBracketOG,OG,NQ,NQ JUN26,LONG,1,25109.25,25063.75,-914.36,-918.72,-183.7,LOSS,STOP_HIT,25064.25,900.00,2026-05-07 09:30:47
2026-03-06,2026-03-06 11:10:00,2026-03-06 11:15:00,OG,Backtest,AdxDiCrossBracketOG,OG_AdxDiCrossBracketOG,OG,NQ,NQ JUN26,LONG,1,25101.50,25059.00,-854.36,-858.72,-171.7,LOSS,STOP_HIT,25038.75,1255.00,2026-05-07 09:30:47
2026-03-03,2026-03-03 11:25:00,2026-03-03 11:40:00,OG,Backtest,AdxDiCrossBracketOG,OG_AdxDiCrossBracketOG,OG,NQ,NQ JUN26,LONG,1,24794.50,24817.25,450.64,446.28,89.3,WIN,STOP_HIT,24724.00,1410.00,2026-05-07 09:30:47
2026-03-09,2026-03-09 10:45:00,2026-03-09 10:50:00,OG,Backtest,AdxDiCrossBracketOG,OG_AdxDiCrossBracketOG,OG,NQ,NQ JUN26,LONG,1,24692.00,24762.25,1400.64,1396.28,279.3,WIN,TARGET_HIT,24622.25,1395.00,2026-05-07 09:30:47
2026-03-03,2026-03-03 11:25:00,2026-03-03 11:40:00,OG,Backtest,AdxDiCrossBracketOG,OG_AdxDiCrossBracketOG,OG,NQ,NQ JUN26,LONG,1,24794.50,24817.25,450.64,446.28,89.3,WIN,STOP_HIT,24724.00,1410.00,2026-05-07 09:30:47
2026-03-27,2026-03-27 11:40:00,2026-03-27 11:45:00,OG,Backtest,AdxDiCrossBracketOG,OG_AdxDiCrossBracketOG,OG,NQ,NQ JUN26,LONG,1,23597.00,23541.00,-1124.36,-1128.72,-225.7,LOSS,STOP_HIT,23541.50,1110.00,2026-05-07 09:30:47
2026-02-24,2026-02-24 10:15:00,2026-02-24 10:15:00,OG,Backtest,AdxDiCrossBracketOG,OG_AdxDiCrossBracketOG,OG,NQ,NQ JUN26,LONG,1,25109.25,25063.75,-914.36,-918.72,-183.7,LOSS,STOP_HIT,25064.25,900.00,2026-05-07 09:30:47
2026-03-12,2026-03-12 11:50:00,2026-03-12 11:50:00,OG,Backtest,AdxDiCrossBracketOG,OG_AdxDiCrossBracketOG,OG,NQ,NQ JUN26,LONG,1,24898.00,24844.00,-1084.36,-1088.72,-217.7,LOSS,STOP_HIT,24844.50,1070.00,2026-05-07 09:30:47
2026-04-07,2026-04-07 11:40:00,2026-04-07 12:00:00,OG,Backtest,AdxDiCrossBracketOG,OG_AdxDiCrossBracketOG,OG,NQ,NQ JUN26,LONG,1,24071.50,24117.50,915.64,911.28,182.3,WIN,TARGET_HIT,24025.00,930.00,2026-05-07 09:30:47
2026-03-20,2026-03-20 11:30:00,2026-03-20 12:05:00,OG,Backtest,AdxDiCrossBracketOG,OG_AdxDiCrossBracketOG,OG,NQ,NQ JUN26,LONG,1,24274.25,24327.75,1065.64,1061.28,212.3,WIN,TARGET_HIT,24219.75,1090.00,2026-05-07 09:30:47
2026-04-10,2026-04-10 11:45:00,2026-04-10 12:00:00,OG,Backtest,AdxDiCrossBracketOG,OG_AdxDiCrossBracketOG,OG,NQ,NQ JUN26,SHORT,1,25301.50,25269.75,630.64,626.28,125.3,WIN,TARGET_HIT,25334.25,655.00,2026-05-07 09:30:47
2026-03-27,2026-03-27 11:40:00,2026-03-27 11:45:00,OG,Backtest,AdxDiCrossBracketOG,OG_AdxDiCrossBracketOG,OG,NQ,NQ JUN26,LONG,1,23597.00,23541.00,-1124.36,-1128.72,-225.7,LOSS,STOP_HIT,23541.50,1110.00,2026-05-07 09:30:47
2026-03-27,2026-03-27 11:40:00,2026-03-27 11:45:00,OG,Backtest,AdxDiCrossBracketOG,OG_AdxDiCrossBracketOG,OG,NQ,NQ JUN26,LONG,1,23597.00,23541.00,-1124.36,-1128.72,-225.7,LOSS,STOP_HIT,23541.50,1110.00,2026-05-07 09:30:47
2026-03-12,2026-03-12 11:50:00,2026-03-12 11:50:00,OG,Backtest,AdxDiCrossBracketOG,OG_AdxDiCrossBracketOG,OG,NQ,NQ JUN26,LONG,1,24898.00,24844.00,-1084.36,-1088.72,-217.7,LOSS,STOP_HIT,24844.50,1070.00,2026-05-07 09:30:47
2026-03-25,2026-03-25 11:20:00,2026-03-25 11:20:00,OG,Backtest,AdxDiCrossBracketOG,OG_AdxDiCrossBracketOG,OG,NQ,NQ JUN26,SHORT,1,24386.00,24336.50,985.64,981.28,196.3,WIN,TARGET_HIT,24438.00,1040.00,2026-05-07 09:30:47
2026-03-17,2026-03-17 11:15:00,2026-03-17 11:20:00,OG,Backtest,AdxDiCrossBracketOG,OG_AdxDiCrossBracketOG,OG,NQ,NQ JUN26,SHORT,1,25020.50,25056.75,-729.36,-733.72,-146.7,LOSS,STOP_HIT,25056.25,715.00,2026-05-07 09:30:47
2026-04-06,2026-04-06 11:35:00,2026-04-06 11:50:00,OG,Backtest,AdxDiCrossBracketOG,OG_AdxDiCrossBracketOG,OG,NQ,NQ JUN26,SHORT,1,24280.75,24293.50,-259.36,-263.72,-52.7,LOSS,STOP_HIT,24325.50,895.00,2026-05-07 09:30:47
2026-03-19,2026-03-19 11:15:00,2026-03-19 11:25:00,OG,Backtest,AdxDiCrossBracketOG,OG_AdxDiCrossBracketOG,OG,NQ,NQ JUN26,LONG,1,24530.25,24486.25,-884.36,-888.72,-177.7,LOSS,STOP_HIT,24473.00,1145.00,2026-05-07 09:30:47
2026-05-04,2026-05-04 11:05:00,2026-05-04 11:15:00,OG,Backtest,AdxDiCrossBracketOG,OG_AdxDiCrossBracketOG,OG,NQ,NQ JUN26,SHORT,1,27881.50,27847.50,675.64,671.28,134.3,WIN,TARGET_HIT,27916.50,700.00,2026-05-07 09:30:47
2026-03-17,2026-03-17 11:15:00,2026-03-17 11:20:00,OG,Backtest,AdxDiCrossBracketOG,OG_AdxDiCrossBracketOG,OG,NQ,NQ JUN26,SHORT,1,25020.50,25056.75,-729.36,-733.72,-146.7,LOSS,STOP_HIT,25056.25,715.00,2026-05-07 09:30:47
2026-04-07,2026-04-07 11:40:00,2026-04-07 12:00:00,OG,Backtest,AdxDiCrossBracketOG,OG_AdxDiCrossBracketOG,OG,NQ,NQ JUN26,LONG,1,24071.50,24117.50,915.64,911.28,182.3,WIN,TARGET_HIT,24025.00,930.00,2026-05-07 09:30:47
2026-03-24,2026-03-24 11:00:00,2026-03-24 11:00:00,OG,Backtest,AdxDiCrossBracketOG,OG_AdxDiCrossBracketOG,OG,NQ,NQ JUN26,LONG,1,24281.50,24217.75,-1279.36,-1283.72,-256.7,LOSS,STOP_HIT,24218.25,1265.00,2026-05-07 09:30:47
2026-03-19,2026-03-19 11:15:00,2026-03-19 11:25:00,OG,Backtest,AdxDiCrossBracketOG,OG_AdxDiCrossBracketOG,OG,NQ,NQ JUN26,LONG,1,24530.25,24486.25,-884.36,-888.72,-177.7,LOSS,STOP_HIT,24473.00,1145.00,2026-05-07 09:30:47
2026-04-06,2026-04-06 11:05:00,2026-04-06 11:25:00,OG,Backtest,AdxDiCrossBracketOG,OG_AdxDiCrossBracketOG,OG,NQ,NQ JUN26,LONG,1,24306.75,24291.50,-309.36,-313.72,-62.7,LOSS,STOP_HIT,24255.50,1025.00,2026-05-07 09:30:47
2026-03-20,2026-03-20 11:30:00,2026-03-20 12:05:00,OG,Backtest,AdxDiCrossBracketOG,OG_AdxDiCrossBracketOG,OG,NQ,NQ JUN26,LONG,1,24274.25,24327.75,1065.64,1061.28,212.3,WIN,TARGET_HIT,24219.75,1090.00,2026-05-07 09:30:47
2026-04-13,2026-04-13 10:00:00,2026-04-13 10:00:00,OG,Backtest,AdxDiCrossBracketOG,OG_AdxDiCrossBracketOG,OG,NQ,NQ JUN26,LONG,1,25271.50,25305.75,680.64,676.28,135.3,WIN,TARGET_HIT,25235.75,715.00,2026-05-07 09:30:47
2026-01-09,2026-01-09 09:45:00,2026-01-09 09:50:00,OG,Backtest,AdxDiCrossBracketOG,OG_AdxDiCrossBracketOG,OG,NQ,NQ JUN26,LONG,1,25965.00,25937.50,-554.36,-558.72,-111.7,LOSS,STOP_HIT,25938.00,540.00,2026-05-07 09:30:47
2026-04-06,2026-04-06 11:35:00,2026-04-06 11:50:00,OG,Backtest,AdxDiCrossBracketOG,OG_AdxDiCrossBracketOG,OG,NQ,NQ JUN26,SHORT,1,24280.75,24293.50,-259.36,-263.72,-52.7,LOSS,STOP_HIT,24325.50,895.00,2026-05-07 09:30:47
2026-05-01,2026-05-01 11:10:00,2026-05-01 11:15:00,OG,Backtest,AdxDiCrossBracketOG,OG_AdxDiCrossBracketOG,OG,NQ,NQ JUN26,SHORT,1,27795.25,27837.00,-839.36,-843.72,-168.7,LOSS,STOP_HIT,27836.50,825.00,2026-05-07 09:30:47
2026-04-13,2026-04-13 10:00:00,2026-04-13 10:00:00,OG,Backtest,AdxDiCrossBracketOG,OG_AdxDiCrossBracketOG,OG,NQ,NQ JUN26,LONG,1,25271.50,25305.75,680.64,676.28,135.3,WIN,TARGET_HIT,25235.75,715.00,2026-05-07 09:30:47
2026-04-07,2026-04-07 11:40:00,2026-04-07 12:00:00,OG,Backtest,AdxDiCrossBracketOG,OG_AdxDiCrossBracketOG,OG,NQ,NQ JUN26,LONG,1,24071.50,24117.50,915.64,911.28,182.3,WIN,TARGET_HIT,24025.00,930.00,2026-05-07 09:30:47
2026-04-06,2026-04-06 10:55:00,2026-04-06 11:00:00,OG,Backtest,AdxDiCrossBracketOG,OG_AdxDiCrossBracketOG,OG,NQ,NQ JUN26,SHORT,1,24269.25,24321.50,-1049.36,-1053.72,-210.7,LOSS,STOP_HIT,24321.00,1035.00,2026-05-07 09:30:47
2026-04-13,2026-04-13 10:00:00,2026-04-13 10:00:00,OG,Backtest,AdxDiCrossBracketOG,OG_AdxDiCrossBracketOG,OG,NQ,NQ JUN26,LONG,1,25271.50,25305.75,680.64,676.28,135.3,WIN,TARGET_HIT,25235.75,715.00,2026-05-07 09:30:47
2026-02-17,2026-02-17 11:10:00,2026-02-17 11:10:00,OG,Backtest,AdxDiCrossBracketOG,OG_AdxDiCrossBracketOG,OG,NQ,NQ JUN26,LONG,1,24861.25,24927.25,1315.64,1311.28,262.3,WIN,TARGET_HIT,24793.75,1350.00,2026-05-07 09:30:47
2026-04-21,2026-04-21 11:05:00,2026-04-21 11:05:00,OG,Backtest,AdxDiCrossBracketOG,OG_AdxDiCrossBracketOG,OG,NQ,NQ JUN26,SHORT,1,26737.25,26702.00,700.64,696.28,139.3,WIN,TARGET_HIT,26771.50,685.00,2026-05-07 09:30:47
2026-01-28,2026-01-28 10:55:00,2026-01-28 11:15:00,OG,Backtest,AdxDiCrossBracketOG,OG_AdxDiCrossBracketOG,OG,NQ,NQ JUN26,SHORT,1,26395.25,26406.25,-224.36,-228.72,-45.7,LOSS,STOP_HIT,26429.00,675.00,2026-05-07 09:30:47
2026-05-01,2026-05-01 11:10:00,2026-05-01 11:15:00,OG,Backtest,AdxDiCrossBracketOG,OG_AdxDiCrossBracketOG,OG,NQ,NQ JUN26,SHORT,1,27795.25,27837.00,-839.36,-843.72,-168.7,LOSS,STOP_HIT,27836.50,825.00,2026-05-07 09:30:47
2026-02-24,2026-02-24 10:10:00,2026-02-24 10:10:00,OG,Backtest,AdxDiCrossBracketOG,OG_AdxDiCrossBracketOG,OG,NQ,NQ JUN26,SHORT,1,25048.75,25092.75,-884.36,-888.72,-177.7,LOSS,STOP_HIT,25092.25,870.00,2026-05-07 09:30:47
2026-05-01,2026-05-01 11:10:00,2026-05-01 11:15:00,OG,Backtest,AdxDiCrossBracketOG,OG_AdxDiCrossBracketOG,OG,NQ,NQ JUN26,SHORT,1,27795.25,27837.00,-839.36,-843.72,-168.7,LOSS,STOP_HIT,27836.50,825.00,2026-05-07 09:30:47
2026-02-13,2026-02-13 10:50:00,2026-02-13 11:05:00,OG,Backtest,AdxDiCrossBracketOG,OG_AdxDiCrossBracketOG,OG,NQ,NQ JUN26,SHORT,1,24983.00,25020.25,-749.36,-753.72,-150.7,LOSS,STOP_HIT,25055.00,1440.00,2026-05-07 09:30:47
2026-01-20,2026-01-20 11:10:00,2026-01-20 11:15:00,OG,Backtest,AdxDiCrossBracketOG,OG_AdxDiCrossBracketOG,OG,NQ,NQ JUN26,LONG,1,25587.50,25601.00,265.64,261.28,52.3,WIN,STOP_HIT,25540.75,935.00,2026-05-07 09:30:47
2026-05-01,2026-05-01 11:20:00,2026-05-01 11:40:00,OG,Backtest,AdxDiCrossBracketOG,OG_AdxDiCrossBracketOG,OG,NQ,NQ JUN26,LONG,1,27837.25,27877.75,805.64,801.28,160.3,WIN,TARGET_HIT,27796.25,820.00,2026-05-07 09:30:47
2026-05-01,2026-05-01 11:20:00,2026-05-01 11:40:00,OG,Backtest,AdxDiCrossBracketOG,OG_AdxDiCrossBracketOG,OG,NQ,NQ JUN26,LONG,1,27837.25,27877.75,805.64,801.28,160.3,WIN,TARGET_HIT,27796.25,820.00,2026-05-07 09:30:47
2026-01-23,2026-01-23 10:10:00,2026-01-23 10:15:00,OG,Backtest,AdxDiCrossBracketOG,OG_AdxDiCrossBracketOG,OG,NQ,NQ JUN26,LONG,1,25921.00,25885.00,-724.36,-728.72,-145.7,LOSS,STOP_HIT,25885.50,710.00,2026-05-07 09:30:47
2026-02-05,2026-02-05 11:40:00,2026-02-05 11:50:00,OG,Backtest,AdxDiCrossBracketOG,OG_AdxDiCrossBracketOG,OG,NQ,NQ JUN26,LONG,1,25025.50,24992.25,-669.36,-673.72,-134.7,LOSS,STOP_HIT,24938.00,1750.00,2026-05-07 09:30:47
2026-04-29,2026-04-29 11:15:00,2026-04-29 11:20:00,OG,Backtest,AdxDiCrossBracketOG,OG_AdxDiCrossBracketOG,OG,NQ,NQ JUN26,SHORT,1,27249.50,27231.00,365.64,361.28,72.3,WIN,STOP_HIT,27280.00,610.00,2026-05-07 09:30:47
2026-05-04,2026-05-04 11:05:00,2026-05-04 11:15:00,OG,Backtest,AdxDiCrossBracketOG,OG_AdxDiCrossBracketOG,OG,NQ,NQ JUN26,SHORT,1,27881.50,27847.50,675.64,671.28,134.3,WIN,TARGET_HIT,27916.50,700.00,2026-05-07 09:30:47
2026-01-30,2026-01-30 10:55:00,2026-01-30 10:55:00,OG,Backtest,AdxDiCrossBracketOG,OG_AdxDiCrossBracketOG,OG,NQ,NQ JUN26,LONG,1,26117.25,26059.50,-1159.36,-1163.72,-232.7,LOSS,STOP_HIT,26060.00,1145.00,2026-05-07 09:30:47
2026-01-09,2026-01-09 10:10:00,2026-01-09 10:10:00,OG,Backtest,AdxDiCrossBracketOG,OG_AdxDiCrossBracketOG,OG,NQ,NQ JUN26,LONG,1,25921.75,25881.75,-804.36,-808.72,-161.7,LOSS,STOP_HIT,25882.25,790.00,2026-05-07 09:30:47
2026-02-11,2026-02-11 11:05:00,2026-02-11 11:10:00,OG,Backtest,AdxDiCrossBracketOG,OG_AdxDiCrossBracketOG,OG,NQ,NQ JUN26,LONG,1,25453.50,25418.25,-709.36,-713.72,-142.7,LOSS,STOP_HIT,25393.00,1210.00,2026-05-07 09:30:47
2026-02-24,2026-02-24 10:10:00,2026-02-24 10:10:00,OG,Backtest,AdxDiCrossBracketOG,OG_AdxDiCrossBracketOG,OG,NQ,NQ JUN26,SHORT,1,25048.75,25092.75,-884.36,-888.72,-177.7,LOSS,STOP_HIT,25092.25,870.00,2026-05-07 09:30:47
2026-01-09,2026-01-09 10:15:00,2026-01-09 10:15:00,OG,Backtest,AdxDiCrossBracketOG,OG_AdxDiCrossBracketOG,OG,NQ,NQ JUN26,SHORT,1,25850.50,25896.25,-919.36,-923.72,-184.7,LOSS,STOP_HIT,25895.75,905.00,2026-05-07 09:30:47
2026-01-09,2026-01-09 09:55:00,2026-01-09 09:55:00,OG,Backtest,AdxDiCrossBracketOG,OG_AdxDiCrossBracketOG,OG,NQ,NQ JUN26,SHORT,1,25913.25,25948.25,-704.36,-708.72,-141.7,LOSS,STOP_HIT,25947.75,690.00,2026-05-07 09:30:47
2026-01-28,2026-01-28 11:20:00,2026-01-28 11:25:00,OG,Backtest,AdxDiCrossBracketOG,OG_AdxDiCrossBracketOG,OG,NQ,NQ JUN26,LONG,1,26393.00,26379.00,-284.36,-288.72,-57.7,LOSS,STOP_HIT,26363.25,595.00,2026-05-07 09:30:47
2026-01-20,2026-01-20 11:10:00,2026-01-20 11:15:00,OG,Backtest,AdxDiCrossBracketOG,OG_AdxDiCrossBracketOG,OG,NQ,NQ JUN26,LONG,1,25587.50,25601.00,265.64,261.28,52.3,WIN,STOP_HIT,25540.75,935.00,2026-05-07 09:30:47
2026-01-07,2026-01-07 10:10:00,2026-01-07 10:10:00,OG,Backtest,AdxDiCrossBracketOG,OG_AdxDiCrossBracketOG,OG,NQ,NQ JUN26,SHORT,1,26050.75,26072.75,-444.36,-448.72,-89.7,LOSS,STOP_HIT,26072.25,430.00,2026-05-07 09:30:47
2026-01-23,2026-01-23 10:10:00,2026-01-23 10:15:00,OG,Backtest,AdxDiCrossBracketOG,OG_AdxDiCrossBracketOG,OG,NQ,NQ JUN26,LONG,1,25921.00,25885.00,-724.36,-728.72,-145.7,LOSS,STOP_HIT,25885.50,710.00,2026-05-07 09:30:47
2026-03-24,2026-03-24 11:00:00,2026-03-24 11:00:00,OG,Backtest,AdxDiCrossBracketOG,OG_AdxDiCrossBracketOG,OG,NQ,NQ JUN26,LONG,1,24281.50,24217.75,-1279.36,-1283.72,-256.7,LOSS,STOP_HIT,24218.25,1265.00,2026-05-07 09:30:47
2026-01-28,2026-01-28 10:55:00,2026-01-28 11:15:00,OG,Backtest,AdxDiCrossBracketOG,OG_AdxDiCrossBracketOG,OG,NQ,NQ JUN26,SHORT,1,26395.25,26406.25,-224.36,-228.72,-45.7,LOSS,STOP_HIT,26429.00,675.00,2026-05-07 09:30:47
2026-01-09,2026-01-09 09:55:00,2026-01-09 09:55:00,OG,Backtest,AdxDiCrossBracketOG,OG_AdxDiCrossBracketOG,OG,NQ,NQ JUN26,SHORT,1,25913.25,25948.25,-704.36,-708.72,-141.7,LOSS,STOP_HIT,25947.75,690.00,2026-05-07 09:30:47
2026-04-02,2026-04-02 10:45:00,2026-04-02 10:45:00,OG,Backtest,AdxDiCrossBracketOG,OG_AdxDiCrossBracketOG,OG,NQ,NQ JUN26,LONG,1,24210.25,24134.00,-1529.36,-1533.72,-306.7,LOSS,STOP_HIT,24134.50,1515.00,2026-05-07 09:30:47
2026-01-07,2026-01-07 10:10:00,2026-01-07 10:10:00,OG,Backtest,AdxDiCrossBracketOG,OG_AdxDiCrossBracketOG,OG,NQ,NQ JUN26,SHORT,1,26050.75,26072.75,-444.36,-448.72,-89.7,LOSS,STOP_HIT,26072.25,430.00,2026-05-07 09:30:47
2026-01-06,2026-01-06 11:00:00,2026-01-06 11:05:00,OG,Backtest,AdxDiCrossBracketOG,OG_AdxDiCrossBracketOG,OG,NQ,NQ JUN26,SHORT,1,25909.25,25880.75,565.64,561.28,112.3,WIN,TARGET_HIT,25938.25,580.00,2026-05-07 09:30:47
2026-04-06,2026-04-06 11:05:00,2026-04-06 11:25:00,OG,Backtest,AdxDiCrossBracketOG,OG_AdxDiCrossBracketOG,OG,NQ,NQ JUN26,LONG,1,24306.75,24291.50,-309.36,-313.72,-62.7,LOSS,STOP_HIT,24255.50,1025.00,2026-05-07 09:30:47
2026-01-09,2026-01-09 09:55:00,2026-01-09 09:55:00,OG,Backtest,AdxDiCrossBracketOG,OG_AdxDiCrossBracketOG,OG,NQ,NQ JUN26,SHORT,1,25913.25,25948.25,-704.36,-708.72,-141.7,LOSS,STOP_HIT,25947.75,690.00,2026-05-07 09:30:47
2026-01-07,2026-01-07 10:10:00,2026-01-07 10:10:00,OG,Backtest,AdxDiCrossBracketOG,OG_AdxDiCrossBracketOG,OG,NQ,NQ JUN26,SHORT,1,26050.75,26072.75,-444.36,-448.72,-89.7,LOSS,STOP_HIT,26072.25,430.00,2026-05-07 09:30:47
2026-01-20,2026-01-20 10:50:00,2026-01-20 10:55:00,OG,Backtest,AdxDiCrossBracketOG,OG_AdxDiCrossBracketOG,OG,NQ,NQ JUN26,LONG,1,25598.00,25559.50,-774.36,-778.72,-155.7,LOSS,STOP_HIT,25550.75,945.00,2026-05-07 09:30:47
2026-01-09,2026-01-09 10:30:00,2026-01-09 10:30:00,OG,Backtest,AdxDiCrossBracketOG,OG_AdxDiCrossBracketOG,OG,NQ,NQ JUN26,LONG,1,26009.25,26057.25,955.64,951.28,190.3,WIN,TARGET_HIT,25959.75,990.00,2026-05-07 09:30:47
2026-03-19,2026-03-19 11:15:00,2026-03-19 11:25:00,OG,Backtest,AdxDiCrossBracketOG,OG_AdxDiCrossBracketOG,OG,NQ,NQ JUN26,LONG,1,24530.25,24486.25,-884.36,-888.72,-177.7,LOSS,STOP_HIT,24473.00,1145.00,2026-05-07 09:30:47
2026-02-11,2026-02-11 10:20:00,2026-02-11 10:20:00,OG,Backtest,AdxDiCrossBracketOG,OG_AdxDiCrossBracketOG,OG,NQ,NQ JUN26,SHORT,1,25396.00,25345.50,1005.64,1001.28,200.3,WIN,TARGET_HIT,25448.50,1050.00,2026-05-07 09:30:47
2026-01-16,2026-01-16 11:30:00,2026-01-16 11:35:00,OG,Backtest,AdxDiCrossBracketOG,OG_AdxDiCrossBracketOG,OG,NQ,NQ JUN26,LONG,1,25911.50,25925.25,270.64,266.28,53.3,WIN,STOP_HIT,25874.75,735.00,2026-05-07 09:30:47
2026-02-11,2026-02-11 11:05:00,2026-02-11 11:10:00,OG,Backtest,AdxDiCrossBracketOG,OG_AdxDiCrossBracketOG,OG,NQ,NQ JUN26,LONG,1,25453.50,25418.25,-709.36,-713.72,-142.7,LOSS,STOP_HIT,25393.00,1210.00,2026-05-07 09:30:47
2026-01-16,2026-01-16 11:30:00,2026-01-16 11:35:00,OG,Backtest,AdxDiCrossBracketOG,OG_AdxDiCrossBracketOG,OG,NQ,NQ JUN26,LONG,1,25911.50,25925.25,270.64,266.28,53.3,WIN,STOP_HIT,25874.75,735.00,2026-05-07 09:30:47
2026-03-25,2026-03-25 11:20:00,2026-03-25 11:20:00,OG,Backtest,AdxDiCrossBracketOG,OG_AdxDiCrossBracketOG,OG,NQ,NQ JUN26,SHORT,1,24386.00,24336.50,985.64,981.28,196.3,WIN,TARGET_HIT,24438.00,1040.00,2026-05-07 09:30:47
2026-05-04,2026-05-04 11:05:00,2026-05-04 11:15:00,OG,Backtest,AdxDiCrossBracketOG,OG_AdxDiCrossBracketOG,OG,NQ,NQ JUN26,SHORT,1,27881.50,27847.50,675.64,671.28,134.3,WIN,TARGET_HIT,27916.50,700.00,2026-05-07 09:30:47
2026-01-30,2026-01-30 10:55:00,2026-01-30 10:55:00,OG,Backtest,AdxDiCrossBracketOG,OG_AdxDiCrossBracketOG,OG,NQ,NQ JUN26,LONG,1,26117.25,26059.50,-1159.36,-1163.72,-232.7,LOSS,STOP_HIT,26060.00,1145.00,2026-05-07 09:30:47
2026-01-20,2026-01-20 11:10:00,2026-01-20 11:15:00,OG,Backtest,AdxDiCrossBracketOG,OG_AdxDiCrossBracketOG,OG,NQ,NQ JUN26,LONG,1,25587.50,25601.00,265.64,261.28,52.3,WIN,STOP_HIT,25540.75,935.00,2026-05-07 09:30:47
2026-04-06,2026-04-06 11:05:00,2026-04-06 11:25:00,OG,Backtest,AdxDiCrossBracketOG,OG_AdxDiCrossBracketOG,OG,NQ,NQ JUN26,LONG,1,24306.75,24291.50,-309.36,-313.72,-62.7,LOSS,STOP_HIT,24255.50,1025.00,2026-05-07 09:30:47
2026-03-25,2026-03-25 11:20:00,2026-03-25 11:20:00,OG,Backtest,AdxDiCrossBracketOG,OG_AdxDiCrossBracketOG,OG,NQ,NQ JUN26,SHORT,1,24386.00,24336.50,985.64,981.28,196.3,WIN,TARGET_HIT,24438.00,1040.00,2026-05-07 09:30:47
2026-01-07,2026-01-07 09:50:00,2026-01-07 09:50:00,OG,Backtest,AdxDiCrossBracketOG,OG_AdxDiCrossBracketOG,OG,NQ,NQ JUN26,LONG,1,26063.75,26079.75,315.64,311.28,62.3,WIN,TARGET_HIT,26047.25,330.00,2026-05-07 09:30:47
2026-01-28,2026-01-28 10:55:00,2026-01-28 11:15:00,OG,Backtest,AdxDiCrossBracketOG,OG_AdxDiCrossBracketOG,OG,NQ,NQ JUN26,SHORT,1,26395.25,26406.25,-224.36,-228.72,-45.7,LOSS,STOP_HIT,26429.00,675.00,2026-05-07 09:30:47
2026-01-06,2026-01-06 11:00:00,2026-01-06 11:05:00,OG,Backtest,AdxDiCrossBracketOG,OG_AdxDiCrossBracketOG,OG,NQ,NQ JUN26,SHORT,1,25909.25,25880.75,565.64,561.28,112.3,WIN,TARGET_HIT,25938.25,580.00,2026-05-07 09:30:47
2026-01-06,2026-01-06 11:00:00,2026-01-06 11:05:00,OG,Backtest,AdxDiCrossBracketOG,OG_AdxDiCrossBracketOG,OG,NQ,NQ JUN26,SHORT,1,25909.25,25880.75,565.64,561.28,112.3,WIN,TARGET_HIT,25938.25,580.00,2026-05-07 09:30:47
2026-03-24,2026-03-24 11:00:00,2026-03-24 11:00:00,OG,Backtest,AdxDiCrossBracketOG,OG_AdxDiCrossBracketOG,OG,NQ,NQ JUN26,LONG,1,24281.50,24217.75,-1279.36,-1283.72,-256.7,LOSS,STOP_HIT,24218.25,1265.00,2026-05-07 09:30:47
2026-01-07,2026-01-07 10:10:00,2026-01-07 10:10:00,OG,Backtest,AdxDiCrossBracketOG,OG_AdxDiCrossBracketOG,OG,NQ,NQ JUN26,SHORT,1,26050.75,26072.75,-444.36,-448.72,-89.7,LOSS,STOP_HIT,26072.25,430.00,2026-05-07 09:30:47
2026-01-09,2026-01-09 10:10:00,2026-01-09 10:10:00,OG,Backtest,AdxDiCrossBracketOG,OG_AdxDiCrossBracketOG,OG,NQ,NQ JUN26,LONG,1,25921.75,25881.75,-804.36,-808.72,-161.7,LOSS,STOP_HIT,25882.25,790.00,2026-05-07 09:30:47
2026-01-07,2026-01-07 09:50:00,2026-01-07 09:50:00,OG,Backtest,AdxDiCrossBracketOG,OG_AdxDiCrossBracketOG,OG,NQ,NQ JUN26,LONG,1,26063.75,26079.75,315.64,311.28,62.3,WIN,TARGET_HIT,26047.25,330.00,2026-05-07 09:30:47
2026-03-27,2026-03-27 11:40:00,2026-03-27 11:45:00,OG,Backtest,AdxDiCrossBracketOG,OG_AdxDiCrossBracketOG,OG,NQ,NQ JUN26,LONG,1,23597.00,23541.00,-1124.36,-1128.72,-225.7,LOSS,STOP_HIT,23541.50,1110.00,2026-05-07 09:30:47
2026-01-09,2026-01-09 10:15:00,2026-01-09 10:15:00,OG,Backtest,AdxDiCrossBracketOG,OG_AdxDiCrossBracketOG,OG,NQ,NQ JUN26,SHORT,1,25850.50,25896.25,-919.36,-923.72,-184.7,LOSS,STOP_HIT,25895.75,905.00,2026-05-07 09:30:47
2026-01-09,2026-01-09 10:10:00,2026-01-09 10:10:00,OG,Backtest,AdxDiCrossBracketOG,OG_AdxDiCrossBracketOG,OG,NQ,NQ JUN26,LONG,1,25921.75,25881.75,-804.36,-808.72,-161.7,LOSS,STOP_HIT,25882.25,790.00,2026-05-07 09:30:47
2026-01-09,2026-01-09 10:10:00,2026-01-09 10:10:00,OG,Backtest,AdxDiCrossBracketOG,OG_AdxDiCrossBracketOG,OG,NQ,NQ JUN26,LONG,1,25921.75,25881.75,-804.36,-808.72,-161.7,LOSS,STOP_HIT,25882.25,790.00,2026-05-07 09:30:47
2026-01-09,2026-01-09 10:15:00,2026-01-09 10:15:00,OG,Backtest,AdxDiCrossBracketOG,OG_AdxDiCrossBracketOG,OG,NQ,NQ JUN26,SHORT,1,25850.50,25896.25,-919.36,-923.72,-184.7,LOSS,STOP_HIT,25895.75,905.00,2026-05-07 09:30:47
2026-01-06,2026-01-06 11:00:00,2026-01-06 11:05:00,OG,Backtest,AdxDiCrossBracketOG,OG_AdxDiCrossBracketOG,OG,NQ,NQ JUN26,SHORT,1,25909.25,25880.75,565.64,561.28,112.3,WIN,TARGET_HIT,25938.25,580.00,2026-05-07 09:30:47
2026-01-09,2026-01-09 10:30:00,2026-01-09 10:30:00,OG,Backtest,AdxDiCrossBracketOG,OG_AdxDiCrossBracketOG,OG,NQ,NQ JUN26,LONG,1,26009.25,26057.25,955.64,951.28,190.3,WIN,TARGET_HIT,25959.75,990.00,2026-05-07 09:30:47
2026-01-09,2026-01-09 10:30:00,2026-01-09 10:30:00,OG,Backtest,AdxDiCrossBracketOG,OG_AdxDiCrossBracketOG,OG,NQ,NQ JUN26,LONG,1,26009.25,26057.25,955.64,951.28,190.3,WIN,TARGET_HIT,25959.75,990.00,2026-05-07 09:30:47
2026-01-07,2026-01-07 10:10:00,2026-01-07 10:10:00,OG,Backtest,AdxDiCrossBracketOG,OG_AdxDiCrossBracketOG,OG,NQ,NQ JUN26,SHORT,1,26050.75,26072.75,-444.36,-448.72,-89.7,LOSS,STOP_HIT,26072.25,430.00,2026-05-07 09:30:47
2026-01-09,2026-01-09 10:10:00,2026-01-09 10:10:00,OG,Backtest,AdxDiCrossBracketOG,OG_AdxDiCrossBracketOG,OG,NQ,NQ JUN26,LONG,1,25921.75,25881.75,-804.36,-808.72,-161.7,LOSS,STOP_HIT,25882.25,790.00,2026-05-07 09:30:47
2026-01-09,2026-01-09 09:45:00,2026-01-09 09:50:00,OG,Backtest,AdxDiCrossBracketOG,OG_AdxDiCrossBracketOG,OG,NQ,NQ JUN26,LONG,1,25965.00,25937.50,-554.36,-558.72,-111.7,LOSS,STOP_HIT,25938.00,540.00,2026-05-07 09:30:47
2026-04-07,2026-04-07 11:40:00,2026-04-07 12:00:00,OG,Backtest,AdxDiCrossBracketOG,OG_AdxDiCrossBracketOG,OG,NQ,NQ JUN26,LONG,1,24071.50,24117.50,915.64,911.28,182.3,WIN,TARGET_HIT,24025.00,930.00,2026-05-07 09:30:47
2026-01-09,2026-01-09 10:10:00,2026-01-09 10:10:00,OG,Backtest,AdxDiCrossBracketOG,OG_AdxDiCrossBracketOG,OG,NQ,NQ JUN26,LONG,1,25921.75,25881.75,-804.36,-808.72,-161.7,LOSS,STOP_HIT,25882.25,790.00,2026-05-07 09:30:47
2026-02-24,2026-02-24 09:50:00,2026-02-24 09:50:00,OG,Backtest,AdxDiCrossBracketOG,OG_AdxDiCrossBracketOG,OG,NQ,NQ JUN26,LONG,1,25120.50,25157.50,735.64,731.28,146.3,WIN,TARGET_HIT,25081.50,780.00,2026-05-07 09:30:47
2026-01-20,2026-01-20 10:50:00,2026-01-20 10:55:00,OG,Backtest,AdxDiCrossBracketOG,OG_AdxDiCrossBracketOG,OG,NQ,NQ JUN26,LONG,1,25598.00,25559.50,-774.36,-778.72,-155.7,LOSS,STOP_HIT,25550.75,945.00,2026-05-07 09:30:47
2026-04-06,2026-04-06 10:55:00,2026-04-06 11:00:00,OG,Backtest,AdxDiCrossBracketOG,OG_AdxDiCrossBracketOG,OG,NQ,NQ JUN26,SHORT,1,24269.25,24321.50,-1049.36,-1053.72,-210.7,LOSS,STOP_HIT,24321.00,1035.00,2026-05-07 09:30:47
2026-01-21,2026-01-21 11:45:00,2026-01-21 11:45:00,OG,Backtest,AdxDiCrossBracketOG,OG_AdxDiCrossBracketOG,OG,NQ,NQ JUN26,SHORT,1,25543.75,25505.75,755.64,751.28,150.3,WIN,TARGET_HIT,25582.25,770.00,2026-05-07 09:30:47
2026-01-12,2026-01-12 11:25:00,2026-01-12 11:35:00,OG,Backtest,AdxDiCrossBracketOG,OG_AdxDiCrossBracketOG,OG,NQ,NQ JUN26,LONG,1,26158.75,26150.00,-179.36,-183.72,-36.7,LOSS,STOP_HIT,26131.75,540.00,2026-05-07 09:30:47
2026-01-09,2026-01-09 10:10:00,2026-01-09 10:10:00,OG,Backtest,AdxDiCrossBracketOG,OG_AdxDiCrossBracketOG,OG,NQ,NQ JUN26,LONG,1,25921.75,25881.75,-804.36,-808.72,-161.7,LOSS,STOP_HIT,25882.25,790.00,2026-05-07 09:30:47
2026-01-28,2026-01-28 11:20:00,2026-01-28 11:25:00,OG,Backtest,AdxDiCrossBracketOG,OG_AdxDiCrossBracketOG,OG,NQ,NQ JUN26,LONG,1,26393.00,26379.00,-284.36,-288.72,-57.7,LOSS,STOP_HIT,26363.25,595.00,2026-05-07 09:30:47
2026-01-30,2026-01-30 10:55:00,2026-01-30 10:55:00,OG,Backtest,AdxDiCrossBracketOG,OG_AdxDiCrossBracketOG,OG,NQ,NQ JUN26,LONG,1,26117.25,26059.50,-1159.36,-1163.72,-232.7,LOSS,STOP_HIT,26060.00,1145.00,2026-05-07 09:30:47
2026-01-23,2026-01-23 10:10:00,2026-01-23 10:15:00,OG,Backtest,AdxDiCrossBracketOG,OG_AdxDiCrossBracketOG,OG,NQ,NQ JUN26,LONG,1,25921.00,25885.00,-724.36,-728.72,-145.7,LOSS,STOP_HIT,25885.50,710.00,2026-05-07 09:30:47
2026-01-21,2026-01-21 11:45:00,2026-01-21 11:45:00,OG,Backtest,AdxDiCrossBracketOG,OG_AdxDiCrossBracketOG,OG,NQ,NQ JUN26,SHORT,1,25543.75,25505.75,755.64,751.28,150.3,WIN,TARGET_HIT,25582.25,770.00,2026-05-07 09:30:47
2026-01-20,2026-01-20 11:10:00,2026-01-20 11:15:00,OG,Backtest,AdxDiCrossBracketOG,OG_AdxDiCrossBracketOG,OG,NQ,NQ JUN26,LONG,1,25587.50,25601.00,265.64,261.28,52.3,WIN,STOP_HIT,25540.75,935.00,2026-05-07 09:30:47
2026-01-28,2026-01-28 10:55:00,2026-01-28 11:15:00,OG,Backtest,AdxDiCrossBracketOG,OG_AdxDiCrossBracketOG,OG,NQ,NQ JUN26,SHORT,1,26395.25,26406.25,-224.36,-228.72,-45.7,LOSS,STOP_HIT,26429.00,675.00,2026-05-07 09:30:47
2026-01-13,2026-01-13 10:10:00,2026-01-13 10:15:00,OG,Backtest,AdxDiCrossBracketOG,OG_AdxDiCrossBracketOG,OG,NQ,NQ JUN26,SHORT,1,26138.00,26108.00,595.64,591.28,118.3,WIN,TARGET_HIT,26168.00,600.00,2026-05-07 09:30:47
2026-01-21,2026-01-21 11:45:00,2026-01-21 11:45:00,OG,Backtest,AdxDiCrossBracketOG,OG_AdxDiCrossBracketOG,OG,NQ,NQ JUN26,SHORT,1,25543.75,25505.75,755.64,751.28,150.3,WIN,TARGET_HIT,25582.25,770.00,2026-05-07 09:30:47
2026-01-23,2026-01-23 10:10:00,2026-01-23 10:15:00,OG,Backtest,AdxDiCrossBracketOG,OG_AdxDiCrossBracketOG,OG,NQ,NQ JUN26,LONG,1,25921.00,25885.00,-724.36,-728.72,-145.7,LOSS,STOP_HIT,25885.50,710.00,2026-05-07 09:30:47
2026-01-28,2026-01-28 10:55:00,2026-01-28 11:20:00,OG,Backtest,AdxDiCrossBracketOG,OG_AdxDiCrossBracketOG,OG,NQ,NQ JUN26,SHORT,1,26395.25,26393.00,40.64,36.28,7.3,WIN,STOP_HIT,26429.00,675.00,2026-05-07 09:30:47
2026-01-28,2026-01-28 11:20:00,2026-01-28 11:25:00,OG,Backtest,AdxDiCrossBracketOG,OG_AdxDiCrossBracketOG,OG,NQ,NQ JUN26,LONG,1,26393.00,26379.00,-284.36,-288.72,-57.7,LOSS,STOP_HIT,26363.25,595.00,2026-05-07 09:30:47
2026-01-28,2026-01-28 10:55:00,2026-01-28 11:15:00,OG,Backtest,AdxDiCrossBracketOG,OG_AdxDiCrossBracketOG,OG,NQ,NQ JUN26,SHORT,1,26395.25,26406.25,-224.36,-228.72,-45.7,LOSS,STOP_HIT,26429.00,675.00,2026-05-07 09:30:47
2026-03-27,2026-03-27 11:40:00,2026-03-27 11:45:00,OG,Backtest,AdxDiCrossBracketOG,OG_AdxDiCrossBracketOG,OG,NQ,NQ JUN26,LONG,1,23597.00,23541.00,-1124.36,-1128.72,-225.7,LOSS,STOP_HIT,23541.50,1110.00,2026-05-07 09:30:47
2026-02-11,2026-02-11 10:20:00,2026-02-11 10:20:00,OG,Backtest,AdxDiCrossBracketOG,OG_AdxDiCrossBracketOG,OG,NQ,NQ JUN26,SHORT,1,25396.00,25345.50,1005.64,1001.28,200.3,WIN,TARGET_HIT,25448.50,1050.00,2026-05-07 09:30:47
2026-01-28,2026-01-28 11:20:00,2026-01-28 11:25:00,OG,Backtest,AdxDiCrossBracketOG,OG_AdxDiCrossBracketOG,OG,NQ,NQ JUN26,LONG,1,26393.00,26379.00,-284.36,-288.72,-57.7,LOSS,STOP_HIT,26363.25,595.00,2026-05-07 09:30:47
2026-02-03,2026-02-03 09:50:00,2026-02-03 09:50:00,OG,Backtest,AdxDiCrossBracketOG,OG_AdxDiCrossBracketOG,OG,NQ,NQ JUN26,SHORT,1,25960.75,25998.50,-759.36,-763.72,-152.7,LOSS,STOP_HIT,25998.00,745.00,2026-05-07 09:30:47
2026-02-05,2026-02-05 11:40:00,2026-02-05 11:50:00,OG,Backtest,AdxDiCrossBracketOG,OG_AdxDiCrossBracketOG,OG,NQ,NQ JUN26,LONG,1,25025.50,24992.25,-669.36,-673.72,-134.7,LOSS,STOP_HIT,24938.00,1750.00,2026-05-07 09:30:47
2026-02-13,2026-02-13 10:50:00,2026-02-13 11:05:00,OG,Backtest,AdxDiCrossBracketOG,OG_AdxDiCrossBracketOG,OG,NQ,NQ JUN26,SHORT,1,24983.00,25020.25,-749.36,-753.72,-150.7,LOSS,STOP_HIT,25055.00,1440.00,2026-05-07 09:30:47
2026-03-24,2026-03-24 11:00:00,2026-03-24 11:00:00,OG,Backtest,AdxDiCrossBracketOG,OG_AdxDiCrossBracketOG,OG,NQ,NQ JUN26,LONG,1,24281.50,24217.75,-1279.36,-1283.72,-256.7,LOSS,STOP_HIT,24218.25,1265.00,2026-05-07 09:30:47
2026-02-11,2026-02-11 11:20:00,2026-02-11 11:25:00,OG,Backtest,AdxDiCrossBracketOG,OG_AdxDiCrossBracketOG,OG,NQ,NQ JUN26,LONG,1,25468.00,25457.75,-209.36,-213.72,-42.7,LOSS,STOP_HIT,25406.75,1225.00,2026-05-07 09:30:47
2026-02-17,2026-02-17 11:10:00,2026-02-17 11:10:00,OG,Backtest,AdxDiCrossBracketOG,OG_AdxDiCrossBracketOG,OG,NQ,NQ JUN26,LONG,1,24861.25,24927.25,1315.64,1311.28,262.3,WIN,TARGET_HIT,24793.75,1350.00,2026-05-07 09:30:47
2026-02-10,2026-02-10 09:45:00,2026-02-10 09:45:00,OG,Backtest,AdxDiCrossBracketOG,OG_AdxDiCrossBracketOG,OG,NQ,NQ JUN26,SHORT,1,25535.25,25512.25,455.64,451.28,90.3,WIN,TARGET_HIT,25559.75,490.00,2026-05-07 09:30:47
2026-03-27,2026-03-27 11:40:00,2026-03-27 11:45:00,OG,Backtest,AdxDiCrossBracketOG,OG_AdxDiCrossBracketOG,OG,NQ,NQ JUN26,LONG,1,23597.00,23541.00,-1124.36,-1128.72,-225.7,LOSS,STOP_HIT,23541.50,1110.00,2026-05-07 09:30:47
2026-01-30,2026-01-30 10:55:00,2026-01-30 10:55:00,OG,Backtest,AdxDiCrossBracketOG,OG_AdxDiCrossBracketOG,OG,NQ,NQ JUN26,LONG,1,26117.25,26059.50,-1159.36,-1163.72,-232.7,LOSS,STOP_HIT,26060.00,1145.00,2026-05-07 09:30:47
2026-02-13,2026-02-13 10:50:00,2026-02-13 11:05:00,OG,Backtest,AdxDiCrossBracketOG,OG_AdxDiCrossBracketOG,OG,NQ,NQ JUN26,SHORT,1,24983.00,25020.25,-749.36,-753.72,-150.7,LOSS,STOP_HIT,25055.00,1440.00,2026-05-07 09:30:47
2026-02-17,2026-02-17 11:10:00,2026-02-17 11:10:00,OG,Backtest,AdxDiCrossBracketOG,OG_AdxDiCrossBracketOG,OG,NQ,NQ JUN26,LONG,1,24861.25,24927.25,1315.64,1311.28,262.3,WIN,TARGET_HIT,24793.75,1350.00,2026-05-07 09:30:47
2026-02-24,2026-02-24 10:15:00,2026-02-24 10:15:00,OG,Backtest,AdxDiCrossBracketOG,OG_AdxDiCrossBracketOG,OG,NQ,NQ JUN26,LONG,1,25109.25,25063.75,-914.36,-918.72,-183.7,LOSS,STOP_HIT,25064.25,900.00,2026-05-07 09:30:47
2026-02-17,2026-02-17 11:10:00,2026-02-17 11:10:00,OG,Backtest,AdxDiCrossBracketOG,OG_AdxDiCrossBracketOG,OG,NQ,NQ JUN26,LONG,1,24861.25,24927.25,1315.64,1311.28,262.3,WIN,TARGET_HIT,24793.75,1350.00,2026-05-07 09:30:47
2026-02-11,2026-02-11 11:05:00,2026-02-11 11:10:00,OG,Backtest,AdxDiCrossBracketOG,OG_AdxDiCrossBracketOG,OG,NQ,NQ JUN26,LONG,1,25453.50,25418.25,-709.36,-713.72,-142.7,LOSS,STOP_HIT,25393.00,1210.00,2026-05-07 09:30:47
2026-02-24,2026-02-24 10:15:00,2026-02-24 10:15:00,OG,Backtest,AdxDiCrossBracketOG,OG_AdxDiCrossBracketOG,OG,NQ,NQ JUN26,LONG,1,25109.25,25063.75,-914.36,-918.72,-183.7,LOSS,STOP_HIT,25064.25,900.00,2026-05-07 09:30:47
2026-04-06,2026-04-06 11:05:00,2026-04-06 11:30:00,OG,Backtest,AdxDiCrossBracketOG,OG_AdxDiCrossBracketOG,OG,NQ,NQ JUN26,LONG,1,24306.75,24279.50,-549.36,-553.72,-110.7,LOSS,STOP_HIT,24255.50,1025.00,2026-05-07 09:30:47
2026-03-02,2026-03-02 11:15:00,2026-03-02 11:20:00,OG,Backtest,AdxDiCrossBracketOG,OG_AdxDiCrossBracketOG,OG,NQ,NQ JUN26,LONG,1,25187.00,25180.75,-129.36,-133.72,-26.7,LOSS,STOP_HIT,25129.50,1150.00,2026-05-07 09:30:47
2026-02-13,2026-02-13 10:50:00,2026-02-13 11:05:00,OG,Backtest,AdxDiCrossBracketOG,OG_AdxDiCrossBracketOG,OG,NQ,NQ JUN26,SHORT,1,24983.00,25020.25,-749.36,-753.72,-150.7,LOSS,STOP_HIT,25055.00,1440.00,2026-05-07 09:30:47
2026-01-20,2026-01-20 10:50:00,2026-01-20 10:55:00,OG,Backtest,AdxDiCrossBracketOG,OG_AdxDiCrossBracketOG,OG,NQ,NQ JUN26,LONG,1,25598.00,25559.50,-774.36,-778.72,-155.7,LOSS,STOP_HIT,25550.75,945.00,2026-05-07 09:30:47
2026-02-24,2026-02-24 10:10:00,2026-02-24 10:10:00,OG,Backtest,AdxDiCrossBracketOG,OG_AdxDiCrossBracketOG,OG,NQ,NQ JUN26,SHORT,1,25048.75,25092.75,-884.36,-888.72,-177.7,LOSS,STOP_HIT,25092.25,870.00,2026-05-07 09:30:47
2026-04-07,2026-04-07 11:40:00,2026-04-07 12:00:00,OG,Backtest,AdxDiCrossBracketOG,OG_AdxDiCrossBracketOG,OG,NQ,NQ JUN26,LONG,1,24071.50,24117.50,915.64,911.28,182.3,WIN,TARGET_HIT,24025.00,930.00,2026-05-07 09:30:47
2026-01-20,2026-01-20 11:10:00,2026-01-20 11:15:00,OG,Backtest,AdxDiCrossBracketOG,OG_AdxDiCrossBracketOG,OG,NQ,NQ JUN26,LONG,1,25587.50,25601.00,265.64,261.28,52.3,WIN,STOP_HIT,25540.75,935.00,2026-05-07 09:30:47
2026-03-09,2026-03-09 10:45:00,2026-03-09 10:50:00,OG,Backtest,AdxDiCrossBracketOG,OG_AdxDiCrossBracketOG,OG,NQ,NQ JUN26,LONG,1,24692.00,24762.25,1400.64,1396.28,279.3,WIN,TARGET_HIT,24622.25,1395.00,2026-05-07 09:30:47
2026-03-03,2026-03-03 11:25:00,2026-03-03 11:40:00,OG,Backtest,AdxDiCrossBracketOG,OG_AdxDiCrossBracketOG,OG,NQ,NQ JUN26,LONG,1,24794.50,24817.25,450.64,446.28,89.3,WIN,STOP_HIT,24724.00,1410.00,2026-05-07 09:30:47
2026-03-02,2026-03-02 11:15:00,2026-03-02 11:20:00,OG,Backtest,AdxDiCrossBracketOG,OG_AdxDiCrossBracketOG,OG,NQ,NQ JUN26,LONG,1,25187.00,25180.75,-129.36,-133.72,-26.7,LOSS,STOP_HIT,25129.50,1150.00,2026-05-07 09:30:47
2026-03-06,2026-03-06 11:10:00,2026-03-06 11:15:00,OG,Backtest,AdxDiCrossBracketOG,OG_AdxDiCrossBracketOG,OG,NQ,NQ JUN26,LONG,1,25101.50,25059.00,-854.36,-858.72,-171.7,LOSS,STOP_HIT,25038.75,1255.00,2026-05-07 09:30:47
2026-02-24,2026-02-24 10:15:00,2026-02-24 10:15:00,OG,Backtest,AdxDiCrossBracketOG,OG_AdxDiCrossBracketOG,OG,NQ,NQ JUN26,LONG,1,25109.25,25063.75,-914.36,-918.72,-183.7,LOSS,STOP_HIT,25064.25,900.00,2026-05-07 09:30:47
2026-03-17,2026-03-17 11:15:00,2026-03-17 11:20:00,OG,Backtest,AdxDiCrossBracketOG,OG_AdxDiCrossBracketOG,OG,NQ,NQ JUN26,SHORT,1,25020.50,25056.75,-729.36,-733.72,-146.7,LOSS,STOP_HIT,25056.25,715.00,2026-05-07 09:30:47
2026-03-20,2026-03-20 11:30:00,2026-03-20 12:05:00,OG,Backtest,AdxDiCrossBracketOG,OG_AdxDiCrossBracketOG,OG,NQ,NQ JUN26,LONG,1,24274.25,24327.75,1065.64,1061.28,212.3,WIN,TARGET_HIT,24219.75,1090.00,2026-05-07 09:30:47
2026-01-30,2026-01-30 10:55:00,2026-01-30 10:55:00,OG,Backtest,AdxDiCrossBracketOG,OG_AdxDiCrossBracketOG,OG,NQ,NQ JUN26,LONG,1,26117.25,26059.50,-1159.36,-1163.72,-232.7,LOSS,STOP_HIT,26060.00,1145.00,2026-05-07 09:30:47
2026-03-09,2026-03-09 10:45:00,2026-03-09 10:50:00,OG,Backtest,AdxDiCrossBracketOG,OG_AdxDiCrossBracketOG,OG,NQ,NQ JUN26,LONG,1,24692.00,24762.25,1400.64,1396.28,279.3,WIN,TARGET_HIT,24622.25,1395.00,2026-05-07 09:30:47
2026-03-12,2026-03-12 11:50:00,2026-03-12 11:50:00,OG,Backtest,AdxDiCrossBracketOG,OG_AdxDiCrossBracketOG,OG,NQ,NQ JUN26,LONG,1,24898.00,24844.00,-1084.36,-1088.72,-217.7,LOSS,STOP_HIT,24844.50,1070.00,2026-05-07 09:30:47
2026-03-17,2026-03-17 11:15:00,2026-03-17 11:20:00,OG,Backtest,AdxDiCrossBracketOG,OG_AdxDiCrossBracketOG,OG,NQ,NQ JUN26,SHORT,1,25020.50,25056.75,-729.36,-733.72,-146.7,LOSS,STOP_HIT,25056.25,715.00,2026-05-07 09:30:47
2026-02-17,2026-02-17 11:10:00,2026-02-17 11:10:00,OG,Backtest,AdxDiCrossBracketOG,OG_AdxDiCrossBracketOG,OG,NQ,NQ JUN26,LONG,1,24861.25,24927.25,1315.64,1311.28,262.3,WIN,TARGET_HIT,24793.75,1350.00,2026-05-07 09:30:47
2026-02-03,2026-02-03 09:50:00,2026-02-03 09:50:00,OG,Backtest,AdxDiCrossBracketOG,OG_AdxDiCrossBracketOG,OG,NQ,NQ JUN26,SHORT,1,25960.75,25998.50,-759.36,-763.72,-152.7,LOSS,STOP_HIT,25998.00,745.00,2026-05-07 09:30:47
2026-05-04,2026-05-04 11:05:00,2026-05-04 11:15:00,OG,Backtest,AdxDiCrossBracketOG,OG_AdxDiCrossBracketOG,OG,NQ,NQ JUN26,SHORT,1,27881.50,27847.50,675.64,671.28,134.3,WIN,TARGET_HIT,27916.50,700.00,2026-05-07 09:30:47
2026-03-25,2026-03-25 11:20:00,2026-03-25 11:20:00,OG,Backtest,AdxDiCrossBracketOG,OG_AdxDiCrossBracketOG,OG,NQ,NQ JUN26,SHORT,1,24386.00,24336.50,985.64,981.28,196.3,WIN,TARGET_HIT,24438.00,1040.00,2026-05-07 09:30:47
2026-01-23,2026-01-23 10:10:00,2026-01-23 10:15:00,OG,Backtest,AdxDiCrossBracketOG,OG_AdxDiCrossBracketOG,OG,NQ,NQ JUN26,LONG,1,25921.00,25885.00,-724.36,-728.72,-145.7,LOSS,STOP_HIT,25885.50,710.00,2026-05-07 09:30:47
2026-03-13,2026-03-13 10:50:00,2026-03-13 10:50:00,OG,Backtest,AdxDiCrossBracketOG,OG_AdxDiCrossBracketOG,OG,NQ,NQ JUN26,SHORT,1,24805.00,24755.00,995.64,991.28,198.3,WIN,TARGET_HIT,24853.50,970.00,2026-05-07 09:30:47
2026-04-06,2026-04-06 11:05:00,2026-04-06 11:25:00,OG,Backtest,AdxDiCrossBracketOG,OG_AdxDiCrossBracketOG,OG,NQ,NQ JUN26,LONG,1,24306.75,24291.50,-309.36,-313.72,-62.7,LOSS,STOP_HIT,24255.50,1025.00,2026-05-07 09:30:47
2026-02-11,2026-02-11 10:20:00,2026-02-11 10:20:00,OG,Backtest,AdxDiCrossBracketOG,OG_AdxDiCrossBracketOG,OG,NQ,NQ JUN26,SHORT,1,25396.00,25345.50,1005.64,1001.28,200.3,WIN,TARGET_HIT,25448.50,1050.00,2026-05-07 09:30:47
2026-04-02,2026-04-02 10:45:00,2026-04-02 10:45:00,OG,Backtest,AdxDiCrossBracketOG,OG_AdxDiCrossBracketOG,OG,NQ,NQ JUN26,LONG,1,24210.25,24134.00,-1529.36,-1533.72,-306.7,LOSS,STOP_HIT,24134.50,1515.00,2026-05-07 09:30:47
2026-03-27,2026-03-27 11:40:00,2026-03-27 11:45:00,OG,Backtest,AdxDiCrossBracketOG,OG_AdxDiCrossBracketOG,OG,NQ,NQ JUN26,LONG,1,23597.00,23541.00,-1124.36,-1128.72,-225.7,LOSS,STOP_HIT,23541.50,1110.00,2026-05-07 09:30:47
2026-03-24,2026-03-24 11:00:00,2026-03-24 11:00:00,OG,Backtest,AdxDiCrossBracketOG,OG_AdxDiCrossBracketOG,OG,NQ,NQ JUN26,LONG,1,24281.50,24217.75,-1279.36,-1283.72,-256.7,LOSS,STOP_HIT,24218.25,1265.00,2026-05-07 09:30:47
2026-03-09,2026-03-09 10:45:00,2026-03-09 10:50:00,OG,Backtest,AdxDiCrossBracketOG,OG_AdxDiCrossBracketOG,OG,NQ,NQ JUN26,LONG,1,24692.00,24762.25,1400.64,1396.28,279.3,WIN,TARGET_HIT,24622.25,1395.00,2026-05-07 09:30:47
2026-04-02,2026-04-02 10:45:00,2026-04-02 10:45:00,OG,Backtest,AdxDiCrossBracketOG,OG_AdxDiCrossBracketOG,OG,NQ,NQ JUN26,LONG,1,24210.25,24134.00,-1529.36,-1533.72,-306.7,LOSS,STOP_HIT,24134.50,1515.00,2026-05-07 09:30:47
2026-03-24,2026-03-24 11:00:00,2026-03-24 11:00:00,OG,Backtest,AdxDiCrossBracketOG,OG_AdxDiCrossBracketOG,OG,NQ,NQ JUN26,LONG,1,24281.50,24217.75,-1279.36,-1283.72,-256.7,LOSS,STOP_HIT,24218.25,1265.00,2026-05-07 09:30:47
2026-03-27,2026-03-27 11:40:00,2026-03-27 11:45:00,OG,Backtest,AdxDiCrossBracketOG,OG_AdxDiCrossBracketOG,OG,NQ,NQ JUN26,LONG,1,23597.00,23541.00,-1124.36,-1128.72,-225.7,LOSS,STOP_HIT,23541.50,1110.00,2026-05-07 09:30:47
2026-02-10,2026-02-10 09:45:00,2026-02-10 09:45:00,OG,Backtest,AdxDiCrossBracketOG,OG_AdxDiCrossBracketOG,OG,NQ,NQ JUN26,SHORT,1,25535.25,25512.25,455.64,451.28,90.3,WIN,TARGET_HIT,25559.75,490.00,2026-05-07 09:30:47
2026-04-10,2026-04-10 11:45:00,2026-04-10 12:00:00,OG,Backtest,AdxDiCrossBracketOG,OG_AdxDiCrossBracketOG,OG,NQ,NQ JUN26,SHORT,1,25301.50,25269.75,630.64,626.28,125.3,WIN,TARGET_HIT,25334.25,655.00,2026-05-07 09:30:47
2026-03-27,2026-03-27 11:40:00,2026-03-27 11:45:00,OG,Backtest,AdxDiCrossBracketOG,OG_AdxDiCrossBracketOG,OG,NQ,NQ JUN26,LONG,1,23597.00,23541.00,-1124.36,-1128.72,-225.7,LOSS,STOP_HIT,23541.50,1110.00,2026-05-07 09:30:47
2026-03-13,2026-03-13 10:50:00,2026-03-13 10:50:00,OG,Backtest,AdxDiCrossBracketOG,OG_AdxDiCrossBracketOG,OG,NQ,NQ JUN26,SHORT,1,24805.00,24755.00,995.64,991.28,198.3,WIN,TARGET_HIT,24853.50,970.00,2026-05-07 09:30:47
2026-03-25,2026-03-25 11:20:00,2026-03-25 11:20:00,OG,Backtest,AdxDiCrossBracketOG,OG_AdxDiCrossBracketOG,OG,NQ,NQ JUN26,SHORT,1,24386.00,24336.50,985.64,981.28,196.3,WIN,TARGET_HIT,24438.00,1040.00,2026-05-07 09:30:47
2026-04-06,2026-04-06 11:35:00,2026-04-06 11:50:00,OG,Backtest,AdxDiCrossBracketOG,OG_AdxDiCrossBracketOG,OG,NQ,NQ JUN26,SHORT,1,24280.75,24293.50,-259.36,-263.72,-52.7,LOSS,STOP_HIT,24325.50,895.00,2026-05-07 09:30:47
2026-01-09,2026-01-09 09:55:00,2026-01-09 09:55:00,OG,Backtest,AdxDiCrossBracketOG,OG_AdxDiCrossBracketOG,OG,NQ,NQ JUN26,SHORT,1,25913.25,25948.25,-704.36,-708.72,-141.7,LOSS,STOP_HIT,25947.75,690.00,2026-05-07 09:30:47
2026-04-07,2026-04-07 11:40:00,2026-04-07 12:00:00,OG,Backtest,AdxDiCrossBracketOG,OG_AdxDiCrossBracketOG,OG,NQ,NQ JUN26,LONG,1,24071.50,24117.50,915.64,911.28,182.3,WIN,TARGET_HIT,24025.00,930.00,2026-05-07 09:30:47
2026-01-09,2026-01-09 10:10:00,2026-01-09 10:10:00,OG,Backtest,AdxDiCrossBracketOG,OG_AdxDiCrossBracketOG,OG,NQ,NQ JUN26,LONG,1,25921.75,25881.75,-804.36,-808.72,-161.7,LOSS,STOP_HIT,25882.25,790.00,2026-05-07 09:30:47
2026-04-16,2026-04-16 10:15:00,2026-04-16 10:15:00,OG,Backtest,AdxDiCrossBracketOG,OG_AdxDiCrossBracketOG,OG,NQ,NQ JUN26,LONG,1,26347.25,26381.00,670.64,666.28,133.3,WIN,TARGET_HIT,26311.50,715.00,2026-05-07 09:30:47
2026-04-29,2026-04-29 11:15:00,2026-04-29 11:20:00,OG,Backtest,AdxDiCrossBracketOG,OG_AdxDiCrossBracketOG,OG,NQ,NQ JUN26,SHORT,1,27249.50,27231.00,365.64,361.28,72.3,WIN,STOP_HIT,27280.00,610.00,2026-05-07 09:30:47
2026-02-13,2026-02-13 10:50:00,2026-02-13 11:05:00,OG,Backtest,AdxDiCrossBracketOG,OG_AdxDiCrossBracketOG,OG,NQ,NQ JUN26,SHORT,1,24983.00,25020.25,-749.36,-753.72,-150.7,LOSS,STOP_HIT,25055.00,1440.00,2026-05-07 09:30:47
2026-01-07,2026-01-07 09:50:00,2026-01-07 09:50:00,OG,Backtest,AdxDiCrossBracketOG,OG_AdxDiCrossBracketOG,OG,NQ,NQ JUN26,LONG,1,26063.75,26079.75,315.64,311.28,62.3,WIN,TARGET_HIT,26047.25,330.00,2026-05-07 09:30:47
2026-04-16,2026-04-16 10:15:00,2026-04-16 10:15:00,OG,Backtest,AdxDiCrossBracketOG,OG_AdxDiCrossBracketOG,OG,NQ,NQ JUN26,LONG,1,26347.25,26381.00,670.64,666.28,133.3,WIN,TARGET_HIT,26311.50,715.00,2026-05-07 09:30:47
2026-04-13,2026-04-13 10:00:00,2026-04-13 10:00:00,OG,Backtest,AdxDiCrossBracketOG,OG_AdxDiCrossBracketOG,OG,NQ,NQ JUN26,LONG,1,25271.50,25305.75,680.64,676.28,135.3,WIN,TARGET_HIT,25235.75,715.00,2026-05-07 09:30:47
2026-04-16,2026-04-16 10:15:00,2026-04-16 10:15:00,OG,Backtest,AdxDiCrossBracketOG,OG_AdxDiCrossBracketOG,OG,NQ,NQ JUN26,LONG,1,26347.25,26381.00,670.64,666.28,133.3,WIN,TARGET_HIT,26311.50,715.00,2026-05-07 09:30:48
2026-04-21,2026-04-21 11:05:00,2026-04-21 11:05:00,OG,Backtest,AdxDiCrossBracketOG,OG_AdxDiCrossBracketOG,OG,NQ,NQ JUN26,SHORT,1,26737.25,26702.00,700.64,696.28,139.3,WIN,TARGET_HIT,26771.50,685.00,2026-05-07 09:30:48
2026-04-21,2026-04-21 11:05:00,2026-04-21 11:05:00,OG,Backtest,AdxDiCrossBracketOG,OG_AdxDiCrossBracketOG,OG,NQ,NQ JUN26,SHORT,1,26737.25,26702.00,700.64,696.28,139.3,WIN,TARGET_HIT,26771.50,685.00,2026-05-07 09:30:48
2026-04-06,2026-04-06 11:05:00,2026-04-06 11:30:00,OG,Backtest,AdxDiCrossBracketOG,OG_AdxDiCrossBracketOG,OG,NQ,NQ JUN26,LONG,1,24306.75,24279.50,-549.36,-553.72,-110.7,LOSS,STOP_HIT,24255.50,1025.00,2026-05-07 09:30:48
2026-04-21,2026-04-21 11:05:00,2026-04-21 11:05:00,OG,Backtest,AdxDiCrossBracketOG,OG_AdxDiCrossBracketOG,OG,NQ,NQ JUN26,SHORT,1,26737.25,26702.00,700.64,696.28,139.3,WIN,TARGET_HIT,26771.50,685.00,2026-05-07 09:30:48
2026-05-04,2026-05-04 11:05:00,2026-05-04 11:15:00,OG,Backtest,AdxDiCrossBracketOG,OG_AdxDiCrossBracketOG,OG,NQ,NQ JUN26,SHORT,1,27881.50,27847.50,675.64,671.28,134.3,WIN,TARGET_HIT,27916.50,700.00,2026-05-07 09:30:48
2026-01-09,2026-01-09 10:15:00,2026-01-09 10:15:00,OG,Backtest,AdxDiCrossBracketOG,OG_AdxDiCrossBracketOG,OG,NQ,NQ JUN26,SHORT,1,25850.50,25896.25,-919.36,-923.72,-184.7,LOSS,STOP_HIT,25895.75,905.00,2026-05-07 09:30:48
2026-04-13,2026-04-13 10:00:00,2026-04-13 10:00:00,OG,Backtest,AdxDiCrossBracketOG,OG_AdxDiCrossBracketOG,OG,NQ,NQ JUN26,LONG,1,25271.50,25305.75,680.64,676.28,135.3,WIN,TARGET_HIT,25235.75,715.00,2026-05-07 09:30:48
2026-04-16,2026-04-16 10:15:00,2026-04-16 10:15:00,OG,Backtest,AdxDiCrossBracketOG,OG_AdxDiCrossBracketOG,OG,NQ,NQ JUN26,LONG,1,26347.25,26381.00,670.64,666.28,133.3,WIN,TARGET_HIT,26311.50,715.00,2026-05-07 09:30:48
2026-05-01,2026-05-01 11:20:00,2026-05-01 11:40:00,OG,Backtest,AdxDiCrossBracketOG,OG_AdxDiCrossBracketOG,OG,NQ,NQ JUN26,LONG,1,27837.25,27877.75,805.64,801.28,160.3,WIN,TARGET_HIT,27796.25,820.00,2026-05-07 09:30:48
2026-04-21,2026-04-21 11:05:00,2026-04-21 11:05:00,OG,Backtest,AdxDiCrossBracketOG,OG_AdxDiCrossBracketOG,OG,NQ,NQ JUN26,SHORT,1,26737.25,26702.00,700.64,696.28,139.3,WIN,TARGET_HIT,26771.50,685.00,2026-05-07 09:30:48
2026-04-16,2026-04-16 10:15:00,2026-04-16 10:15:00,OG,Backtest,AdxDiCrossBracketOG,OG_AdxDiCrossBracketOG,OG,NQ,NQ JUN26,LONG,1,26347.25,26381.00,670.64,666.28,133.3,WIN,TARGET_HIT,26311.50,715.00,2026-05-07 09:30:48
2026-01-13,2026-01-13 10:10:00,2026-01-13 10:15:00,OG,Backtest,AdxDiCrossBracketOG,OG_AdxDiCrossBracketOG,OG,NQ,NQ JUN26,SHORT,1,26138.00,26108.00,595.64,591.28,118.3,WIN,TARGET_HIT,26168.00,600.00,2026-05-07 09:30:48
2026-05-01,2026-05-01 11:20:00,2026-05-01 11:40:00,OG,Backtest,AdxDiCrossBracketOG,OG_AdxDiCrossBracketOG,OG,NQ,NQ JUN26,LONG,1,27837.25,27877.75,805.64,801.28,160.3,WIN,TARGET_HIT,27796.25,820.00,2026-05-07 09:30:48
2026-01-16,2026-01-16 11:30:00,2026-01-16 11:35:00,OG,Backtest,AdxDiCrossBracketOG,OG_AdxDiCrossBracketOG,OG,NQ,NQ JUN26,LONG,1,25911.50,25925.25,270.64,266.28,53.3,WIN,STOP_HIT,25874.75,735.00,2026-05-07 09:30:48
2026-04-02,2026-04-02 10:45:00,2026-04-02 10:45:00,OG,Backtest,AdxDiCrossBracketOG,OG_AdxDiCrossBracketOG,OG,NQ,NQ JUN26,LONG,1,24210.25,24134.00,-1529.36,-1533.72,-306.7,LOSS,STOP_HIT,24134.50,1515.00,2026-05-07 09:30:48
2026-02-24,2026-02-24 10:15:00,2026-02-24 10:15:00,OG,Backtest,AdxDiCrossBracketOG,OG_AdxDiCrossBracketOG,OG,NQ,NQ JUN26,LONG,1,25109.25,25063.75,-914.36,-918.72,-183.7,LOSS,STOP_HIT,25064.25,900.00,2026-05-07 09:30:48
2026-05-04,2026-05-04 11:05:00,2026-05-04 11:15:00,OG,Backtest,AdxDiCrossBracketOG,OG_AdxDiCrossBracketOG,OG,NQ,NQ JUN26,SHORT,1,27881.50,27847.50,675.64,671.28,134.3,WIN,TARGET_HIT,27916.50,700.00,2026-05-07 09:30:48
2026-03-20,2026-03-20 11:30:00,2026-03-20 12:05:00,OG,Backtest,AdxDiCrossBracketOG,OG_AdxDiCrossBracketOG,OG,NQ,NQ JUN26,LONG,1,24274.25,24327.75,1065.64,1061.28,212.3,WIN,TARGET_HIT,24219.75,1090.00,2026-05-07 09:30:48
2026-01-21,2026-01-21 11:45:00,2026-01-21 11:45:00,OG,Backtest,AdxDiCrossBracketOG,OG_AdxDiCrossBracketOG,OG,NQ,NQ JUN26,SHORT,1,25543.75,25505.75,755.64,751.28,150.3,WIN,TARGET_HIT,25582.25,770.00,2026-05-07 09:30:48
2026-03-03,2026-03-03 11:25:00,2026-03-03 11:40:00,OG,Backtest,AdxDiCrossBracketOG,OG_AdxDiCrossBracketOG,OG,NQ,NQ JUN26,LONG,1,24794.50,24817.25,450.64,446.28,89.3,WIN,STOP_HIT,24724.00,1410.00,2026-05-07 09:30:48
2026-01-23,2026-01-23 10:10:00,2026-01-23 10:15:00,OG,Backtest,AdxDiCrossBracketOG,OG_AdxDiCrossBracketOG,OG,NQ,NQ JUN26,LONG,1,25921.00,25885.00,-724.36,-728.72,-145.7,LOSS,STOP_HIT,25885.50,710.00,2026-05-07 09:30:48
2026-05-01,2026-05-01 11:20:00,2026-05-01 11:40:00,OG,Backtest,AdxDiCrossBracketOG,OG_AdxDiCrossBracketOG,OG,NQ,NQ JUN26,LONG,1,27837.25,27877.75,805.64,801.28,160.3,WIN,TARGET_HIT,27796.25,820.00,2026-05-07 09:30:48
2026-01-28,2026-01-28 10:55:00,2026-01-28 11:20:00,OG,Backtest,AdxDiCrossBracketOG,OG_AdxDiCrossBracketOG,OG,NQ,NQ JUN26,SHORT,1,26395.25,26393.00,40.64,36.28,7.3,WIN,STOP_HIT,26429.00,675.00,2026-05-07 09:30:48
2026-01-30,2026-01-30 10:55:00,2026-01-30 10:55:00,OG,Backtest,AdxDiCrossBracketOG,OG_AdxDiCrossBracketOG,OG,NQ,NQ JUN26,LONG,1,26117.25,26059.50,-1159.36,-1163.72,-232.7,LOSS,STOP_HIT,26060.00,1145.00,2026-05-07 09:30:48
2026-01-30,2026-01-30 10:55:00,2026-01-30 10:55:00,OG,Backtest,AdxDiCrossBracketOG,OG_AdxDiCrossBracketOG,OG,NQ,NQ JUN26,LONG,1,26117.25,26059.50,-1159.36,-1163.72,-232.7,LOSS,STOP_HIT,26060.00,1145.00,2026-05-07 09:30:48
2026-05-01,2026-05-01 11:10:00,2026-05-01 11:15:00,OG,Backtest,AdxDiCrossBracketOG,OG_AdxDiCrossBracketOG,OG,NQ,NQ JUN26,SHORT,1,27795.25,27837.00,-839.36,-843.72,-168.7,LOSS,STOP_HIT,27836.50,825.00,2026-05-07 09:30:48
2026-02-03,2026-02-03 09:50:00,2026-02-03 09:50:00,OG,Backtest,AdxDiCrossBracketOG,OG_AdxDiCrossBracketOG,OG,NQ,NQ JUN26,SHORT,1,25960.75,25998.50,-759.36,-763.72,-152.7,LOSS,STOP_HIT,25998.00,745.00,2026-05-07 09:30:48
2026-04-16,2026-04-16 10:00:00,2026-04-16 10:00:00,OG,Backtest,AdxDiCrossBracketOG,OG_AdxDiCrossBracketOG,OG,NQ,NQ JUN26,SHORT,1,26282.00,26314.50,-654.36,-658.72,-131.7,LOSS,STOP_HIT,26314.00,640.00,2026-05-07 09:30:48
2026-02-24,2026-02-24 10:15:00,2026-02-24 10:15:00,OG,Backtest,AdxDiCrossBracketOG,OG_AdxDiCrossBracketOG,OG,NQ,NQ JUN26,LONG,1,25109.25,25063.75,-914.36,-918.72,-183.7,LOSS,STOP_HIT,25064.25,900.00,2026-05-07 09:30:48
2026-02-10,2026-02-10 09:45:00,2026-02-10 09:45:00,OG,Backtest,AdxDiCrossBracketOG,OG_AdxDiCrossBracketOG,OG,NQ,NQ JUN26,SHORT,1,25535.25,25512.25,455.64,451.28,90.3,WIN,TARGET_HIT,25559.75,490.00,2026-05-07 09:30:48
2026-04-02,2026-04-02 10:45:00,2026-04-02 10:45:00,OG,Backtest,AdxDiCrossBracketOG,OG_AdxDiCrossBracketOG,OG,NQ,NQ JUN26,LONG,1,24210.25,24134.00,-1529.36,-1533.72,-306.7,LOSS,STOP_HIT,24134.50,1515.00,2026-05-07 09:30:48
2026-02-13,2026-02-13 10:50:00,2026-02-13 11:05:00,OG,Backtest,AdxDiCrossBracketOG,OG_AdxDiCrossBracketOG,OG,NQ,NQ JUN26,SHORT,1,24983.00,25020.25,-749.36,-753.72,-150.7,LOSS,STOP_HIT,25055.00,1440.00,2026-05-07 09:30:48
2026-03-12,2026-03-12 11:50:00,2026-03-12 11:50:00,OG,Backtest,AdxDiCrossBracketOG,OG_AdxDiCrossBracketOG,OG,NQ,NQ JUN26,LONG,1,24898.00,24844.00,-1084.36,-1088.72,-217.7,LOSS,STOP_HIT,24844.50,1070.00,2026-05-07 09:30:48
2026-02-24,2026-02-24 09:50:00,2026-02-24 09:50:00,OG,Backtest,AdxDiCrossBracketOG,OG_AdxDiCrossBracketOG,OG,NQ,NQ JUN26,LONG,1,25120.50,25157.50,735.64,731.28,146.3,WIN,TARGET_HIT,25081.50,780.00,2026-05-07 09:30:48
2026-02-24,2026-02-24 10:10:00,2026-02-24 10:10:00,OG,Backtest,AdxDiCrossBracketOG,OG_AdxDiCrossBracketOG,OG,NQ,NQ JUN26,SHORT,1,25048.75,25092.75,-884.36,-888.72,-177.7,LOSS,STOP_HIT,25092.25,870.00,2026-05-07 09:30:48
2026-04-21,2026-04-21 11:05:00,2026-04-21 11:05:00,OG,Backtest,AdxDiCrossBracketOG,OG_AdxDiCrossBracketOG,OG,NQ,NQ JUN26,SHORT,1,26737.25,26702.00,700.64,696.28,139.3,WIN,TARGET_HIT,26771.50,685.00,2026-05-07 09:30:48
2026-02-10,2026-02-10 09:45:00,2026-02-10 09:45:00,OG,Backtest,AdxDiCrossBracketOG,OG_AdxDiCrossBracketOG,OG,NQ,NQ JUN26,SHORT,1,25535.25,25512.25,455.64,451.28,90.3,WIN,TARGET_HIT,25559.75,490.00,2026-05-07 09:30:48
2026-01-07,2026-01-07 09:50:00,2026-01-07 09:50:00,OG,Backtest,AdxDiCrossBracketOG,OG_AdxDiCrossBracketOG,OG,NQ,NQ JUN26,LONG,1,26063.75,26079.75,315.64,311.28,62.3,WIN,TARGET_HIT,26047.25,330.00,2026-05-07 09:30:48
2026-02-11,2026-02-11 11:20:00,2026-02-11 11:25:00,OG,Backtest,AdxDiCrossBracketOG,OG_AdxDiCrossBracketOG,OG,NQ,NQ JUN26,LONG,1,25468.00,25457.75,-209.36,-213.72,-42.7,LOSS,STOP_HIT,25406.75,1225.00,2026-05-07 09:30:48
2026-03-17,2026-03-17 11:15:00,2026-03-17 11:20:00,OG,Backtest,AdxDiCrossBracketOG,OG_AdxDiCrossBracketOG,OG,NQ,NQ JUN26,SHORT,1,25020.50,25056.75,-729.36,-733.72,-146.7,LOSS,STOP_HIT,25056.25,715.00,2026-05-07 09:30:48
2026-03-06,2026-03-06 11:10:00,2026-03-06 11:15:00,OG,Backtest,AdxDiCrossBracketOG,OG_AdxDiCrossBracketOG,OG,NQ,NQ JUN26,LONG,1,25101.50,25059.00,-854.36,-858.72,-171.7,LOSS,STOP_HIT,25038.75,1255.00,2026-05-07 09:30:48
2026-01-07,2026-01-07 10:10:00,2026-01-07 10:10:00,OG,Backtest,AdxDiCrossBracketOG,OG_AdxDiCrossBracketOG,OG,NQ,NQ JUN26,SHORT,1,26050.75,26072.75,-444.36,-448.72,-89.7,LOSS,STOP_HIT,26072.25,430.00,2026-05-07 09:30:48
2026-01-09,2026-01-09 09:55:00,2026-01-09 09:55:00,OG,Backtest,AdxDiCrossBracketOG,OG_AdxDiCrossBracketOG,OG,NQ,NQ JUN26,SHORT,1,25913.25,25948.25,-704.36,-708.72,-141.7,LOSS,STOP_HIT,25947.75,690.00,2026-05-07 09:30:48
2026-01-09,2026-01-09 09:45:00,2026-01-09 09:50:00,OG,Backtest,AdxDiCrossBracketOG,OG_AdxDiCrossBracketOG,OG,NQ,NQ JUN26,LONG,1,25965.00,25937.50,-554.36,-558.72,-111.7,LOSS,STOP_HIT,25938.00,540.00,2026-05-07 09:30:48
2026-04-16,2026-04-16 10:00:00,2026-04-16 10:00:00,OG,Backtest,AdxDiCrossBracketOG,OG_AdxDiCrossBracketOG,OG,NQ,NQ JUN26,SHORT,1,26282.00,26314.50,-654.36,-658.72,-131.7,LOSS,STOP_HIT,26314.00,640.00,2026-05-07 09:30:48
2026-01-07,2026-01-07 09:50:00,2026-01-07 10:00:00,OG,Backtest,AdxDiCrossBracketOG,OG_AdxDiCrossBracketOG,OG,NQ,NQ JUN26,LONG,1,26063.75,26088.00,480.64,476.28,95.3,WIN,TARGET_HIT,26039.00,495.00,2026-05-07 09:30:48
2026-01-09,2026-01-09 10:10:00,2026-01-09 10:10:00,OG,Backtest,AdxDiCrossBracketOG,OG_AdxDiCrossBracketOG,OG,NQ,NQ JUN26,LONG,1,25921.75,25881.75,-804.36,-808.72,-161.7,LOSS,STOP_HIT,25882.25,790.00,2026-05-07 09:30:48
2026-03-24,2026-03-24 11:00:00,2026-03-24 11:00:00,OG,Backtest,AdxDiCrossBracketOG,OG_AdxDiCrossBracketOG,OG,NQ,NQ JUN26,LONG,1,24281.50,24217.75,-1279.36,-1283.72,-256.7,LOSS,STOP_HIT,24218.25,1265.00,2026-05-07 09:30:48
2026-01-09,2026-01-09 10:15:00,2026-01-09 10:15:00,OG,Backtest,AdxDiCrossBracketOG,OG_AdxDiCrossBracketOG,OG,NQ,NQ JUN26,SHORT,1,25850.50,25896.25,-919.36,-923.72,-184.7,LOSS,STOP_HIT,25895.75,905.00,2026-05-07 09:30:48
2026-01-06,2026-01-06 11:00:00,2026-01-06 11:05:00,OG,Backtest,AdxDiCrossBracketOG,OG_AdxDiCrossBracketOG,OG,NQ,NQ JUN26,SHORT,1,25909.25,25880.75,565.64,561.28,112.3,WIN,TARGET_HIT,25938.25,580.00,2026-05-07 09:30:48
2026-03-25,2026-03-25 11:20:00,2026-03-25 11:20:00,OG,Backtest,AdxDiCrossBracketOG,OG_AdxDiCrossBracketOG,OG,NQ,NQ JUN26,SHORT,1,24386.00,24336.50,985.64,981.28,196.3,WIN,TARGET_HIT,24438.00,1040.00,2026-05-07 09:30:48
2026-01-07,2026-01-07 09:50:00,2026-01-07 09:50:00,OG,Backtest,AdxDiCrossBracketOG,OG_AdxDiCrossBracketOG,OG,NQ,NQ JUN26,LONG,1,26063.75,26079.75,315.64,311.28,62.3,WIN,TARGET_HIT,26047.25,330.00,2026-05-07 09:30:48
2026-01-09,2026-01-09 10:15:00,2026-01-09 10:15:00,OG,Backtest,AdxDiCrossBracketOG,OG_AdxDiCrossBracketOG,OG,NQ,NQ JUN26,SHORT,1,25850.50,25918.00,-1354.36,-1358.72,-271.7,LOSS,STOP_HIT,25917.50,1340.00,2026-05-07 09:30:48
2026-01-07,2026-01-07 10:10:00,2026-01-07 10:10:00,OG,Backtest,AdxDiCrossBracketOG,OG_AdxDiCrossBracketOG,OG,NQ,NQ JUN26,SHORT,1,26050.75,26072.75,-444.36,-448.72,-89.7,LOSS,STOP_HIT,26072.25,430.00,2026-05-07 09:30:48
2026-01-09,2026-01-09 09:45:00,2026-01-09 09:50:00,OG,Backtest,AdxDiCrossBracketOG,OG_AdxDiCrossBracketOG,OG,NQ,NQ JUN26,LONG,1,25965.00,25937.50,-554.36,-558.72,-111.7,LOSS,STOP_HIT,25938.00,540.00,2026-05-07 09:30:48
2026-01-06,2026-01-06 11:00:00,2026-01-06 11:10:00,OG,Backtest,AdxDiCrossBracketOG,OG_AdxDiCrossBracketOG,OG,NQ,NQ JUN26,SHORT,1,25909.25,25866.25,855.64,851.28,170.3,WIN,TARGET_HIT,25952.75,870.00,2026-05-07 09:30:48
2026-01-09,2026-01-09 09:55:00,2026-01-09 09:55:00,OG,Backtest,AdxDiCrossBracketOG,OG_AdxDiCrossBracketOG,OG,NQ,NQ JUN26,SHORT,1,25913.25,25948.25,-704.36,-708.72,-141.7,LOSS,STOP_HIT,25947.75,690.00,2026-05-07 09:30:48
2026-01-07,2026-01-07 09:50:00,2026-01-07 10:00:00,OG,Backtest,AdxDiCrossBracketOG,OG_AdxDiCrossBracketOG,OG,NQ,NQ JUN26,LONG,1,26063.75,26088.00,480.64,476.28,95.3,WIN,TARGET_HIT,26039.00,495.00,2026-05-07 09:30:48
2026-01-09,2026-01-09 10:10:00,2026-01-09 10:10:00,OG,Backtest,AdxDiCrossBracketOG,OG_AdxDiCrossBracketOG,OG,NQ,NQ JUN26,LONG,1,25921.75,25881.75,-804.36,-808.72,-161.7,LOSS,STOP_HIT,25882.25,790.00,2026-05-07 09:30:48
2026-01-09,2026-01-09 10:15:00,2026-01-09 10:15:00,OG,Backtest,AdxDiCrossBracketOG,OG_AdxDiCrossBracketOG,OG,NQ,NQ JUN26,SHORT,1,25850.50,25896.25,-919.36,-923.72,-184.7,LOSS,STOP_HIT,25895.75,905.00,2026-05-07 09:30:48
2026-01-09,2026-01-09 09:55:00,2026-01-09 09:55:00,OG,Backtest,AdxDiCrossBracketOG,OG_AdxDiCrossBracketOG,OG,NQ,NQ JUN26,SHORT,1,25913.25,25965.00,-1039.36,-1043.72,-208.7,LOSS,STOP_HIT,25964.50,1025.00,2026-05-07 09:30:48
2026-03-13,2026-03-13 10:50:00,2026-03-13 10:50:00,OG,Backtest,AdxDiCrossBracketOG,OG_AdxDiCrossBracketOG,OG,NQ,NQ JUN26,SHORT,1,24805.00,24755.00,995.64,991.28,198.3,WIN,TARGET_HIT,24853.50,970.00,2026-05-07 09:30:48
2026-01-09,2026-01-09 10:30:00,2026-01-09 10:30:00,OG,Backtest,AdxDiCrossBracketOG,OG_AdxDiCrossBracketOG,OG,NQ,NQ JUN26,LONG,1,26009.25,26057.25,955.64,951.28,190.3,WIN,TARGET_HIT,25959.75,990.00,2026-05-07 09:30:48
2026-01-09,2026-01-09 10:15:00,2026-01-09 10:15:00,OG,Backtest,AdxDiCrossBracketOG,OG_AdxDiCrossBracketOG,OG,NQ,NQ JUN26,SHORT,1,25850.50,25896.25,-919.36,-923.72,-184.7,LOSS,STOP_HIT,25895.75,905.00,2026-05-07 09:30:48
2026-01-09,2026-01-09 10:15:00,2026-01-09 10:15:00,OG,Backtest,AdxDiCrossBracketOG,OG_AdxDiCrossBracketOG,OG,NQ,NQ JUN26,SHORT,1,25850.50,25918.00,-1354.36,-1358.72,-271.7,LOSS,STOP_HIT,25917.50,1340.00,2026-05-07 09:30:48
2026-01-16,2026-01-16 11:30:00,2026-01-16 11:35:00,OG,Backtest,AdxDiCrossBracketOG,OG_AdxDiCrossBracketOG,OG,NQ,NQ JUN26,LONG,1,25911.50,25925.25,270.64,266.28,53.3,WIN,STOP_HIT,25874.75,735.00,2026-05-07 09:30:48
2026-01-16,2026-01-16 11:30:00,2026-01-16 11:35:00,OG,Backtest,AdxDiCrossBracketOG,OG_AdxDiCrossBracketOG,OG,NQ,NQ JUN26,LONG,1,25911.50,25925.25,270.64,266.28,53.3,WIN,STOP_HIT,25874.75,735.00,2026-05-07 09:30:48
2026-04-21,2026-04-21 11:05:00,2026-04-21 11:05:00,OG,Backtest,AdxDiCrossBracketOG,OG_AdxDiCrossBracketOG,OG,NQ,NQ JUN26,SHORT,1,26737.25,26702.00,700.64,696.28,139.3,WIN,TARGET_HIT,26771.50,685.00,2026-05-07 09:30:48
2026-01-23,2026-01-23 10:10:00,2026-01-23 10:20:00,OG,Backtest,AdxDiCrossBracketOG,OG_AdxDiCrossBracketOG,OG,NQ,NQ JUN26,LONG,1,25921.00,25883.25,-759.36,-763.72,-152.7,LOSS,STOP_HIT,25868.00,1060.00,2026-05-07 09:30:48
2026-01-09,2026-01-09 10:10:00,2026-01-09 10:10:00,OG,Backtest,AdxDiCrossBracketOG,OG_AdxDiCrossBracketOG,OG,NQ,NQ JUN26,LONG,1,25921.75,25862.00,-1199.36,-1203.72,-240.7,LOSS,STOP_HIT,25862.50,1185.00,2026-05-07 09:30:48
2026-01-13,2026-01-13 10:10:00,2026-01-13 10:20:00,OG,Backtest,AdxDiCrossBracketOG,OG_AdxDiCrossBracketOG,OG,NQ,NQ JUN26,SHORT,1,26138.00,26093.00,895.64,891.28,178.3,WIN,TARGET_HIT,26183.00,900.00,2026-05-07 09:30:48
2026-01-12,2026-01-12 11:25:00,2026-01-12 11:35:00,OG,Backtest,AdxDiCrossBracketOG,OG_AdxDiCrossBracketOG,OG,NQ,NQ JUN26,LONG,1,26158.75,26150.00,-179.36,-183.72,-36.7,LOSS,STOP_HIT,26118.25,810.00,2026-05-07 09:30:48
2026-01-23,2026-01-23 10:10:00,2026-01-23 10:15:00,OG,Backtest,AdxDiCrossBracketOG,OG_AdxDiCrossBracketOG,OG,NQ,NQ JUN26,LONG,1,25921.00,25885.00,-724.36,-728.72,-145.7,LOSS,STOP_HIT,25885.50,710.00,2026-05-07 09:30:48
2026-02-05,2026-02-05 11:40:00,2026-02-05 11:50:00,OG,Backtest,AdxDiCrossBracketOG,OG_AdxDiCrossBracketOG,OG,NQ,NQ JUN26,LONG,1,25025.50,24992.25,-669.36,-673.72,-134.7,LOSS,STOP_HIT,24895.00,2610.00,2026-05-07 09:30:48
2026-02-24,2026-02-24 10:15:00,2026-02-24 10:15:00,OG,Backtest,AdxDiCrossBracketOG,OG_AdxDiCrossBracketOG,OG,NQ,NQ JUN26,LONG,1,25109.25,25063.75,-914.36,-918.72,-183.7,LOSS,STOP_HIT,25064.25,900.00,2026-05-07 09:30:48
2026-01-30,2026-01-30 11:00:00,2026-01-30 11:10:00,OG,Backtest,AdxDiCrossBracketOG,OG_AdxDiCrossBracketOG,OG,NQ,NQ JUN26,SHORT,1,26072.25,26047.50,490.64,486.28,97.3,WIN,STOP_HIT,26129.00,1135.00,2026-05-07 09:30:48
2026-01-30,2026-01-30 11:00:00,2026-01-30 11:10:00,OG,Backtest,AdxDiCrossBracketOG,OG_AdxDiCrossBracketOG,OG,NQ,NQ JUN26,SHORT,1,26072.25,26047.50,490.64,486.28,97.3,WIN,STOP_HIT,26129.00,1135.00,2026-05-07 09:30:48
2026-02-13,2026-02-13 10:50:00,2026-02-13 11:05:00,OG,Backtest,AdxDiCrossBracketOG,OG_AdxDiCrossBracketOG,OG,NQ,NQ JUN26,SHORT,1,24983.00,25020.25,-749.36,-753.72,-150.7,LOSS,STOP_HIT,25055.00,1440.00,2026-05-07 09:30:48
2026-01-30,2026-01-30 11:00:00,2026-01-30 11:10:00,OG,Backtest,AdxDiCrossBracketOG,OG_AdxDiCrossBracketOG,OG,NQ,NQ JUN26,SHORT,1,26072.25,26047.50,490.64,486.28,97.3,WIN,STOP_HIT,26129.00,1135.00,2026-05-07 09:30:48
2026-02-03,2026-02-03 09:50:00,2026-02-03 09:50:00,OG,Backtest,AdxDiCrossBracketOG,OG_AdxDiCrossBracketOG,OG,NQ,NQ JUN26,SHORT,1,25960.75,25998.50,-759.36,-763.72,-152.7,LOSS,STOP_HIT,25998.00,745.00,2026-05-07 09:30:48
2026-01-20,2026-01-20 11:10:00,2026-01-20 11:15:00,OG,Backtest,AdxDiCrossBracketOG,OG_AdxDiCrossBracketOG,OG,NQ,NQ JUN26,LONG,1,25587.50,25601.00,265.64,261.28,52.3,WIN,STOP_HIT,25517.25,1405.00,2026-05-07 09:30:48
2026-03-06,2026-03-06 11:10:00,2026-03-06 11:15:00,OG,Backtest,AdxDiCrossBracketOG,OG_AdxDiCrossBracketOG,OG,NQ,NQ JUN26,LONG,1,25101.50,25059.00,-854.36,-858.72,-171.7,LOSS,STOP_HIT,25038.75,1255.00,2026-05-07 09:30:48
2026-01-09,2026-01-09 09:45:00,2026-01-09 09:50:00,OG,Backtest,AdxDiCrossBracketOG,OG_AdxDiCrossBracketOG,OG,NQ,NQ JUN26,LONG,1,25965.00,25924.25,-819.36,-823.72,-164.7,LOSS,STOP_HIT,25924.75,805.00,2026-05-07 09:30:48
2026-02-03,2026-02-03 09:50:00,2026-02-03 09:50:00,OG,Backtest,AdxDiCrossBracketOG,OG_AdxDiCrossBracketOG,OG,NQ,NQ JUN26,SHORT,1,25960.75,26016.50,-1119.36,-1123.72,-224.7,LOSS,STOP_HIT,26016.00,1105.00,2026-05-07 09:30:48
2026-02-11,2026-02-11 10:20:00,2026-02-11 10:20:00,OG,Backtest,AdxDiCrossBracketOG,OG_AdxDiCrossBracketOG,OG,NQ,NQ JUN26,SHORT,1,25396.00,25345.50,1005.64,1001.28,200.3,WIN,TARGET_HIT,25448.50,1050.00,2026-05-07 09:30:48
2026-01-23,2026-01-23 10:10:00,2026-01-23 10:20:00,OG,Backtest,AdxDiCrossBracketOG,OG_AdxDiCrossBracketOG,OG,NQ,NQ JUN26,LONG,1,25921.00,25883.25,-759.36,-763.72,-152.7,LOSS,STOP_HIT,25868.00,1060.00,2026-05-07 09:30:48
2026-02-11,2026-02-11 11:05:00,2026-02-11 11:10:00,OG,Backtest,AdxDiCrossBracketOG,OG_AdxDiCrossBracketOG,OG,NQ,NQ JUN26,LONG,1,25453.50,25418.25,-709.36,-713.72,-142.7,LOSS,STOP_HIT,25393.00,1210.00,2026-05-07 09:30:48
2026-02-11,2026-02-11 11:20:00,2026-02-11 11:25:00,OG,Backtest,AdxDiCrossBracketOG,OG_AdxDiCrossBracketOG,OG,NQ,NQ JUN26,LONG,1,25468.00,25457.75,-209.36,-213.72,-42.7,LOSS,STOP_HIT,25406.75,1225.00,2026-05-07 09:30:48
2026-02-17,2026-02-17 11:10:00,2026-02-17 11:10:00,OG,Backtest,AdxDiCrossBracketOG,OG_AdxDiCrossBracketOG,OG,NQ,NQ JUN26,LONG,1,24861.25,24927.25,1315.64,1311.28,262.3,WIN,TARGET_HIT,24793.75,1350.00,2026-05-07 09:30:48
2026-02-24,2026-02-24 09:50:00,2026-02-24 10:00:00,OG,Backtest,AdxDiCrossBracketOG,OG_AdxDiCrossBracketOG,OG,NQ,NQ JUN26,LONG,1,25120.50,25108.50,-244.36,-248.72,-49.7,LOSS,STOP_HIT,25062.50,1160.00,2026-05-07 09:30:48
2026-02-11,2026-02-11 10:20:00,2026-02-11 10:20:00,OG,Backtest,AdxDiCrossBracketOG,OG_AdxDiCrossBracketOG,OG,NQ,NQ JUN26,SHORT,1,25396.00,25345.50,1005.64,1001.28,200.3,WIN,TARGET_HIT,25448.50,1050.00,2026-05-07 09:30:48
2026-03-17,2026-03-17 11:15:00,2026-03-17 11:20:00,OG,Backtest,AdxDiCrossBracketOG,OG_AdxDiCrossBracketOG,OG,NQ,NQ JUN26,SHORT,1,25020.50,25056.75,-729.36,-733.72,-146.7,LOSS,STOP_HIT,25056.25,715.00,2026-05-07 09:30:48
2026-02-13,2026-02-13 10:50:00,2026-02-13 11:05:00,OG,Backtest,AdxDiCrossBracketOG,OG_AdxDiCrossBracketOG,OG,NQ,NQ JUN26,SHORT,1,24983.00,25020.25,-749.36,-753.72,-150.7,LOSS,STOP_HIT,25055.00,1440.00,2026-05-07 09:30:48
2026-02-03,2026-02-03 09:50:00,2026-02-03 09:50:00,OG,Backtest,AdxDiCrossBracketOG,OG_AdxDiCrossBracketOG,OG,NQ,NQ JUN26,SHORT,1,25960.75,26016.50,-1119.36,-1123.72,-224.7,LOSS,STOP_HIT,26016.00,1105.00,2026-05-07 09:30:48
2026-02-17,2026-02-17 11:10:00,2026-02-17 11:10:00,OG,Backtest,AdxDiCrossBracketOG,OG_AdxDiCrossBracketOG,OG,NQ,NQ JUN26,LONG,1,24861.25,24927.25,1315.64,1311.28,262.3,WIN,TARGET_HIT,24793.75,1350.00,2026-05-07 09:30:48
2026-02-11,2026-02-11 11:20:00,2026-02-11 11:25:00,OG,Backtest,AdxDiCrossBracketOG,OG_AdxDiCrossBracketOG,OG,NQ,NQ JUN26,LONG,1,25468.00,25457.75,-209.36,-213.72,-42.7,LOSS,STOP_HIT,25376.75,1825.00,2026-05-07 09:30:48
2026-02-05,2026-02-05 11:40:00,2026-02-05 11:50:00,OG,Backtest,AdxDiCrossBracketOG,OG_AdxDiCrossBracketOG,OG,NQ,NQ JUN26,LONG,1,25025.50,24992.25,-669.36,-673.72,-134.7,LOSS,STOP_HIT,24895.00,2610.00,2026-05-07 09:30:48
2026-02-24,2026-02-24 10:10:00,2026-02-24 10:10:00,OG,Backtest,AdxDiCrossBracketOG,OG_AdxDiCrossBracketOG,OG,NQ,NQ JUN26,SHORT,1,25048.75,25092.75,-884.36,-888.72,-177.7,LOSS,STOP_HIT,25092.25,870.00,2026-05-07 09:30:48
2026-02-24,2026-02-24 10:10:00,2026-02-24 10:10:00,OG,Backtest,AdxDiCrossBracketOG,OG_AdxDiCrossBracketOG,OG,NQ,NQ JUN26,SHORT,1,25048.75,25092.75,-884.36,-888.72,-177.7,LOSS,STOP_HIT,25092.25,870.00,2026-05-07 09:30:48
2026-01-20,2026-01-20 10:50:00,2026-01-20 10:55:00,OG,Backtest,AdxDiCrossBracketOG,OG_AdxDiCrossBracketOG,OG,NQ,NQ JUN26,LONG,1,25598.00,25559.50,-774.36,-778.72,-155.7,LOSS,STOP_HIT,25527.25,1415.00,2026-05-07 09:30:48
2026-02-24,2026-02-24 10:15:00,2026-02-24 10:15:00,OG,Backtest,AdxDiCrossBracketOG,OG_AdxDiCrossBracketOG,OG,NQ,NQ JUN26,LONG,1,25109.25,25063.75,-914.36,-918.72,-183.7,LOSS,STOP_HIT,25064.25,900.00,2026-05-07 09:30:48
2026-02-24,2026-02-24 10:10:00,2026-02-24 10:10:00,OG,Backtest,AdxDiCrossBracketOG,OG_AdxDiCrossBracketOG,OG,NQ,NQ JUN26,SHORT,1,25048.75,25114.00,-1309.36,-1313.72,-262.7,LOSS,STOP_HIT,25113.50,1295.00,2026-05-07 09:30:48
2026-03-09,2026-03-09 10:45:00,2026-03-09 11:00:00,OG,Backtest,AdxDiCrossBracketOG,OG_AdxDiCrossBracketOG,OG,NQ,NQ JUN26,LONG,1,24692.00,24753.50,1225.64,1221.28,244.3,WIN,STOP_HIT,24587.25,2095.00,2026-05-07 09:30:48
2026-02-11,2026-02-11 11:20:00,2026-02-11 11:25:00,OG,Backtest,AdxDiCrossBracketOG,OG_AdxDiCrossBracketOG,OG,NQ,NQ JUN26,LONG,1,25468.00,25457.75,-209.36,-213.72,-42.7,LOSS,STOP_HIT,25376.75,1825.00,2026-05-07 09:30:48
2026-02-24,2026-02-24 10:10:00,2026-02-24 10:10:00,OG,Backtest,AdxDiCrossBracketOG,OG_AdxDiCrossBracketOG,OG,NQ,NQ JUN26,SHORT,1,25048.75,25114.00,-1309.36,-1313.72,-262.7,LOSS,STOP_HIT,25113.50,1295.00,2026-05-07 09:30:48
2026-01-28,2026-01-28 11:20:00,2026-01-28 11:25:00,OG,Backtest,AdxDiCrossBracketOG,OG_AdxDiCrossBracketOG,OG,NQ,NQ JUN26,LONG,1,26393.00,26379.00,-284.36,-288.72,-57.7,LOSS,STOP_HIT,26348.50,890.00,2026-05-07 09:30:48
2026-03-06,2026-03-06 11:10:00,2026-03-06 11:15:00,OG,Backtest,AdxDiCrossBracketOG,OG_AdxDiCrossBracketOG,OG,NQ,NQ JUN26,LONG,1,25101.50,25059.00,-854.36,-858.72,-171.7,LOSS,STOP_HIT,25038.75,1255.00,2026-05-07 09:30:48
2026-02-13,2026-02-13 10:50:00,2026-02-13 11:00:00,OG,Backtest,AdxDiCrossBracketOG,OG_AdxDiCrossBracketOG,OG,NQ,NQ JUN26,SHORT,1,24983.00,25030.00,-944.36,-948.72,-189.7,LOSS,STOP_HIT,25091.50,2170.00,2026-05-07 09:30:48
2026-03-19,2026-03-19 11:15:00,2026-03-19 11:25:00,OG,Backtest,AdxDiCrossBracketOG,OG_AdxDiCrossBracketOG,OG,NQ,NQ JUN26,LONG,1,24530.25,24486.25,-884.36,-888.72,-177.7,LOSS,STOP_HIT,24444.75,1710.00,2026-05-07 09:30:48
2026-03-12,2026-03-12 11:50:00,2026-03-12 11:55:00,OG,Backtest,AdxDiCrossBracketOG,OG_AdxDiCrossBracketOG,OG,NQ,NQ JUN26,LONG,1,24898.00,24865.50,-654.36,-658.72,-131.7,LOSS,STOP_HIT,24818.25,1595.00,2026-05-07 09:30:48
2026-03-20,2026-03-20 11:30:00,2026-03-20 12:05:00,OG,Backtest,AdxDiCrossBracketOG,OG_AdxDiCrossBracketOG,OG,NQ,NQ JUN26,LONG,1,24274.25,24354.75,1605.64,1601.28,320.3,WIN,TARGET_HIT,24192.75,1630.00,2026-05-07 09:30:48
2026-03-20,2026-03-20 11:30:00,2026-03-20 12:05:00,OG,Backtest,AdxDiCrossBracketOG,OG_AdxDiCrossBracketOG,OG,NQ,NQ JUN26,LONG,1,24274.25,24327.75,1065.64,1061.28,212.3,WIN,TARGET_HIT,24219.75,1090.00,2026-05-07 09:30:48
2026-03-17,2026-03-17 11:15:00,2026-03-17 11:20:00,OG,Backtest,AdxDiCrossBracketOG,OG_AdxDiCrossBracketOG,OG,NQ,NQ JUN26,SHORT,1,25020.50,25056.75,-729.36,-733.72,-146.7,LOSS,STOP_HIT,25056.25,715.00,2026-05-07 09:30:48
2026-03-24,2026-03-24 11:00:00,2026-03-24 11:00:00,OG,Backtest,AdxDiCrossBracketOG,OG_AdxDiCrossBracketOG,OG,NQ,NQ JUN26,LONG,1,24281.50,24186.50,-1904.36,-1908.72,-381.7,LOSS,STOP_HIT,24187.00,1890.00,2026-05-07 09:30:48
2026-02-24,2026-02-24 10:15:00,2026-02-24 10:30:00,OG,Backtest,AdxDiCrossBracketOG,OG_AdxDiCrossBracketOG,OG,NQ,NQ JUN26,LONG,1,25109.25,25175.00,1310.64,1306.28,261.3,WIN,TARGET_HIT,25042.00,1345.00,2026-05-07 09:30:48
2026-03-24,2026-03-24 11:00:00,2026-03-24 11:00:00,OG,Backtest,AdxDiCrossBracketOG,OG_AdxDiCrossBracketOG,OG,NQ,NQ JUN26,LONG,1,24281.50,24217.75,-1279.36,-1283.72,-256.7,LOSS,STOP_HIT,24218.25,1265.00,2026-05-07 09:30:48
2026-03-25,2026-03-25 11:20:00,2026-03-25 11:20:00,OG,Backtest,AdxDiCrossBracketOG,OG_AdxDiCrossBracketOG,OG,NQ,NQ JUN26,SHORT,1,24386.00,24336.50,985.64,981.28,196.3,WIN,TARGET_HIT,24438.00,1040.00,2026-05-07 09:30:48
2026-03-17,2026-03-17 11:15:00,2026-03-17 11:20:00,OG,Backtest,AdxDiCrossBracketOG,OG_AdxDiCrossBracketOG,OG,NQ,NQ JUN26,SHORT,1,25020.50,25056.75,-729.36,-733.72,-146.7,LOSS,STOP_HIT,25056.25,715.00,2026-05-07 09:30:48
2026-03-19,2026-03-19 11:15:00,2026-03-19 11:25:00,OG,Backtest,AdxDiCrossBracketOG,OG_AdxDiCrossBracketOG,OG,NQ,NQ JUN26,LONG,1,24530.25,24486.25,-884.36,-888.72,-177.7,LOSS,STOP_HIT,24473.00,1145.00,2026-05-07 09:30:48
2026-03-25,2026-03-25 11:20:00,2026-03-25 11:20:00,OG,Backtest,AdxDiCrossBracketOG,OG_AdxDiCrossBracketOG,OG,NQ,NQ JUN26,SHORT,1,24386.00,24336.50,985.64,981.28,196.3,WIN,TARGET_HIT,24438.00,1040.00,2026-05-07 09:30:48
2026-04-16,2026-04-16 10:00:00,2026-04-16 10:00:00,OG,Backtest,AdxDiCrossBracketOG,OG_AdxDiCrossBracketOG,OG,NQ,NQ JUN26,SHORT,1,26282.00,26314.50,-654.36,-658.72,-131.7,LOSS,STOP_HIT,26314.00,640.00,2026-05-07 09:30:48
2026-03-24,2026-03-24 11:00:00,2026-03-24 11:00:00,OG,Backtest,AdxDiCrossBracketOG,OG_AdxDiCrossBracketOG,OG,NQ,NQ JUN26,LONG,1,24281.50,24217.75,-1279.36,-1283.72,-256.7,LOSS,STOP_HIT,24218.25,1265.00,2026-05-07 09:30:48
2026-03-20,2026-03-20 11:30:00,2026-03-20 12:05:00,OG,Backtest,AdxDiCrossBracketOG,OG_AdxDiCrossBracketOG,OG,NQ,NQ JUN26,LONG,1,24274.25,24327.75,1065.64,1061.28,212.3,WIN,TARGET_HIT,24219.75,1090.00,2026-05-07 09:30:48
2026-03-27,2026-03-27 11:40:00,2026-03-27 11:45:00,OG,Backtest,AdxDiCrossBracketOG,OG_AdxDiCrossBracketOG,OG,NQ,NQ JUN26,LONG,1,23597.00,23541.00,-1124.36,-1128.72,-225.7,LOSS,STOP_HIT,23541.50,1110.00,2026-05-07 09:30:48
2026-04-02,2026-04-02 10:45:00,2026-04-02 10:45:00,OG,Backtest,AdxDiCrossBracketOG,OG_AdxDiCrossBracketOG,OG,NQ,NQ JUN26,LONG,1,24210.25,24134.00,-1529.36,-1533.72,-306.7,LOSS,STOP_HIT,24134.50,1515.00,2026-05-07 09:30:48
2026-03-24,2026-03-24 11:00:00,2026-03-24 11:00:00,OG,Backtest,AdxDiCrossBracketOG,OG_AdxDiCrossBracketOG,OG,NQ,NQ JUN26,LONG,1,24281.50,24186.50,-1904.36,-1908.72,-381.7,LOSS,STOP_HIT,24187.00,1890.00,2026-05-07 09:30:48
2026-03-27,2026-03-27 11:40:00,2026-03-27 12:00:00,OG,Backtest,AdxDiCrossBracketOG,OG_AdxDiCrossBracketOG,OG,NQ,NQ JUN26,LONG,1,23597.00,23550.75,-929.36,-933.72,-186.7,LOSS,STOP_HIT,23514.00,1660.00,2026-05-07 09:30:48
2026-04-06,2026-04-06 10:55:00,2026-04-06 11:00:00,OG,Backtest,AdxDiCrossBracketOG,OG_AdxDiCrossBracketOG,OG,NQ,NQ JUN26,SHORT,1,24269.25,24321.50,-1049.36,-1053.72,-210.7,LOSS,STOP_HIT,24321.00,1035.00,2026-05-07 09:30:48
2026-01-09,2026-01-09 10:30:00,2026-01-09 10:35:00,OG,Backtest,AdxDiCrossBracketOG,OG_AdxDiCrossBracketOG,OG,NQ,NQ JUN26,LONG,1,26009.25,26081.75,1445.64,1441.28,288.3,WIN,TARGET_HIT,25935.25,1480.00,2026-05-07 09:30:48
2026-05-01,2026-05-01 11:20:00,2026-05-01 11:40:00,OG,Backtest,AdxDiCrossBracketOG,OG_AdxDiCrossBracketOG,OG,NQ,NQ JUN26,LONG,1,27837.25,27877.75,805.64,801.28,160.3,WIN,TARGET_HIT,27796.25,820.00,2026-05-07 09:30:48
2026-04-07,2026-04-07 11:40:00,2026-04-07 12:00:00,OG,Backtest,AdxDiCrossBracketOG,OG_AdxDiCrossBracketOG,OG,NQ,NQ JUN26,LONG,1,24071.50,24117.50,915.64,911.28,182.3,WIN,TARGET_HIT,24025.00,930.00,2026-05-07 09:30:48
2026-04-06,2026-04-06 10:55:00,2026-04-06 11:00:00,OG,Backtest,AdxDiCrossBracketOG,OG_AdxDiCrossBracketOG,OG,NQ,NQ JUN26,SHORT,1,24269.25,24321.50,-1049.36,-1053.72,-210.7,LOSS,STOP_HIT,24321.00,1035.00,2026-05-07 09:30:48
2026-01-30,2026-01-30 10:55:00,2026-01-30 11:00:00,OG,Backtest,AdxDiCrossBracketOG,OG_AdxDiCrossBracketOG,OG,NQ,NQ JUN26,LONG,1,26117.25,26072.25,-904.36,-908.72,-181.7,LOSS,STOP_HIT,26031.75,1710.00,2026-05-07 09:30:48
2026-04-06,2026-04-06 10:55:00,2026-04-06 11:00:00,OG,Backtest,AdxDiCrossBracketOG,OG_AdxDiCrossBracketOG,OG,NQ,NQ JUN26,SHORT,1,24269.25,24321.50,-1049.36,-1053.72,-210.7,LOSS,STOP_HIT,24321.00,1035.00,2026-05-07 09:30:48
2026-04-10,2026-04-10 11:45:00,2026-04-10 12:00:00,OG,Backtest,AdxDiCrossBracketOG,OG_AdxDiCrossBracketOG,OG,NQ,NQ JUN26,SHORT,1,25301.50,25269.75,630.64,626.28,125.3,WIN,TARGET_HIT,25334.25,655.00,2026-05-07 09:30:48
2026-04-13,2026-04-13 10:00:00,2026-04-13 10:00:00,OG,Backtest,AdxDiCrossBracketOG,OG_AdxDiCrossBracketOG,OG,NQ,NQ JUN26,LONG,1,25271.50,25305.75,680.64,676.28,135.3,WIN,TARGET_HIT,25235.75,715.00,2026-05-07 09:30:48
2026-04-29,2026-04-29 11:15:00,2026-04-29 11:20:00,OG,Backtest,AdxDiCrossBracketOG,OG_AdxDiCrossBracketOG,OG,NQ,NQ JUN26,SHORT,1,27249.50,27231.00,365.64,361.28,72.3,WIN,STOP_HIT,27295.00,910.00,2026-05-07 09:30:48
2026-03-02,2026-03-02 11:15:00,2026-03-02 11:20:00,OG,Backtest,AdxDiCrossBracketOG,OG_AdxDiCrossBracketOG,OG,NQ,NQ JUN26,LONG,1,25187.00,25180.75,-129.36,-133.72,-26.7,LOSS,STOP_HIT,25101.25,1715.00,2026-05-07 09:30:48
2026-02-10,2026-02-10 09:45:00,2026-02-10 09:45:00,OG,Backtest,AdxDiCrossBracketOG,OG_AdxDiCrossBracketOG,OG,NQ,NQ JUN26,SHORT,1,25535.25,25500.25,695.64,691.28,138.3,WIN,TARGET_HIT,25571.75,730.00,2026-05-07 09:30:48
2026-04-21,2026-04-21 11:05:00,2026-04-21 11:05:00,OG,Backtest,AdxDiCrossBracketOG,OG_AdxDiCrossBracketOG,OG,NQ,NQ JUN26,SHORT,1,26737.25,26702.00,700.64,696.28,139.3,WIN,TARGET_HIT,26771.50,685.00,2026-05-07 09:30:48
2026-04-16,2026-04-16 10:00:00,2026-04-16 10:00:00,OG,Backtest,AdxDiCrossBracketOG,OG_AdxDiCrossBracketOG,OG,NQ,NQ JUN26,SHORT,1,26282.00,26314.50,-654.36,-658.72,-131.7,LOSS,STOP_HIT,26314.00,640.00,2026-05-07 09:30:48
2026-04-16,2026-04-16 10:15:00,2026-04-16 10:25:00,OG,Backtest,AdxDiCrossBracketOG,OG_AdxDiCrossBracketOG,OG,NQ,NQ JUN26,LONG,1,26347.25,26314.50,-659.36,-663.72,-132.7,LOSS,STOP_HIT,26294.25,1060.00,2026-05-07 09:30:48
2026-03-09,2026-03-09 10:45:00,2026-03-09 11:00:00,OG,Backtest,AdxDiCrossBracketOG,OG_AdxDiCrossBracketOG,OG,NQ,NQ JUN26,LONG,1,24692.00,24753.50,1225.64,1221.28,244.3,WIN,STOP_HIT,24587.25,2095.00,2026-05-07 09:30:48
2026-05-01,2026-05-01 11:10:00,2026-05-01 11:15:00,OG,Backtest,AdxDiCrossBracketOG,OG_AdxDiCrossBracketOG,OG,NQ,NQ JUN26,SHORT,1,27795.25,27837.00,-839.36,-843.72,-168.7,LOSS,STOP_HIT,27836.50,825.00,2026-05-07 09:30:48
2026-02-11,2026-02-11 11:05:00,2026-02-11 11:10:00,OG,Backtest,AdxDiCrossBracketOG,OG_AdxDiCrossBracketOG,OG,NQ,NQ JUN26,LONG,1,25453.50,25418.25,-709.36,-713.72,-142.7,LOSS,STOP_HIT,25363.00,1810.00,2026-05-07 09:30:48
2026-05-01,2026-05-01 11:20:00,2026-05-01 11:40:00,OG,Backtest,AdxDiCrossBracketOG,OG_AdxDiCrossBracketOG,OG,NQ,NQ JUN26,LONG,1,27837.25,27877.75,805.64,801.28,160.3,WIN,TARGET_HIT,27796.25,820.00,2026-05-07 09:30:48
2026-04-16,2026-04-16 10:15:00,2026-04-16 10:25:00,OG,Backtest,AdxDiCrossBracketOG,OG_AdxDiCrossBracketOG,OG,NQ,NQ JUN26,LONG,1,26347.25,26314.50,-659.36,-663.72,-132.7,LOSS,STOP_HIT,26294.25,1060.00,2026-05-07 09:30:48
2026-04-16,2026-04-16 10:15:00,2026-04-16 10:15:00,OG,Backtest,AdxDiCrossBracketOG,OG_AdxDiCrossBracketOG,OG,NQ,NQ JUN26,LONG,1,26347.25,26381.00,670.64,666.28,133.3,WIN,TARGET_HIT,26311.50,715.00,2026-05-07 09:30:48
2026-01-28,2026-01-28 10:55:00,2026-01-28 11:05:00,OG,Backtest,AdxDiCrossBracketOG,OG_AdxDiCrossBracketOG,OG,NQ,NQ JUN26,SHORT,1,26395.25,26393.25,35.64,31.28,6.3,WIN,STOP_HIT,26445.25,1000.00,2026-05-07 09:30:48
2026-05-01,2026-05-01 11:10:00,2026-05-01 11:15:00,OG,Backtest,AdxDiCrossBracketOG,OG_AdxDiCrossBracketOG,OG,NQ,NQ JUN26,SHORT,1,27795.25,27837.00,-839.36,-843.72,-168.7,LOSS,STOP_HIT,27836.50,825.00,2026-05-07 09:30:48
2026-04-29,2026-04-29 11:15:00,2026-04-29 11:20:00,OG,Backtest,AdxDiCrossBracketOG,OG_AdxDiCrossBracketOG,OG,NQ,NQ JUN26,SHORT,1,27249.50,27231.00,365.64,361.28,72.3,WIN,STOP_HIT,27295.00,910.00,2026-05-07 09:30:48
2026-05-01,2026-05-01 11:20:00,2026-05-01 11:40:00,OG,Backtest,AdxDiCrossBracketOG,OG_AdxDiCrossBracketOG,OG,NQ,NQ JUN26,LONG,1,27837.25,27877.75,805.64,801.28,160.3,WIN,TARGET_HIT,27796.25,820.00,2026-05-07 09:30:48
2026-05-04,2026-05-04 11:05:00,2026-05-04 11:15:00,OG,Backtest,AdxDiCrossBracketOG,OG_AdxDiCrossBracketOG,OG,NQ,NQ JUN26,SHORT,1,27881.50,27847.50,675.64,671.28,134.3,WIN,TARGET_HIT,27916.50,700.00,2026-05-07 09:30:48
2026-05-01,2026-05-01 11:10:00,2026-05-01 11:15:00,OG,Backtest,AdxDiCrossBracketOG,OG_AdxDiCrossBracketOG,OG,NQ,NQ JUN26,SHORT,1,27795.25,27837.00,-839.36,-843.72,-168.7,LOSS,STOP_HIT,27836.50,825.00,2026-05-07 09:30:48
2026-03-27,2026-03-27 11:40:00,2026-03-27 12:00:00,OG,Backtest,AdxDiCrossBracketOG,OG_AdxDiCrossBracketOG,OG,NQ,NQ JUN26,LONG,1,23597.00,23550.75,-929.36,-933.72,-186.7,LOSS,STOP_HIT,23514.00,1660.00,2026-05-07 09:30:48
2026-04-16,2026-04-16 10:15:00,2026-04-16 10:25:00,OG,Backtest,AdxDiCrossBracketOG,OG_AdxDiCrossBracketOG,OG,NQ,NQ JUN26,LONG,1,26347.25,26314.50,-659.36,-663.72,-132.7,LOSS,STOP_HIT,26294.25,1060.00,2026-05-07 09:30:48
2026-03-24,2026-03-24 11:00:00,2026-03-24 11:00:00,OG,Backtest,AdxDiCrossBracketOG,OG_AdxDiCrossBracketOG,OG,NQ,NQ JUN26,LONG,1,24281.50,24186.50,-1904.36,-1908.72,-381.7,LOSS,STOP_HIT,24187.00,1890.00,2026-05-07 09:30:48
2026-02-11,2026-02-11 10:20:00,2026-02-11 10:25:00,OG,Backtest,AdxDiCrossBracketOG,OG_AdxDiCrossBracketOG,OG,NQ,NQ JUN26,SHORT,1,25396.00,25319.50,1525.64,1521.28,304.3,WIN,TARGET_HIT,25474.50,1570.00,2026-05-07 09:30:48
2026-03-25,2026-03-25 11:20:00,2026-03-25 11:20:00,OG,Backtest,AdxDiCrossBracketOG,OG_AdxDiCrossBracketOG,OG,NQ,NQ JUN26,SHORT,1,24386.00,24311.00,1495.64,1491.28,298.3,WIN,TARGET_HIT,24463.50,1550.00,2026-05-07 09:30:48
2026-04-06,2026-04-06 10:55:00,2026-04-06 11:05:00,OG,Backtest,AdxDiCrossBracketOG,OG_AdxDiCrossBracketOG,OG,NQ,NQ JUN26,SHORT,1,24269.25,24306.75,-754.36,-758.72,-151.7,LOSS,STOP_HIT,24347.00,1555.00,2026-05-07 09:30:48
2026-02-13,2026-02-13 10:50:00,2026-02-13 11:00:00,OG,Backtest,AdxDiCrossBracketOG,OG_AdxDiCrossBracketOG,OG,NQ,NQ JUN26,SHORT,1,24983.00,25030.00,-944.36,-948.72,-189.7,LOSS,STOP_HIT,25091.50,2170.00,2026-05-07 09:30:48
2026-04-06,2026-04-06 11:35:00,2026-04-06 11:45:00,OG,Backtest,AdxDiCrossBracketOG,OG_AdxDiCrossBracketOG,OG,NQ,NQ JUN26,SHORT,1,24280.75,24290.00,-189.36,-193.72,-38.7,LOSS,STOP_HIT,24348.00,1345.00,2026-05-07 09:30:48
2026-03-02,2026-03-02 11:15:00,2026-03-02 11:20:00,OG,Backtest,AdxDiCrossBracketOG,OG_AdxDiCrossBracketOG,OG,NQ,NQ JUN26,LONG,1,25187.00,25180.75,-129.36,-133.72,-26.7,LOSS,STOP_HIT,25101.25,1715.00,2026-05-07 09:30:48
2026-04-29,2026-04-29 11:15:00,2026-04-29 11:20:00,OG,Backtest,AdxDiCrossBracketOG,OG_AdxDiCrossBracketOG,OG,NQ,NQ JUN26,SHORT,1,27249.50,27231.00,365.64,361.28,72.3,WIN,STOP_HIT,27295.00,910.00,2026-05-07 09:30:48
2026-01-09,2026-01-09 09:45:00,2026-01-09 09:50:00,OG,Backtest,AdxDiCrossBracketOG,OG_AdxDiCrossBracketOG,OG,NQ,NQ JUN26,LONG,1,25965.00,25924.25,-819.36,-823.72,-164.7,LOSS,STOP_HIT,25924.75,805.00,2026-05-07 09:30:48
2026-05-04,2026-05-04 11:05:00,2026-05-04 11:20:00,OG,Backtest,AdxDiCrossBracketOG,OG_AdxDiCrossBracketOG,OG,NQ,NQ JUN26,SHORT,1,27881.50,27830.25,1020.64,1016.28,203.3,WIN,TARGET_HIT,27933.75,1045.00,2026-05-07 09:30:48
2026-02-11,2026-02-11 10:20:00,2026-02-11 10:25:00,OG,Backtest,AdxDiCrossBracketOG,OG_AdxDiCrossBracketOG,OG,NQ,NQ JUN26,SHORT,1,25396.00,25319.50,1525.64,1521.28,304.3,WIN,TARGET_HIT,25474.50,1570.00,2026-05-07 09:30:48
2026-01-09,2026-01-09 10:15:00,2026-01-09 10:15:00,OG,Backtest,AdxDiCrossBracketOG,OG_AdxDiCrossBracketOG,OG,NQ,NQ JUN26,SHORT,1,25850.50,25918.00,-1354.36,-1358.72,-271.7,LOSS,STOP_HIT,25917.50,1340.00,2026-05-07 09:30:48
2026-04-13,2026-04-13 10:00:00,2026-04-13 10:05:00,OG,Backtest,AdxDiCrossBracketOG,OG_AdxDiCrossBracketOG,OG,NQ,NQ JUN26,LONG,1,25271.50,25323.25,1030.64,1026.28,205.3,WIN,TARGET_HIT,25218.25,1065.00,2026-05-07 09:30:48
2026-03-03,2026-03-03 11:40:00,2026-03-03 11:50:00,OG,Backtest,AdxDiCrossBracketOG,OG_AdxDiCrossBracketOG,OG,NQ,NQ JUN26,SHORT,1,24817.25,24864.25,-944.36,-948.72,-189.7,LOSS,STOP_HIT,24915.75,1970.00,2026-05-07 09:30:48
2026-04-16,2026-04-16 10:00:00,2026-04-16 10:05:00,OG,Backtest,AdxDiCrossBracketOG,OG_AdxDiCrossBracketOG,OG,NQ,NQ JUN26,SHORT,1,26282.00,26330.25,-969.36,-973.72,-194.7,LOSS,STOP_HIT,26329.75,955.00,2026-05-07 09:30:48
2026-01-30,2026-01-30 10:55:00,2026-01-30 11:00:00,OG,Backtest,AdxDiCrossBracketOG,OG_AdxDiCrossBracketOG,OG,NQ,NQ JUN26,LONG,1,26117.25,26072.25,-904.36,-908.72,-181.7,LOSS,STOP_HIT,26031.75,1710.00,2026-05-07 09:30:48
2026-05-01,2026-05-01 11:10:00,2026-05-01 11:20:00,OG,Backtest,AdxDiCrossBracketOG,OG_AdxDiCrossBracketOG,OG,NQ,NQ JUN26,SHORT,1,27795.25,27837.25,-844.36,-848.72,-169.7,LOSS,STOP_HIT,27857.00,1235.00,2026-05-07 09:30:48
2026-04-16,2026-04-16 10:00:00,2026-04-16 10:05:00,OG,Backtest,AdxDiCrossBracketOG,OG_AdxDiCrossBracketOG,OG,NQ,NQ JUN26,SHORT,1,26282.00,26330.25,-969.36,-973.72,-194.7,LOSS,STOP_HIT,26329.75,955.00,2026-05-07 09:30:48
2026-01-23,2026-01-23 10:10:00,2026-01-23 10:35:00,OG,Backtest,AdxDiCrossBracketOG,OG_AdxDiCrossBracketOG,OG,NQ,NQ JUN26,LONG,1,25921.00,25972.50,1025.64,1021.28,204.3,WIN,TARGET_HIT,25868.00,1060.00,2026-05-07 09:30:48
2026-01-07,2026-01-07 10:10:00,2026-01-07 10:30:00,OG,Backtest,AdxDiCrossBracketOG,OG_AdxDiCrossBracketOG,OG,NQ,NQ JUN26,SHORT,1,26050.75,26070.75,-404.36,-408.72,-81.7,LOSS,STOP_HIT,26083.25,650.00,2026-05-07 09:30:48
2026-01-28,2026-01-28 10:55:00,2026-01-28 11:10:00,OG,Backtest,AdxDiCrossBracketOG,OG_AdxDiCrossBracketOG,OG,NQ,NQ JUN26,SHORT,1,26395.25,26395.25,-4.36,-8.72,-1.7,LOSS,STOP_HIT,26445.25,1000.00,2026-05-07 09:30:48
2026-04-29,2026-04-29 11:15:00,2026-04-29 11:20:00,OG,Backtest,AdxDiCrossBracketOG,OG_AdxDiCrossBracketOG,OG,NQ,NQ JUN26,SHORT,1,27249.50,27231.00,365.64,361.28,72.3,WIN,STOP_HIT,27295.00,910.00,2026-05-07 09:30:48
2026-01-09,2026-01-09 10:30:00,2026-01-09 10:35:00,OG,Backtest,AdxDiCrossBracketOG,OG_AdxDiCrossBracketOG,OG,NQ,NQ JUN26,LONG,1,26009.25,26081.75,1445.64,1441.28,288.3,WIN,TARGET_HIT,25935.25,1480.00,2026-05-07 09:30:49
2026-01-07,2026-01-07 09:50:00,2026-01-07 10:00:00,OG,Backtest,AdxDiCrossBracketOG,OG_AdxDiCrossBracketOG,OG,NQ,NQ JUN26,LONG,1,26063.75,26088.00,480.64,476.28,95.3,WIN,TARGET_HIT,26039.00,495.00,2026-05-07 09:30:49
2026-05-04,2026-05-04 11:05:00,2026-05-04 11:20:00,OG,Backtest,AdxDiCrossBracketOG,OG_AdxDiCrossBracketOG,OG,NQ,NQ JUN26,SHORT,1,27881.50,27830.25,1020.64,1016.28,203.3,WIN,TARGET_HIT,27933.75,1045.00,2026-05-07 09:30:49
2026-01-12,2026-01-12 11:25:00,2026-01-12 11:35:00,OG,Backtest,AdxDiCrossBracketOG,OG_AdxDiCrossBracketOG,OG,NQ,NQ JUN26,LONG,1,26158.75,26150.00,-179.36,-183.72,-36.7,LOSS,STOP_HIT,26118.25,810.00,2026-05-07 09:30:49
2026-03-03,2026-03-03 11:40:00,2026-03-03 11:50:00,OG,Backtest,AdxDiCrossBracketOG,OG_AdxDiCrossBracketOG,OG,NQ,NQ JUN26,SHORT,1,24817.25,24864.25,-944.36,-948.72,-189.7,LOSS,STOP_HIT,24915.75,1970.00,2026-05-07 09:30:49
2026-01-20,2026-01-20 10:50:00,2026-01-20 10:55:00,OG,Backtest,AdxDiCrossBracketOG,OG_AdxDiCrossBracketOG,OG,NQ,NQ JUN26,LONG,1,25598.00,25559.50,-774.36,-778.72,-155.7,LOSS,STOP_HIT,25527.25,1415.00,2026-05-07 09:30:49
2026-01-09,2026-01-09 09:55:00,2026-01-09 09:55:00,OG,Backtest,AdxDiCrossBracketOG,OG_AdxDiCrossBracketOG,OG,NQ,NQ JUN26,SHORT,1,25913.25,25965.00,-1039.36,-1043.72,-208.7,LOSS,STOP_HIT,25964.50,1025.00,2026-05-07 09:30:49
2026-03-06,2026-03-06 11:10:00,2026-03-06 11:15:00,OG,Backtest,AdxDiCrossBracketOG,OG_AdxDiCrossBracketOG,OG,NQ,NQ JUN26,LONG,1,25101.50,25059.00,-854.36,-858.72,-171.7,LOSS,STOP_HIT,25007.25,1885.00,2026-05-07 09:30:49
2026-01-23,2026-01-23 10:10:00,2026-01-23 10:20:00,OG,Backtest,AdxDiCrossBracketOG,OG_AdxDiCrossBracketOG,OG,NQ,NQ JUN26,LONG,1,25921.00,25883.25,-759.36,-763.72,-152.7,LOSS,STOP_HIT,25868.00,1060.00,2026-05-07 09:30:49
2026-01-20,2026-01-20 10:50:00,2026-01-20 10:55:00,OG,Backtest,AdxDiCrossBracketOG,OG_AdxDiCrossBracketOG,OG,NQ,NQ JUN26,LONG,1,25598.00,25559.50,-774.36,-778.72,-155.7,LOSS,STOP_HIT,25527.25,1415.00,2026-05-07 09:30:49
2026-01-12,2026-01-12 11:25:00,2026-01-12 11:35:00,OG,Backtest,AdxDiCrossBracketOG,OG_AdxDiCrossBracketOG,OG,NQ,NQ JUN26,LONG,1,26158.75,26150.00,-179.36,-183.72,-36.7,LOSS,STOP_HIT,26118.25,810.00,2026-05-07 09:30:49
2026-01-06,2026-01-06 11:00:00,2026-01-06 11:10:00,OG,Backtest,AdxDiCrossBracketOG,OG_AdxDiCrossBracketOG,OG,NQ,NQ JUN26,SHORT,1,25909.25,25866.25,855.64,851.28,170.3,WIN,TARGET_HIT,25952.75,870.00,2026-05-07 09:30:49
2026-03-06,2026-03-06 11:10:00,2026-03-06 11:15:00,OG,Backtest,AdxDiCrossBracketOG,OG_AdxDiCrossBracketOG,OG,NQ,NQ JUN26,LONG,1,25101.50,25059.00,-854.36,-858.72,-171.7,LOSS,STOP_HIT,25007.25,1885.00,2026-05-07 09:30:49
2026-01-30,2026-01-30 10:55:00,2026-01-30 11:00:00,OG,Backtest,AdxDiCrossBracketOG,OG_AdxDiCrossBracketOG,OG,NQ,NQ JUN26,LONG,1,26117.25,26072.25,-904.36,-908.72,-181.7,LOSS,STOP_HIT,26031.75,1710.00,2026-05-07 09:30:49
2026-01-16,2026-01-16 11:40:00,2026-01-16 11:55:00,OG,Backtest,AdxDiCrossBracketOG,OG_AdxDiCrossBracketOG,OG,NQ,NQ JUN26,LONG,1,25923.75,25932.50,170.64,166.28,33.3,WIN,STOP_HIT,25871.75,1040.00,2026-05-07 09:30:49
2026-01-16,2026-01-16 11:30:00,2026-01-16 11:35:00,OG,Backtest,AdxDiCrossBracketOG,OG_AdxDiCrossBracketOG,OG,NQ,NQ JUN26,LONG,1,25911.50,25925.25,270.64,266.28,53.3,WIN,STOP_HIT,25857.00,1090.00,2026-05-07 09:30:49
2026-01-28,2026-01-28 11:20:00,2026-01-28 11:25:00,OG,Backtest,AdxDiCrossBracketOG,OG_AdxDiCrossBracketOG,OG,NQ,NQ JUN26,LONG,1,26393.00,26379.00,-284.36,-288.72,-57.7,LOSS,STOP_HIT,26348.50,890.00,2026-05-07 09:30:49
2026-01-30,2026-01-30 10:55:00,2026-01-30 11:00:00,OG,Backtest,AdxDiCrossBracketOG,OG_AdxDiCrossBracketOG,OG,NQ,NQ JUN26,LONG,1,26117.25,26072.25,-904.36,-908.72,-181.7,LOSS,STOP_HIT,26031.75,1710.00,2026-05-07 09:30:49
2026-01-09,2026-01-09 10:15:00,2026-01-09 10:15:00,OG,Backtest,AdxDiCrossBracketOG,OG_AdxDiCrossBracketOG,OG,NQ,NQ JUN26,SHORT,1,25850.50,25918.00,-1354.36,-1358.72,-271.7,LOSS,STOP_HIT,25917.50,1340.00,2026-05-07 09:30:49
2026-01-07,2026-01-07 09:50:00,2026-01-07 10:00:00,OG,Backtest,AdxDiCrossBracketOG,OG_AdxDiCrossBracketOG,OG,NQ,NQ JUN26,LONG,1,26063.75,26088.00,480.64,476.28,95.3,WIN,TARGET_HIT,26039.00,495.00,2026-05-07 09:30:49
2026-01-07,2026-01-07 09:50:00,2026-01-07 10:00:00,OG,Backtest,AdxDiCrossBracketOG,OG_AdxDiCrossBracketOG,OG,NQ,NQ JUN26,LONG,1,26063.75,26088.00,480.64,476.28,95.3,WIN,TARGET_HIT,26039.00,495.00,2026-05-07 09:30:49
2026-01-28,2026-01-28 10:55:00,2026-01-28 11:10:00,OG,Backtest,AdxDiCrossBracketOG,OG_AdxDiCrossBracketOG,OG,NQ,NQ JUN26,SHORT,1,26395.25,26395.25,-4.36,-8.72,-1.7,LOSS,STOP_HIT,26445.25,1000.00,2026-05-07 09:30:49
2026-01-13,2026-01-13 10:10:00,2026-01-13 10:20:00,OG,Backtest,AdxDiCrossBracketOG,OG_AdxDiCrossBracketOG,OG,NQ,NQ JUN26,SHORT,1,26138.00,26093.00,895.64,891.28,178.3,WIN,TARGET_HIT,26183.00,900.00,2026-05-07 09:30:49
2026-01-13,2026-01-13 10:10:00,2026-01-13 10:20:00,OG,Backtest,AdxDiCrossBracketOG,OG_AdxDiCrossBracketOG,OG,NQ,NQ JUN26,SHORT,1,26138.00,26093.00,895.64,891.28,178.3,WIN,TARGET_HIT,26183.00,900.00,2026-05-07 09:30:49
2026-01-07,2026-01-07 09:50:00,2026-01-07 10:00:00,OG,Backtest,AdxDiCrossBracketOG,OG_AdxDiCrossBracketOG,OG,NQ,NQ JUN26,LONG,1,26063.75,26088.00,480.64,476.28,95.3,WIN,TARGET_HIT,26039.00,495.00,2026-05-07 09:30:49
2026-04-02,2026-04-02 10:45:00,2026-04-02 10:55:00,OG,Backtest,AdxDiCrossBracketOG,OG_AdxDiCrossBracketOG,OG,NQ,NQ JUN26,LONG,1,24210.25,24114.75,-1914.36,-1918.72,-383.7,LOSS,STOP_HIT,24096.75,2270.00,2026-05-07 09:30:49
2026-01-07,2026-01-07 10:10:00,2026-01-07 10:30:00,OG,Backtest,AdxDiCrossBracketOG,OG_AdxDiCrossBracketOG,OG,NQ,NQ JUN26,SHORT,1,26050.75,26070.75,-404.36,-408.72,-81.7,LOSS,STOP_HIT,26083.25,650.00,2026-05-07 09:30:49
2026-01-07,2026-01-07 09:50:00,2026-01-07 10:00:00,OG,Backtest,AdxDiCrossBracketOG,OG_AdxDiCrossBracketOG,OG,NQ,NQ JUN26,LONG,1,26063.75,26088.00,480.64,476.28,95.3,WIN,TARGET_HIT,26039.00,495.00,2026-05-07 09:30:49
2026-01-07,2026-01-07 10:10:00,2026-01-07 10:30:00,OG,Backtest,AdxDiCrossBracketOG,OG_AdxDiCrossBracketOG,OG,NQ,NQ JUN26,SHORT,1,26050.75,26071.00,-409.36,-413.72,-82.7,LOSS,STOP_HIT,26083.25,650.00,2026-05-07 09:30:49
2026-01-09,2026-01-09 09:45:00,2026-01-09 09:50:00,OG,Backtest,AdxDiCrossBracketOG,OG_AdxDiCrossBracketOG,OG,NQ,NQ JUN26,LONG,1,25965.00,25924.25,-819.36,-823.72,-164.7,LOSS,STOP_HIT,25924.75,805.00,2026-05-07 09:30:49
2026-01-13,2026-01-13 10:10:00,2026-01-13 10:20:00,OG,Backtest,AdxDiCrossBracketOG,OG_AdxDiCrossBracketOG,OG,NQ,NQ JUN26,SHORT,1,26138.00,26093.00,895.64,891.28,178.3,WIN,TARGET_HIT,26183.00,900.00,2026-05-07 09:30:49
2026-01-20,2026-01-20 11:10:00,2026-01-20 11:15:00,OG,Backtest,AdxDiCrossBracketOG,OG_AdxDiCrossBracketOG,OG,NQ,NQ JUN26,LONG,1,25587.50,25601.00,265.64,261.28,52.3,WIN,STOP_HIT,25517.25,1405.00,2026-05-07 09:30:49
2026-02-17,2026-02-17 11:10:00,2026-02-17 11:15:00,OG,Backtest,AdxDiCrossBracketOG,OG_AdxDiCrossBracketOG,OG,NQ,NQ JUN26,LONG,1,24861.25,24960.75,1985.64,1981.28,396.3,WIN,TARGET_HIT,24760.25,2020.00,2026-05-07 09:30:49
2026-01-09,2026-01-09 10:10:00,2026-01-09 10:10:00,OG,Backtest,AdxDiCrossBracketOG,OG_AdxDiCrossBracketOG,OG,NQ,NQ JUN26,LONG,1,25921.75,25862.00,-1199.36,-1203.72,-240.7,LOSS,STOP_HIT,25862.50,1185.00,2026-05-07 09:30:49
2026-02-24,2026-02-24 09:50:00,2026-02-24 10:05:00,OG,Backtest,AdxDiCrossBracketOG,OG_AdxDiCrossBracketOG,OG,NQ,NQ JUN26,LONG,1,25120.50,25068.25,-1049.36,-1053.72,-210.7,LOSS,STOP_HIT,25062.50,1160.00,2026-05-07 09:30:49
2026-01-09,2026-01-09 10:10:00,2026-01-09 10:10:00,OG,Backtest,AdxDiCrossBracketOG,OG_AdxDiCrossBracketOG,OG,NQ,NQ JUN26,LONG,1,25921.75,25862.00,-1199.36,-1203.72,-240.7,LOSS,STOP_HIT,25862.50,1185.00,2026-05-07 09:30:49
2026-01-09,2026-01-09 10:15:00,2026-01-09 10:15:00,OG,Backtest,AdxDiCrossBracketOG,OG_AdxDiCrossBracketOG,OG,NQ,NQ JUN26,SHORT,1,25850.50,25918.00,-1354.36,-1358.72,-271.7,LOSS,STOP_HIT,25917.50,1340.00,2026-05-07 09:30:49
2026-04-13,2026-04-13 10:00:00,2026-04-13 10:05:00,OG,Backtest,AdxDiCrossBracketOG,OG_AdxDiCrossBracketOG,OG,NQ,NQ JUN26,LONG,1,25271.50,25323.25,1030.64,1026.28,205.3,WIN,TARGET_HIT,25218.25,1065.00,2026-05-07 09:30:49
2026-01-20,2026-01-20 10:50:00,2026-01-20 10:55:00,OG,Backtest,AdxDiCrossBracketOG,OG_AdxDiCrossBracketOG,OG,NQ,NQ JUN26,LONG,1,25598.00,25559.50,-774.36,-778.72,-155.7,LOSS,STOP_HIT,25527.25,1415.00,2026-05-07 09:30:49
2026-01-13,2026-01-13 10:10:00,2026-01-13 10:20:00,OG,Backtest,AdxDiCrossBracketOG,OG_AdxDiCrossBracketOG,OG,NQ,NQ JUN26,SHORT,1,26138.00,26093.00,895.64,891.28,178.3,WIN,TARGET_HIT,26183.00,900.00,2026-05-07 09:30:49
2026-01-09,2026-01-09 10:10:00,2026-01-09 10:10:00,OG,Backtest,AdxDiCrossBracketOG,OG_AdxDiCrossBracketOG,OG,NQ,NQ JUN26,LONG,1,25921.75,25862.00,-1199.36,-1203.72,-240.7,LOSS,STOP_HIT,25862.50,1185.00,2026-05-07 09:30:49
2026-01-13,2026-01-13 10:10:00,2026-01-13 10:20:00,OG,Backtest,AdxDiCrossBracketOG,OG_AdxDiCrossBracketOG,OG,NQ,NQ JUN26,SHORT,1,26138.00,26093.00,895.64,891.28,178.3,WIN,TARGET_HIT,26183.00,900.00,2026-05-07 09:30:49
2026-01-30,2026-01-30 10:55:00,2026-01-30 11:00:00,OG,Backtest,AdxDiCrossBracketOG,OG_AdxDiCrossBracketOG,OG,NQ,NQ JUN26,LONG,1,26117.25,26072.25,-904.36,-908.72,-181.7,LOSS,STOP_HIT,26031.75,1710.00,2026-05-07 09:30:49
2026-01-16,2026-01-16 11:30:00,2026-01-16 11:35:00,OG,Backtest,AdxDiCrossBracketOG,OG_AdxDiCrossBracketOG,OG,NQ,NQ JUN26,LONG,1,25911.50,25925.25,270.64,266.28,53.3,WIN,STOP_HIT,25857.00,1090.00,2026-05-07 09:30:49
2026-02-24,2026-02-24 10:15:00,2026-02-24 10:30:00,OG,Backtest,AdxDiCrossBracketOG,OG_AdxDiCrossBracketOG,OG,NQ,NQ JUN26,LONG,1,25109.25,25175.00,1310.64,1306.28,261.3,WIN,TARGET_HIT,25042.00,1345.00,2026-05-07 09:30:49
2026-03-17,2026-03-17 11:15:00,2026-03-17 11:40:00,OG,Backtest,AdxDiCrossBracketOG,OG_AdxDiCrossBracketOG,OG,NQ,NQ JUN26,SHORT,1,25020.50,24968.50,1035.64,1031.28,206.3,WIN,TARGET_HIT,25074.00,1070.00,2026-05-07 09:30:49
2026-01-23,2026-01-23 10:10:00,2026-01-23 10:20:00,OG,Backtest,AdxDiCrossBracketOG,OG_AdxDiCrossBracketOG,OG,NQ,NQ JUN26,LONG,1,25921.00,25883.25,-759.36,-763.72,-152.7,LOSS,STOP_HIT,25868.00,1060.00,2026-05-07 09:30:49
2026-02-05,2026-02-05 11:40:00,2026-02-05 11:50:00,OG,Backtest,AdxDiCrossBracketOG,OG_AdxDiCrossBracketOG,OG,NQ,NQ JUN26,LONG,1,25025.50,24992.25,-669.36,-673.72,-134.7,LOSS,STOP_HIT,24895.00,2610.00,2026-05-07 09:30:49
2026-01-28,2026-01-28 10:55:00,2026-01-28 11:10:00,OG,Backtest,AdxDiCrossBracketOG,OG_AdxDiCrossBracketOG,OG,NQ,NQ JUN26,SHORT,1,26395.25,26395.25,-4.36,-8.72,-1.7,LOSS,STOP_HIT,26445.25,1000.00,2026-05-07 09:30:49
2026-01-28,2026-01-28 11:20:00,2026-01-28 11:25:00,OG,Backtest,AdxDiCrossBracketOG,OG_AdxDiCrossBracketOG,OG,NQ,NQ JUN26,LONG,1,26393.00,26379.00,-284.36,-288.72,-57.7,LOSS,STOP_HIT,26348.50,890.00,2026-05-07 09:30:49
2026-01-23,2026-01-23 10:10:00,2026-01-23 10:35:00,OG,Backtest,AdxDiCrossBracketOG,OG_AdxDiCrossBracketOG,OG,NQ,NQ JUN26,LONG,1,25921.00,25972.50,1025.64,1021.28,204.3,WIN,TARGET_HIT,25868.00,1060.00,2026-05-07 09:30:49
2026-01-28,2026-01-28 10:55:00,2026-01-28 11:05:00,OG,Backtest,AdxDiCrossBracketOG,OG_AdxDiCrossBracketOG,OG,NQ,NQ JUN26,SHORT,1,26395.25,26393.25,35.64,31.28,6.3,WIN,STOP_HIT,26445.25,1000.00,2026-05-07 09:30:49
2026-01-28,2026-01-28 10:55:00,2026-01-28 11:05:00,OG,Backtest,AdxDiCrossBracketOG,OG_AdxDiCrossBracketOG,OG,NQ,NQ JUN26,SHORT,1,26395.25,26393.25,35.64,31.28,6.3,WIN,STOP_HIT,26445.25,1000.00,2026-05-07 09:30:49
2026-01-28,2026-01-28 10:55:00,2026-01-28 11:10:00,OG,Backtest,AdxDiCrossBracketOG,OG_AdxDiCrossBracketOG,OG,NQ,NQ JUN26,SHORT,1,26395.25,26395.25,-4.36,-8.72,-1.7,LOSS,STOP_HIT,26445.25,1000.00,2026-05-07 09:30:49
2026-02-24,2026-02-24 09:50:00,2026-02-24 10:05:00,OG,Backtest,AdxDiCrossBracketOG,OG_AdxDiCrossBracketOG,OG,NQ,NQ JUN26,LONG,1,25120.50,25068.25,-1049.36,-1053.72,-210.7,LOSS,STOP_HIT,25062.50,1160.00,2026-05-07 09:30:49
2026-02-10,2026-02-10 09:45:00,2026-02-10 09:45:00,OG,Backtest,AdxDiCrossBracketOG,OG_AdxDiCrossBracketOG,OG,NQ,NQ JUN26,SHORT,1,25535.25,25500.25,695.64,691.28,138.3,WIN,TARGET_HIT,25571.75,730.00,2026-05-07 09:30:49
2026-02-03,2026-02-03 09:50:00,2026-02-03 09:50:00,OG,Backtest,AdxDiCrossBracketOG,OG_AdxDiCrossBracketOG,OG,NQ,NQ JUN26,SHORT,1,25960.75,26016.50,-1119.36,-1123.72,-224.7,LOSS,STOP_HIT,26016.00,1105.00,2026-05-07 09:30:49
2026-03-03,2026-03-03 11:25:00,2026-03-03 11:35:00,OG,Backtest,AdxDiCrossBracketOG,OG_AdxDiCrossBracketOG,OG,NQ,NQ JUN26,LONG,1,24794.50,24819.00,485.64,481.28,96.3,WIN,STOP_HIT,24689.25,2105.00,2026-05-07 09:30:49
2026-01-07,2026-01-07 10:10:00,2026-01-07 10:30:00,OG,Backtest,AdxDiCrossBracketOG,OG_AdxDiCrossBracketOG,OG,NQ,NQ JUN26,SHORT,1,26050.75,26081.00,-609.36,-613.72,-122.7,LOSS,STOP_HIT,26083.25,650.00,2026-05-07 09:30:49
2026-04-06,2026-04-06 10:55:00,2026-04-06 11:05:00,OG,Backtest,AdxDiCrossBracketOG,OG_AdxDiCrossBracketOG,OG,NQ,NQ JUN26,SHORT,1,24269.25,24306.75,-754.36,-758.72,-151.7,LOSS,STOP_HIT,24347.00,1555.00,2026-05-07 09:30:49
2026-01-07,2026-01-07 10:10:00,2026-01-07 10:30:00,OG,Backtest,AdxDiCrossBracketOG,OG_AdxDiCrossBracketOG,OG,NQ,NQ JUN26,SHORT,1,26050.75,26071.00,-409.36,-413.72,-82.7,LOSS,STOP_HIT,26083.25,650.00,2026-05-07 09:30:49
2026-02-10,2026-02-10 09:45:00,2026-02-10 09:45:00,OG,Backtest,AdxDiCrossBracketOG,OG_AdxDiCrossBracketOG,OG,NQ,NQ JUN26,SHORT,1,25535.25,25500.25,695.64,691.28,138.3,WIN,TARGET_HIT,25571.75,730.00,2026-05-07 09:30:49
2026-03-25,2026-03-25 11:20:00,2026-03-25 11:20:00,OG,Backtest,AdxDiCrossBracketOG,OG_AdxDiCrossBracketOG,OG,NQ,NQ JUN26,SHORT,1,24386.00,24311.00,1495.64,1491.28,298.3,WIN,TARGET_HIT,24463.50,1550.00,2026-05-07 09:30:49
2026-02-11,2026-02-11 10:20:00,2026-02-11 10:25:00,OG,Backtest,AdxDiCrossBracketOG,OG_AdxDiCrossBracketOG,OG,NQ,NQ JUN26,SHORT,1,25396.00,25319.50,1525.64,1521.28,304.3,WIN,TARGET_HIT,25474.50,1570.00,2026-05-07 09:30:49
2026-02-11,2026-02-11 10:20:00,2026-02-11 10:25:00,OG,Backtest,AdxDiCrossBracketOG,OG_AdxDiCrossBracketOG,OG,NQ,NQ JUN26,SHORT,1,25396.00,25319.50,1525.64,1521.28,304.3,WIN,TARGET_HIT,25474.50,1570.00,2026-05-07 09:30:49
2026-01-09,2026-01-09 09:55:00,2026-01-09 09:55:00,OG,Backtest,AdxDiCrossBracketOG,OG_AdxDiCrossBracketOG,OG,NQ,NQ JUN26,SHORT,1,25913.25,25965.00,-1039.36,-1043.72,-208.7,LOSS,STOP_HIT,25964.50,1025.00,2026-05-07 09:30:49
2026-04-13,2026-04-13 10:00:00,2026-04-13 10:05:00,OG,Backtest,AdxDiCrossBracketOG,OG_AdxDiCrossBracketOG,OG,NQ,NQ JUN26,LONG,1,25271.50,25323.25,1030.64,1026.28,205.3,WIN,TARGET_HIT,25218.25,1065.00,2026-05-07 09:30:49
2026-02-13,2026-02-13 10:35:00,2026-02-13 10:50:00,OG,Backtest,AdxDiCrossBracketOG,OG_AdxDiCrossBracketOG,OG,NQ,NQ JUN26,LONG,1,25058.00,24983.00,-1504.36,-1508.72,-301.7,LOSS,STOP_HIT,24952.50,2110.00,2026-05-07 09:30:49
2026-02-11,2026-02-11 11:20:00,2026-02-11 11:25:00,OG,Backtest,AdxDiCrossBracketOG,OG_AdxDiCrossBracketOG,OG,NQ,NQ JUN26,LONG,1,25468.00,25457.75,-209.36,-213.72,-42.7,LOSS,STOP_HIT,25376.75,1825.00,2026-05-07 09:30:49
2026-02-17,2026-02-17 11:10:00,2026-02-17 11:15:00,OG,Backtest,AdxDiCrossBracketOG,OG_AdxDiCrossBracketOG,OG,NQ,NQ JUN26,LONG,1,24861.25,24960.75,1985.64,1981.28,396.3,WIN,TARGET_HIT,24760.25,2020.00,2026-05-07 09:30:49
2026-03-03,2026-03-03 11:25:00,2026-03-03 11:35:00,OG,Backtest,AdxDiCrossBracketOG,OG_AdxDiCrossBracketOG,OG,NQ,NQ JUN26,LONG,1,24794.50,24819.00,485.64,481.28,96.3,WIN,STOP_HIT,24689.25,2105.00,2026-05-07 09:30:49
2026-02-24,2026-02-24 10:10:00,2026-02-24 10:10:00,OG,Backtest,AdxDiCrossBracketOG,OG_AdxDiCrossBracketOG,OG,NQ,NQ JUN26,SHORT,1,25048.75,25114.00,-1309.36,-1313.72,-262.7,LOSS,STOP_HIT,25113.50,1295.00,2026-05-07 09:30:49
2026-02-17,2026-02-17 11:10:00,2026-02-17 11:15:00,OG,Backtest,AdxDiCrossBracketOG,OG_AdxDiCrossBracketOG,OG,NQ,NQ JUN26,LONG,1,24861.25,24960.75,1985.64,1981.28,396.3,WIN,TARGET_HIT,24760.25,2020.00,2026-05-07 09:30:49
2026-02-24,2026-02-24 10:10:00,2026-02-24 10:10:00,OG,Backtest,AdxDiCrossBracketOG,OG_AdxDiCrossBracketOG,OG,NQ,NQ JUN26,SHORT,1,25048.75,25114.00,-1309.36,-1313.72,-262.7,LOSS,STOP_HIT,25113.50,1295.00,2026-05-07 09:30:49
2026-01-12,2026-01-12 11:25:00,2026-01-12 11:35:00,OG,Backtest,AdxDiCrossBracketOG,OG_AdxDiCrossBracketOG,OG,NQ,NQ JUN26,LONG,1,26158.75,26150.00,-179.36,-183.72,-36.7,LOSS,STOP_HIT,26118.25,810.00,2026-05-07 09:30:49
2026-03-20,2026-03-20 11:30:00,2026-03-20 12:05:00,OG,Backtest,AdxDiCrossBracketOG,OG_AdxDiCrossBracketOG,OG,NQ,NQ JUN26,LONG,1,24274.25,24354.75,1605.64,1601.28,320.3,WIN,TARGET_HIT,24192.75,1630.00,2026-05-07 09:30:49
2026-03-02,2026-03-02 11:15:00,2026-03-02 11:20:00,OG,Backtest,AdxDiCrossBracketOG,OG_AdxDiCrossBracketOG,OG,NQ,NQ JUN26,LONG,1,25187.00,25180.75,-129.36,-133.72,-26.7,LOSS,STOP_HIT,25101.25,1715.00,2026-05-07 09:30:49
2026-01-16,2026-01-16 11:40:00,2026-01-16 12:00:00,OG,Backtest,AdxDiCrossBracketOG,OG_AdxDiCrossBracketOG,OG,NQ,NQ JUN26,LONG,1,25923.75,25930.75,135.64,131.28,26.3,WIN,STOP_HIT,25871.75,1040.00,2026-05-07 09:30:49
2026-03-03,2026-03-03 11:25:00,2026-03-03 11:40:00,OG,Backtest,AdxDiCrossBracketOG,OG_AdxDiCrossBracketOG,OG,NQ,NQ JUN26,LONG,1,24794.50,24817.25,450.64,446.28,89.3,WIN,STOP_HIT,24689.25,2105.00,2026-05-07 09:30:49
2026-03-03,2026-03-03 11:25:00,2026-03-03 11:35:00,OG,Backtest,AdxDiCrossBracketOG,OG_AdxDiCrossBracketOG,OG,NQ,NQ JUN26,LONG,1,24794.50,24819.00,485.64,481.28,96.3,WIN,STOP_HIT,24689.25,2105.00,2026-05-07 09:30:49
2026-02-24,2026-02-24 10:15:00,2026-02-24 10:30:00,OG,Backtest,AdxDiCrossBracketOG,OG_AdxDiCrossBracketOG,OG,NQ,NQ JUN26,LONG,1,25109.25,25175.00,1310.64,1306.28,261.3,WIN,TARGET_HIT,25042.00,1345.00,2026-05-07 09:30:49
2026-02-13,2026-02-13 10:35:00,2026-02-13 10:50:00,OG,Backtest,AdxDiCrossBracketOG,OG_AdxDiCrossBracketOG,OG,NQ,NQ JUN26,LONG,1,25058.00,24983.00,-1504.36,-1508.72,-301.7,LOSS,STOP_HIT,24952.50,2110.00,2026-05-07 09:30:49
2026-02-17,2026-02-17 11:10:00,2026-02-17 11:15:00,OG,Backtest,AdxDiCrossBracketOG,OG_AdxDiCrossBracketOG,OG,NQ,NQ JUN26,LONG,1,24861.25,24960.75,1985.64,1981.28,396.3,WIN,TARGET_HIT,24760.25,2020.00,2026-05-07 09:30:49
2026-03-03,2026-03-03 11:25:00,2026-03-03 11:40:00,OG,Backtest,AdxDiCrossBracketOG,OG_AdxDiCrossBracketOG,OG,NQ,NQ JUN26,LONG,1,24794.50,24817.25,450.64,446.28,89.3,WIN,STOP_HIT,24689.25,2105.00,2026-05-07 09:30:49
2026-03-09,2026-03-09 10:45:00,2026-03-09 11:00:00,OG,Backtest,AdxDiCrossBracketOG,OG_AdxDiCrossBracketOG,OG,NQ,NQ JUN26,LONG,1,24692.00,24753.50,1225.64,1221.28,244.3,WIN,STOP_HIT,24587.25,2095.00,2026-05-07 09:30:49
2026-05-01,2026-05-01 11:10:00,2026-05-01 11:20:00,OG,Backtest,AdxDiCrossBracketOG,OG_AdxDiCrossBracketOG,OG,NQ,NQ JUN26,SHORT,1,27795.25,27837.25,-844.36,-848.72,-169.7,LOSS,STOP_HIT,27857.00,1235.00,2026-05-07 09:30:49
2026-03-09,2026-03-09 10:45:00,2026-03-09 11:00:00,OG,Backtest,AdxDiCrossBracketOG,OG_AdxDiCrossBracketOG,OG,NQ,NQ JUN26,LONG,1,24692.00,24753.50,1225.64,1221.28,244.3,WIN,STOP_HIT,24587.25,2095.00,2026-05-07 09:30:49
2026-03-17,2026-03-17 11:15:00,2026-03-17 11:40:00,OG,Backtest,AdxDiCrossBracketOG,OG_AdxDiCrossBracketOG,OG,NQ,NQ JUN26,SHORT,1,25020.50,24968.50,1035.64,1031.28,206.3,WIN,TARGET_HIT,25074.00,1070.00,2026-05-07 09:30:49
2026-03-09,2026-03-09 10:45:00,2026-03-09 11:05:00,OG,Backtest,AdxDiCrossBracketOG,OG_AdxDiCrossBracketOG,OG,NQ,NQ JUN26,LONG,1,24692.00,24797.25,2100.64,2096.28,419.3,WIN,TARGET_HIT,24587.25,2095.00,2026-05-07 09:30:49
2026-04-06,2026-04-06 11:35:00,2026-04-06 11:45:00,OG,Backtest,AdxDiCrossBracketOG,OG_AdxDiCrossBracketOG,OG,NQ,NQ JUN26,SHORT,1,24280.75,24290.00,-189.36,-193.72,-38.7,LOSS,STOP_HIT,24348.00,1345.00,2026-05-07 09:30:49
2026-03-19,2026-03-19 11:15:00,2026-03-19 11:25:00,OG,Backtest,AdxDiCrossBracketOG,OG_AdxDiCrossBracketOG,OG,NQ,NQ JUN26,LONG,1,24530.25,24486.25,-884.36,-888.72,-177.7,LOSS,STOP_HIT,24444.75,1710.00,2026-05-07 09:30:49
2026-03-17,2026-03-17 11:15:00,2026-03-17 11:40:00,OG,Backtest,AdxDiCrossBracketOG,OG_AdxDiCrossBracketOG,OG,NQ,NQ JUN26,SHORT,1,25020.50,24968.50,1035.64,1031.28,206.3,WIN,TARGET_HIT,25074.00,1070.00,2026-05-07 09:30:49
2026-03-02,2026-03-02 11:15:00,2026-03-02 11:20:00,OG,Backtest,AdxDiCrossBracketOG,OG_AdxDiCrossBracketOG,OG,NQ,NQ JUN26,LONG,1,25187.00,25180.75,-129.36,-133.72,-26.7,LOSS,STOP_HIT,25101.25,1715.00,2026-05-07 09:30:49
2026-03-24,2026-03-24 11:00:00,2026-03-24 11:00:00,OG,Backtest,AdxDiCrossBracketOG,OG_AdxDiCrossBracketOG,OG,NQ,NQ JUN26,LONG,1,24281.50,24186.50,-1904.36,-1908.72,-381.7,LOSS,STOP_HIT,24187.00,1890.00,2026-05-07 09:30:49
2026-03-19,2026-03-19 11:15:00,2026-03-19 11:25:00,OG,Backtest,AdxDiCrossBracketOG,OG_AdxDiCrossBracketOG,OG,NQ,NQ JUN26,LONG,1,24530.25,24486.25,-884.36,-888.72,-177.7,LOSS,STOP_HIT,24444.75,1710.00,2026-05-07 09:30:49
2026-04-13,2026-04-13 10:00:00,2026-04-13 10:05:00,OG,Backtest,AdxDiCrossBracketOG,OG_AdxDiCrossBracketOG,OG,NQ,NQ JUN26,LONG,1,25271.50,25323.25,1030.64,1026.28,205.3,WIN,TARGET_HIT,25218.25,1065.00,2026-05-07 09:30:49
2026-03-25,2026-03-25 11:20:00,2026-03-25 11:20:00,OG,Backtest,AdxDiCrossBracketOG,OG_AdxDiCrossBracketOG,OG,NQ,NQ JUN26,SHORT,1,24386.00,24311.00,1495.64,1491.28,298.3,WIN,TARGET_HIT,24463.50,1550.00,2026-05-07 09:30:49
2026-04-13,2026-04-13 10:00:00,2026-04-13 10:05:00,OG,Backtest,AdxDiCrossBracketOG,OG_AdxDiCrossBracketOG,OG,NQ,NQ JUN26,LONG,1,25271.50,25323.25,1030.64,1026.28,205.3,WIN,TARGET_HIT,25218.25,1065.00,2026-05-07 09:30:49
2026-03-27,2026-03-27 11:40:00,2026-03-27 12:05:00,OG,Backtest,AdxDiCrossBracketOG,OG_AdxDiCrossBracketOG,OG,NQ,NQ JUN26,LONG,1,23597.00,23542.50,-1094.36,-1098.72,-219.7,LOSS,STOP_HIT,23514.00,1660.00,2026-05-07 09:30:49
2026-04-10,2026-04-10 11:45:00,2026-04-10 12:00:00,OG,Backtest,AdxDiCrossBracketOG,OG_AdxDiCrossBracketOG,OG,NQ,NQ JUN26,SHORT,1,25301.50,25253.75,950.64,946.28,189.3,WIN,TARGET_HIT,25350.25,975.00,2026-05-07 09:30:49
2026-04-02,2026-04-02 10:45:00,2026-04-02 10:55:00,OG,Backtest,AdxDiCrossBracketOG,OG_AdxDiCrossBracketOG,OG,NQ,NQ JUN26,LONG,1,24210.25,24096.25,-2284.36,-2288.72,-457.7,LOSS,STOP_HIT,24096.75,2270.00,2026-05-07 09:30:49
2026-03-25,2026-03-25 11:20:00,2026-03-25 11:20:00,OG,Backtest,AdxDiCrossBracketOG,OG_AdxDiCrossBracketOG,OG,NQ,NQ JUN26,SHORT,1,24386.00,24311.00,1495.64,1491.28,298.3,WIN,TARGET_HIT,24463.50,1550.00,2026-05-07 09:30:49
2026-04-16,2026-04-16 10:00:00,2026-04-16 10:05:00,OG,Backtest,AdxDiCrossBracketOG,OG_AdxDiCrossBracketOG,OG,NQ,NQ JUN26,SHORT,1,26282.00,26330.25,-969.36,-973.72,-194.7,LOSS,STOP_HIT,26329.75,955.00,2026-05-07 09:30:49
2026-03-17,2026-03-17 11:15:00,2026-03-17 11:40:00,OG,Backtest,AdxDiCrossBracketOG,OG_AdxDiCrossBracketOG,OG,NQ,NQ JUN26,SHORT,1,25020.50,24968.50,1035.64,1031.28,206.3,WIN,TARGET_HIT,25074.00,1070.00,2026-05-07 09:30:49
2026-04-06,2026-04-06 10:55:00,2026-04-06 11:05:00,OG,Backtest,AdxDiCrossBracketOG,OG_AdxDiCrossBracketOG,OG,NQ,NQ JUN26,SHORT,1,24269.25,24306.75,-754.36,-758.72,-151.7,LOSS,STOP_HIT,24347.00,1555.00,2026-05-07 09:30:49
2026-03-25,2026-03-25 11:20:00,2026-03-25 11:20:00,OG,Backtest,AdxDiCrossBracketOG,OG_AdxDiCrossBracketOG,OG,NQ,NQ JUN26,SHORT,1,24386.00,24311.00,1495.64,1491.28,298.3,WIN,TARGET_HIT,24463.50,1550.00,2026-05-07 09:30:49
2026-03-24,2026-03-24 11:00:00,2026-03-24 11:00:00,OG,Backtest,AdxDiCrossBracketOG,OG_AdxDiCrossBracketOG,OG,NQ,NQ JUN26,LONG,1,24281.50,24186.50,-1904.36,-1908.72,-381.7,LOSS,STOP_HIT,24187.00,1890.00,2026-05-07 09:30:49
2026-04-06,2026-04-06 11:35:00,2026-04-06 11:45:00,OG,Backtest,AdxDiCrossBracketOG,OG_AdxDiCrossBracketOG,OG,NQ,NQ JUN26,SHORT,1,24280.75,24290.00,-189.36,-193.72,-38.7,LOSS,STOP_HIT,24348.00,1345.00,2026-05-07 09:30:49
2026-04-13,2026-04-13 10:00:00,2026-04-13 10:05:00,OG,Backtest,AdxDiCrossBracketOG,OG_AdxDiCrossBracketOG,OG,NQ,NQ JUN26,LONG,1,25271.50,25323.25,1030.64,1026.28,205.3,WIN,TARGET_HIT,25218.25,1065.00,2026-05-07 09:30:49
2026-05-01,2026-05-01 11:10:00,2026-05-01 11:20:00,OG,Backtest,AdxDiCrossBracketOG,OG_AdxDiCrossBracketOG,OG,NQ,NQ JUN26,SHORT,1,27795.25,27837.25,-844.36,-848.72,-169.7,LOSS,STOP_HIT,27857.00,1235.00,2026-05-07 09:30:49
2026-02-24,2026-02-24 10:15:00,2026-02-24 10:30:00,OG,Backtest,AdxDiCrossBracketOG,OG_AdxDiCrossBracketOG,OG,NQ,NQ JUN26,LONG,1,25109.25,25175.00,1310.64,1306.28,261.3,WIN,TARGET_HIT,25042.00,1345.00,2026-05-07 09:30:49
2026-04-16,2026-04-16 10:00:00,2026-04-16 10:05:00,OG,Backtest,AdxDiCrossBracketOG,OG_AdxDiCrossBracketOG,OG,NQ,NQ JUN26,SHORT,1,26282.00,26330.25,-969.36,-973.72,-194.7,LOSS,STOP_HIT,26329.75,955.00,2026-05-07 09:30:49
2026-01-12,2026-01-12 11:25:00,2026-01-12 11:35:00,OG,Backtest,AdxDiCrossBracketOG,OG_AdxDiCrossBracketOG,OG,NQ,NQ JUN26,LONG,1,26158.75,26150.00,-179.36,-183.72,-36.7,LOSS,STOP_HIT,26118.25,810.00,2026-05-07 09:30:49
2026-03-02,2026-03-02 11:15:00,2026-03-02 11:20:00,OG,Backtest,AdxDiCrossBracketOG,OG_AdxDiCrossBracketOG,OG,NQ,NQ JUN26,LONG,1,25187.00,25180.75,-129.36,-133.72,-26.7,LOSS,STOP_HIT,25101.25,1715.00,2026-05-07 09:30:49
2026-04-02,2026-04-02 10:45:00,2026-04-02 10:55:00,OG,Backtest,AdxDiCrossBracketOG,OG_AdxDiCrossBracketOG,OG,NQ,NQ JUN26,LONG,1,24210.25,24114.75,-1914.36,-1918.72,-383.7,LOSS,STOP_HIT,24096.75,2270.00,2026-05-07 09:30:49
2026-04-07,2026-04-07 11:40:00,2026-04-07 12:05:00,OG,Backtest,AdxDiCrossBracketOG,OG_AdxDiCrossBracketOG,OG,NQ,NQ JUN26,LONG,1,24071.50,24140.75,1380.64,1376.28,275.3,WIN,TARGET_HIT,24001.75,1395.00,2026-05-07 09:30:49
2026-01-16,2026-01-16 11:30:00,2026-01-16 11:35:00,OG,Backtest,AdxDiCrossBracketOG,OG_AdxDiCrossBracketOG,OG,NQ,NQ JUN26,LONG,1,25911.50,25925.25,270.64,266.28,53.3,WIN,STOP_HIT,25857.00,1090.00,2026-05-07 09:30:49
2026-01-09,2026-01-09 10:15:00,2026-01-09 10:15:00,OG,Backtest,AdxDiCrossBracketOG,OG_AdxDiCrossBracketOG,OG,NQ,NQ JUN26,SHORT,1,25850.50,25918.00,-1354.36,-1358.72,-271.7,LOSS,STOP_HIT,25917.50,1340.00,2026-05-07 09:30:49
2026-04-16,2026-04-16 10:15:00,2026-04-16 10:25:00,OG,Backtest,AdxDiCrossBracketOG,OG_AdxDiCrossBracketOG,OG,NQ,NQ JUN26,LONG,1,26347.25,26314.50,-659.36,-663.72,-132.7,LOSS,STOP_HIT,26294.25,1060.00,2026-05-07 09:30:49
2026-04-13,2026-04-13 10:00:00,2026-04-13 10:05:00,OG,Backtest,AdxDiCrossBracketOG,OG_AdxDiCrossBracketOG,OG,NQ,NQ JUN26,LONG,1,25271.50,25323.25,1030.64,1026.28,205.3,WIN,TARGET_HIT,25218.25,1065.00,2026-05-07 09:30:49
2026-01-20,2026-01-20 10:50:00,2026-01-20 10:55:00,OG,Backtest,AdxDiCrossBracketOG,OG_AdxDiCrossBracketOG,OG,NQ,NQ JUN26,LONG,1,25598.00,25559.50,-774.36,-778.72,-155.7,LOSS,STOP_HIT,25527.25,1415.00,2026-05-07 09:30:49
2026-04-16,2026-04-16 10:00:00,2026-04-16 10:05:00,OG,Backtest,AdxDiCrossBracketOG,OG_AdxDiCrossBracketOG,OG,NQ,NQ JUN26,SHORT,1,26282.00,26330.25,-969.36,-973.72,-194.7,LOSS,STOP_HIT,26329.75,955.00,2026-05-07 09:30:49
2026-04-29,2026-04-29 11:15:00,2026-04-29 11:20:00,OG,Backtest,AdxDiCrossBracketOG,OG_AdxDiCrossBracketOG,OG,NQ,NQ JUN26,SHORT,1,27249.50,27231.00,365.64,361.28,72.3,WIN,STOP_HIT,27295.00,910.00,2026-05-07 09:30:49
2026-05-01,2026-05-01 11:10:00,2026-05-01 11:20:00,OG,Backtest,AdxDiCrossBracketOG,OG_AdxDiCrossBracketOG,OG,NQ,NQ JUN26,SHORT,1,27795.25,27837.25,-844.36,-848.72,-169.7,LOSS,STOP_HIT,27857.00,1235.00,2026-05-07 09:30:49
2026-05-01,2026-05-01 11:10:00,2026-05-01 11:20:00,OG,Backtest,AdxDiCrossBracketOG,OG_AdxDiCrossBracketOG,OG,NQ,NQ JUN26,SHORT,1,27795.25,27837.25,-844.36,-848.72,-169.7,LOSS,STOP_HIT,27857.00,1235.00,2026-05-07 09:30:49
2026-05-04,2026-05-04 11:05:00,2026-05-04 11:20:00,OG,Backtest,AdxDiCrossBracketOG,OG_AdxDiCrossBracketOG,OG,NQ,NQ JUN26,SHORT,1,27881.50,27830.25,1020.64,1016.28,203.3,WIN,TARGET_HIT,27933.75,1045.00,2026-05-07 09:30:49
2026-05-01,2026-05-01 11:10:00,2026-05-01 11:20:00,OG,Backtest,AdxDiCrossBracketOG,OG_AdxDiCrossBracketOG,OG,NQ,NQ JUN26,SHORT,1,27795.25,27837.25,-844.36,-848.72,-169.7,LOSS,STOP_HIT,27857.00,1235.00,2026-05-07 09:30:49
2026-04-29,2026-04-29 11:15:00,2026-04-29 11:20:00,OG,Backtest,AdxDiCrossBracketOG,OG_AdxDiCrossBracketOG,OG,NQ,NQ JUN26,SHORT,1,27249.50,27231.00,365.64,361.28,72.3,WIN,STOP_HIT,27295.00,910.00,2026-05-07 09:30:49
2026-05-01,2026-05-01 11:10:00,2026-05-01 11:20:00,OG,Backtest,AdxDiCrossBracketOG,OG_AdxDiCrossBracketOG,OG,NQ,NQ JUN26,SHORT,1,27795.25,27837.25,-844.36,-848.72,-169.7,LOSS,STOP_HIT,27857.00,1235.00,2026-05-07 09:30:49
2026-04-21,2026-04-21 11:05:00,2026-04-21 11:05:00,OG,Backtest,AdxDiCrossBracketOG,OG_AdxDiCrossBracketOG,OG,NQ,NQ JUN26,SHORT,1,26737.25,26684.75,1045.64,1041.28,208.3,WIN,TARGET_HIT,26788.75,1030.00,2026-05-07 09:30:49
2026-03-24,2026-03-24 11:00:00,2026-03-24 11:00:00,OG,Backtest,AdxDiCrossBracketOG,OG_AdxDiCrossBracketOG,OG,NQ,NQ JUN26,LONG,1,24281.50,24186.50,-1904.36,-1908.72,-381.7,LOSS,STOP_HIT,24187.00,1890.00,2026-05-07 09:30:49
2026-03-24,2026-03-24 11:00:00,2026-03-24 11:00:00,OG,Backtest,AdxDiCrossBracketOG,OG_AdxDiCrossBracketOG,OG,NQ,NQ JUN26,LONG,1,24281.50,24186.50,-1904.36,-1908.72,-381.7,LOSS,STOP_HIT,24187.00,1890.00,2026-05-07 09:30:49
2026-01-21,2026-01-21 11:45:00,2026-01-21 11:50:00,OG,Backtest,AdxDiCrossBracketOG,OG_AdxDiCrossBracketOG,OG,NQ,NQ JUN26,SHORT,1,25543.75,25486.50,1140.64,1136.28,227.3,WIN,TARGET_HIT,25601.50,1155.00,2026-05-07 09:30:49
2026-02-11,2026-02-11 11:20:00,2026-02-11 11:25:00,OG,Backtest,AdxDiCrossBracketOG,OG_AdxDiCrossBracketOG,OG,NQ,NQ JUN26,LONG,1,25468.00,25457.75,-209.36,-213.72,-42.7,LOSS,STOP_HIT,25376.75,1825.00,2026-05-07 09:30:49
2026-02-05,2026-02-05 11:40:00,2026-02-05 11:50:00,OG,Backtest,AdxDiCrossBracketOG,OG_AdxDiCrossBracketOG,OG,NQ,NQ JUN26,LONG,1,25025.50,24992.25,-669.36,-673.72,-134.7,LOSS,STOP_HIT,24895.00,2610.00,2026-05-07 09:30:49
2026-01-28,2026-01-28 10:55:00,2026-01-28 11:10:00,OG,Backtest,AdxDiCrossBracketOG,OG_AdxDiCrossBracketOG,OG,NQ,NQ JUN26,SHORT,1,26395.25,26395.25,-4.36,-8.72,-1.7,LOSS,STOP_HIT,26445.25,1000.00,2026-05-07 09:30:49
2026-02-11,2026-02-11 11:05:00,2026-02-11 11:10:00,OG,Backtest,AdxDiCrossBracketOG,OG_AdxDiCrossBracketOG,OG,NQ,NQ JUN26,LONG,1,25453.50,25418.25,-709.36,-713.72,-142.7,LOSS,STOP_HIT,25363.00,1810.00,2026-05-07 09:30:49
2026-05-01,2026-05-01 11:10:00,2026-05-01 11:20:00,OG,Backtest,AdxDiCrossBracketOG,OG_AdxDiCrossBracketOG,OG,NQ,NQ JUN26,SHORT,1,27795.25,27837.25,-844.36,-848.72,-169.7,LOSS,STOP_HIT,27857.00,1235.00,2026-05-07 09:30:49
2026-03-24,2026-03-24 11:00:00,2026-03-24 11:00:00,OG,Backtest,AdxDiCrossBracketOG,OG_AdxDiCrossBracketOG,OG,NQ,NQ JUN26,LONG,1,24281.50,24186.50,-1904.36,-1908.72,-381.7,LOSS,STOP_HIT,24187.00,1890.00,2026-05-07 09:30:49
2026-02-24,2026-02-24 09:50:00,2026-02-24 10:05:00,OG,Backtest,AdxDiCrossBracketOG,OG_AdxDiCrossBracketOG,OG,NQ,NQ JUN26,LONG,1,25120.50,25068.25,-1049.36,-1053.72,-210.7,LOSS,STOP_HIT,25062.50,1160.00,2026-05-07 09:30:49
2026-03-17,2026-03-17 11:15:00,2026-03-17 11:40:00,OG,Backtest,AdxDiCrossBracketOG,OG_AdxDiCrossBracketOG,OG,NQ,NQ JUN26,SHORT,1,25020.50,24968.50,1035.64,1031.28,206.3,WIN,TARGET_HIT,25074.00,1070.00,2026-05-07 09:30:49
2026-03-09,2026-03-09 10:45:00,2026-03-09 11:05:00,OG,Backtest,AdxDiCrossBracketOG,OG_AdxDiCrossBracketOG,OG,NQ,NQ JUN26,LONG,1,24692.00,24797.25,2100.64,2096.28,419.3,WIN,TARGET_HIT,24587.25,2095.00,2026-05-07 09:30:49
2026-01-06,2026-01-06 11:00:00,2026-01-06 11:10:00,OG,Backtest,AdxDiCrossBracketOG,OG_AdxDiCrossBracketOG,OG,NQ,NQ JUN26,SHORT,1,25909.25,25866.25,855.64,851.28,170.3,WIN,TARGET_HIT,25952.75,870.00,2026-05-07 09:30:49
2026-01-09,2026-01-09 09:45:00,2026-01-09 09:50:00,OG,Backtest,AdxDiCrossBracketOG,OG_AdxDiCrossBracketOG,OG,NQ,NQ JUN26,LONG,1,25965.00,25924.25,-819.36,-823.72,-164.7,LOSS,STOP_HIT,25924.75,805.00,2026-05-07 09:30:49
2026-03-27,2026-03-27 11:40:00,2026-03-27 12:05:00,OG,Backtest,AdxDiCrossBracketOG,OG_AdxDiCrossBracketOG,OG,NQ,NQ JUN26,LONG,1,23597.00,23542.50,-1094.36,-1098.72,-219.7,LOSS,STOP_HIT,23514.00,1660.00,2026-05-07 09:30:49
2026-03-19,2026-03-19 11:15:00,2026-03-19 11:25:00,OG,Backtest,AdxDiCrossBracketOG,OG_AdxDiCrossBracketOG,OG,NQ,NQ JUN26,LONG,1,24530.25,24486.25,-884.36,-888.72,-177.7,LOSS,STOP_HIT,24444.75,1710.00,2026-05-07 09:30:49
2026-04-02,2026-04-02 10:45:00,2026-04-02 10:55:00,OG,Backtest,AdxDiCrossBracketOG,OG_AdxDiCrossBracketOG,OG,NQ,NQ JUN26,LONG,1,24210.25,24096.25,-2284.36,-2288.72,-457.7,LOSS,STOP_HIT,24096.75,2270.00,2026-05-07 09:30:49
2026-02-05,2026-02-05 11:40:00,2026-02-05 11:50:00,OG,Backtest,AdxDiCrossBracketOG,OG_AdxDiCrossBracketOG,OG,NQ,NQ JUN26,LONG,1,25025.50,24992.25,-669.36,-673.72,-134.7,LOSS,STOP_HIT,24895.00,2610.00,2026-05-07 09:30:49
2026-01-28,2026-01-28 11:20:00,2026-01-28 11:25:00,OG,Backtest,AdxDiCrossBracketOG,OG_AdxDiCrossBracketOG,OG,NQ,NQ JUN26,LONG,1,26393.00,26379.00,-284.36,-288.72,-57.7,LOSS,STOP_HIT,26348.50,890.00,2026-05-07 09:30:49
2026-04-16,2026-04-16 10:00:00,2026-04-16 10:05:00,OG,Backtest,AdxDiCrossBracketOG,OG_AdxDiCrossBracketOG,OG,NQ,NQ JUN26,SHORT,1,26282.00,26330.25,-969.36,-973.72,-194.7,LOSS,STOP_HIT,26329.75,955.00,2026-05-07 09:30:49
2026-01-09,2026-01-09 09:45:00,2026-01-09 09:50:00,OG,Backtest,AdxDiCrossBracketOG,OG_AdxDiCrossBracketOG,OG,NQ,NQ JUN26,LONG,1,25965.00,25924.25,-819.36,-823.72,-164.7,LOSS,STOP_HIT,25924.75,805.00,2026-05-07 09:30:49
2026-04-21,2026-04-21 11:05:00,2026-04-21 11:05:00,OG,Backtest,AdxDiCrossBracketOG,OG_AdxDiCrossBracketOG,OG,NQ,NQ JUN26,SHORT,1,26737.25,26684.75,1045.64,1041.28,208.3,WIN,TARGET_HIT,26788.75,1030.00,2026-05-07 09:30:49
2026-01-07,2026-01-07 10:10:00,2026-01-07 10:30:00,OG,Backtest,AdxDiCrossBracketOG,OG_AdxDiCrossBracketOG,OG,NQ,NQ JUN26,SHORT,1,26050.75,26071.00,-409.36,-413.72,-82.7,LOSS,STOP_HIT,26083.25,650.00,2026-05-07 09:30:49
2026-01-09,2026-01-09 10:10:00,2026-01-09 10:10:00,OG,Backtest,AdxDiCrossBracketOG,OG_AdxDiCrossBracketOG,OG,NQ,NQ JUN26,LONG,1,25921.75,25862.00,-1199.36,-1203.72,-240.7,LOSS,STOP_HIT,25862.50,1185.00,2026-05-07 09:30:49
2026-01-09,2026-01-09 10:15:00,2026-01-09 10:15:00,OG,Backtest,AdxDiCrossBracketOG,OG_AdxDiCrossBracketOG,OG,NQ,NQ JUN26,SHORT,1,25850.50,25918.00,-1354.36,-1358.72,-271.7,LOSS,STOP_HIT,25917.50,1340.00,2026-05-07 09:30:49
2026-01-20,2026-01-20 10:50:00,2026-01-20 10:55:00,OG,Backtest,AdxDiCrossBracketOG,OG_AdxDiCrossBracketOG,OG,NQ,NQ JUN26,LONG,1,25598.00,25559.50,-774.36,-778.72,-155.7,LOSS,STOP_HIT,25527.25,1415.00,2026-05-07 09:30:49
2026-02-11,2026-02-11 10:20:00,2026-02-11 10:25:00,OG,Backtest,AdxDiCrossBracketOG,OG_AdxDiCrossBracketOG,OG,NQ,NQ JUN26,SHORT,1,25396.00,25319.50,1525.64,1521.28,304.3,WIN,TARGET_HIT,25474.50,1570.00,2026-05-07 09:30:49
2026-05-04,2026-05-04 11:05:00,2026-05-04 11:20:00,OG,Backtest,AdxDiCrossBracketOG,OG_AdxDiCrossBracketOG,OG,NQ,NQ JUN26,SHORT,1,27881.50,27830.25,1020.64,1016.28,203.3,WIN,TARGET_HIT,27933.75,1045.00,2026-05-07 09:30:49
2026-01-09,2026-01-09 10:30:00,2026-01-09 10:35:00,OG,Backtest,AdxDiCrossBracketOG,OG_AdxDiCrossBracketOG,OG,NQ,NQ JUN26,LONG,1,26009.25,26081.75,1445.64,1441.28,288.3,WIN,TARGET_HIT,25935.25,1480.00,2026-05-07 09:30:49
2026-01-09,2026-01-09 09:55:00,2026-01-09 09:55:00,OG,Backtest,AdxDiCrossBracketOG,OG_AdxDiCrossBracketOG,OG,NQ,NQ JUN26,SHORT,1,25913.25,25965.00,-1039.36,-1043.72,-208.7,LOSS,STOP_HIT,25964.50,1025.00,2026-05-07 09:30:49
2026-01-13,2026-01-13 10:10:00,2026-01-13 10:20:00,OG,Backtest,AdxDiCrossBracketOG,OG_AdxDiCrossBracketOG,OG,NQ,NQ JUN26,SHORT,1,26138.00,26093.00,895.64,891.28,178.3,WIN,TARGET_HIT,26183.00,900.00,2026-05-07 09:30:49
2026-01-07,2026-01-07 10:10:00,2026-01-07 10:30:00,OG,Backtest,AdxDiCrossBracketOG,OG_AdxDiCrossBracketOG,OG,NQ,NQ JUN26,SHORT,1,26050.75,26071.00,-409.36,-413.72,-82.7,LOSS,STOP_HIT,26083.25,650.00,2026-05-07 09:30:49
2026-01-06,2026-01-06 11:00:00,2026-01-06 11:10:00,OG,Backtest,AdxDiCrossBracketOG,OG_AdxDiCrossBracketOG,OG,NQ,NQ JUN26,SHORT,1,25909.25,25866.25,855.64,851.28,170.3,WIN,TARGET_HIT,25952.75,870.00,2026-05-07 09:30:49
2026-01-09,2026-01-09 10:15:00,2026-01-09 10:15:00,OG,Backtest,AdxDiCrossBracketOG,OG_AdxDiCrossBracketOG,OG,NQ,NQ JUN26,SHORT,1,25850.50,25918.00,-1354.36,-1358.72,-271.7,LOSS,STOP_HIT,25917.50,1340.00,2026-05-07 09:30:49
2026-01-28,2026-01-28 11:20:00,2026-01-28 11:25:00,OG,Backtest,AdxDiCrossBracketOG,OG_AdxDiCrossBracketOG,OG,NQ,NQ JUN26,LONG,1,26393.00,26379.00,-284.36,-288.72,-57.7,LOSS,STOP_HIT,26348.50,890.00,2026-05-07 09:30:49
2026-01-07,2026-01-07 09:50:00,2026-01-07 10:00:00,OG,Backtest,AdxDiCrossBracketOG,OG_AdxDiCrossBracketOG,OG,NQ,NQ JUN26,LONG,1,26063.75,26088.00,480.64,476.28,95.3,WIN,TARGET_HIT,26039.00,495.00,2026-05-07 09:30:49
2026-01-07,2026-01-07 10:10:00,2026-01-07 10:30:00,OG,Backtest,AdxDiCrossBracketOG,OG_AdxDiCrossBracketOG,OG,NQ,NQ JUN26,SHORT,1,26050.75,26081.00,-609.36,-613.72,-122.7,LOSS,STOP_HIT,26083.25,650.00,2026-05-07 09:30:49
2026-01-20,2026-01-20 10:50:00,2026-01-20 10:55:00,OG,Backtest,AdxDiCrossBracketOG,OG_AdxDiCrossBracketOG,OG,NQ,NQ JUN26,LONG,1,25598.00,25559.50,-774.36,-778.72,-155.7,LOSS,STOP_HIT,25527.25,1415.00,2026-05-07 09:30:49
2026-01-09,2026-01-09 09:45:00,2026-01-09 09:50:00,OG,Backtest,AdxDiCrossBracketOG,OG_AdxDiCrossBracketOG,OG,NQ,NQ JUN26,LONG,1,25965.00,25924.25,-819.36,-823.72,-164.7,LOSS,STOP_HIT,25924.75,805.00,2026-05-07 09:30:49
2026-01-20,2026-01-20 11:10:00,2026-01-20 11:15:00,OG,Backtest,AdxDiCrossBracketOG,OG_AdxDiCrossBracketOG,OG,NQ,NQ JUN26,LONG,1,25587.50,25601.00,265.64,261.28,52.3,WIN,STOP_HIT,25517.25,1405.00,2026-05-07 09:30:49
2026-01-20,2026-01-20 11:10:00,2026-01-20 11:15:00,OG,Backtest,AdxDiCrossBracketOG,OG_AdxDiCrossBracketOG,OG,NQ,NQ JUN26,LONG,1,25587.50,25601.00,265.64,261.28,52.3,WIN,STOP_HIT,25517.25,1405.00,2026-05-07 09:30:49
2026-01-12,2026-01-12 11:25:00,2026-01-12 11:35:00,OG,Backtest,AdxDiCrossBracketOG,OG_AdxDiCrossBracketOG,OG,NQ,NQ JUN26,LONG,1,26158.75,26150.00,-179.36,-183.72,-36.7,LOSS,STOP_HIT,26118.25,810.00,2026-05-07 09:30:50
2026-01-13,2026-01-13 10:10:00,2026-01-13 10:20:00,OG,Backtest,AdxDiCrossBracketOG,OG_AdxDiCrossBracketOG,OG,NQ,NQ JUN26,SHORT,1,26138.00,26093.00,895.64,891.28,178.3,WIN,TARGET_HIT,26183.00,900.00,2026-05-07 09:30:50
2026-01-09,2026-01-09 10:30:00,2026-01-09 10:35:00,OG,Backtest,AdxDiCrossBracketOG,OG_AdxDiCrossBracketOG,OG,NQ,NQ JUN26,LONG,1,26009.25,26081.75,1445.64,1441.28,288.3,WIN,TARGET_HIT,25935.25,1480.00,2026-05-07 09:30:50
2026-01-13,2026-01-13 10:10:00,2026-01-13 10:20:00,OG,Backtest,AdxDiCrossBracketOG,OG_AdxDiCrossBracketOG,OG,NQ,NQ JUN26,SHORT,1,26138.00,26093.00,895.64,891.28,178.3,WIN,TARGET_HIT,26183.00,900.00,2026-05-07 09:30:50
2026-01-09,2026-01-09 10:15:00,2026-01-09 10:15:00,OG,Backtest,AdxDiCrossBracketOG,OG_AdxDiCrossBracketOG,OG,NQ,NQ JUN26,SHORT,1,25850.50,25918.00,-1354.36,-1358.72,-271.7,LOSS,STOP_HIT,25917.50,1340.00,2026-05-07 09:30:50
2026-01-30,2026-01-30 10:55:00,2026-01-30 11:00:00,OG,Backtest,AdxDiCrossBracketOG,OG_AdxDiCrossBracketOG,OG,NQ,NQ JUN26,LONG,1,26117.25,26072.25,-904.36,-908.72,-181.7,LOSS,STOP_HIT,26031.75,1710.00,2026-05-07 09:30:50
2026-01-09,2026-01-09 09:45:00,2026-01-09 09:50:00,OG,Backtest,AdxDiCrossBracketOG,OG_AdxDiCrossBracketOG,OG,NQ,NQ JUN26,LONG,1,25965.00,25924.25,-819.36,-823.72,-164.7,LOSS,STOP_HIT,25924.75,805.00,2026-05-07 09:30:50
2026-01-09,2026-01-09 10:30:00,2026-01-09 10:35:00,OG,Backtest,AdxDiCrossBracketOG,OG_AdxDiCrossBracketOG,OG,NQ,NQ JUN26,LONG,1,26009.25,26081.75,1445.64,1441.28,288.3,WIN,TARGET_HIT,25935.25,1480.00,2026-05-07 09:30:50
2026-01-30,2026-01-30 10:55:00,2026-01-30 11:00:00,OG,Backtest,AdxDiCrossBracketOG,OG_AdxDiCrossBracketOG,OG,NQ,NQ JUN26,LONG,1,26117.25,26072.25,-904.36,-908.72,-181.7,LOSS,STOP_HIT,26031.75,1710.00,2026-05-07 09:30:50
2026-01-16,2026-01-16 11:30:00,2026-01-16 11:35:00,OG,Backtest,AdxDiCrossBracketOG,OG_AdxDiCrossBracketOG,OG,NQ,NQ JUN26,LONG,1,25911.50,25925.25,270.64,266.28,53.3,WIN,STOP_HIT,25857.00,1090.00,2026-05-07 09:30:50
2026-01-20,2026-01-20 10:50:00,2026-01-20 10:55:00,OG,Backtest,AdxDiCrossBracketOG,OG_AdxDiCrossBracketOG,OG,NQ,NQ JUN26,LONG,1,25598.00,25559.50,-774.36,-778.72,-155.7,LOSS,STOP_HIT,25527.25,1415.00,2026-05-07 09:30:50
2026-01-12,2026-01-12 11:25:00,2026-01-12 11:35:00,OG,Backtest,AdxDiCrossBracketOG,OG_AdxDiCrossBracketOG,OG,NQ,NQ JUN26,LONG,1,26158.75,26150.00,-179.36,-183.72,-36.7,LOSS,STOP_HIT,26118.25,810.00,2026-05-07 09:30:50
2026-01-16,2026-01-16 11:40:00,2026-01-16 11:55:00,OG,Backtest,AdxDiCrossBracketOG,OG_AdxDiCrossBracketOG,OG,NQ,NQ JUN26,LONG,1,25923.75,25932.50,170.64,166.28,33.3,WIN,STOP_HIT,25871.75,1040.00,2026-05-07 09:30:50
2026-01-20,2026-01-20 11:10:00,2026-01-20 11:15:00,OG,Backtest,AdxDiCrossBracketOG,OG_AdxDiCrossBracketOG,OG,NQ,NQ JUN26,LONG,1,25587.50,25601.00,265.64,261.28,52.3,WIN,STOP_HIT,25517.25,1405.00,2026-05-07 09:30:50
2026-01-16,2026-01-16 11:40:00,2026-01-16 11:55:00,OG,Backtest,AdxDiCrossBracketOG,OG_AdxDiCrossBracketOG,OG,NQ,NQ JUN26,LONG,1,25923.75,25932.50,170.64,166.28,33.3,WIN,STOP_HIT,25871.75,1040.00,2026-05-07 09:30:50
2026-02-11,2026-02-11 11:05:00,2026-02-11 11:10:00,OG,Backtest,AdxDiCrossBracketOG,OG_AdxDiCrossBracketOG,OG,NQ,NQ JUN26,LONG,1,25453.50,25418.25,-709.36,-713.72,-142.7,LOSS,STOP_HIT,25363.00,1810.00,2026-05-07 09:30:50
2026-01-20,2026-01-20 10:50:00,2026-01-20 10:55:00,OG,Backtest,AdxDiCrossBracketOG,OG_AdxDiCrossBracketOG,OG,NQ,NQ JUN26,LONG,1,25598.00,25559.50,-774.36,-778.72,-155.7,LOSS,STOP_HIT,25527.25,1415.00,2026-05-07 09:30:50
2026-01-28,2026-01-28 10:55:00,2026-01-28 11:10:00,OG,Backtest,AdxDiCrossBracketOG,OG_AdxDiCrossBracketOG,OG,NQ,NQ JUN26,SHORT,1,26395.25,26395.25,-4.36,-8.72,-1.7,LOSS,STOP_HIT,26445.25,1000.00,2026-05-07 09:30:50
2026-01-16,2026-01-16 11:40:00,2026-01-16 11:55:00,OG,Backtest,AdxDiCrossBracketOG,OG_AdxDiCrossBracketOG,OG,NQ,NQ JUN26,LONG,1,25923.75,25932.50,170.64,166.28,33.3,WIN,STOP_HIT,25871.75,1040.00,2026-05-07 09:30:50
2026-01-28,2026-01-28 11:20:00,2026-01-28 11:25:00,OG,Backtest,AdxDiCrossBracketOG,OG_AdxDiCrossBracketOG,OG,NQ,NQ JUN26,LONG,1,26393.00,26379.00,-284.36,-288.72,-57.7,LOSS,STOP_HIT,26348.50,890.00,2026-05-07 09:30:50
2026-04-10,2026-04-10 11:45:00,2026-04-10 12:00:00,OG,Backtest,AdxDiCrossBracketOG,OG_AdxDiCrossBracketOG,OG,NQ,NQ JUN26,SHORT,1,25301.50,25253.75,950.64,946.28,189.3,WIN,TARGET_HIT,25350.25,975.00,2026-05-07 09:30:50
2026-01-28,2026-01-28 11:20:00,2026-01-28 11:25:00,OG,Backtest,AdxDiCrossBracketOG,OG_AdxDiCrossBracketOG,OG,NQ,NQ JUN26,LONG,1,26393.00,26379.00,-284.36,-288.72,-57.7,LOSS,STOP_HIT,26348.50,890.00,2026-05-07 09:30:50
2026-03-06,2026-03-06 11:10:00,2026-03-06 11:15:00,OG,Backtest,AdxDiCrossBracketOG,OG_AdxDiCrossBracketOG,OG,NQ,NQ JUN26,LONG,1,25101.50,25059.00,-854.36,-858.72,-171.7,LOSS,STOP_HIT,25007.25,1885.00,2026-05-07 09:30:50
2026-02-10,2026-02-10 09:45:00,2026-02-10 09:45:00,OG,Backtest,AdxDiCrossBracketOG,OG_AdxDiCrossBracketOG,OG,NQ,NQ JUN26,SHORT,1,25535.25,25500.25,695.64,691.28,138.3,WIN,TARGET_HIT,25571.75,730.00,2026-05-07 09:30:50
2026-02-11,2026-02-11 10:20:00,2026-02-11 10:25:00,OG,Backtest,AdxDiCrossBracketOG,OG_AdxDiCrossBracketOG,OG,NQ,NQ JUN26,SHORT,1,25396.00,25319.50,1525.64,1521.28,304.3,WIN,TARGET_HIT,25474.50,1570.00,2026-05-07 09:30:50
2026-01-21,2026-01-21 11:45:00,2026-01-21 11:50:00,OG,Backtest,AdxDiCrossBracketOG,OG_AdxDiCrossBracketOG,OG,NQ,NQ JUN26,SHORT,1,25543.75,25486.50,1140.64,1136.28,227.3,WIN,TARGET_HIT,25601.50,1155.00,2026-05-07 09:30:50
2026-02-24,2026-02-24 10:10:00,2026-02-24 10:10:00,OG,Backtest,AdxDiCrossBracketOG,OG_AdxDiCrossBracketOG,OG,NQ,NQ JUN26,SHORT,1,25048.75,25114.00,-1309.36,-1313.72,-262.7,LOSS,STOP_HIT,25113.50,1295.00,2026-05-07 09:30:50
2026-02-05,2026-02-05 11:40:00,2026-02-05 11:50:00,OG,Backtest,AdxDiCrossBracketOG,OG_AdxDiCrossBracketOG,OG,NQ,NQ JUN26,LONG,1,25025.50,24992.25,-669.36,-673.72,-134.7,LOSS,STOP_HIT,24895.00,2610.00,2026-05-07 09:30:50
2026-01-20,2026-01-20 11:10:00,2026-01-20 11:15:00,OG,Backtest,AdxDiCrossBracketOG,OG_AdxDiCrossBracketOG,OG,NQ,NQ JUN26,LONG,1,25587.50,25601.00,265.64,261.28,52.3,WIN,STOP_HIT,25517.25,1405.00,2026-05-07 09:30:50
2026-02-11,2026-02-11 11:20:00,2026-02-11 11:25:00,OG,Backtest,AdxDiCrossBracketOG,OG_AdxDiCrossBracketOG,OG,NQ,NQ JUN26,LONG,1,25468.00,25457.75,-209.36,-213.72,-42.7,LOSS,STOP_HIT,25376.75,1825.00,2026-05-07 09:30:50
2026-03-13,2026-03-13 10:50:00,2026-03-13 11:00:00,OG,Backtest,AdxDiCrossBracketOG,OG_AdxDiCrossBracketOG,OG,NQ,NQ JUN26,SHORT,1,24805.00,24730.50,1485.64,1481.28,296.3,WIN,TARGET_HIT,24878.00,1460.00,2026-05-07 09:30:50
2026-02-05,2026-02-05 11:40:00,2026-02-05 11:50:00,OG,Backtest,AdxDiCrossBracketOG,OG_AdxDiCrossBracketOG,OG,NQ,NQ JUN26,LONG,1,25025.50,24992.25,-669.36,-673.72,-134.7,LOSS,STOP_HIT,24895.00,2610.00,2026-05-07 09:30:50
2026-01-28,2026-01-28 11:20:00,2026-01-28 11:25:00,OG,Backtest,AdxDiCrossBracketOG,OG_AdxDiCrossBracketOG,OG,NQ,NQ JUN26,LONG,1,26393.00,26379.00,-284.36,-288.72,-57.7,LOSS,STOP_HIT,26348.50,890.00,2026-05-07 09:30:50
2026-02-11,2026-02-11 11:20:00,2026-02-11 11:25:00,OG,Backtest,AdxDiCrossBracketOG,OG_AdxDiCrossBracketOG,OG,NQ,NQ JUN26,LONG,1,25468.00,25457.75,-209.36,-213.72,-42.7,LOSS,STOP_HIT,25376.75,1825.00,2026-05-07 09:30:50
2026-02-13,2026-02-13 10:35:00,2026-02-13 10:50:00,OG,Backtest,AdxDiCrossBracketOG,OG_AdxDiCrossBracketOG,OG,NQ,NQ JUN26,LONG,1,25058.00,24983.00,-1504.36,-1508.72,-301.7,LOSS,STOP_HIT,24952.50,2110.00,2026-05-07 09:30:50
2026-02-24,2026-02-24 09:50:00,2026-02-24 10:05:00,OG,Backtest,AdxDiCrossBracketOG,OG_AdxDiCrossBracketOG,OG,NQ,NQ JUN26,LONG,1,25120.50,25068.25,-1049.36,-1053.72,-210.7,LOSS,STOP_HIT,25062.50,1160.00,2026-05-07 09:30:50
2026-02-11,2026-02-11 10:20:00,2026-02-11 10:25:00,OG,Backtest,AdxDiCrossBracketOG,OG_AdxDiCrossBracketOG,OG,NQ,NQ JUN26,SHORT,1,25396.00,25319.50,1525.64,1521.28,304.3,WIN,TARGET_HIT,25474.50,1570.00,2026-05-07 09:30:50
2026-02-13,2026-02-13 10:35:00,2026-02-13 10:50:00,OG,Backtest,AdxDiCrossBracketOG,OG_AdxDiCrossBracketOG,OG,NQ,NQ JUN26,LONG,1,25058.00,24983.00,-1504.36,-1508.72,-301.7,LOSS,STOP_HIT,24952.50,2110.00,2026-05-07 09:30:50
2026-03-12,2026-03-12 11:50:00,2026-03-12 11:55:00,OG,Backtest,AdxDiCrossBracketOG,OG_AdxDiCrossBracketOG,OG,NQ,NQ JUN26,LONG,1,24898.00,24865.50,-654.36,-658.72,-131.7,LOSS,STOP_HIT,24818.25,1595.00,2026-05-07 09:30:50
2026-02-03,2026-02-03 09:50:00,2026-02-03 09:50:00,OG,Backtest,AdxDiCrossBracketOG,OG_AdxDiCrossBracketOG,OG,NQ,NQ JUN26,SHORT,1,25960.75,26016.50,-1119.36,-1123.72,-224.7,LOSS,STOP_HIT,26016.00,1105.00,2026-05-07 09:30:50
2026-02-24,2026-02-24 09:50:00,2026-02-24 10:05:00,OG,Backtest,AdxDiCrossBracketOG,OG_AdxDiCrossBracketOG,OG,NQ,NQ JUN26,LONG,1,25120.50,25062.00,-1174.36,-1178.72,-235.7,LOSS,STOP_HIT,25062.50,1160.00,2026-05-07 09:30:50
2026-03-03,2026-03-03 11:25:00,2026-03-03 11:40:00,OG,Backtest,AdxDiCrossBracketOG,OG_AdxDiCrossBracketOG,OG,NQ,NQ JUN26,LONG,1,24794.50,24817.25,450.64,446.28,89.3,WIN,STOP_HIT,24689.25,2105.00,2026-05-07 09:30:50
2026-04-02,2026-04-02 10:45:00,2026-04-02 10:55:00,OG,Backtest,AdxDiCrossBracketOG,OG_AdxDiCrossBracketOG,OG,NQ,NQ JUN26,LONG,1,24210.25,24114.75,-1914.36,-1918.72,-383.7,LOSS,STOP_HIT,24096.75,2270.00,2026-05-07 09:30:50
2026-03-09,2026-03-09 10:45:00,2026-03-09 11:05:00,OG,Backtest,AdxDiCrossBracketOG,OG_AdxDiCrossBracketOG,OG,NQ,NQ JUN26,LONG,1,24692.00,24797.25,2100.64,2096.28,419.3,WIN,TARGET_HIT,24587.25,2095.00,2026-05-07 09:30:50
2026-02-24,2026-02-24 09:50:00,2026-02-24 10:05:00,OG,Backtest,AdxDiCrossBracketOG,OG_AdxDiCrossBracketOG,OG,NQ,NQ JUN26,LONG,1,25120.50,25062.00,-1174.36,-1178.72,-235.7,LOSS,STOP_HIT,25062.50,1160.00,2026-05-07 09:30:50
2026-02-24,2026-02-24 10:10:00,2026-02-24 10:10:00,OG,Backtest,AdxDiCrossBracketOG,OG_AdxDiCrossBracketOG,OG,NQ,NQ JUN26,SHORT,1,25048.75,25114.00,-1309.36,-1313.72,-262.7,LOSS,STOP_HIT,25113.50,1295.00,2026-05-07 09:30:50
2026-03-12,2026-03-12 11:50:00,2026-03-12 11:55:00,OG,Backtest,AdxDiCrossBracketOG,OG_AdxDiCrossBracketOG,OG,NQ,NQ JUN26,LONG,1,24898.00,24865.50,-654.36,-658.72,-131.7,LOSS,STOP_HIT,24818.25,1595.00,2026-05-07 09:30:50
2026-03-03,2026-03-03 11:25:00,2026-03-03 11:40:00,OG,Backtest,AdxDiCrossBracketOG,OG_AdxDiCrossBracketOG,OG,NQ,NQ JUN26,LONG,1,24794.50,24817.25,450.64,446.28,89.3,WIN,STOP_HIT,24689.25,2105.00,2026-05-07 09:30:50
2026-03-12,2026-03-12 11:50:00,2026-03-12 11:55:00,OG,Backtest,AdxDiCrossBracketOG,OG_AdxDiCrossBracketOG,OG,NQ,NQ JUN26,LONG,1,24898.00,24865.50,-654.36,-658.72,-131.7,LOSS,STOP_HIT,24818.25,1595.00,2026-05-07 09:30:50
2026-03-06,2026-03-06 11:10:00,2026-03-06 11:15:00,OG,Backtest,AdxDiCrossBracketOG,OG_AdxDiCrossBracketOG,OG,NQ,NQ JUN26,LONG,1,25101.50,25059.00,-854.36,-858.72,-171.7,LOSS,STOP_HIT,25007.25,1885.00,2026-05-07 09:30:50
2026-02-24,2026-02-24 10:15:00,2026-02-24 10:30:00,OG,Backtest,AdxDiCrossBracketOG,OG_AdxDiCrossBracketOG,OG,NQ,NQ JUN26,LONG,1,25109.25,25175.00,1310.64,1306.28,261.3,WIN,TARGET_HIT,25042.00,1345.00,2026-05-07 09:30:50
2026-03-03,2026-03-03 11:25:00,2026-03-03 11:40:00,OG,Backtest,AdxDiCrossBracketOG,OG_AdxDiCrossBracketOG,OG,NQ,NQ JUN26,LONG,1,24794.50,24817.25,450.64,446.28,89.3,WIN,STOP_HIT,24689.25,2105.00,2026-05-07 09:30:50
2026-03-06,2026-03-06 11:10:00,2026-03-06 11:15:00,OG,Backtest,AdxDiCrossBracketOG,OG_AdxDiCrossBracketOG,OG,NQ,NQ JUN26,LONG,1,25101.50,25059.00,-854.36,-858.72,-171.7,LOSS,STOP_HIT,25007.25,1885.00,2026-05-07 09:30:50
2026-03-09,2026-03-09 10:45:00,2026-03-09 11:00:00,OG,Backtest,AdxDiCrossBracketOG,OG_AdxDiCrossBracketOG,OG,NQ,NQ JUN26,LONG,1,24692.00,24753.50,1225.64,1221.28,244.3,WIN,STOP_HIT,24587.25,2095.00,2026-05-07 09:30:50
2026-03-06,2026-03-06 11:10:00,2026-03-06 11:15:00,OG,Backtest,AdxDiCrossBracketOG,OG_AdxDiCrossBracketOG,OG,NQ,NQ JUN26,LONG,1,25101.50,25059.00,-854.36,-858.72,-171.7,LOSS,STOP_HIT,25007.25,1885.00,2026-05-07 09:30:50
2026-03-09,2026-03-09 10:45:00,2026-03-09 11:05:00,OG,Backtest,AdxDiCrossBracketOG,OG_AdxDiCrossBracketOG,OG,NQ,NQ JUN26,LONG,1,24692.00,24797.25,2100.64,2096.28,419.3,WIN,TARGET_HIT,24587.25,2095.00,2026-05-07 09:30:50
2026-03-19,2026-03-19 11:15:00,2026-03-19 11:25:00,OG,Backtest,AdxDiCrossBracketOG,OG_AdxDiCrossBracketOG,OG,NQ,NQ JUN26,LONG,1,24530.25,24486.25,-884.36,-888.72,-177.7,LOSS,STOP_HIT,24444.75,1710.00,2026-05-07 09:30:50
2026-03-13,2026-03-13 10:50:00,2026-03-13 11:00:00,OG,Backtest,AdxDiCrossBracketOG,OG_AdxDiCrossBracketOG,OG,NQ,NQ JUN26,SHORT,1,24805.00,24730.50,1485.64,1481.28,296.3,WIN,TARGET_HIT,24878.00,1460.00,2026-05-07 09:30:50
2026-03-09,2026-03-09 10:45:00,2026-03-09 11:05:00,OG,Backtest,AdxDiCrossBracketOG,OG_AdxDiCrossBracketOG,OG,NQ,NQ JUN26,LONG,1,24692.00,24797.25,2100.64,2096.28,419.3,WIN,TARGET_HIT,24587.25,2095.00,2026-05-07 09:30:50
2026-03-24,2026-03-24 11:00:00,2026-03-24 11:00:00,OG,Backtest,AdxDiCrossBracketOG,OG_AdxDiCrossBracketOG,OG,NQ,NQ JUN26,LONG,1,24281.50,24186.50,-1904.36,-1908.72,-381.7,LOSS,STOP_HIT,24187.00,1890.00,2026-05-07 09:30:50
2026-03-17,2026-03-17 11:15:00,2026-03-17 11:40:00,OG,Backtest,AdxDiCrossBracketOG,OG_AdxDiCrossBracketOG,OG,NQ,NQ JUN26,SHORT,1,25020.50,24968.50,1035.64,1031.28,206.3,WIN,TARGET_HIT,25074.00,1070.00,2026-05-07 09:30:50
2026-04-06,2026-04-06 11:35:00,2026-04-06 11:45:00,OG,Backtest,AdxDiCrossBracketOG,OG_AdxDiCrossBracketOG,OG,NQ,NQ JUN26,SHORT,1,24280.75,24290.00,-189.36,-193.72,-38.7,LOSS,STOP_HIT,24348.00,1345.00,2026-05-07 09:30:50
2026-03-09,2026-03-09 10:45:00,2026-03-09 11:05:00,OG,Backtest,AdxDiCrossBracketOG,OG_AdxDiCrossBracketOG,OG,NQ,NQ JUN26,LONG,1,24692.00,24797.25,2100.64,2096.28,419.3,WIN,TARGET_HIT,24587.25,2095.00,2026-05-07 09:30:50
2026-04-16,2026-04-16 10:15:00,2026-04-16 10:50:00,OG,Backtest,AdxDiCrossBracketOG,OG_AdxDiCrossBracketOG,OG,NQ,NQ JUN26,LONG,1,26347.25,26398.25,1015.64,1011.28,202.3,WIN,TARGET_HIT,26294.25,1060.00,2026-05-07 09:30:50
2026-03-20,2026-03-20 11:30:00,2026-03-20 12:05:00,OG,Backtest,AdxDiCrossBracketOG,OG_AdxDiCrossBracketOG,OG,NQ,NQ JUN26,LONG,1,24274.25,24354.75,1605.64,1601.28,320.3,WIN,TARGET_HIT,24192.75,1630.00,2026-05-07 09:30:50
2026-03-17,2026-03-17 11:15:00,2026-03-17 11:40:00,OG,Backtest,AdxDiCrossBracketOG,OG_AdxDiCrossBracketOG,OG,NQ,NQ JUN26,SHORT,1,25020.50,24968.50,1035.64,1031.28,206.3,WIN,TARGET_HIT,25074.00,1070.00,2026-05-07 09:30:50
2026-04-07,2026-04-07 11:40:00,2026-04-07 12:05:00,OG,Backtest,AdxDiCrossBracketOG,OG_AdxDiCrossBracketOG,OG,NQ,NQ JUN26,LONG,1,24071.50,24140.75,1380.64,1376.28,275.3,WIN,TARGET_HIT,24001.75,1395.00,2026-05-07 09:30:50
2026-03-24,2026-03-24 11:00:00,2026-03-24 11:00:00,OG,Backtest,AdxDiCrossBracketOG,OG_AdxDiCrossBracketOG,OG,NQ,NQ JUN26,LONG,1,24281.50,24186.50,-1904.36,-1908.72,-381.7,LOSS,STOP_HIT,24187.00,1890.00,2026-05-07 09:30:50
2026-04-06,2026-04-06 10:55:00,2026-04-06 11:05:00,OG,Backtest,AdxDiCrossBracketOG,OG_AdxDiCrossBracketOG,OG,NQ,NQ JUN26,SHORT,1,24269.25,24306.75,-754.36,-758.72,-151.7,LOSS,STOP_HIT,24347.00,1555.00,2026-05-07 09:30:50
2026-03-25,2026-03-25 11:20:00,2026-03-25 11:20:00,OG,Backtest,AdxDiCrossBracketOG,OG_AdxDiCrossBracketOG,OG,NQ,NQ JUN26,SHORT,1,24386.00,24311.00,1495.64,1491.28,298.3,WIN,TARGET_HIT,24463.50,1550.00,2026-05-07 09:30:50
2026-03-25,2026-03-25 11:20:00,2026-03-25 11:20:00,OG,Backtest,AdxDiCrossBracketOG,OG_AdxDiCrossBracketOG,OG,NQ,NQ JUN26,SHORT,1,24386.00,24311.00,1495.64,1491.28,298.3,WIN,TARGET_HIT,24463.50,1550.00,2026-05-07 09:30:50
2026-03-20,2026-03-20 11:30:00,2026-03-20 12:05:00,OG,Backtest,AdxDiCrossBracketOG,OG_AdxDiCrossBracketOG,OG,NQ,NQ JUN26,LONG,1,24274.25,24354.75,1605.64,1601.28,320.3,WIN,TARGET_HIT,24192.75,1630.00,2026-05-07 09:30:50
2026-04-02,2026-04-02 10:45:00,2026-04-02 10:55:00,OG,Backtest,AdxDiCrossBracketOG,OG_AdxDiCrossBracketOG,OG,NQ,NQ JUN26,LONG,1,24210.25,24114.75,-1914.36,-1918.72,-383.7,LOSS,STOP_HIT,24096.75,2270.00,2026-05-07 09:30:50
2026-03-25,2026-03-25 11:20:00,2026-03-25 11:20:00,OG,Backtest,AdxDiCrossBracketOG,OG_AdxDiCrossBracketOG,OG,NQ,NQ JUN26,SHORT,1,24386.00,24311.00,1495.64,1491.28,298.3,WIN,TARGET_HIT,24463.50,1550.00,2026-05-07 09:30:50
2026-04-06,2026-04-06 10:55:00,2026-04-06 11:05:00,OG,Backtest,AdxDiCrossBracketOG,OG_AdxDiCrossBracketOG,OG,NQ,NQ JUN26,SHORT,1,24269.25,24306.75,-754.36,-758.72,-151.7,LOSS,STOP_HIT,24347.00,1555.00,2026-05-07 09:30:50
2026-01-09,2026-01-09 10:15:00,2026-01-09 10:15:00,OG,Backtest,AdxDiCrossBracketOG,OG_AdxDiCrossBracketOG,OG,NQ,NQ JUN26,SHORT,1,25850.50,25918.00,-1354.36,-1358.72,-271.7,LOSS,STOP_HIT,25917.50,1340.00,2026-05-07 09:30:50
2026-04-21,2026-04-21 11:05:00,2026-04-21 11:05:00,OG,Backtest,AdxDiCrossBracketOG,OG_AdxDiCrossBracketOG,OG,NQ,NQ JUN26,SHORT,1,26737.25,26684.75,1045.64,1041.28,208.3,WIN,TARGET_HIT,26788.75,1030.00,2026-05-07 09:30:50
2026-04-21,2026-04-21 11:05:00,2026-04-21 11:05:00,OG,Backtest,AdxDiCrossBracketOG,OG_AdxDiCrossBracketOG,OG,NQ,NQ JUN26,SHORT,1,26737.25,26684.75,1045.64,1041.28,208.3,WIN,TARGET_HIT,26788.75,1030.00,2026-05-07 09:30:50
2026-01-21,2026-01-21 11:45:00,2026-01-21 11:50:00,OG,Backtest,AdxDiCrossBracketOG,OG_AdxDiCrossBracketOG,OG,NQ,NQ JUN26,SHORT,1,25543.75,25486.50,1140.64,1136.28,227.3,WIN,TARGET_HIT,25601.50,1155.00,2026-05-07 09:30:50
2026-04-07,2026-04-07 11:40:00,2026-04-07 12:05:00,OG,Backtest,AdxDiCrossBracketOG,OG_AdxDiCrossBracketOG,OG,NQ,NQ JUN26,LONG,1,24071.50,24140.75,1380.64,1376.28,275.3,WIN,TARGET_HIT,24001.75,1395.00,2026-05-07 09:30:50
2026-04-13,2026-04-13 10:00:00,2026-04-13 10:05:00,OG,Backtest,AdxDiCrossBracketOG,OG_AdxDiCrossBracketOG,OG,NQ,NQ JUN26,LONG,1,25271.50,25323.25,1030.64,1026.28,205.3,WIN,TARGET_HIT,25218.25,1065.00,2026-05-07 09:30:50
2026-05-04,2026-05-04 11:05:00,2026-05-04 11:20:00,OG,Backtest,AdxDiCrossBracketOG,OG_AdxDiCrossBracketOG,OG,NQ,NQ JUN26,SHORT,1,27881.50,27830.25,1020.64,1016.28,203.3,WIN,TARGET_HIT,27933.75,1045.00,2026-05-07 09:30:50
2026-04-21,2026-04-21 11:05:00,2026-04-21 11:05:00,OG,Backtest,AdxDiCrossBracketOG,OG_AdxDiCrossBracketOG,OG,NQ,NQ JUN26,SHORT,1,26737.25,26684.75,1045.64,1041.28,208.3,WIN,TARGET_HIT,26788.75,1030.00,2026-05-07 09:30:50
2026-01-16,2026-01-16 11:30:00,2026-01-16 11:35:00,OG,Backtest,AdxDiCrossBracketOG,OG_AdxDiCrossBracketOG,OG,NQ,NQ JUN26,LONG,1,25911.50,25925.25,270.64,266.28,53.3,WIN,STOP_HIT,25857.00,1090.00,2026-05-07 09:30:50
2026-01-07,2026-01-07 09:50:00,2026-01-07 10:00:00,OG,Backtest,AdxDiCrossBracketOG,OG_AdxDiCrossBracketOG,OG,NQ,NQ JUN26,LONG,1,26063.75,26088.00,480.64,476.28,95.3,WIN,TARGET_HIT,26039.00,495.00,2026-05-07 09:30:50
2026-04-16,2026-04-16 10:15:00,2026-04-16 10:50:00,OG,Backtest,AdxDiCrossBracketOG,OG_AdxDiCrossBracketOG,OG,NQ,NQ JUN26,LONG,1,26347.25,26398.25,1015.64,1011.28,202.3,WIN,TARGET_HIT,26294.25,1060.00,2026-05-07 09:30:50
2026-05-04,2026-05-04 11:05:00,2026-05-04 11:20:00,OG,Backtest,AdxDiCrossBracketOG,OG_AdxDiCrossBracketOG,OG,NQ,NQ JUN26,SHORT,1,27881.50,27830.25,1020.64,1016.28,203.3,WIN,TARGET_HIT,27933.75,1045.00,2026-05-07 09:30:50
2026-04-16,2026-04-16 10:00:00,2026-04-16 10:05:00,OG,Backtest,AdxDiCrossBracketOG,OG_AdxDiCrossBracketOG,OG,NQ,NQ JUN26,SHORT,1,26282.00,26330.25,-969.36,-973.72,-194.7,LOSS,STOP_HIT,26329.75,955.00,2026-05-07 09:30:50
2026-04-13,2026-04-13 10:00:00,2026-04-13 10:05:00,OG,Backtest,AdxDiCrossBracketOG,OG_AdxDiCrossBracketOG,OG,NQ,NQ JUN26,LONG,1,25271.50,25323.25,1030.64,1026.28,205.3,WIN,TARGET_HIT,25218.25,1065.00,2026-05-07 09:30:50
2026-04-16,2026-04-16 10:15:00,2026-04-16 10:50:00,OG,Backtest,AdxDiCrossBracketOG,OG_AdxDiCrossBracketOG,OG,NQ,NQ JUN26,LONG,1,26347.25,26398.25,1015.64,1011.28,202.3,WIN,TARGET_HIT,26294.25,1060.00,2026-05-07 09:30:50
2026-04-29,2026-04-29 11:15:00,2026-04-29 11:20:00,OG,Backtest,AdxDiCrossBracketOG,OG_AdxDiCrossBracketOG,OG,NQ,NQ JUN26,SHORT,1,27249.50,27231.00,365.64,361.28,72.3,WIN,STOP_HIT,27295.00,910.00,2026-05-07 09:30:50
2026-05-04,2026-05-04 11:05:00,2026-05-04 11:20:00,OG,Backtest,AdxDiCrossBracketOG,OG_AdxDiCrossBracketOG,OG,NQ,NQ JUN26,SHORT,1,27881.50,27830.25,1020.64,1016.28,203.3,WIN,TARGET_HIT,27933.75,1045.00,2026-05-07 09:30:50
2026-05-01,2026-05-01 11:10:00,2026-05-01 11:20:00,OG,Backtest,AdxDiCrossBracketOG,OG_AdxDiCrossBracketOG,OG,NQ,NQ JUN26,SHORT,1,27795.25,27837.25,-844.36,-848.72,-169.7,LOSS,STOP_HIT,27857.00,1235.00,2026-05-07 09:30:50
2026-05-04,2026-05-04 11:05:00,2026-05-04 11:20:00,OG,Backtest,AdxDiCrossBracketOG,OG_AdxDiCrossBracketOG,OG,NQ,NQ JUN26,SHORT,1,27881.50,27830.25,1020.64,1016.28,203.3,WIN,TARGET_HIT,27933.75,1045.00,2026-05-07 09:30:50
2026-01-06,2026-01-06 11:00:00,2026-01-06 11:10:00,OG,Backtest,AdxDiCrossBracketOG,OG_AdxDiCrossBracketOG,OG,NQ,NQ JUN26,SHORT,1,25909.25,25866.25,855.64,851.28,170.3,WIN,TARGET_HIT,25952.75,870.00,2026-05-07 09:30:50
2026-04-29,2026-04-29 11:15:00,2026-04-29 11:20:00,OG,Backtest,AdxDiCrossBracketOG,OG_AdxDiCrossBracketOG,OG,NQ,NQ JUN26,SHORT,1,27249.50,27231.00,365.64,361.28,72.3,WIN,STOP_HIT,27295.00,910.00,2026-05-07 09:30:50
2026-05-04,2026-05-04 11:05:00,2026-05-04 11:20:00,OG,Backtest,AdxDiCrossBracketOG,OG_AdxDiCrossBracketOG,OG,NQ,NQ JUN26,SHORT,1,27881.50,27830.25,1020.64,1016.28,203.3,WIN,TARGET_HIT,27933.75,1045.00,2026-05-07 09:30:50
2026-02-03,2026-02-03 09:50:00,2026-02-03 09:50:00,OG,Backtest,AdxDiCrossBracketOG,OG_AdxDiCrossBracketOG,OG,NQ,NQ JUN26,SHORT,1,25960.75,26016.50,-1119.36,-1123.72,-224.7,LOSS,STOP_HIT,26016.00,1105.00,2026-05-07 09:30:50
2026-01-09,2026-01-09 10:10:00,2026-01-09 10:10:00,OG,Backtest,AdxDiCrossBracketOG,OG_AdxDiCrossBracketOG,OG,NQ,NQ JUN26,LONG,1,25921.75,25862.00,-1199.36,-1203.72,-240.7,LOSS,STOP_HIT,25862.50,1185.00,2026-05-07 09:30:50
2026-01-28,2026-01-28 11:20:00,2026-01-28 11:25:00,OG,Backtest,AdxDiCrossBracketOG,OG_AdxDiCrossBracketOG,OG,NQ,NQ JUN26,LONG,1,26393.00,26379.00,-284.36,-288.72,-57.7,LOSS,STOP_HIT,26348.50,890.00,2026-05-07 09:30:50
2026-02-05,2026-02-05 11:40:00,2026-02-05 11:50:00,OG,Backtest,AdxDiCrossBracketOG,OG_AdxDiCrossBracketOG,OG,NQ,NQ JUN26,LONG,1,25025.50,24992.25,-669.36,-673.72,-134.7,LOSS,STOP_HIT,24895.00,2610.00,2026-05-07 09:30:50
2026-03-09,2026-03-09 10:45:00,2026-03-09 11:05:00,OG,Backtest,AdxDiCrossBracketOG,OG_AdxDiCrossBracketOG,OG,NQ,NQ JUN26,LONG,1,24692.00,24797.25,2100.64,2096.28,419.3,WIN,TARGET_HIT,24587.25,2095.00,2026-05-07 09:30:50
2026-02-10,2026-02-10 09:45:00,2026-02-10 09:45:00,OG,Backtest,AdxDiCrossBracketOG,OG_AdxDiCrossBracketOG,OG,NQ,NQ JUN26,SHORT,1,25535.25,25500.25,695.64,691.28,138.3,WIN,TARGET_HIT,25571.75,730.00,2026-05-07 09:30:50
2026-02-05,2026-02-05 11:40:00,2026-02-05 11:50:00,OG,Backtest,AdxDiCrossBracketOG,OG_AdxDiCrossBracketOG,OG,NQ,NQ JUN26,LONG,1,25025.50,24992.25,-669.36,-673.72,-134.7,LOSS,STOP_HIT,24895.00,2610.00,2026-05-07 09:30:50
2026-03-19,2026-03-19 11:15:00,2026-03-19 11:25:00,OG,Backtest,AdxDiCrossBracketOG,OG_AdxDiCrossBracketOG,OG,NQ,NQ JUN26,LONG,1,24530.25,24486.25,-884.36,-888.72,-177.7,LOSS,STOP_HIT,24444.75,1710.00,2026-05-07 09:30:50
2026-02-13,2026-02-13 10:35:00,2026-02-13 10:50:00,OG,Backtest,AdxDiCrossBracketOG,OG_AdxDiCrossBracketOG,OG,NQ,NQ JUN26,LONG,1,25058.00,24983.00,-1504.36,-1508.72,-301.7,LOSS,STOP_HIT,24952.50,2110.00,2026-05-07 09:30:50
2026-02-24,2026-02-24 10:10:00,2026-02-24 10:10:00,OG,Backtest,AdxDiCrossBracketOG,OG_AdxDiCrossBracketOG,OG,NQ,NQ JUN26,SHORT,1,25048.75,25114.00,-1309.36,-1313.72,-262.7,LOSS,STOP_HIT,25113.50,1295.00,2026-05-07 09:30:50
2026-02-11,2026-02-11 10:20:00,2026-02-11 10:25:00,OG,Backtest,AdxDiCrossBracketOG,OG_AdxDiCrossBracketOG,OG,NQ,NQ JUN26,SHORT,1,25396.00,25319.50,1525.64,1521.28,304.3,WIN,TARGET_HIT,25474.50,1570.00,2026-05-07 09:30:50
2026-03-09,2026-03-09 10:45:00,2026-03-09 11:05:00,OG,Backtest,AdxDiCrossBracketOG,OG_AdxDiCrossBracketOG,OG,NQ,NQ JUN26,LONG,1,24692.00,24797.25,2100.64,2096.28,419.3,WIN,TARGET_HIT,24587.25,2095.00,2026-05-07 09:30:50
2026-02-24,2026-02-24 10:10:00,2026-02-24 10:10:00,OG,Backtest,AdxDiCrossBracketOG,OG_AdxDiCrossBracketOG,OG,NQ,NQ JUN26,SHORT,1,25048.75,25114.00,-1309.36,-1313.72,-262.7,LOSS,STOP_HIT,25113.50,1295.00,2026-05-07 09:30:50
2026-01-16,2026-01-16 11:30:00,2026-01-16 11:35:00,OG,Backtest,AdxDiCrossBracketOG,OG_AdxDiCrossBracketOG,OG,NQ,NQ JUN26,LONG,1,25911.50,25925.25,270.64,266.28,53.3,WIN,STOP_HIT,25857.00,1090.00,2026-05-07 09:30:50
2026-02-24,2026-02-24 10:15:00,2026-02-24 10:30:00,OG,Backtest,AdxDiCrossBracketOG,OG_AdxDiCrossBracketOG,OG,NQ,NQ JUN26,LONG,1,25109.25,25175.00,1310.64,1306.28,261.3,WIN,TARGET_HIT,25042.00,1345.00,2026-05-07 09:30:50
2026-03-20,2026-03-20 11:30:00,2026-03-20 12:05:00,OG,Backtest,AdxDiCrossBracketOG,OG_AdxDiCrossBracketOG,OG,NQ,NQ JUN26,LONG,1,24274.25,24354.75,1605.64,1601.28,320.3,WIN,TARGET_HIT,24192.75,1630.00,2026-05-07 09:30:50
2026-03-03,2026-03-03 11:25:00,2026-03-03 11:40:00,OG,Backtest,AdxDiCrossBracketOG,OG_AdxDiCrossBracketOG,OG,NQ,NQ JUN26,LONG,1,24794.50,24817.25,450.64,446.28,89.3,WIN,STOP_HIT,24689.25,2105.00,2026-05-07 09:30:50
2026-03-25,2026-03-25 11:20:00,2026-03-25 11:20:00,OG,Backtest,AdxDiCrossBracketOG,OG_AdxDiCrossBracketOG,OG,NQ,NQ JUN26,SHORT,1,24386.00,24311.00,1495.64,1491.28,298.3,WIN,TARGET_HIT,24463.50,1550.00,2026-05-07 09:30:50
2026-03-03,2026-03-03 11:25:00,2026-03-03 11:40:00,OG,Backtest,AdxDiCrossBracketOG,OG_AdxDiCrossBracketOG,OG,NQ,NQ JUN26,LONG,1,24794.50,24817.25,450.64,446.28,89.3,WIN,STOP_HIT,24689.25,2105.00,2026-05-07 09:30:50
2026-04-06,2026-04-06 10:55:00,2026-04-06 11:05:00,OG,Backtest,AdxDiCrossBracketOG,OG_AdxDiCrossBracketOG,OG,NQ,NQ JUN26,SHORT,1,24269.25,24306.75,-754.36,-758.72,-151.7,LOSS,STOP_HIT,24347.00,1555.00,2026-05-07 09:30:50
2026-03-09,2026-03-09 10:45:00,2026-03-09 11:05:00,OG,Backtest,AdxDiCrossBracketOG,OG_AdxDiCrossBracketOG,OG,NQ,NQ JUN26,LONG,1,24692.00,24797.25,2100.64,2096.28,419.3,WIN,TARGET_HIT,24587.25,2095.00,2026-05-07 09:30:50
2026-03-20,2026-03-20 11:30:00,2026-03-20 12:05:00,OG,Backtest,AdxDiCrossBracketOG,OG_AdxDiCrossBracketOG,OG,NQ,NQ JUN26,LONG,1,24274.25,24354.75,1605.64,1601.28,320.3,WIN,TARGET_HIT,24192.75,1630.00,2026-05-07 09:30:50
2026-04-07,2026-04-07 11:40:00,2026-04-07 12:05:00,OG,Backtest,AdxDiCrossBracketOG,OG_AdxDiCrossBracketOG,OG,NQ,NQ JUN26,LONG,1,24071.50,24140.75,1380.64,1376.28,275.3,WIN,TARGET_HIT,24001.75,1395.00,2026-05-07 09:30:50
2026-04-21,2026-04-21 11:05:00,2026-04-21 11:05:00,OG,Backtest,AdxDiCrossBracketOG,OG_AdxDiCrossBracketOG,OG,NQ,NQ JUN26,SHORT,1,26737.25,26684.75,1045.64,1041.28,208.3,WIN,TARGET_HIT,26788.75,1030.00,2026-05-07 09:30:50
2026-04-16,2026-04-16 10:15:00,2026-04-16 10:50:00,OG,Backtest,AdxDiCrossBracketOG,OG_AdxDiCrossBracketOG,OG,NQ,NQ JUN26,LONG,1,26347.25,26398.25,1015.64,1011.28,202.3,WIN,TARGET_HIT,26294.25,1060.00,2026-05-07 09:30:50
2026-04-16,2026-04-16 10:00:00,2026-04-16 10:05:00,OG,Backtest,AdxDiCrossBracketOG,OG_AdxDiCrossBracketOG,OG,NQ,NQ JUN26,SHORT,1,26282.00,26330.25,-969.36,-973.72,-194.7,LOSS,STOP_HIT,26329.75,955.00,2026-05-07 09:30:50
2026-01-07,2026-01-07 09:50:00,2026-01-07 10:00:00,OG,Backtest,AdxDiCrossBracketOG,OG_AdxDiCrossBracketOG,OG,NQ,NQ JUN26,LONG,1,26063.75,26088.00,480.64,476.28,95.3,WIN,TARGET_HIT,26039.00,495.00,2026-05-07 09:30:50
2026-01-07,2026-01-07 10:10:00,2026-01-07 10:30:00,OG,Backtest,AdxDiCrossBracketOG,OG_AdxDiCrossBracketOG,OG,NQ,NQ JUN26,SHORT,1,26050.75,26081.00,-609.36,-613.72,-122.7,LOSS,STOP_HIT,26083.25,650.00,2026-05-07 09:30:50
2026-01-06,2026-01-06 11:00:00,2026-01-06 11:10:00,OG,Backtest,AdxDiCrossBracketOG,OG_AdxDiCrossBracketOG,OG,NQ,NQ JUN26,SHORT,1,25909.25,25866.25,855.64,851.28,170.3,WIN,TARGET_HIT,25952.75,870.00,2026-05-07 09:30:50
2026-04-21,2026-04-21 11:05:00,2026-04-21 11:05:00,OG,Backtest,AdxDiCrossBracketOG,OG_AdxDiCrossBracketOG,OG,NQ,NQ JUN26,SHORT,1,26737.25,26684.75,1045.64,1041.28,208.3,WIN,TARGET_HIT,26788.75,1030.00,2026-05-07 09:30:50
2026-01-07,2026-01-07 09:50:00,2026-01-07 10:00:00,OG,Backtest,AdxDiCrossBracketOG,OG_AdxDiCrossBracketOG,OG,NQ,NQ JUN26,LONG,1,26063.75,26088.00,480.64,476.28,95.3,WIN,TARGET_HIT,26039.00,495.00,2026-05-07 09:30:50
2026-05-04,2026-05-04 11:05:00,2026-05-04 11:20:00,OG,Backtest,AdxDiCrossBracketOG,OG_AdxDiCrossBracketOG,OG,NQ,NQ JUN26,SHORT,1,27881.50,27830.25,1020.64,1016.28,203.3,WIN,TARGET_HIT,27933.75,1045.00,2026-05-07 09:30:50
2026-02-24,2026-02-24 09:50:00,2026-02-24 10:05:00,OG,Backtest,AdxDiCrossBracketOG,OG_AdxDiCrossBracketOG,OG,NQ,NQ JUN26,LONG,1,25120.50,25068.25,-1049.36,-1053.72,-210.7,LOSS,STOP_HIT,25062.50,1160.00,2026-05-07 09:30:50
2026-04-13,2026-04-13 10:00:00,2026-04-13 10:05:00,OG,Backtest,AdxDiCrossBracketOG,OG_AdxDiCrossBracketOG,OG,NQ,NQ JUN26,LONG,1,25271.50,25323.25,1030.64,1026.28,205.3,WIN,TARGET_HIT,25218.25,1065.00,2026-05-07 09:30:50
2026-01-07,2026-01-07 09:50:00,2026-01-07 10:00:00,OG,Backtest,AdxDiCrossBracketOG,OG_AdxDiCrossBracketOG,OG,NQ,NQ JUN26,LONG,1,26063.75,26088.00,480.64,476.28,95.3,WIN,TARGET_HIT,26039.00,495.00,2026-05-07 09:30:50
2026-01-07,2026-01-07 09:50:00,2026-01-07 10:00:00,OG,Backtest,AdxDiCrossBracketOG,OG_AdxDiCrossBracketOG,OG,NQ,NQ JUN26,LONG,1,26063.75,26088.00,480.64,476.28,95.3,WIN,TARGET_HIT,26039.00,495.00,2026-05-07 09:30:50
2026-01-09,2026-01-09 10:15:00,2026-01-09 10:15:00,OG,Backtest,AdxDiCrossBracketOG,OG_AdxDiCrossBracketOG,OG,NQ,NQ JUN26,SHORT,1,25850.50,25918.00,-1354.36,-1358.72,-271.7,LOSS,STOP_HIT,25917.50,1340.00,2026-05-07 09:30:50
2026-03-02,2026-03-02 11:15:00,2026-03-02 11:20:00,OG,Backtest,AdxDiCrossBracketOG,OG_AdxDiCrossBracketOG,OG,NQ,NQ JUN26,LONG,1,25187.00,25180.75,-129.36,-133.72,-26.7,LOSS,STOP_HIT,25101.25,1715.00,2026-05-07 09:30:50
2026-01-09,2026-01-09 10:30:00,2026-01-09 10:35:00,OG,Backtest,AdxDiCrossBracketOG,OG_AdxDiCrossBracketOG,OG,NQ,NQ JUN26,LONG,1,26009.25,26081.75,1445.64,1441.28,288.3,WIN,TARGET_HIT,25935.25,1480.00,2026-05-07 09:30:50
2026-01-12,2026-01-12 11:25:00,2026-01-12 11:35:00,OG,Backtest,AdxDiCrossBracketOG,OG_AdxDiCrossBracketOG,OG,NQ,NQ JUN26,LONG,1,26158.75,26150.00,-179.36,-183.72,-36.7,LOSS,STOP_HIT,26118.25,810.00,2026-05-07 09:30:50
2026-01-09,2026-01-09 09:55:00,2026-01-09 09:55:00,OG,Backtest,AdxDiCrossBracketOG,OG_AdxDiCrossBracketOG,OG,NQ,NQ JUN26,SHORT,1,25913.25,25965.00,-1039.36,-1043.72,-208.7,LOSS,STOP_HIT,25964.50,1025.00,2026-05-07 09:30:50
2026-01-06,2026-01-06 11:00:00,2026-01-06 11:10:00,OG,Backtest,AdxDiCrossBracketOG,OG_AdxDiCrossBracketOG,OG,NQ,NQ JUN26,SHORT,1,25909.25,25866.25,855.64,851.28,170.3,WIN,TARGET_HIT,25952.75,870.00,2026-05-07 09:30:50
2026-01-07,2026-01-07 09:50:00,2026-01-07 10:00:00,OG,Backtest,AdxDiCrossBracketOG,OG_AdxDiCrossBracketOG,OG,NQ,NQ JUN26,LONG,1,26063.75,26088.00,480.64,476.28,95.3,WIN,TARGET_HIT,26039.00,495.00,2026-05-07 09:30:50
2026-01-07,2026-01-07 10:10:00,2026-01-07 10:30:00,OG,Backtest,AdxDiCrossBracketOG,OG_AdxDiCrossBracketOG,OG,NQ,NQ JUN26,SHORT,1,26050.75,26083.75,-664.36,-668.72,-133.7,LOSS,STOP_HIT,26083.25,650.00,2026-05-07 09:30:50
2026-01-16,2026-01-16 11:40:00,2026-01-16 12:00:00,OG,Backtest,AdxDiCrossBracketOG,OG_AdxDiCrossBracketOG,OG,NQ,NQ JUN26,LONG,1,25923.75,25930.75,135.64,131.28,26.3,WIN,STOP_HIT,25871.75,1040.00,2026-05-07 09:30:50
2026-01-20,2026-01-20 11:10:00,2026-01-20 11:15:00,OG,Backtest,AdxDiCrossBracketOG,OG_AdxDiCrossBracketOG,OG,NQ,NQ JUN26,LONG,1,25587.50,25601.00,265.64,261.28,52.3,WIN,STOP_HIT,25517.25,1405.00,2026-05-07 09:30:50
2026-01-07,2026-01-07 10:10:00,2026-01-07 10:30:00,OG,Backtest,AdxDiCrossBracketOG,OG_AdxDiCrossBracketOG,OG,NQ,NQ JUN26,SHORT,1,26050.75,26083.75,-664.36,-668.72,-133.7,LOSS,STOP_HIT,26083.25,650.00,2026-05-07 09:30:50
2026-01-07,2026-01-07 10:10:00,2026-01-07 10:30:00,OG,Backtest,AdxDiCrossBracketOG,OG_AdxDiCrossBracketOG,OG,NQ,NQ JUN26,SHORT,1,26050.75,26081.00,-609.36,-613.72,-122.7,LOSS,STOP_HIT,26083.25,650.00,2026-05-07 09:30:50
2026-01-09,2026-01-09 09:45:00,2026-01-09 09:50:00,OG,Backtest,AdxDiCrossBracketOG,OG_AdxDiCrossBracketOG,OG,NQ,NQ JUN26,LONG,1,25965.00,25924.25,-819.36,-823.72,-164.7,LOSS,STOP_HIT,25924.75,805.00,2026-05-07 09:30:50
2026-01-13,2026-01-13 10:10:00,2026-01-13 10:20:00,OG,Backtest,AdxDiCrossBracketOG,OG_AdxDiCrossBracketOG,OG,NQ,NQ JUN26,SHORT,1,26138.00,26093.00,895.64,891.28,178.3,WIN,TARGET_HIT,26183.00,900.00,2026-05-07 09:30:50
2026-03-17,2026-03-17 11:15:00,2026-03-17 11:40:00,OG,Backtest,AdxDiCrossBracketOG,OG_AdxDiCrossBracketOG,OG,NQ,NQ JUN26,SHORT,1,25020.50,24968.50,1035.64,1031.28,206.3,WIN,TARGET_HIT,25074.00,1070.00,2026-05-07 09:30:50
2026-01-09,2026-01-09 10:15:00,2026-01-09 10:15:00,OG,Backtest,AdxDiCrossBracketOG,OG_AdxDiCrossBracketOG,OG,NQ,NQ JUN26,SHORT,1,25850.50,25918.00,-1354.36,-1358.72,-271.7,LOSS,STOP_HIT,25917.50,1340.00,2026-05-07 09:30:50
2026-01-09,2026-01-09 10:15:00,2026-01-09 10:15:00,OG,Backtest,AdxDiCrossBracketOG,OG_AdxDiCrossBracketOG,OG,NQ,NQ JUN26,SHORT,1,25850.50,25918.00,-1354.36,-1358.72,-271.7,LOSS,STOP_HIT,25917.50,1340.00,2026-05-07 09:30:50
2026-01-09,2026-01-09 10:30:00,2026-01-09 10:35:00,OG,Backtest,AdxDiCrossBracketOG,OG_AdxDiCrossBracketOG,OG,NQ,NQ JUN26,LONG,1,26009.25,26081.75,1445.64,1441.28,288.3,WIN,TARGET_HIT,25935.25,1480.00,2026-05-07 09:30:50
2026-01-20,2026-01-20 11:10:00,2026-01-20 11:15:00,OG,Backtest,AdxDiCrossBracketOG,OG_AdxDiCrossBracketOG,OG,NQ,NQ JUN26,LONG,1,25587.50,25601.00,265.64,261.28,52.3,WIN,STOP_HIT,25517.25,1405.00,2026-05-07 09:30:50
2026-01-28,2026-01-28 10:55:00,2026-01-28 11:15:00,OG,Backtest,AdxDiCrossBracketOG,OG_AdxDiCrossBracketOG,OG,NQ,NQ JUN26,SHORT,1,26395.25,26406.25,-224.36,-228.72,-45.7,LOSS,STOP_HIT,26445.25,1000.00,2026-05-07 09:30:50
2026-01-13,2026-01-13 10:10:00,2026-01-13 10:20:00,OG,Backtest,AdxDiCrossBracketOG,OG_AdxDiCrossBracketOG,OG,NQ,NQ JUN26,SHORT,1,26138.00,26093.00,895.64,891.28,178.3,WIN,TARGET_HIT,26183.00,900.00,2026-05-07 09:30:50
2026-01-30,2026-01-30 10:55:00,2026-01-30 11:00:00,OG,Backtest,AdxDiCrossBracketOG,OG_AdxDiCrossBracketOG,OG,NQ,NQ JUN26,LONG,1,26117.25,26072.25,-904.36,-908.72,-181.7,LOSS,STOP_HIT,26031.75,1710.00,2026-05-07 09:30:50
2026-01-09,2026-01-09 09:45:00,2026-01-09 09:50:00,OG,Backtest,AdxDiCrossBracketOG,OG_AdxDiCrossBracketOG,OG,NQ,NQ JUN26,LONG,1,25965.00,25924.25,-819.36,-823.72,-164.7,LOSS,STOP_HIT,25924.75,805.00,2026-05-07 09:30:50
2026-02-11,2026-02-11 11:05:00,2026-02-11 11:10:00,OG,Backtest,AdxDiCrossBracketOG,OG_AdxDiCrossBracketOG,OG,NQ,NQ JUN26,LONG,1,25453.50,25418.25,-709.36,-713.72,-142.7,LOSS,STOP_HIT,25363.00,1810.00,2026-05-07 09:30:50
2026-01-13,2026-01-13 10:10:00,2026-01-13 10:20:00,OG,Backtest,AdxDiCrossBracketOG,OG_AdxDiCrossBracketOG,OG,NQ,NQ JUN26,SHORT,1,26138.00,26093.00,895.64,891.28,178.3,WIN,TARGET_HIT,26183.00,900.00,2026-05-07 09:30:50
2026-01-13,2026-01-13 10:10:00,2026-01-13 10:20:00,OG,Backtest,AdxDiCrossBracketOG,OG_AdxDiCrossBracketOG,OG,NQ,NQ JUN26,SHORT,1,26138.00,26093.00,895.64,891.28,178.3,WIN,TARGET_HIT,26183.00,900.00,2026-05-07 09:30:50
2026-01-16,2026-01-16 11:40:00,2026-01-16 12:05:00,OG,Backtest,AdxDiCrossBracketOG,OG_AdxDiCrossBracketOG,OG,NQ,NQ JUN26,LONG,1,25923.75,25924.75,15.64,11.28,2.3,WIN,STOP_HIT,25871.75,1040.00,2026-05-07 09:30:50
2026-01-06,2026-01-06 11:00:00,2026-01-06 11:10:00,OG,Backtest,AdxDiCrossBracketOG,OG_AdxDiCrossBracketOG,OG,NQ,NQ JUN26,SHORT,1,25909.25,25866.25,855.64,851.28,170.3,WIN,TARGET_HIT,25952.75,870.00,2026-05-07 09:30:50
2026-01-09,2026-01-09 10:15:00,2026-01-09 10:15:00,OG,Backtest,AdxDiCrossBracketOG,OG_AdxDiCrossBracketOG,OG,NQ,NQ JUN26,SHORT,1,25850.50,25918.00,-1354.36,-1358.72,-271.7,LOSS,STOP_HIT,25917.50,1340.00,2026-05-07 09:30:50
2026-02-11,2026-02-11 10:20:00,2026-02-11 10:25:00,OG,Backtest,AdxDiCrossBracketOG,OG_AdxDiCrossBracketOG,OG,NQ,NQ JUN26,SHORT,1,25396.00,25319.50,1525.64,1521.28,304.3,WIN,TARGET_HIT,25474.50,1570.00,2026-05-07 09:30:50
2026-01-16,2026-01-16 11:40:00,2026-01-16 12:00:00,OG,Backtest,AdxDiCrossBracketOG,OG_AdxDiCrossBracketOG,OG,NQ,NQ JUN26,LONG,1,25923.75,25930.75,135.64,131.28,26.3,WIN,STOP_HIT,25871.75,1040.00,2026-05-07 09:30:50
2026-01-21,2026-01-21 11:45:00,2026-01-21 11:50:00,OG,Backtest,AdxDiCrossBracketOG,OG_AdxDiCrossBracketOG,OG,NQ,NQ JUN26,SHORT,1,25543.75,25486.50,1140.64,1136.28,227.3,WIN,TARGET_HIT,25601.50,1155.00,2026-05-07 09:30:50
2026-01-12,2026-01-12 11:25:00,2026-01-12 11:35:00,OG,Backtest,AdxDiCrossBracketOG,OG_AdxDiCrossBracketOG,OG,NQ,NQ JUN26,LONG,1,26158.75,26150.00,-179.36,-183.72,-36.7,LOSS,STOP_HIT,26118.25,810.00,2026-05-07 09:30:50
2026-01-20,2026-01-20 10:50:00,2026-01-20 10:55:00,OG,Backtest,AdxDiCrossBracketOG,OG_AdxDiCrossBracketOG,OG,NQ,NQ JUN26,LONG,1,25598.00,25559.50,-774.36,-778.72,-155.7,LOSS,STOP_HIT,25527.25,1415.00,2026-05-07 09:30:50
2026-02-05,2026-02-05 11:40:00,2026-02-05 11:50:00,OG,Backtest,AdxDiCrossBracketOG,OG_AdxDiCrossBracketOG,OG,NQ,NQ JUN26,LONG,1,25025.50,24992.25,-669.36,-673.72,-134.7,LOSS,STOP_HIT,24895.00,2610.00,2026-05-07 09:30:50
2026-01-21,2026-01-21 11:45:00,2026-01-21 11:50:00,OG,Backtest,AdxDiCrossBracketOG,OG_AdxDiCrossBracketOG,OG,NQ,NQ JUN26,SHORT,1,25543.75,25486.50,1140.64,1136.28,227.3,WIN,TARGET_HIT,25601.50,1155.00,2026-05-07 09:30:50
2026-01-28,2026-01-28 10:55:00,2026-01-28 11:10:00,OG,Backtest,AdxDiCrossBracketOG,OG_AdxDiCrossBracketOG,OG,NQ,NQ JUN26,SHORT,1,26395.25,26395.25,-4.36,-8.72,-1.7,LOSS,STOP_HIT,26445.25,1000.00,2026-05-07 09:30:50
2026-01-23,2026-01-23 10:10:00,2026-01-23 10:35:00,OG,Backtest,AdxDiCrossBracketOG,OG_AdxDiCrossBracketOG,OG,NQ,NQ JUN26,LONG,1,25921.00,25972.50,1025.64,1021.28,204.3,WIN,TARGET_HIT,25868.00,1060.00,2026-05-07 09:30:50
2026-02-03,2026-02-03 09:50:00,2026-02-03 09:50:00,OG,Backtest,AdxDiCrossBracketOG,OG_AdxDiCrossBracketOG,OG,NQ,NQ JUN26,SHORT,1,25960.75,26016.50,-1119.36,-1123.72,-224.7,LOSS,STOP_HIT,26016.00,1105.00,2026-05-07 09:30:50
2026-01-20,2026-01-20 10:50:00,2026-01-20 10:55:00,OG,Backtest,AdxDiCrossBracketOG,OG_AdxDiCrossBracketOG,OG,NQ,NQ JUN26,LONG,1,25598.00,25559.50,-774.36,-778.72,-155.7,LOSS,STOP_HIT,25527.25,1415.00,2026-05-07 09:30:50
2026-02-05,2026-02-05 11:40:00,2026-02-05 11:50:00,OG,Backtest,AdxDiCrossBracketOG,OG_AdxDiCrossBracketOG,OG,NQ,NQ JUN26,LONG,1,25025.50,24992.25,-669.36,-673.72,-134.7,LOSS,STOP_HIT,24895.00,2610.00,2026-05-07 09:30:50
2026-01-28,2026-01-28 10:55:00,2026-01-28 11:15:00,OG,Backtest,AdxDiCrossBracketOG,OG_AdxDiCrossBracketOG,OG,NQ,NQ JUN26,SHORT,1,26395.25,26406.25,-224.36,-228.72,-45.7,LOSS,STOP_HIT,26445.25,1000.00,2026-05-07 09:30:50
2026-01-20,2026-01-20 11:10:00,2026-01-20 11:15:00,OG,Backtest,AdxDiCrossBracketOG,OG_AdxDiCrossBracketOG,OG,NQ,NQ JUN26,LONG,1,25587.50,25601.00,265.64,261.28,52.3,WIN,STOP_HIT,25517.25,1405.00,2026-05-07 09:30:50
2026-02-17,2026-02-17 11:10:00,2026-02-17 11:15:00,OG,Backtest,AdxDiCrossBracketOG,OG_AdxDiCrossBracketOG,OG,NQ,NQ JUN26,LONG,1,24861.25,24960.75,1985.64,1981.28,396.3,WIN,TARGET_HIT,24760.25,2020.00,2026-05-07 09:30:50
2026-03-02,2026-03-02 11:15:00,2026-03-02 11:20:00,OG,Backtest,AdxDiCrossBracketOG,OG_AdxDiCrossBracketOG,OG,NQ,NQ JUN26,LONG,1,25187.00,25180.75,-129.36,-133.72,-26.7,LOSS,STOP_HIT,25101.25,1715.00,2026-05-07 09:30:50
2026-02-24,2026-02-24 10:15:00,2026-02-24 10:30:00,OG,Backtest,AdxDiCrossBracketOG,OG_AdxDiCrossBracketOG,OG,NQ,NQ JUN26,LONG,1,25109.25,25175.00,1310.64,1306.28,261.3,WIN,TARGET_HIT,25042.00,1345.00,2026-05-07 09:30:50
2026-02-24,2026-02-24 09:50:00,2026-02-24 10:05:00,OG,Backtest,AdxDiCrossBracketOG,OG_AdxDiCrossBracketOG,OG,NQ,NQ JUN26,LONG,1,25120.50,25062.00,-1174.36,-1178.72,-235.7,LOSS,STOP_HIT,25062.50,1160.00,2026-05-07 09:30:50
2026-02-05,2026-02-05 11:40:00,2026-02-05 11:50:00,OG,Backtest,AdxDiCrossBracketOG,OG_AdxDiCrossBracketOG,OG,NQ,NQ JUN26,LONG,1,25025.50,24992.25,-669.36,-673.72,-134.7,LOSS,STOP_HIT,24895.00,2610.00,2026-05-07 09:30:50
2026-02-11,2026-02-11 11:20:00,2026-02-11 11:25:00,OG,Backtest,AdxDiCrossBracketOG,OG_AdxDiCrossBracketOG,OG,NQ,NQ JUN26,LONG,1,25468.00,25457.75,-209.36,-213.72,-42.7,LOSS,STOP_HIT,25376.75,1825.00,2026-05-07 09:30:50
2026-02-13,2026-02-13 10:35:00,2026-02-13 10:50:00,OG,Backtest,AdxDiCrossBracketOG,OG_AdxDiCrossBracketOG,OG,NQ,NQ JUN26,LONG,1,25058.00,24983.00,-1504.36,-1508.72,-301.7,LOSS,STOP_HIT,24952.50,2110.00,2026-05-07 09:30:50
2026-02-11,2026-02-11 10:20:00,2026-02-11 10:25:00,OG,Backtest,AdxDiCrossBracketOG,OG_AdxDiCrossBracketOG,OG,NQ,NQ JUN26,SHORT,1,25396.00,25319.50,1525.64,1521.28,304.3,WIN,TARGET_HIT,25474.50,1570.00,2026-05-07 09:30:50
2026-02-11,2026-02-11 10:20:00,2026-02-11 10:25:00,OG,Backtest,AdxDiCrossBracketOG,OG_AdxDiCrossBracketOG,OG,NQ,NQ JUN26,SHORT,1,25396.00,25319.50,1525.64,1521.28,304.3,WIN,TARGET_HIT,25474.50,1570.00,2026-05-07 09:30:50
2026-03-03,2026-03-03 11:25:00,2026-03-03 11:40:00,OG,Backtest,AdxDiCrossBracketOG,OG_AdxDiCrossBracketOG,OG,NQ,NQ JUN26,LONG,1,24794.50,24817.25,450.64,446.28,89.3,WIN,STOP_HIT,24689.25,2105.00,2026-05-07 09:30:50
2026-02-11,2026-02-11 11:20:00,2026-02-11 11:25:00,OG,Backtest,AdxDiCrossBracketOG,OG_AdxDiCrossBracketOG,OG,NQ,NQ JUN26,LONG,1,25468.00,25457.75,-209.36,-213.72,-42.7,LOSS,STOP_HIT,25376.75,1825.00,2026-05-07 09:30:50
2026-02-17,2026-02-17 11:10:00,2026-02-17 11:15:00,OG,Backtest,AdxDiCrossBracketOG,OG_AdxDiCrossBracketOG,OG,NQ,NQ JUN26,LONG,1,24861.25,24960.75,1985.64,1981.28,396.3,WIN,TARGET_HIT,24760.25,2020.00,2026-05-07 09:30:50
2026-03-02,2026-03-02 11:15:00,2026-03-02 11:20:00,OG,Backtest,AdxDiCrossBracketOG,OG_AdxDiCrossBracketOG,OG,NQ,NQ JUN26,LONG,1,25187.00,25180.75,-129.36,-133.72,-26.7,LOSS,STOP_HIT,25101.25,1715.00,2026-05-07 09:30:50
2026-02-24,2026-02-24 10:10:00,2026-02-24 10:10:00,OG,Backtest,AdxDiCrossBracketOG,OG_AdxDiCrossBracketOG,OG,NQ,NQ JUN26,SHORT,1,25048.75,25114.00,-1309.36,-1313.72,-262.7,LOSS,STOP_HIT,25113.50,1295.00,2026-05-07 09:30:50
2026-01-30,2026-01-30 10:55:00,2026-01-30 11:00:00,OG,Backtest,AdxDiCrossBracketOG,OG_AdxDiCrossBracketOG,OG,NQ,NQ JUN26,LONG,1,26117.25,26072.25,-904.36,-908.72,-181.7,LOSS,STOP_HIT,26031.75,1710.00,2026-05-07 09:30:50
2026-03-17,2026-03-17 11:15:00,2026-03-17 11:40:00,OG,Backtest,AdxDiCrossBracketOG,OG_AdxDiCrossBracketOG,OG,NQ,NQ JUN26,SHORT,1,25020.50,24968.50,1035.64,1031.28,206.3,WIN,TARGET_HIT,25074.00,1070.00,2026-05-07 09:30:50
2026-02-17,2026-02-17 11:10:00,2026-02-17 11:15:00,OG,Backtest,AdxDiCrossBracketOG,OG_AdxDiCrossBracketOG,OG,NQ,NQ JUN26,LONG,1,24861.25,24960.75,1985.64,1981.28,396.3,WIN,TARGET_HIT,24760.25,2020.00,2026-05-07 09:30:51
2026-03-24,2026-03-24 11:00:00,2026-03-24 11:00:00,OG,Backtest,AdxDiCrossBracketOG,OG_AdxDiCrossBracketOG,OG,NQ,NQ JUN26,LONG,1,24281.50,24186.50,-1904.36,-1908.72,-381.7,LOSS,STOP_HIT,24187.00,1890.00,2026-05-07 09:30:51
2026-02-24,2026-02-24 10:10:00,2026-02-24 10:10:00,OG,Backtest,AdxDiCrossBracketOG,OG_AdxDiCrossBracketOG,OG,NQ,NQ JUN26,SHORT,1,25048.75,25114.00,-1309.36,-1313.72,-262.7,LOSS,STOP_HIT,25113.50,1295.00,2026-05-07 09:30:51
2026-03-03,2026-03-03 11:25:00,2026-03-03 11:40:00,OG,Backtest,AdxDiCrossBracketOG,OG_AdxDiCrossBracketOG,OG,NQ,NQ JUN26,LONG,1,24794.50,24817.25,450.64,446.28,89.3,WIN,STOP_HIT,24689.25,2105.00,2026-05-07 09:30:51
2026-02-24,2026-02-24 10:15:00,2026-02-24 10:30:00,OG,Backtest,AdxDiCrossBracketOG,OG_AdxDiCrossBracketOG,OG,NQ,NQ JUN26,LONG,1,25109.25,25175.00,1310.64,1306.28,261.3,WIN,TARGET_HIT,25042.00,1345.00,2026-05-07 09:30:51
2026-03-09,2026-03-09 10:45:00,2026-03-09 11:05:00,OG,Backtest,AdxDiCrossBracketOG,OG_AdxDiCrossBracketOG,OG,NQ,NQ JUN26,LONG,1,24692.00,24797.25,2100.64,2096.28,419.3,WIN,TARGET_HIT,24587.25,2095.00,2026-05-07 09:30:51
2026-03-09,2026-03-09 10:45:00,2026-03-09 11:05:00,OG,Backtest,AdxDiCrossBracketOG,OG_AdxDiCrossBracketOG,OG,NQ,NQ JUN26,LONG,1,24692.00,24797.25,2100.64,2096.28,419.3,WIN,TARGET_HIT,24587.25,2095.00,2026-05-07 09:30:51
2026-01-09,2026-01-09 09:45:00,2026-01-09 09:50:00,OG,Backtest,AdxDiCrossBracketOG,OG_AdxDiCrossBracketOG,OG,NQ,NQ JUN26,LONG,1,25965.00,25924.25,-819.36,-823.72,-164.7,LOSS,STOP_HIT,25924.75,805.00,2026-05-07 09:30:51
2026-03-27,2026-03-27 11:40:00,2026-03-27 12:05:00,OG,Backtest,AdxDiCrossBracketOG,OG_AdxDiCrossBracketOG,OG,NQ,NQ JUN26,LONG,1,23597.00,23536.00,-1224.36,-1228.72,-245.7,LOSS,STOP_HIT,23514.00,1660.00,2026-05-07 09:30:51
2026-03-12,2026-03-12 11:50:00,2026-03-12 11:55:00,OG,Backtest,AdxDiCrossBracketOG,OG_AdxDiCrossBracketOG,OG,NQ,NQ JUN26,LONG,1,24898.00,24865.50,-654.36,-658.72,-131.7,LOSS,STOP_HIT,24818.25,1595.00,2026-05-07 09:30:51
2026-01-09,2026-01-09 09:55:00,2026-01-09 09:55:00,OG,Backtest,AdxDiCrossBracketOG,OG_AdxDiCrossBracketOG,OG,NQ,NQ JUN26,SHORT,1,25913.25,25965.00,-1039.36,-1043.72,-208.7,LOSS,STOP_HIT,25964.50,1025.00,2026-05-07 09:30:51
2026-04-02,2026-04-02 10:45:00,2026-04-02 10:55:00,OG,Backtest,AdxDiCrossBracketOG,OG_AdxDiCrossBracketOG,OG,NQ,NQ JUN26,LONG,1,24210.25,24096.25,-2284.36,-2288.72,-457.7,LOSS,STOP_HIT,24096.75,2270.00,2026-05-07 09:30:51
2026-03-12,2026-03-12 11:50:00,2026-03-12 11:55:00,OG,Backtest,AdxDiCrossBracketOG,OG_AdxDiCrossBracketOG,OG,NQ,NQ JUN26,LONG,1,24898.00,24865.50,-654.36,-658.72,-131.7,LOSS,STOP_HIT,24818.25,1595.00,2026-05-07 09:30:51
2026-03-27,2026-03-27 11:40:00,2026-03-27 12:05:00,OG,Backtest,AdxDiCrossBracketOG,OG_AdxDiCrossBracketOG,OG,NQ,NQ JUN26,LONG,1,23597.00,23536.00,-1224.36,-1228.72,-245.7,LOSS,STOP_HIT,23514.00,1660.00,2026-05-07 09:30:51
2026-03-13,2026-03-13 10:50:00,2026-03-13 11:00:00,OG,Backtest,AdxDiCrossBracketOG,OG_AdxDiCrossBracketOG,OG,NQ,NQ JUN26,SHORT,1,24805.00,24730.50,1485.64,1481.28,296.3,WIN,TARGET_HIT,24878.00,1460.00,2026-05-07 09:30:51
2026-02-24,2026-02-24 10:15:00,2026-02-24 10:30:00,OG,Backtest,AdxDiCrossBracketOG,OG_AdxDiCrossBracketOG,OG,NQ,NQ JUN26,LONG,1,25109.25,25175.00,1310.64,1306.28,261.3,WIN,TARGET_HIT,25042.00,1345.00,2026-05-07 09:30:51
2026-04-13,2026-04-13 10:00:00,2026-04-13 10:05:00,OG,Backtest,AdxDiCrossBracketOG,OG_AdxDiCrossBracketOG,OG,NQ,NQ JUN26,LONG,1,25271.50,25323.25,1030.64,1026.28,205.3,WIN,TARGET_HIT,25218.25,1065.00,2026-05-07 09:30:51
2026-04-07,2026-04-07 11:40:00,2026-04-07 12:05:00,OG,Backtest,AdxDiCrossBracketOG,OG_AdxDiCrossBracketOG,OG,NQ,NQ JUN26,LONG,1,24071.50,24140.75,1380.64,1376.28,275.3,WIN,TARGET_HIT,24001.75,1395.00,2026-05-07 09:30:51
2026-01-09,2026-01-09 10:30:00,2026-01-09 10:35:00,OG,Backtest,AdxDiCrossBracketOG,OG_AdxDiCrossBracketOG,OG,NQ,NQ JUN26,LONG,1,26009.25,26081.75,1445.64,1441.28,288.3,WIN,TARGET_HIT,25935.25,1480.00,2026-05-07 09:30:51
2026-03-27,2026-03-27 11:40:00,2026-03-27 12:10:00,OG,Backtest,AdxDiCrossBracketOG,OG_AdxDiCrossBracketOG,OG,NQ,NQ JUN26,LONG,1,23597.00,23538.50,-1174.36,-1178.72,-235.7,LOSS,STOP_HIT,23514.00,1660.00,2026-05-07 09:30:51
2026-03-27,2026-03-27 11:40:00,2026-03-27 12:05:00,OG,Backtest,AdxDiCrossBracketOG,OG_AdxDiCrossBracketOG,OG,NQ,NQ JUN26,LONG,1,23597.00,23536.00,-1224.36,-1228.72,-245.7,LOSS,STOP_HIT,23514.00,1660.00,2026-05-07 09:30:51
2026-03-27,2026-03-27 11:40:00,2026-03-27 12:05:00,OG,Backtest,AdxDiCrossBracketOG,OG_AdxDiCrossBracketOG,OG,NQ,NQ JUN26,LONG,1,23597.00,23536.00,-1224.36,-1228.72,-245.7,LOSS,STOP_HIT,23514.00,1660.00,2026-05-07 09:30:51
2026-04-13,2026-04-13 10:00:00,2026-04-13 10:05:00,OG,Backtest,AdxDiCrossBracketOG,OG_AdxDiCrossBracketOG,OG,NQ,NQ JUN26,LONG,1,25271.50,25323.25,1030.64,1026.28,205.3,WIN,TARGET_HIT,25218.25,1065.00,2026-05-07 09:30:51
2026-04-21,2026-04-21 11:05:00,2026-04-21 11:05:00,OG,Backtest,AdxDiCrossBracketOG,OG_AdxDiCrossBracketOG,OG,NQ,NQ JUN26,SHORT,1,26737.25,26684.75,1045.64,1041.28,208.3,WIN,TARGET_HIT,26788.75,1030.00,2026-05-07 09:30:51
2026-04-06,2026-04-06 11:35:00,2026-04-06 11:50:00,OG,Backtest,AdxDiCrossBracketOG,OG_AdxDiCrossBracketOG,OG,NQ,NQ JUN26,SHORT,1,24280.75,24293.50,-259.36,-263.72,-52.7,LOSS,STOP_HIT,24348.00,1345.00,2026-05-07 09:30:51
2026-03-25,2026-03-25 11:20:00,2026-03-25 11:20:00,OG,Backtest,AdxDiCrossBracketOG,OG_AdxDiCrossBracketOG,OG,NQ,NQ JUN26,SHORT,1,24386.00,24311.00,1495.64,1491.28,298.3,WIN,TARGET_HIT,24463.50,1550.00,2026-05-07 09:30:51
2026-03-25,2026-03-25 11:20:00,2026-03-25 11:20:00,OG,Backtest,AdxDiCrossBracketOG,OG_AdxDiCrossBracketOG,OG,NQ,NQ JUN26,SHORT,1,24386.00,24311.00,1495.64,1491.28,298.3,WIN,TARGET_HIT,24463.50,1550.00,2026-05-07 09:30:51
2026-04-16,2026-04-16 10:15:00,2026-04-16 10:50:00,OG,Backtest,AdxDiCrossBracketOG,OG_AdxDiCrossBracketOG,OG,NQ,NQ JUN26,LONG,1,26347.25,26398.25,1015.64,1011.28,202.3,WIN,TARGET_HIT,26294.25,1060.00,2026-05-07 09:30:51
2026-03-13,2026-03-13 10:50:00,2026-03-13 11:00:00,OG,Backtest,AdxDiCrossBracketOG,OG_AdxDiCrossBracketOG,OG,NQ,NQ JUN26,SHORT,1,24805.00,24730.50,1485.64,1481.28,296.3,WIN,TARGET_HIT,24878.00,1460.00,2026-05-07 09:30:51
2026-03-25,2026-03-25 11:20:00,2026-03-25 11:20:00,OG,Backtest,AdxDiCrossBracketOG,OG_AdxDiCrossBracketOG,OG,NQ,NQ JUN26,SHORT,1,24386.00,24311.00,1495.64,1491.28,298.3,WIN,TARGET_HIT,24463.50,1550.00,2026-05-07 09:30:51
2026-04-02,2026-04-02 10:45:00,2026-04-02 10:55:00,OG,Backtest,AdxDiCrossBracketOG,OG_AdxDiCrossBracketOG,OG,NQ,NQ JUN26,LONG,1,24210.25,24096.25,-2284.36,-2288.72,-457.7,LOSS,STOP_HIT,24096.75,2270.00,2026-05-07 09:30:51
2026-05-04,2026-05-04 11:05:00,2026-05-04 11:20:00,OG,Backtest,AdxDiCrossBracketOG,OG_AdxDiCrossBracketOG,OG,NQ,NQ JUN26,SHORT,1,27881.50,27830.25,1020.64,1016.28,203.3,WIN,TARGET_HIT,27933.75,1045.00,2026-05-07 09:30:51
2026-04-10,2026-04-10 11:45:00,2026-04-10 12:00:00,OG,Backtest,AdxDiCrossBracketOG,OG_AdxDiCrossBracketOG,OG,NQ,NQ JUN26,SHORT,1,25301.50,25253.75,950.64,946.28,189.3,WIN,TARGET_HIT,25350.25,975.00,2026-05-07 09:30:51
2026-05-01,2026-05-01 11:10:00,2026-05-01 11:20:00,OG,Backtest,AdxDiCrossBracketOG,OG_AdxDiCrossBracketOG,OG,NQ,NQ JUN26,SHORT,1,27795.25,27837.25,-844.36,-848.72,-169.7,LOSS,STOP_HIT,27857.00,1235.00,2026-05-07 09:30:51
2026-04-06,2026-04-06 10:55:00,2026-04-06 11:05:00,OG,Backtest,AdxDiCrossBracketOG,OG_AdxDiCrossBracketOG,OG,NQ,NQ JUN26,SHORT,1,24269.25,24306.75,-754.36,-758.72,-151.7,LOSS,STOP_HIT,24347.00,1555.00,2026-05-07 09:30:51
2026-03-24,2026-03-24 11:00:00,2026-03-24 11:00:00,OG,Backtest,AdxDiCrossBracketOG,OG_AdxDiCrossBracketOG,OG,NQ,NQ JUN26,LONG,1,24281.50,24186.50,-1904.36,-1908.72,-381.7,LOSS,STOP_HIT,24187.00,1890.00,2026-05-07 09:30:51
2026-04-06,2026-04-06 11:35:00,2026-04-06 11:50:00,OG,Backtest,AdxDiCrossBracketOG,OG_AdxDiCrossBracketOG,OG,NQ,NQ JUN26,SHORT,1,24280.75,24293.50,-259.36,-263.72,-52.7,LOSS,STOP_HIT,24348.00,1345.00,2026-05-07 09:30:51
2026-03-25,2026-03-25 11:20:00,2026-03-25 11:20:00,OG,Backtest,AdxDiCrossBracketOG,OG_AdxDiCrossBracketOG,OG,NQ,NQ JUN26,SHORT,1,24386.00,24311.00,1495.64,1491.28,298.3,WIN,TARGET_HIT,24463.50,1550.00,2026-05-07 09:30:51
2026-04-16,2026-04-16 10:15:00,2026-04-16 10:50:00,OG,Backtest,AdxDiCrossBracketOG,OG_AdxDiCrossBracketOG,OG,NQ,NQ JUN26,LONG,1,26347.25,26398.25,1015.64,1011.28,202.3,WIN,TARGET_HIT,26294.25,1060.00,2026-05-07 09:30:51
2026-04-10,2026-04-10 11:45:00,2026-04-10 12:00:00,OG,Backtest,AdxDiCrossBracketOG,OG_AdxDiCrossBracketOG,OG,NQ,NQ JUN26,SHORT,1,25301.50,25253.75,950.64,946.28,189.3,WIN,TARGET_HIT,25350.25,975.00,2026-05-07 09:30:51
2026-04-29,2026-04-29 11:15:00,2026-04-29 11:20:00,OG,Backtest,AdxDiCrossBracketOG,OG_AdxDiCrossBracketOG,OG,NQ,NQ JUN26,SHORT,1,27249.50,27231.00,365.64,361.28,72.3,WIN,STOP_HIT,27295.00,910.00,2026-05-07 09:30:51
2026-05-04,2026-05-04 11:05:00,2026-05-04 11:20:00,OG,Backtest,AdxDiCrossBracketOG,OG_AdxDiCrossBracketOG,OG,NQ,NQ JUN26,SHORT,1,27881.50,27830.25,1020.64,1016.28,203.3,WIN,TARGET_HIT,27933.75,1045.00,2026-05-07 09:30:51
2026-04-16,2026-04-16 10:00:00,2026-04-16 10:05:00,OG,Backtest,AdxDiCrossBracketOG,OG_AdxDiCrossBracketOG,OG,NQ,NQ JUN26,SHORT,1,26282.00,26330.25,-969.36,-973.72,-194.7,LOSS,STOP_HIT,26329.75,955.00,2026-05-07 09:30:51
2026-02-03,2026-02-03 09:50:00,2026-02-03 09:50:00,OG,Backtest,AdxDiCrossBracketOG,OG_AdxDiCrossBracketOG,OG,NQ,NQ JUN26,SHORT,1,25960.75,26016.50,-1119.36,-1123.72,-224.7,LOSS,STOP_HIT,26016.00,1105.00,2026-05-07 09:30:51
2026-04-29,2026-04-29 11:15:00,2026-04-29 11:20:00,OG,Backtest,AdxDiCrossBracketOG,OG_AdxDiCrossBracketOG,OG,NQ,NQ JUN26,SHORT,1,27249.50,27231.00,365.64,361.28,72.3,WIN,STOP_HIT,27295.00,910.00,2026-05-07 09:30:51
2026-04-07,2026-04-07 11:40:00,2026-04-07 12:05:00,OG,Backtest,AdxDiCrossBracketOG,OG_AdxDiCrossBracketOG,OG,NQ,NQ JUN26,LONG,1,24071.50,24140.75,1380.64,1376.28,275.3,WIN,TARGET_HIT,24001.75,1395.00,2026-05-07 09:30:51
2026-04-21,2026-04-21 11:05:00,2026-04-21 11:05:00,OG,Backtest,AdxDiCrossBracketOG,OG_AdxDiCrossBracketOG,OG,NQ,NQ JUN26,SHORT,1,26737.25,26684.75,1045.64,1041.28,208.3,WIN,TARGET_HIT,26788.75,1030.00,2026-05-07 09:30:51
2026-04-29,2026-04-29 11:15:00,2026-04-29 11:20:00,OG,Backtest,AdxDiCrossBracketOG,OG_AdxDiCrossBracketOG,OG,NQ,NQ JUN26,SHORT,1,27249.50,27231.00,365.64,361.28,72.3,WIN,STOP_HIT,27295.00,910.00,2026-05-07 09:30:51
2026-05-04,2026-05-04 11:05:00,2026-05-04 11:20:00,OG,Backtest,AdxDiCrossBracketOG,OG_AdxDiCrossBracketOG,OG,NQ,NQ JUN26,SHORT,1,27881.50,27830.25,1020.64,1016.28,203.3,WIN,TARGET_HIT,27933.75,1045.00,2026-05-07 09:30:51
2026-04-16,2026-04-16 10:15:00,2026-04-16 10:50:00,OG,Backtest,AdxDiCrossBracketOG,OG_AdxDiCrossBracketOG,OG,NQ,NQ JUN26,LONG,1,26347.25,26398.25,1015.64,1011.28,202.3,WIN,TARGET_HIT,26294.25,1060.00,2026-05-07 09:30:51
2026-01-09,2026-01-09 09:45:00,2026-01-09 09:50:00,OG,Backtest,AdxDiCrossBracketOG,OG_AdxDiCrossBracketOG,OG,NQ,NQ JUN26,LONG,1,25965.00,25924.25,-819.36,-823.72,-164.7,LOSS,STOP_HIT,25924.75,805.00,2026-05-07 09:30:51
2026-02-24,2026-02-24 10:10:00,2026-02-24 10:10:00,OG,Backtest,AdxDiCrossBracketOG,OG_AdxDiCrossBracketOG,OG,NQ,NQ JUN26,SHORT,1,25048.75,25114.00,-1309.36,-1313.72,-262.7,LOSS,STOP_HIT,25113.50,1295.00,2026-05-07 09:30:51
2026-02-10,2026-02-10 09:45:00,2026-02-10 09:45:00,OG,Backtest,AdxDiCrossBracketOG,OG_AdxDiCrossBracketOG,OG,NQ,NQ JUN26,SHORT,1,25535.25,25500.25,695.64,691.28,138.3,WIN,TARGET_HIT,25571.75,730.00,2026-05-07 09:30:51
2026-01-06,2026-01-06 11:00:00,2026-01-06 11:10:00,OG,Backtest,AdxDiCrossBracketOG,OG_AdxDiCrossBracketOG,OG,NQ,NQ JUN26,SHORT,1,25909.25,25866.25,855.64,851.28,170.3,WIN,TARGET_HIT,25952.75,870.00,2026-05-07 09:30:51
2026-03-09,2026-03-09 10:45:00,2026-03-09 11:05:00,OG,Backtest,AdxDiCrossBracketOG,OG_AdxDiCrossBracketOG,OG,NQ,NQ JUN26,LONG,1,24692.00,24797.25,2100.64,2096.28,419.3,WIN,TARGET_HIT,24587.25,2095.00,2026-05-07 09:30:51
2026-02-13,2026-02-13 10:35:00,2026-02-13 10:50:00,OG,Backtest,AdxDiCrossBracketOG,OG_AdxDiCrossBracketOG,OG,NQ,NQ JUN26,LONG,1,25058.00,24983.00,-1504.36,-1508.72,-301.7,LOSS,STOP_HIT,24952.50,2110.00,2026-05-07 09:30:51
2026-03-12,2026-03-12 11:50:00,2026-03-12 11:55:00,OG,Backtest,AdxDiCrossBracketOG,OG_AdxDiCrossBracketOG,OG,NQ,NQ JUN26,LONG,1,24898.00,24865.50,-654.36,-658.72,-131.7,LOSS,STOP_HIT,24818.25,1595.00,2026-05-07 09:30:51
2026-02-24,2026-02-24 10:15:00,2026-02-24 10:30:00,OG,Backtest,AdxDiCrossBracketOG,OG_AdxDiCrossBracketOG,OG,NQ,NQ JUN26,LONG,1,25109.25,25175.00,1310.64,1306.28,261.3,WIN,TARGET_HIT,25042.00,1345.00,2026-05-07 09:30:51
2026-01-07,2026-01-07 09:50:00,2026-01-07 10:00:00,OG,Backtest,AdxDiCrossBracketOG,OG_AdxDiCrossBracketOG,OG,NQ,NQ JUN26,LONG,1,26063.75,26088.00,480.64,476.28,95.3,WIN,TARGET_HIT,26039.00,495.00,2026-05-07 09:30:51
2026-03-17,2026-03-17 11:15:00,2026-03-17 11:40:00,OG,Backtest,AdxDiCrossBracketOG,OG_AdxDiCrossBracketOG,OG,NQ,NQ JUN26,SHORT,1,25020.50,24968.50,1035.64,1031.28,206.3,WIN,TARGET_HIT,25074.00,1070.00,2026-05-07 09:30:51
2026-01-09,2026-01-09 09:45:00,2026-01-09 09:50:00,OG,Backtest,AdxDiCrossBracketOG,OG_AdxDiCrossBracketOG,OG,NQ,NQ JUN26,LONG,1,25965.00,25924.25,-819.36,-823.72,-164.7,LOSS,STOP_HIT,25924.75,805.00,2026-05-07 09:30:51
2026-01-09,2026-01-09 09:45:00,2026-01-09 09:50:00,OG,Backtest,AdxDiCrossBracketOG,OG_AdxDiCrossBracketOG,OG,NQ,NQ JUN26,LONG,1,25965.00,25910.75,-1089.36,-1093.72,-218.7,LOSS,STOP_HIT,25911.25,1075.00,2026-05-07 09:30:51
2026-01-12,2026-01-12 11:25:00,2026-01-12 11:35:00,OG,Backtest,AdxDiCrossBracketOG,OG_AdxDiCrossBracketOG,OG,NQ,NQ JUN26,LONG,1,26158.75,26150.00,-179.36,-183.72,-36.7,LOSS,STOP_HIT,26118.25,810.00,2026-05-07 09:30:51
2026-01-09,2026-01-09 09:55:00,2026-01-09 09:55:00,OG,Backtest,AdxDiCrossBracketOG,OG_AdxDiCrossBracketOG,OG,NQ,NQ JUN26,SHORT,1,25913.25,25965.00,-1039.36,-1043.72,-208.7,LOSS,STOP_HIT,25964.50,1025.00,2026-05-07 09:30:51
2026-03-03,2026-03-03 11:25:00,2026-03-03 11:40:00,OG,Backtest,AdxDiCrossBracketOG,OG_AdxDiCrossBracketOG,OG,NQ,NQ JUN26,LONG,1,24794.50,24817.25,450.64,446.28,89.3,WIN,STOP_HIT,24689.25,2105.00,2026-05-07 09:30:51
2026-03-09,2026-03-09 10:45:00,2026-03-09 11:05:00,OG,Backtest,AdxDiCrossBracketOG,OG_AdxDiCrossBracketOG,OG,NQ,NQ JUN26,LONG,1,24692.00,24797.25,2100.64,2096.28,419.3,WIN,TARGET_HIT,24587.25,2095.00,2026-05-07 09:30:51
2026-01-30,2026-01-30 10:55:00,2026-01-30 11:00:00,OG,Backtest,AdxDiCrossBracketOG,OG_AdxDiCrossBracketOG,OG,NQ,NQ JUN26,LONG,1,26117.25,26072.25,-904.36,-908.72,-181.7,LOSS,STOP_HIT,26031.75,1710.00,2026-05-07 09:30:51
2026-01-09,2026-01-09 10:15:00,2026-01-09 10:15:00,OG,Backtest,AdxDiCrossBracketOG,OG_AdxDiCrossBracketOG,OG,NQ,NQ JUN26,SHORT,1,25850.50,25939.75,-1789.36,-1793.72,-358.7,LOSS,STOP_HIT,25939.25,1775.00,2026-05-07 09:30:51
2026-03-25,2026-03-25 11:20:00,2026-03-25 11:20:00,OG,Backtest,AdxDiCrossBracketOG,OG_AdxDiCrossBracketOG,OG,NQ,NQ JUN26,SHORT,1,24386.00,24311.00,1495.64,1491.28,298.3,WIN,TARGET_HIT,24463.50,1550.00,2026-05-07 09:30:51
2026-04-06,2026-04-06 11:35:00,2026-04-06 11:50:00,OG,Backtest,AdxDiCrossBracketOG,OG_AdxDiCrossBracketOG,OG,NQ,NQ JUN26,SHORT,1,24280.75,24293.50,-259.36,-263.72,-52.7,LOSS,STOP_HIT,24348.00,1345.00,2026-05-07 09:30:51
2026-03-17,2026-03-17 11:15:00,2026-03-17 11:40:00,OG,Backtest,AdxDiCrossBracketOG,OG_AdxDiCrossBracketOG,OG,NQ,NQ JUN26,SHORT,1,25020.50,24968.50,1035.64,1031.28,206.3,WIN,TARGET_HIT,25074.00,1070.00,2026-05-07 09:30:51
2026-03-27,2026-03-27 11:40:00,2026-03-27 12:05:00,OG,Backtest,AdxDiCrossBracketOG,OG_AdxDiCrossBracketOG,OG,NQ,NQ JUN26,LONG,1,23597.00,23536.00,-1224.36,-1228.72,-245.7,LOSS,STOP_HIT,23514.00,1660.00,2026-05-07 09:30:51
2026-02-11,2026-02-11 10:20:00,2026-02-11 10:25:00,OG,Backtest,AdxDiCrossBracketOG,OG_AdxDiCrossBracketOG,OG,NQ,NQ JUN26,SHORT,1,25396.00,25319.50,1525.64,1521.28,304.3,WIN,TARGET_HIT,25474.50,1570.00,2026-05-07 09:30:51
2026-02-17,2026-02-17 11:10:00,2026-02-17 11:15:00,OG,Backtest,AdxDiCrossBracketOG,OG_AdxDiCrossBracketOG,OG,NQ,NQ JUN26,LONG,1,24861.25,24960.75,1985.64,1981.28,396.3,WIN,TARGET_HIT,24760.25,2020.00,2026-05-07 09:30:51
2026-01-20,2026-01-20 10:50:00,2026-01-20 10:55:00,OG,Backtest,AdxDiCrossBracketOG,OG_AdxDiCrossBracketOG,OG,NQ,NQ JUN26,LONG,1,25598.00,25559.50,-774.36,-778.72,-155.7,LOSS,STOP_HIT,25503.75,1885.00,2026-05-07 09:30:51
2026-01-06,2026-01-06 11:00:00,2026-01-06 11:10:00,OG,Backtest,AdxDiCrossBracketOG,OG_AdxDiCrossBracketOG,OG,NQ,NQ JUN26,SHORT,1,25909.25,25852.00,1140.64,1136.28,227.3,WIN,TARGET_HIT,25967.00,1155.00,2026-05-07 09:30:51
2026-01-20,2026-01-20 11:10:00,2026-01-20 11:15:00,OG,Backtest,AdxDiCrossBracketOG,OG_AdxDiCrossBracketOG,OG,NQ,NQ JUN26,LONG,1,25587.50,25601.00,265.64,261.28,52.3,WIN,STOP_HIT,25494.00,1870.00,2026-05-07 09:30:51
2026-01-09,2026-01-09 09:45:00,2026-01-09 09:50:00,OG,Backtest,AdxDiCrossBracketOG,OG_AdxDiCrossBracketOG,OG,NQ,NQ JUN26,LONG,1,25965.00,25924.25,-819.36,-823.72,-164.7,LOSS,STOP_HIT,25924.75,805.00,2026-05-07 09:30:51
2026-01-06,2026-01-06 11:00:00,2026-01-06 11:10:00,OG,Backtest,AdxDiCrossBracketOG,OG_AdxDiCrossBracketOG,OG,NQ,NQ JUN26,SHORT,1,25909.25,25852.00,1140.64,1136.28,227.3,WIN,TARGET_HIT,25967.00,1155.00,2026-05-07 09:30:51
2026-02-03,2026-02-03 09:50:00,2026-02-03 09:50:00,OG,Backtest,AdxDiCrossBracketOG,OG_AdxDiCrossBracketOG,OG,NQ,NQ JUN26,SHORT,1,25960.75,26016.50,-1119.36,-1123.72,-224.7,LOSS,STOP_HIT,26016.00,1105.00,2026-05-07 09:30:51
2026-01-06,2026-01-06 11:00:00,2026-01-06 11:10:00,OG,Backtest,AdxDiCrossBracketOG,OG_AdxDiCrossBracketOG,OG,NQ,NQ JUN26,SHORT,1,25909.25,25866.25,855.64,851.28,170.3,WIN,TARGET_HIT,25952.75,870.00,2026-05-07 09:30:51
2026-02-05,2026-02-05 11:40:00,2026-02-05 11:50:00,OG,Backtest,AdxDiCrossBracketOG,OG_AdxDiCrossBracketOG,OG,NQ,NQ JUN26,LONG,1,25025.50,24992.25,-669.36,-673.72,-134.7,LOSS,STOP_HIT,24895.00,2610.00,2026-05-07 09:30:51
2026-01-09,2026-01-09 10:10:00,2026-01-09 10:10:00,OG,Backtest,AdxDiCrossBracketOG,OG_AdxDiCrossBracketOG,OG,NQ,NQ JUN26,LONG,1,25921.75,25842.50,-1589.36,-1593.72,-318.7,LOSS,STOP_HIT,25843.00,1575.00,2026-05-07 09:30:51
2026-01-09,2026-01-09 09:55:00,2026-01-09 09:55:00,OG,Backtest,AdxDiCrossBracketOG,OG_AdxDiCrossBracketOG,OG,NQ,NQ JUN26,SHORT,1,25913.25,25965.00,-1039.36,-1043.72,-208.7,LOSS,STOP_HIT,25964.50,1025.00,2026-05-07 09:30:51
2026-01-06,2026-01-06 11:00:00,2026-01-06 11:10:00,OG,Backtest,AdxDiCrossBracketOG,OG_AdxDiCrossBracketOG,OG,NQ,NQ JUN26,SHORT,1,25909.25,25866.25,855.64,851.28,170.3,WIN,TARGET_HIT,25952.75,870.00,2026-05-07 09:30:51
2026-04-10,2026-04-10 11:45:00,2026-04-10 12:00:00,OG,Backtest,AdxDiCrossBracketOG,OG_AdxDiCrossBracketOG,OG,NQ,NQ JUN26,SHORT,1,25301.50,25253.75,950.64,946.28,189.3,WIN,TARGET_HIT,25350.25,975.00,2026-05-07 09:30:51
2026-01-28,2026-01-28 11:20:00,2026-01-28 11:25:00,OG,Backtest,AdxDiCrossBracketOG,OG_AdxDiCrossBracketOG,OG,NQ,NQ JUN26,LONG,1,26393.00,26379.00,-284.36,-288.72,-57.7,LOSS,STOP_HIT,26333.75,1185.00,2026-05-07 09:30:51
2026-04-13,2026-04-13 10:00:00,2026-04-13 10:05:00,OG,Backtest,AdxDiCrossBracketOG,OG_AdxDiCrossBracketOG,OG,NQ,NQ JUN26,LONG,1,25271.50,25323.25,1030.64,1026.28,205.3,WIN,TARGET_HIT,25218.25,1065.00,2026-05-07 09:30:51
2026-01-09,2026-01-09 10:15:00,2026-01-09 10:15:00,OG,Backtest,AdxDiCrossBracketOG,OG_AdxDiCrossBracketOG,OG,NQ,NQ JUN26,SHORT,1,25850.50,25918.00,-1354.36,-1358.72,-271.7,LOSS,STOP_HIT,25917.50,1340.00,2026-05-07 09:30:51
2026-01-12,2026-01-12 11:25:00,2026-01-12 11:35:00,OG,Backtest,AdxDiCrossBracketOG,OG_AdxDiCrossBracketOG,OG,NQ,NQ JUN26,LONG,1,26158.75,26150.00,-179.36,-183.72,-36.7,LOSS,STOP_HIT,26118.25,810.00,2026-05-07 09:30:51
2026-01-09,2026-01-09 10:15:00,2026-01-09 10:15:00,OG,Backtest,AdxDiCrossBracketOG,OG_AdxDiCrossBracketOG,OG,NQ,NQ JUN26,SHORT,1,25850.50,25918.00,-1354.36,-1358.72,-271.7,LOSS,STOP_HIT,25917.50,1340.00,2026-05-07 09:30:51
2026-02-24,2026-02-24 09:50:00,2026-02-24 10:05:00,OG,Backtest,AdxDiCrossBracketOG,OG_AdxDiCrossBracketOG,OG,NQ,NQ JUN26,LONG,1,25120.50,25062.00,-1174.36,-1178.72,-235.7,LOSS,STOP_HIT,25062.50,1160.00,2026-05-07 09:30:51
2026-03-09,2026-03-09 10:45:00,2026-03-09 11:05:00,OG,Backtest,AdxDiCrossBracketOG,OG_AdxDiCrossBracketOG,OG,NQ,NQ JUN26,LONG,1,24692.00,24797.25,2100.64,2096.28,419.3,WIN,TARGET_HIT,24587.25,2095.00,2026-05-07 09:30:51
2026-02-13,2026-02-13 10:35:00,2026-02-13 10:50:00,OG,Backtest,AdxDiCrossBracketOG,OG_AdxDiCrossBracketOG,OG,NQ,NQ JUN26,LONG,1,25058.00,24983.00,-1504.36,-1508.72,-301.7,LOSS,STOP_HIT,24952.50,2110.00,2026-05-07 09:30:51
2026-01-12,2026-01-12 11:25:00,2026-01-12 11:35:00,OG,Backtest,AdxDiCrossBracketOG,OG_AdxDiCrossBracketOG,OG,NQ,NQ JUN26,LONG,1,26158.75,26150.00,-179.36,-183.72,-36.7,LOSS,STOP_HIT,26104.75,1080.00,2026-05-07 09:30:51
2026-03-19,2026-03-19 11:15:00,2026-03-19 11:25:00,OG,Backtest,AdxDiCrossBracketOG,OG_AdxDiCrossBracketOG,OG,NQ,NQ JUN26,LONG,1,24530.25,24486.25,-884.36,-888.72,-177.7,LOSS,STOP_HIT,24444.75,1710.00,2026-05-07 09:30:51
2026-01-09,2026-01-09 10:30:00,2026-01-09 10:35:00,OG,Backtest,AdxDiCrossBracketOG,OG_AdxDiCrossBracketOG,OG,NQ,NQ JUN26,LONG,1,26009.25,26081.75,1445.64,1441.28,288.3,WIN,TARGET_HIT,25935.25,1480.00,2026-05-07 09:30:51
2026-01-16,2026-01-16 11:40:00,2026-01-16 11:55:00,OG,Backtest,AdxDiCrossBracketOG,OG_AdxDiCrossBracketOG,OG,NQ,NQ JUN26,LONG,1,25923.75,25938.00,280.64,276.28,55.3,WIN,STOP_HIT,25854.75,1380.00,2026-05-07 09:30:51
2026-02-11,2026-02-11 11:05:00,2026-02-11 11:10:00,OG,Backtest,AdxDiCrossBracketOG,OG_AdxDiCrossBracketOG,OG,NQ,NQ JUN26,LONG,1,25453.50,25418.25,-709.36,-713.72,-142.7,LOSS,STOP_HIT,25333.00,2410.00,2026-05-07 09:30:51
2026-03-03,2026-03-03 11:25:00,2026-03-03 11:40:00,OG,Backtest,AdxDiCrossBracketOG,OG_AdxDiCrossBracketOG,OG,NQ,NQ JUN26,LONG,1,24794.50,24817.25,450.64,446.28,89.3,WIN,STOP_HIT,24689.25,2105.00,2026-05-07 09:30:51
2026-01-16,2026-01-16 11:40:00,2026-01-16 12:00:00,OG,Backtest,AdxDiCrossBracketOG,OG_AdxDiCrossBracketOG,OG,NQ,NQ JUN26,LONG,1,25923.75,25930.75,135.64,131.28,26.3,WIN,STOP_HIT,25871.75,1040.00,2026-05-07 09:30:51
2026-01-16,2026-01-16 11:40:00,2026-01-16 11:55:00,OG,Backtest,AdxDiCrossBracketOG,OG_AdxDiCrossBracketOG,OG,NQ,NQ JUN26,LONG,1,25923.75,25938.00,280.64,276.28,55.3,WIN,STOP_HIT,25854.75,1380.00,2026-05-07 09:30:51
2026-03-06,2026-03-06 11:10:00,2026-03-06 11:15:00,OG,Backtest,AdxDiCrossBracketOG,OG_AdxDiCrossBracketOG,OG,NQ,NQ JUN26,LONG,1,25101.50,25059.00,-854.36,-858.72,-171.7,LOSS,STOP_HIT,25007.25,1885.00,2026-05-07 09:30:51
2026-01-16,2026-01-16 11:40:00,2026-01-16 12:00:00,OG,Backtest,AdxDiCrossBracketOG,OG_AdxDiCrossBracketOG,OG,NQ,NQ JUN26,LONG,1,25923.75,25930.75,135.64,131.28,26.3,WIN,STOP_HIT,25871.75,1040.00,2026-05-07 09:30:51
2026-01-20,2026-01-20 11:10:00,2026-01-20 11:15:00,OG,Backtest,AdxDiCrossBracketOG,OG_AdxDiCrossBracketOG,OG,NQ,NQ JUN26,LONG,1,25587.50,25601.00,265.64,261.28,52.3,WIN,STOP_HIT,25517.25,1405.00,2026-05-07 09:30:51
2026-01-20,2026-01-20 10:50:00,2026-01-20 10:55:00,OG,Backtest,AdxDiCrossBracketOG,OG_AdxDiCrossBracketOG,OG,NQ,NQ JUN26,LONG,1,25598.00,25559.50,-774.36,-778.72,-155.7,LOSS,STOP_HIT,25527.25,1415.00,2026-05-07 09:30:51
2026-01-16,2026-01-16 11:40:00,2026-01-16 12:05:00,OG,Backtest,AdxDiCrossBracketOG,OG_AdxDiCrossBracketOG,OG,NQ,NQ JUN26,LONG,1,25923.75,25924.75,15.64,11.28,2.3,WIN,STOP_HIT,25871.75,1040.00,2026-05-07 09:30:51
2026-01-21,2026-01-21 11:45:00,2026-01-21 11:55:00,OG,Backtest,AdxDiCrossBracketOG,OG_AdxDiCrossBracketOG,OG,NQ,NQ JUN26,SHORT,1,25543.75,25467.25,1525.64,1521.28,304.3,WIN,TARGET_HIT,25620.75,1540.00,2026-05-07 09:30:51
2026-01-28,2026-01-28 10:55:00,2026-01-28 11:05:00,OG,Backtest,AdxDiCrossBracketOG,OG_AdxDiCrossBracketOG,OG,NQ,NQ JUN26,SHORT,1,26395.25,26393.25,35.64,31.28,6.3,WIN,STOP_HIT,26461.50,1325.00,2026-05-07 09:30:51
2026-01-28,2026-01-28 10:55:00,2026-01-28 11:15:00,OG,Backtest,AdxDiCrossBracketOG,OG_AdxDiCrossBracketOG,OG,NQ,NQ JUN26,SHORT,1,26395.25,26406.25,-224.36,-228.72,-45.7,LOSS,STOP_HIT,26445.25,1000.00,2026-05-07 09:30:51
2026-01-28,2026-01-28 10:55:00,2026-01-28 11:15:00,OG,Backtest,AdxDiCrossBracketOG,OG_AdxDiCrossBracketOG,OG,NQ,NQ JUN26,SHORT,1,26395.25,26406.25,-224.36,-228.72,-45.7,LOSS,STOP_HIT,26445.25,1000.00,2026-05-07 09:30:51
2026-02-10,2026-02-10 09:45:00,2026-02-10 09:45:00,OG,Backtest,AdxDiCrossBracketOG,OG_AdxDiCrossBracketOG,OG,NQ,NQ JUN26,SHORT,1,25535.25,25500.25,695.64,691.28,138.3,WIN,TARGET_HIT,25571.75,730.00,2026-05-07 09:30:51
2026-02-05,2026-02-05 11:40:00,2026-02-05 11:50:00,OG,Backtest,AdxDiCrossBracketOG,OG_AdxDiCrossBracketOG,OG,NQ,NQ JUN26,LONG,1,25025.50,24992.25,-669.36,-673.72,-134.7,LOSS,STOP_HIT,24851.75,3475.00,2026-05-07 09:30:51
2026-02-11,2026-02-11 10:20:00,2026-02-11 10:25:00,OG,Backtest,AdxDiCrossBracketOG,OG_AdxDiCrossBracketOG,OG,NQ,NQ JUN26,SHORT,1,25396.00,25293.75,2040.64,2036.28,407.3,WIN,TARGET_HIT,25500.25,2085.00,2026-05-07 09:30:51
2026-03-24,2026-03-24 11:00:00,2026-03-24 11:00:00,OG,Backtest,AdxDiCrossBracketOG,OG_AdxDiCrossBracketOG,OG,NQ,NQ JUN26,LONG,1,24281.50,24186.50,-1904.36,-1908.72,-381.7,LOSS,STOP_HIT,24187.00,1890.00,2026-05-07 09:30:51
2026-02-11,2026-02-11 11:05:00,2026-02-11 11:10:00,OG,Backtest,AdxDiCrossBracketOG,OG_AdxDiCrossBracketOG,OG,NQ,NQ JUN26,LONG,1,25453.50,25418.25,-709.36,-713.72,-142.7,LOSS,STOP_HIT,25333.00,2410.00,2026-05-07 09:30:51
2026-02-11,2026-02-11 11:05:00,2026-02-11 11:10:00,OG,Backtest,AdxDiCrossBracketOG,OG_AdxDiCrossBracketOG,OG,NQ,NQ JUN26,LONG,1,25453.50,25418.25,-709.36,-713.72,-142.7,LOSS,STOP_HIT,25363.00,1810.00,2026-05-07 09:30:51
2026-02-11,2026-02-11 11:20:00,2026-02-11 11:25:00,OG,Backtest,AdxDiCrossBracketOG,OG_AdxDiCrossBracketOG,OG,NQ,NQ JUN26,LONG,1,25468.00,25457.75,-209.36,-213.72,-42.7,LOSS,STOP_HIT,25346.75,2425.00,2026-05-07 09:30:51
2026-02-13,2026-02-13 10:35:00,2026-02-13 10:50:00,OG,Backtest,AdxDiCrossBracketOG,OG_AdxDiCrossBracketOG,OG,NQ,NQ JUN26,LONG,1,25058.00,24983.00,-1504.36,-1508.72,-301.7,LOSS,STOP_HIT,24952.50,2110.00,2026-05-07 09:30:51
2026-02-17,2026-02-17 11:10:00,2026-02-17 11:15:00,OG,Backtest,AdxDiCrossBracketOG,OG_AdxDiCrossBracketOG,OG,NQ,NQ JUN26,LONG,1,24861.25,24960.75,1985.64,1981.28,396.3,WIN,TARGET_HIT,24760.25,2020.00,2026-05-07 09:30:51
2026-01-09,2026-01-09 10:30:00,2026-01-09 10:35:00,OG,Backtest,AdxDiCrossBracketOG,OG_AdxDiCrossBracketOG,OG,NQ,NQ JUN26,LONG,1,26009.25,26081.75,1445.64,1441.28,288.3,WIN,TARGET_HIT,25935.25,1480.00,2026-05-07 09:30:51
2026-03-17,2026-03-17 11:15:00,2026-03-17 11:50:00,OG,Backtest,AdxDiCrossBracketOG,OG_AdxDiCrossBracketOG,OG,NQ,NQ JUN26,SHORT,1,25020.50,24999.75,410.64,406.28,81.3,WIN,STOP_HIT,25091.50,1420.00,2026-05-07 09:30:51
2026-01-12,2026-01-12 11:25:00,2026-01-12 11:35:00,OG,Backtest,AdxDiCrossBracketOG,OG_AdxDiCrossBracketOG,OG,NQ,NQ JUN26,LONG,1,26158.75,26150.00,-179.36,-183.72,-36.7,LOSS,STOP_HIT,26118.25,810.00,2026-05-07 09:30:51
2026-02-24,2026-02-24 10:10:00,2026-02-24 10:10:00,OG,Backtest,AdxDiCrossBracketOG,OG_AdxDiCrossBracketOG,OG,NQ,NQ JUN26,SHORT,1,25048.75,25114.00,-1309.36,-1313.72,-262.7,LOSS,STOP_HIT,25113.50,1295.00,2026-05-07 09:30:51
2026-02-24,2026-02-24 10:15:00,2026-02-24 10:30:00,OG,Backtest,AdxDiCrossBracketOG,OG_AdxDiCrossBracketOG,OG,NQ,NQ JUN26,LONG,1,25109.25,25175.00,1310.64,1306.28,261.3,WIN,TARGET_HIT,25042.00,1345.00,2026-05-07 09:30:51
2026-03-06,2026-03-06 11:10:00,2026-03-06 11:15:00,OG,Backtest,AdxDiCrossBracketOG,OG_AdxDiCrossBracketOG,OG,NQ,NQ JUN26,LONG,1,25101.50,25059.00,-854.36,-858.72,-171.7,LOSS,STOP_HIT,25007.25,1885.00,2026-05-07 09:30:51
2026-02-13,2026-02-13 10:50:00,2026-02-13 11:00:00,OG,Backtest,AdxDiCrossBracketOG,OG_AdxDiCrossBracketOG,OG,NQ,NQ JUN26,SHORT,1,24983.00,25030.00,-944.36,-948.72,-189.7,LOSS,STOP_HIT,25128.00,2900.00,2026-05-07 09:30:51
2026-02-24,2026-02-24 10:10:00,2026-02-24 10:10:00,OG,Backtest,AdxDiCrossBracketOG,OG_AdxDiCrossBracketOG,OG,NQ,NQ JUN26,SHORT,1,25048.75,25114.00,-1309.36,-1313.72,-262.7,LOSS,STOP_HIT,25113.50,1295.00,2026-05-07 09:30:51
2026-02-24,2026-02-24 10:10:00,2026-02-24 10:10:00,OG,Backtest,AdxDiCrossBracketOG,OG_AdxDiCrossBracketOG,OG,NQ,NQ JUN26,SHORT,1,25048.75,25114.00,-1309.36,-1313.72,-262.7,LOSS,STOP_HIT,25113.50,1295.00,2026-05-07 09:30:51
2026-03-03,2026-03-03 11:25:00,2026-03-03 11:35:00,OG,Backtest,AdxDiCrossBracketOG,OG_AdxDiCrossBracketOG,OG,NQ,NQ JUN26,LONG,1,24794.50,24819.00,485.64,481.28,96.3,WIN,STOP_HIT,24654.75,2795.00,2026-05-07 09:30:51
2026-02-24,2026-02-24 09:50:00,2026-02-24 10:00:00,OG,Backtest,AdxDiCrossBracketOG,OG_AdxDiCrossBracketOG,OG,NQ,NQ JUN26,LONG,1,25120.50,25108.50,-244.36,-248.72,-49.7,LOSS,STOP_HIT,25043.75,1535.00,2026-05-07 09:30:51
2026-02-24,2026-02-24 09:50:00,2026-02-24 10:05:00,OG,Backtest,AdxDiCrossBracketOG,OG_AdxDiCrossBracketOG,OG,NQ,NQ JUN26,LONG,1,25120.50,25062.00,-1174.36,-1178.72,-235.7,LOSS,STOP_HIT,25062.50,1160.00,2026-05-07 09:30:51
2026-03-03,2026-03-03 11:40:00,2026-03-03 11:50:00,OG,Backtest,AdxDiCrossBracketOG,OG_AdxDiCrossBracketOG,OG,NQ,NQ JUN26,SHORT,1,24817.25,24864.25,-944.36,-948.72,-189.7,LOSS,STOP_HIT,24948.50,2625.00,2026-05-07 09:30:51
2026-01-16,2026-01-16 11:30:00,2026-01-16 11:35:00,OG,Backtest,AdxDiCrossBracketOG,OG_AdxDiCrossBracketOG,OG,NQ,NQ JUN26,LONG,1,25911.50,25925.25,270.64,266.28,53.3,WIN,STOP_HIT,25839.25,1445.00,2026-05-07 09:30:51
2026-02-24,2026-02-24 10:10:00,2026-02-24 10:15:00,OG,Backtest,AdxDiCrossBracketOG,OG_AdxDiCrossBracketOG,OG,NQ,NQ JUN26,SHORT,1,25048.75,25109.25,-1214.36,-1218.72,-243.7,LOSS,STOP_HIT,25134.75,1720.00,2026-05-07 09:30:51
2026-03-06,2026-03-06 11:10:00,2026-03-06 11:15:00,OG,Backtest,AdxDiCrossBracketOG,OG_AdxDiCrossBracketOG,OG,NQ,NQ JUN26,LONG,1,25101.50,25059.00,-854.36,-858.72,-171.7,LOSS,STOP_HIT,24975.75,2515.00,2026-05-07 09:30:51
2026-03-12,2026-03-12 11:50:00,2026-03-12 11:55:00,OG,Backtest,AdxDiCrossBracketOG,OG_AdxDiCrossBracketOG,OG,NQ,NQ JUN26,LONG,1,24898.00,24865.50,-654.36,-658.72,-131.7,LOSS,STOP_HIT,24818.25,1595.00,2026-05-07 09:30:51
2026-03-06,2026-03-06 11:10:00,2026-03-06 11:15:00,OG,Backtest,AdxDiCrossBracketOG,OG_AdxDiCrossBracketOG,OG,NQ,NQ JUN26,LONG,1,25101.50,25059.00,-854.36,-858.72,-171.7,LOSS,STOP_HIT,25007.25,1885.00,2026-05-07 09:30:51
2026-05-01,2026-05-01 11:10:00,2026-05-01 11:20:00,OG,Backtest,AdxDiCrossBracketOG,OG_AdxDiCrossBracketOG,OG,NQ,NQ JUN26,SHORT,1,27795.25,27837.25,-844.36,-848.72,-169.7,LOSS,STOP_HIT,27857.00,1235.00,2026-05-07 09:30:51
2026-03-09,2026-03-09 10:45:00,2026-03-09 11:05:00,OG,Backtest,AdxDiCrossBracketOG,OG_AdxDiCrossBracketOG,OG,NQ,NQ JUN26,LONG,1,24692.00,24797.25,2100.64,2096.28,419.3,WIN,TARGET_HIT,24587.25,2095.00,2026-05-07 09:30:51
2026-03-09,2026-03-09 10:45:00,2026-03-09 11:00:00,OG,Backtest,AdxDiCrossBracketOG,OG_AdxDiCrossBracketOG,OG,NQ,NQ JUN26,LONG,1,24692.00,24753.50,1225.64,1221.28,244.3,WIN,STOP_HIT,24552.25,2795.00,2026-05-07 09:30:51
2026-03-20,2026-03-20 11:30:00,2026-03-20 12:05:00,OG,Backtest,AdxDiCrossBracketOG,OG_AdxDiCrossBracketOG,OG,NQ,NQ JUN26,LONG,1,24274.25,24354.75,1605.64,1601.28,320.3,WIN,TARGET_HIT,24192.75,1630.00,2026-05-07 09:30:51
2026-03-12,2026-03-12 11:50:00,2026-03-12 11:55:00,OG,Backtest,AdxDiCrossBracketOG,OG_AdxDiCrossBracketOG,OG,NQ,NQ JUN26,LONG,1,24898.00,24865.50,-654.36,-658.72,-131.7,LOSS,STOP_HIT,24818.25,1595.00,2026-05-07 09:30:51
2026-03-19,2026-03-19 11:15:00,2026-03-19 11:25:00,OG,Backtest,AdxDiCrossBracketOG,OG_AdxDiCrossBracketOG,OG,NQ,NQ JUN26,LONG,1,24530.25,24486.25,-884.36,-888.72,-177.7,LOSS,STOP_HIT,24416.25,2280.00,2026-05-07 09:30:51
2026-03-12,2026-03-12 11:50:00,2026-03-12 11:55:00,OG,Backtest,AdxDiCrossBracketOG,OG_AdxDiCrossBracketOG,OG,NQ,NQ JUN26,LONG,1,24898.00,24865.50,-654.36,-658.72,-131.7,LOSS,STOP_HIT,24792.00,2120.00,2026-05-07 09:30:51
2026-04-16,2026-04-16 10:00:00,2026-04-16 10:10:00,OG,Backtest,AdxDiCrossBracketOG,OG_AdxDiCrossBracketOG,OG,NQ,NQ JUN26,SHORT,1,26282.00,26336.75,-1099.36,-1103.72,-220.7,LOSS,STOP_HIT,26345.50,1270.00,2026-05-07 09:30:51
2026-03-19,2026-03-19 11:15:00,2026-03-19 11:25:00,OG,Backtest,AdxDiCrossBracketOG,OG_AdxDiCrossBracketOG,OG,NQ,NQ JUN26,LONG,1,24530.25,24486.25,-884.36,-888.72,-177.7,LOSS,STOP_HIT,24444.75,1710.00,2026-05-07 09:30:51
2026-04-06,2026-04-06 10:55:00,2026-04-06 11:05:00,OG,Backtest,AdxDiCrossBracketOG,OG_AdxDiCrossBracketOG,OG,NQ,NQ JUN26,SHORT,1,24269.25,24306.75,-754.36,-758.72,-151.7,LOSS,STOP_HIT,24347.00,1555.00,2026-05-07 09:30:51
2026-04-02,2026-04-02 10:45:00,2026-04-02 10:55:00,OG,Backtest,AdxDiCrossBracketOG,OG_AdxDiCrossBracketOG,OG,NQ,NQ JUN26,LONG,1,24210.25,24096.25,-2284.36,-2288.72,-457.7,LOSS,STOP_HIT,24096.75,2270.00,2026-05-07 09:30:51
2026-02-11,2026-02-11 11:05:00,2026-02-11 11:10:00,OG,Backtest,AdxDiCrossBracketOG,OG_AdxDiCrossBracketOG,OG,NQ,NQ JUN26,LONG,1,25453.50,25418.25,-709.36,-713.72,-142.7,LOSS,STOP_HIT,25363.00,1810.00,2026-05-07 09:30:51
2026-03-20,2026-03-20 11:30:00,2026-03-20 12:20:00,OG,Backtest,AdxDiCrossBracketOG,OG_AdxDiCrossBracketOG,OG,NQ,NQ JUN26,LONG,1,24274.25,24320.00,910.64,906.28,181.3,WIN,STOP_HIT,24165.75,2170.00,2026-05-07 09:30:51
2026-04-07,2026-04-07 11:40:00,2026-04-07 12:05:00,OG,Backtest,AdxDiCrossBracketOG,OG_AdxDiCrossBracketOG,OG,NQ,NQ JUN26,LONG,1,24071.50,24140.75,1380.64,1376.28,275.3,WIN,TARGET_HIT,24001.75,1395.00,2026-05-07 09:30:51
2026-04-06,2026-04-06 11:35:00,2026-04-06 11:45:00,OG,Backtest,AdxDiCrossBracketOG,OG_AdxDiCrossBracketOG,OG,NQ,NQ JUN26,SHORT,1,24280.75,24290.00,-189.36,-193.72,-38.7,LOSS,STOP_HIT,24370.25,1790.00,2026-05-07 09:30:51
2026-03-25,2026-03-25 11:20:00,2026-03-25 11:20:00,OG,Backtest,AdxDiCrossBracketOG,OG_AdxDiCrossBracketOG,OG,NQ,NQ JUN26,SHORT,1,24386.00,24311.00,1495.64,1491.28,298.3,WIN,TARGET_HIT,24463.50,1550.00,2026-05-07 09:30:51
2026-04-07,2026-04-07 11:40:00,2026-04-07 12:05:00,OG,Backtest,AdxDiCrossBracketOG,OG_AdxDiCrossBracketOG,OG,NQ,NQ JUN26,LONG,1,24071.50,24140.75,1380.64,1376.28,275.3,WIN,TARGET_HIT,24001.75,1395.00,2026-05-07 09:30:51
2026-03-27,2026-03-27 11:40:00,2026-03-27 12:05:00,OG,Backtest,AdxDiCrossBracketOG,OG_AdxDiCrossBracketOG,OG,NQ,NQ JUN26,LONG,1,23597.00,23536.00,-1224.36,-1228.72,-245.7,LOSS,STOP_HIT,23514.00,1660.00,2026-05-07 09:30:51
2026-04-02,2026-04-02 10:45:00,2026-04-02 10:55:00,OG,Backtest,AdxDiCrossBracketOG,OG_AdxDiCrossBracketOG,OG,NQ,NQ JUN26,LONG,1,24210.25,24096.25,-2284.36,-2288.72,-457.7,LOSS,STOP_HIT,24096.75,2270.00,2026-05-07 09:30:51
2026-04-13,2026-04-13 10:00:00,2026-04-13 10:05:00,OG,Backtest,AdxDiCrossBracketOG,OG_AdxDiCrossBracketOG,OG,NQ,NQ JUN26,LONG,1,25271.50,25323.25,1030.64,1026.28,205.3,WIN,TARGET_HIT,25218.25,1065.00,2026-05-07 09:30:51
2026-04-10,2026-04-10 11:45:00,2026-04-10 12:00:00,OG,Backtest,AdxDiCrossBracketOG,OG_AdxDiCrossBracketOG,OG,NQ,NQ JUN26,SHORT,1,25301.50,25253.75,950.64,946.28,189.3,WIN,TARGET_HIT,25350.25,975.00,2026-05-07 09:30:51
2026-02-13,2026-02-13 10:35:00,2026-02-13 10:45:00,OG,Backtest,AdxDiCrossBracketOG,OG_AdxDiCrossBracketOG,OG,NQ,NQ JUN26,LONG,1,25058.00,25033.25,-499.36,-503.72,-100.7,LOSS,STOP_HIT,24917.50,2810.00,2026-05-07 09:30:51
2026-04-06,2026-04-06 11:35:00,2026-04-06 11:45:00,OG,Backtest,AdxDiCrossBracketOG,OG_AdxDiCrossBracketOG,OG,NQ,NQ JUN26,SHORT,1,24280.75,24290.00,-189.36,-193.72,-38.7,LOSS,STOP_HIT,24370.25,1790.00,2026-05-07 09:30:51
2026-04-16,2026-04-16 10:15:00,2026-04-16 10:50:00,OG,Backtest,AdxDiCrossBracketOG,OG_AdxDiCrossBracketOG,OG,NQ,NQ JUN26,LONG,1,26347.25,26398.25,1015.64,1011.28,202.3,WIN,TARGET_HIT,26294.25,1060.00,2026-05-07 09:30:52
2026-04-16,2026-04-16 10:15:00,2026-04-16 10:50:00,OG,Backtest,AdxDiCrossBracketOG,OG_AdxDiCrossBracketOG,OG,NQ,NQ JUN26,LONG,1,26347.25,26398.25,1015.64,1011.28,202.3,WIN,TARGET_HIT,26294.25,1060.00,2026-05-07 09:30:52
2026-04-21,2026-04-21 11:05:00,2026-04-21 11:05:00,OG,Backtest,AdxDiCrossBracketOG,OG_AdxDiCrossBracketOG,OG,NQ,NQ JUN26,SHORT,1,26737.25,26684.75,1045.64,1041.28,208.3,WIN,TARGET_HIT,26788.75,1030.00,2026-05-07 09:30:52
2026-04-10,2026-04-10 11:45:00,2026-04-10 12:00:00,OG,Backtest,AdxDiCrossBracketOG,OG_AdxDiCrossBracketOG,OG,NQ,NQ JUN26,SHORT,1,25301.50,25253.75,950.64,946.28,189.3,WIN,TARGET_HIT,25350.25,975.00,2026-05-07 09:30:52
2026-04-21,2026-04-21 11:05:00,2026-04-21 11:10:00,OG,Backtest,AdxDiCrossBracketOG,OG_AdxDiCrossBracketOG,OG,NQ,NQ JUN26,SHORT,1,26737.25,26667.50,1390.64,1386.28,277.3,WIN,TARGET_HIT,26806.00,1375.00,2026-05-07 09:30:52
2026-04-29,2026-04-29 11:15:00,2026-04-29 11:20:00,OG,Backtest,AdxDiCrossBracketOG,OG_AdxDiCrossBracketOG,OG,NQ,NQ JUN26,SHORT,1,27249.50,27231.00,365.64,361.28,72.3,WIN,STOP_HIT,27310.00,1210.00,2026-05-07 09:30:52
2026-05-01,2026-05-01 11:10:00,2026-05-01 11:20:00,OG,Backtest,AdxDiCrossBracketOG,OG_AdxDiCrossBracketOG,OG,NQ,NQ JUN26,SHORT,1,27795.25,27837.25,-844.36,-848.72,-169.7,LOSS,STOP_HIT,27857.00,1235.00,2026-05-07 09:30:52
2026-01-09,2026-01-09 10:15:00,2026-01-09 10:15:00,OG,Backtest,AdxDiCrossBracketOG,OG_AdxDiCrossBracketOG,OG,NQ,NQ JUN26,SHORT,1,25850.50,25918.00,-1354.36,-1358.72,-271.7,LOSS,STOP_HIT,25917.50,1340.00,2026-05-07 09:30:52
2026-04-16,2026-04-16 10:00:00,2026-04-16 10:05:00,OG,Backtest,AdxDiCrossBracketOG,OG_AdxDiCrossBracketOG,OG,NQ,NQ JUN26,SHORT,1,26282.00,26330.25,-969.36,-973.72,-194.7,LOSS,STOP_HIT,26329.75,955.00,2026-05-07 09:30:52
2026-04-16,2026-04-16 10:15:00,2026-04-16 10:25:00,OG,Backtest,AdxDiCrossBracketOG,OG_AdxDiCrossBracketOG,OG,NQ,NQ JUN26,LONG,1,26347.25,26314.50,-659.36,-663.72,-132.7,LOSS,STOP_HIT,26277.00,1405.00,2026-05-07 09:30:52
2026-05-01,2026-05-01 11:10:00,2026-05-01 11:20:00,OG,Backtest,AdxDiCrossBracketOG,OG_AdxDiCrossBracketOG,OG,NQ,NQ JUN26,SHORT,1,27795.25,27837.25,-844.36,-848.72,-169.7,LOSS,STOP_HIT,27857.00,1235.00,2026-05-07 09:30:52
2026-04-21,2026-04-21 11:05:00,2026-04-21 11:10:00,OG,Backtest,AdxDiCrossBracketOG,OG_AdxDiCrossBracketOG,OG,NQ,NQ JUN26,SHORT,1,26737.25,26667.50,1390.64,1386.28,277.3,WIN,TARGET_HIT,26806.00,1375.00,2026-05-07 09:30:52
2026-03-03,2026-03-03 11:40:00,2026-03-03 11:50:00,OG,Backtest,AdxDiCrossBracketOG,OG_AdxDiCrossBracketOG,OG,NQ,NQ JUN26,SHORT,1,24817.25,24864.25,-944.36,-948.72,-189.7,LOSS,STOP_HIT,24948.50,2625.00,2026-05-07 09:30:52
2026-05-04,2026-05-04 11:05:00,2026-05-04 11:20:00,OG,Backtest,AdxDiCrossBracketOG,OG_AdxDiCrossBracketOG,OG,NQ,NQ JUN26,SHORT,1,27881.50,27830.25,1020.64,1016.28,203.3,WIN,TARGET_HIT,27933.75,1045.00,2026-05-07 09:30:52
2026-04-29,2026-04-29 11:15:00,2026-04-29 11:20:00,OG,Backtest,AdxDiCrossBracketOG,OG_AdxDiCrossBracketOG,OG,NQ,NQ JUN26,SHORT,1,27249.50,27231.00,365.64,361.28,72.3,WIN,STOP_HIT,27295.00,910.00,2026-05-07 09:30:52
2026-01-07,2026-01-07 09:50:00,2026-01-07 10:05:00,OG,Backtest,AdxDiCrossBracketOG,OG_AdxDiCrossBracketOG,OG,NQ,NQ JUN26,LONG,1,26063.75,26052.75,-224.36,-228.72,-45.7,LOSS,STOP_HIT,26030.75,660.00,2026-05-07 09:30:52
2026-04-06,2026-04-06 11:35:00,2026-04-06 11:45:00,OG,Backtest,AdxDiCrossBracketOG,OG_AdxDiCrossBracketOG,OG,NQ,NQ JUN26,SHORT,1,24280.75,24290.00,-189.36,-193.72,-38.7,LOSS,STOP_HIT,24370.25,1790.00,2026-05-07 09:30:52
2026-01-07,2026-01-07 10:10:00,2026-01-07 10:30:00,OG,Backtest,AdxDiCrossBracketOG,OG_AdxDiCrossBracketOG,OG,NQ,NQ JUN26,SHORT,1,26050.75,26071.00,-409.36,-413.72,-82.7,LOSS,STOP_HIT,26094.00,865.00,2026-05-07 09:30:52
2026-05-04,2026-05-04 11:05:00,2026-05-04 11:20:00,OG,Backtest,AdxDiCrossBracketOG,OG_AdxDiCrossBracketOG,OG,NQ,NQ JUN26,SHORT,1,27881.50,27830.25,1020.64,1016.28,203.3,WIN,TARGET_HIT,27933.75,1045.00,2026-05-07 09:30:52
2026-03-13,2026-03-13 10:50:00,2026-03-13 11:00:00,OG,Backtest,AdxDiCrossBracketOG,OG_AdxDiCrossBracketOG,OG,NQ,NQ JUN26,SHORT,1,24805.00,24706.00,1975.64,1971.28,394.3,WIN,TARGET_HIT,24902.50,1950.00,2026-05-07 09:30:52
2026-02-13,2026-02-13 10:50:00,2026-02-13 11:00:00,OG,Backtest,AdxDiCrossBracketOG,OG_AdxDiCrossBracketOG,OG,NQ,NQ JUN26,SHORT,1,24983.00,25030.00,-944.36,-948.72,-189.7,LOSS,STOP_HIT,25128.00,2900.00,2026-05-07 09:30:52
2026-01-12,2026-01-12 11:25:00,2026-01-12 11:35:00,OG,Backtest,AdxDiCrossBracketOG,OG_AdxDiCrossBracketOG,OG,NQ,NQ JUN26,LONG,1,26158.75,26150.00,-179.36,-183.72,-36.7,LOSS,STOP_HIT,26104.75,1080.00,2026-05-07 09:30:52
2026-02-03,2026-02-03 09:50:00,2026-02-03 10:00:00,OG,Backtest,AdxDiCrossBracketOG,OG_AdxDiCrossBracketOG,OG,NQ,NQ JUN26,SHORT,1,25960.75,25888.75,1435.64,1431.28,286.3,WIN,TARGET_HIT,26034.25,1470.00,2026-05-07 09:30:52
2026-03-25,2026-03-25 11:20:00,2026-03-25 11:30:00,OG,Backtest,AdxDiCrossBracketOG,OG_AdxDiCrossBracketOG,OG,NQ,NQ JUN26,SHORT,1,24386.00,24410.75,-499.36,-503.72,-100.7,LOSS,STOP_HIT,24488.75,2055.00,2026-05-07 09:30:52
2026-01-16,2026-01-16 11:40:00,2026-01-16 11:55:00,OG,Backtest,AdxDiCrossBracketOG,OG_AdxDiCrossBracketOG,OG,NQ,NQ JUN26,LONG,1,25923.75,25932.50,170.64,166.28,33.3,WIN,STOP_HIT,25854.75,1380.00,2026-05-07 09:30:52
2026-05-04,2026-05-04 11:05:00,2026-05-04 11:20:00,OG,Backtest,AdxDiCrossBracketOG,OG_AdxDiCrossBracketOG,OG,NQ,NQ JUN26,SHORT,1,27881.50,27813.00,1365.64,1361.28,272.3,WIN,TARGET_HIT,27951.00,1390.00,2026-05-07 09:30:52
2026-02-05,2026-02-05 11:40:00,2026-02-05 11:50:00,OG,Backtest,AdxDiCrossBracketOG,OG_AdxDiCrossBracketOG,OG,NQ,NQ JUN26,LONG,1,25025.50,24992.25,-669.36,-673.72,-134.7,LOSS,STOP_HIT,24895.00,2610.00,2026-05-07 09:30:52
2026-02-11,2026-02-11 10:20:00,2026-02-11 10:25:00,OG,Backtest,AdxDiCrossBracketOG,OG_AdxDiCrossBracketOG,OG,NQ,NQ JUN26,SHORT,1,25396.00,25293.75,2040.64,2036.28,407.3,WIN,TARGET_HIT,25500.25,2085.00,2026-05-07 09:30:52
2026-04-16,2026-04-16 10:00:00,2026-04-16 10:05:00,OG,Backtest,AdxDiCrossBracketOG,OG_AdxDiCrossBracketOG,OG,NQ,NQ JUN26,SHORT,1,26282.00,26330.25,-969.36,-973.72,-194.7,LOSS,STOP_HIT,26329.75,955.00,2026-05-07 09:30:52
2026-03-09,2026-03-09 10:45:00,2026-03-09 11:00:00,OG,Backtest,AdxDiCrossBracketOG,OG_AdxDiCrossBracketOG,OG,NQ,NQ JUN26,LONG,1,24692.00,24753.50,1225.64,1221.28,244.3,WIN,STOP_HIT,24552.25,2795.00,2026-05-07 09:30:52
2026-01-09,2026-01-09 09:45:00,2026-01-09 09:50:00,OG,Backtest,AdxDiCrossBracketOG,OG_AdxDiCrossBracketOG,OG,NQ,NQ JUN26,LONG,1,25965.00,25910.75,-1089.36,-1093.72,-218.7,LOSS,STOP_HIT,25911.25,1075.00,2026-05-07 09:30:52
2026-01-07,2026-01-07 10:10:00,2026-01-07 10:30:00,OG,Backtest,AdxDiCrossBracketOG,OG_AdxDiCrossBracketOG,OG,NQ,NQ JUN26,SHORT,1,26050.75,26071.00,-409.36,-413.72,-82.7,LOSS,STOP_HIT,26094.00,865.00,2026-05-07 09:30:52
2026-01-09,2026-01-09 10:10:00,2026-01-09 10:10:00,OG,Backtest,AdxDiCrossBracketOG,OG_AdxDiCrossBracketOG,OG,NQ,NQ JUN26,LONG,1,25921.75,25842.50,-1589.36,-1593.72,-318.7,LOSS,STOP_HIT,25843.00,1575.00,2026-05-07 09:30:52
2026-01-07,2026-01-07 10:10:00,2026-01-07 10:30:00,OG,Backtest,AdxDiCrossBracketOG,OG_AdxDiCrossBracketOG,OG,NQ,NQ JUN26,SHORT,1,26050.75,26070.75,-404.36,-408.72,-81.7,LOSS,STOP_HIT,26094.00,865.00,2026-05-07 09:30:52
2026-03-13,2026-03-13 10:50:00,2026-03-13 11:00:00,OG,Backtest,AdxDiCrossBracketOG,OG_AdxDiCrossBracketOG,OG,NQ,NQ JUN26,SHORT,1,24805.00,24706.00,1975.64,1971.28,394.3,WIN,TARGET_HIT,24902.50,1950.00,2026-05-07 09:30:52
2026-01-06,2026-01-06 11:00:00,2026-01-06 11:10:00,OG,Backtest,AdxDiCrossBracketOG,OG_AdxDiCrossBracketOG,OG,NQ,NQ JUN26,SHORT,1,25909.25,25852.00,1140.64,1136.28,227.3,WIN,TARGET_HIT,25967.00,1155.00,2026-05-07 09:30:52
2026-02-13,2026-02-13 10:35:00,2026-02-13 10:50:00,OG,Backtest,AdxDiCrossBracketOG,OG_AdxDiCrossBracketOG,OG,NQ,NQ JUN26,LONG,1,25058.00,24983.00,-1504.36,-1508.72,-301.7,LOSS,STOP_HIT,24952.50,2110.00,2026-05-07 09:30:52
2026-01-07,2026-01-07 09:50:00,2026-01-07 10:05:00,OG,Backtest,AdxDiCrossBracketOG,OG_AdxDiCrossBracketOG,OG,NQ,NQ JUN26,LONG,1,26063.75,26060.25,-74.36,-78.72,-15.7,LOSS,STOP_HIT,26030.75,660.00,2026-05-07 09:30:52
2026-05-04,2026-05-04 11:05:00,2026-05-04 11:20:00,OG,Backtest,AdxDiCrossBracketOG,OG_AdxDiCrossBracketOG,OG,NQ,NQ JUN26,SHORT,1,27881.50,27830.25,1020.64,1016.28,203.3,WIN,TARGET_HIT,27933.75,1045.00,2026-05-07 09:30:52
2026-03-03,2026-03-03 11:25:00,2026-03-03 11:35:00,OG,Backtest,AdxDiCrossBracketOG,OG_AdxDiCrossBracketOG,OG,NQ,NQ JUN26,LONG,1,24794.50,24819.00,485.64,481.28,96.3,WIN,STOP_HIT,24654.75,2795.00,2026-05-07 09:30:52
2026-02-11,2026-02-11 11:05:00,2026-02-11 11:10:00,OG,Backtest,AdxDiCrossBracketOG,OG_AdxDiCrossBracketOG,OG,NQ,NQ JUN26,LONG,1,25453.50,25418.25,-709.36,-713.72,-142.7,LOSS,STOP_HIT,25333.00,2410.00,2026-05-07 09:30:52
2026-01-09,2026-01-09 10:30:00,2026-01-09 10:45:00,OG,Backtest,AdxDiCrossBracketOG,OG_AdxDiCrossBracketOG,OG,NQ,NQ JUN26,LONG,1,26009.25,26048.00,770.64,766.28,153.3,WIN,STOP_HIT,25910.75,1970.00,2026-05-07 09:30:52
2026-02-24,2026-02-24 10:15:00,2026-02-24 10:30:00,OG,Backtest,AdxDiCrossBracketOG,OG_AdxDiCrossBracketOG,OG,NQ,NQ JUN26,LONG,1,25109.25,25175.00,1310.64,1306.28,261.3,WIN,TARGET_HIT,25042.00,1345.00,2026-05-07 09:30:52
2026-01-12,2026-01-12 11:25:00,2026-01-12 11:35:00,OG,Backtest,AdxDiCrossBracketOG,OG_AdxDiCrossBracketOG,OG,NQ,NQ JUN26,LONG,1,26158.75,26150.00,-179.36,-183.72,-36.7,LOSS,STOP_HIT,26104.75,1080.00,2026-05-07 09:30:52
2026-04-29,2026-04-29 11:15:00,2026-04-29 11:20:00,OG,Backtest,AdxDiCrossBracketOG,OG_AdxDiCrossBracketOG,OG,NQ,NQ JUN26,SHORT,1,27249.50,27231.00,365.64,361.28,72.3,WIN,STOP_HIT,27310.00,1210.00,2026-05-07 09:30:52
2026-03-02,2026-03-02 11:15:00,2026-03-02 11:20:00,OG,Backtest,AdxDiCrossBracketOG,OG_AdxDiCrossBracketOG,OG,NQ,NQ JUN26,LONG,1,25187.00,25180.75,-129.36,-133.72,-26.7,LOSS,STOP_HIT,25101.25,1715.00,2026-05-07 09:30:52
2026-01-13,2026-01-13 10:10:00,2026-01-13 10:20:00,OG,Backtest,AdxDiCrossBracketOG,OG_AdxDiCrossBracketOG,OG,NQ,NQ JUN26,SHORT,1,26138.00,26078.25,1190.64,1186.28,237.3,WIN,TARGET_HIT,26197.75,1195.00,2026-05-07 09:30:52
2026-01-09,2026-01-09 10:15:00,2026-01-09 10:15:00,OG,Backtest,AdxDiCrossBracketOG,OG_AdxDiCrossBracketOG,OG,NQ,NQ JUN26,SHORT,1,25850.50,25939.75,-1789.36,-1793.72,-358.7,LOSS,STOP_HIT,25939.25,1775.00,2026-05-07 09:30:52
2026-03-03,2026-03-03 11:25:00,2026-03-03 11:40:00,OG,Backtest,AdxDiCrossBracketOG,OG_AdxDiCrossBracketOG,OG,NQ,NQ JUN26,LONG,1,24794.50,24817.25,450.64,446.28,89.3,WIN,STOP_HIT,24689.25,2105.00,2026-05-07 09:30:52
2026-02-24,2026-02-24 09:50:00,2026-02-24 10:05:00,OG,Backtest,AdxDiCrossBracketOG,OG_AdxDiCrossBracketOG,OG,NQ,NQ JUN26,LONG,1,25120.50,25068.25,-1049.36,-1053.72,-210.7,LOSS,STOP_HIT,25043.75,1535.00,2026-05-07 09:30:52
2026-01-09,2026-01-09 10:15:00,2026-01-09 10:15:00,OG,Backtest,AdxDiCrossBracketOG,OG_AdxDiCrossBracketOG,OG,NQ,NQ JUN26,SHORT,1,25850.50,25939.75,-1789.36,-1793.72,-358.7,LOSS,STOP_HIT,25939.25,1775.00,2026-05-07 09:30:52
2026-01-09,2026-01-09 09:55:00,2026-01-09 09:55:00,OG,Backtest,AdxDiCrossBracketOG,OG_AdxDiCrossBracketOG,OG,NQ,NQ JUN26,SHORT,1,25913.25,25965.00,-1039.36,-1043.72,-208.7,LOSS,STOP_HIT,25964.50,1025.00,2026-05-07 09:30:52
2026-01-07,2026-01-07 10:10:00,2026-01-07 10:30:00,OG,Backtest,AdxDiCrossBracketOG,OG_AdxDiCrossBracketOG,OG,NQ,NQ JUN26,SHORT,1,26050.75,26071.00,-409.36,-413.72,-82.7,LOSS,STOP_HIT,26094.00,865.00,2026-05-07 09:30:52
2026-01-09,2026-01-09 09:55:00,2026-01-09 10:05:00,OG,Backtest,AdxDiCrossBracketOG,OG_AdxDiCrossBracketOG,OG,NQ,NQ JUN26,SHORT,1,25913.25,25956.50,-869.36,-873.72,-174.7,LOSS,STOP_HIT,25981.00,1355.00,2026-05-07 09:30:52
2026-01-12,2026-01-12 11:25:00,2026-01-12 11:35:00,OG,Backtest,AdxDiCrossBracketOG,OG_AdxDiCrossBracketOG,OG,NQ,NQ JUN26,LONG,1,26158.75,26150.00,-179.36,-183.72,-36.7,LOSS,STOP_HIT,26118.25,810.00,2026-05-07 09:30:52
2026-01-20,2026-01-20 11:10:00,2026-01-20 11:15:00,OG,Backtest,AdxDiCrossBracketOG,OG_AdxDiCrossBracketOG,OG,NQ,NQ JUN26,LONG,1,25587.50,25601.00,265.64,261.28,52.3,WIN,STOP_HIT,25494.00,1870.00,2026-05-07 09:30:52
2026-01-09,2026-01-09 10:15:00,2026-01-09 10:15:00,OG,Backtest,AdxDiCrossBracketOG,OG_AdxDiCrossBracketOG,OG,NQ,NQ JUN26,SHORT,1,25850.50,25918.00,-1354.36,-1358.72,-271.7,LOSS,STOP_HIT,25917.50,1340.00,2026-05-07 09:30:52
2026-01-09,2026-01-09 10:30:00,2026-01-09 10:35:00,OG,Backtest,AdxDiCrossBracketOG,OG_AdxDiCrossBracketOG,OG,NQ,NQ JUN26,LONG,1,26009.25,26081.75,1445.64,1441.28,288.3,WIN,TARGET_HIT,25935.25,1480.00,2026-05-07 09:30:52
2026-01-28,2026-01-28 11:20:00,2026-01-28 11:25:00,OG,Backtest,AdxDiCrossBracketOG,OG_AdxDiCrossBracketOG,OG,NQ,NQ JUN26,LONG,1,26393.00,26379.00,-284.36,-288.72,-57.7,LOSS,STOP_HIT,26333.75,1185.00,2026-05-07 09:30:52
2026-01-23,2026-01-23 10:10:00,2026-01-23 10:20:00,OG,Backtest,AdxDiCrossBracketOG,OG_AdxDiCrossBracketOG,OG,NQ,NQ JUN26,LONG,1,25921.00,25883.25,-759.36,-763.72,-152.7,LOSS,STOP_HIT,25850.75,1405.00,2026-05-07 09:30:52
2026-01-06,2026-01-06 11:00:00,2026-01-06 11:10:00,OG,Backtest,AdxDiCrossBracketOG,OG_AdxDiCrossBracketOG,OG,NQ,NQ JUN26,SHORT,1,25909.25,25852.00,1140.64,1136.28,227.3,WIN,TARGET_HIT,25967.00,1155.00,2026-05-07 09:30:52
2026-02-03,2026-02-03 09:50:00,2026-02-03 10:00:00,OG,Backtest,AdxDiCrossBracketOG,OG_AdxDiCrossBracketOG,OG,NQ,NQ JUN26,SHORT,1,25960.75,25888.75,1435.64,1431.28,286.3,WIN,TARGET_HIT,26034.25,1470.00,2026-05-07 09:30:52
2026-04-07,2026-04-07 11:40:00,2026-04-07 12:05:00,OG,Backtest,AdxDiCrossBracketOG,OG_AdxDiCrossBracketOG,OG,NQ,NQ JUN26,LONG,1,24071.50,24163.75,1840.64,1836.28,367.3,WIN,TARGET_HIT,23978.75,1855.00,2026-05-07 09:30:52
2026-01-20,2026-01-20 10:50:00,2026-01-20 10:55:00,OG,Backtest,AdxDiCrossBracketOG,OG_AdxDiCrossBracketOG,OG,NQ,NQ JUN26,LONG,1,25598.00,25559.50,-774.36,-778.72,-155.7,LOSS,STOP_HIT,25503.75,1885.00,2026-05-07 09:30:52
2026-01-07,2026-01-07 10:10:00,2026-01-07 10:30:00,OG,Backtest,AdxDiCrossBracketOG,OG_AdxDiCrossBracketOG,OG,NQ,NQ JUN26,SHORT,1,26050.75,26070.75,-404.36,-408.72,-81.7,LOSS,STOP_HIT,26094.00,865.00,2026-05-07 09:30:52
2026-02-03,2026-02-03 09:50:00,2026-02-03 10:00:00,OG,Backtest,AdxDiCrossBracketOG,OG_AdxDiCrossBracketOG,OG,NQ,NQ JUN26,SHORT,1,25960.75,25888.75,1435.64,1431.28,286.3,WIN,TARGET_HIT,26034.25,1470.00,2026-05-07 09:30:52
2026-04-13,2026-04-13 10:00:00,2026-04-13 10:15:00,OG,Backtest,AdxDiCrossBracketOG,OG_AdxDiCrossBracketOG,OG,NQ,NQ JUN26,LONG,1,25271.50,25299.00,545.64,541.28,108.3,WIN,STOP_HIT,25200.75,1415.00,2026-05-07 09:30:52
2026-02-11,2026-02-11 10:20:00,2026-02-11 10:25:00,OG,Backtest,AdxDiCrossBracketOG,OG_AdxDiCrossBracketOG,OG,NQ,NQ JUN26,SHORT,1,25396.00,25293.75,2040.64,2036.28,407.3,WIN,TARGET_HIT,25500.25,2085.00,2026-05-07 09:30:52
2026-02-11,2026-02-11 10:20:00,2026-02-11 10:25:00,OG,Backtest,AdxDiCrossBracketOG,OG_AdxDiCrossBracketOG,OG,NQ,NQ JUN26,SHORT,1,25396.00,25293.75,2040.64,2036.28,407.3,WIN,TARGET_HIT,25500.25,2085.00,2026-05-07 09:30:52
2026-03-25,2026-03-25 11:20:00,2026-03-25 11:35:00,OG,Backtest,AdxDiCrossBracketOG,OG_AdxDiCrossBracketOG,OG,NQ,NQ JUN26,SHORT,1,24386.00,24430.00,-884.36,-888.72,-177.7,LOSS,STOP_HIT,24488.75,2055.00,2026-05-07 09:30:52
2026-02-03,2026-02-03 09:50:00,2026-02-03 09:50:00,OG,Backtest,AdxDiCrossBracketOG,OG_AdxDiCrossBracketOG,OG,NQ,NQ JUN26,SHORT,1,25960.75,26016.50,-1119.36,-1123.72,-224.7,LOSS,STOP_HIT,26016.00,1105.00,2026-05-07 09:30:52
2026-04-21,2026-04-21 11:05:00,2026-04-21 11:10:00,OG,Backtest,AdxDiCrossBracketOG,OG_AdxDiCrossBracketOG,OG,NQ,NQ JUN26,SHORT,1,26737.25,26667.50,1390.64,1386.28,277.3,WIN,TARGET_HIT,26806.00,1375.00,2026-05-07 09:30:52
2026-01-09,2026-01-09 10:15:00,2026-01-09 10:15:00,OG,Backtest,AdxDiCrossBracketOG,OG_AdxDiCrossBracketOG,OG,NQ,NQ JUN26,SHORT,1,25850.50,25939.75,-1789.36,-1793.72,-358.7,LOSS,STOP_HIT,25939.25,1775.00,2026-05-07 09:30:52
2026-02-10,2026-02-10 09:45:00,2026-02-10 09:45:00,OG,Backtest,AdxDiCrossBracketOG,OG_AdxDiCrossBracketOG,OG,NQ,NQ JUN26,SHORT,1,25535.25,25488.50,930.64,926.28,185.3,WIN,TARGET_HIT,25583.50,965.00,2026-05-07 09:30:52
2026-04-06,2026-04-06 10:55:00,2026-04-06 11:05:00,OG,Backtest,AdxDiCrossBracketOG,OG_AdxDiCrossBracketOG,OG,NQ,NQ JUN26,SHORT,1,24269.25,24306.75,-754.36,-758.72,-151.7,LOSS,STOP_HIT,24372.75,2070.00,2026-05-07 09:30:52
2026-02-11,2026-02-11 11:05:00,2026-02-11 11:10:00,OG,Backtest,AdxDiCrossBracketOG,OG_AdxDiCrossBracketOG,OG,NQ,NQ JUN26,LONG,1,25453.50,25418.25,-709.36,-713.72,-142.7,LOSS,STOP_HIT,25363.00,1810.00,2026-05-07 09:30:52
2026-02-24,2026-02-24 10:10:00,2026-02-24 10:15:00,OG,Backtest,AdxDiCrossBracketOG,OG_AdxDiCrossBracketOG,OG,NQ,NQ JUN26,SHORT,1,25048.75,25109.25,-1214.36,-1218.72,-243.7,LOSS,STOP_HIT,25134.75,1720.00,2026-05-07 09:30:52
2026-03-02,2026-03-02 11:15:00,2026-03-02 11:20:00,OG,Backtest,AdxDiCrossBracketOG,OG_AdxDiCrossBracketOG,OG,NQ,NQ JUN26,LONG,1,25187.00,25180.75,-129.36,-133.72,-26.7,LOSS,STOP_HIT,25101.25,1715.00,2026-05-07 09:30:52
2026-02-24,2026-02-24 10:10:00,2026-02-24 10:15:00,OG,Backtest,AdxDiCrossBracketOG,OG_AdxDiCrossBracketOG,OG,NQ,NQ JUN26,SHORT,1,25048.75,25109.25,-1214.36,-1218.72,-243.7,LOSS,STOP_HIT,25134.75,1720.00,2026-05-07 09:30:52
2026-03-12,2026-03-12 11:50:00,2026-03-12 11:55:00,OG,Backtest,AdxDiCrossBracketOG,OG_AdxDiCrossBracketOG,OG,NQ,NQ JUN26,LONG,1,24898.00,24865.50,-654.36,-658.72,-131.7,LOSS,STOP_HIT,24792.00,2120.00,2026-05-07 09:30:52
2026-02-11,2026-02-11 11:05:00,2026-02-11 11:10:00,OG,Backtest,AdxDiCrossBracketOG,OG_AdxDiCrossBracketOG,OG,NQ,NQ JUN26,LONG,1,25453.50,25418.25,-709.36,-713.72,-142.7,LOSS,STOP_HIT,25363.00,1810.00,2026-05-07 09:30:52
2026-03-02,2026-03-02 11:15:00,2026-03-02 11:20:00,OG,Backtest,AdxDiCrossBracketOG,OG_AdxDiCrossBracketOG,OG,NQ,NQ JUN26,LONG,1,25187.00,25180.75,-129.36,-133.72,-26.7,LOSS,STOP_HIT,25072.75,2285.00,2026-05-07 09:30:52
2026-02-11,2026-02-11 11:20:00,2026-02-11 11:25:00,OG,Backtest,AdxDiCrossBracketOG,OG_AdxDiCrossBracketOG,OG,NQ,NQ JUN26,LONG,1,25468.00,25457.75,-209.36,-213.72,-42.7,LOSS,STOP_HIT,25376.75,1825.00,2026-05-07 09:30:52
2026-03-13,2026-03-13 10:50:00,2026-03-13 11:00:00,OG,Backtest,AdxDiCrossBracketOG,OG_AdxDiCrossBracketOG,OG,NQ,NQ JUN26,SHORT,1,24805.00,24706.00,1975.64,1971.28,394.3,WIN,TARGET_HIT,24902.50,1950.00,2026-05-07 09:30:52
2026-01-06,2026-01-06 11:00:00,2026-01-06 11:10:00,OG,Backtest,AdxDiCrossBracketOG,OG_AdxDiCrossBracketOG,OG,NQ,NQ JUN26,SHORT,1,25909.25,25852.00,1140.64,1136.28,227.3,WIN,TARGET_HIT,25967.00,1155.00,2026-05-07 09:30:52
2026-03-03,2026-03-03 11:40:00,2026-03-03 11:50:00,OG,Backtest,AdxDiCrossBracketOG,OG_AdxDiCrossBracketOG,OG,NQ,NQ JUN26,SHORT,1,24817.25,24864.25,-944.36,-948.72,-189.7,LOSS,STOP_HIT,24948.50,2625.00,2026-05-07 09:30:52
2026-01-20,2026-01-20 10:50:00,2026-01-20 10:55:00,OG,Backtest,AdxDiCrossBracketOG,OG_AdxDiCrossBracketOG,OG,NQ,NQ JUN26,LONG,1,25598.00,25559.50,-774.36,-778.72,-155.7,LOSS,STOP_HIT,25503.75,1885.00,2026-05-07 09:30:52
2026-03-09,2026-03-09 10:45:00,2026-03-09 11:20:00,OG,Backtest,AdxDiCrossBracketOG,OG_AdxDiCrossBracketOG,OG,NQ,NQ JUN26,LONG,1,24692.00,24832.25,2800.64,2796.28,559.3,WIN,TARGET_HIT,24552.25,2795.00,2026-05-07 09:30:52
2026-01-21,2026-01-21 11:45:00,2026-01-21 11:55:00,OG,Backtest,AdxDiCrossBracketOG,OG_AdxDiCrossBracketOG,OG,NQ,NQ JUN26,SHORT,1,25543.75,25467.25,1525.64,1521.28,304.3,WIN,TARGET_HIT,25620.75,1540.00,2026-05-07 09:30:52
2026-04-21,2026-04-21 11:05:00,2026-04-21 11:10:00,OG,Backtest,AdxDiCrossBracketOG,OG_AdxDiCrossBracketOG,OG,NQ,NQ JUN26,SHORT,1,26737.25,26667.50,1390.64,1386.28,277.3,WIN,TARGET_HIT,26806.00,1375.00,2026-05-07 09:30:52
2026-02-24,2026-02-24 10:10:00,2026-02-24 10:15:00,OG,Backtest,AdxDiCrossBracketOG,OG_AdxDiCrossBracketOG,OG,NQ,NQ JUN26,SHORT,1,25048.75,25109.25,-1214.36,-1218.72,-243.7,LOSS,STOP_HIT,25134.75,1720.00,2026-05-07 09:30:52
2026-03-06,2026-03-06 11:10:00,2026-03-06 11:15:00,OG,Backtest,AdxDiCrossBracketOG,OG_AdxDiCrossBracketOG,OG,NQ,NQ JUN26,LONG,1,25101.50,25059.00,-854.36,-858.72,-171.7,LOSS,STOP_HIT,25007.25,1885.00,2026-05-07 09:30:52
2026-03-19,2026-03-19 11:15:00,2026-03-19 11:25:00,OG,Backtest,AdxDiCrossBracketOG,OG_AdxDiCrossBracketOG,OG,NQ,NQ JUN26,LONG,1,24530.25,24486.25,-884.36,-888.72,-177.7,LOSS,STOP_HIT,24416.25,2280.00,2026-05-07 09:30:52
2026-03-24,2026-03-24 11:00:00,2026-03-24 11:35:00,OG,Backtest,AdxDiCrossBracketOG,OG_AdxDiCrossBracketOG,OG,NQ,NQ JUN26,LONG,1,24281.50,24311.75,600.64,596.28,119.3,WIN,STOP_HIT,24156.00,2510.00,2026-05-07 09:30:52
2026-03-06,2026-03-06 11:10:00,2026-03-06 11:15:00,OG,Backtest,AdxDiCrossBracketOG,OG_AdxDiCrossBracketOG,OG,NQ,NQ JUN26,LONG,1,25101.50,25059.00,-854.36,-858.72,-171.7,LOSS,STOP_HIT,24975.75,2515.00,2026-05-07 09:30:52
2026-03-02,2026-03-02 11:15:00,2026-03-02 11:20:00,OG,Backtest,AdxDiCrossBracketOG,OG_AdxDiCrossBracketOG,OG,NQ,NQ JUN26,LONG,1,25187.00,25180.75,-129.36,-133.72,-26.7,LOSS,STOP_HIT,25101.25,1715.00,2026-05-07 09:30:52
2026-03-20,2026-03-20 11:30:00,2026-03-20 12:05:00,OG,Backtest,AdxDiCrossBracketOG,OG_AdxDiCrossBracketOG,OG,NQ,NQ JUN26,LONG,1,24274.25,24354.75,1605.64,1601.28,320.3,WIN,TARGET_HIT,24192.75,1630.00,2026-05-07 09:30:52
2026-03-27,2026-03-27 11:40:00,2026-03-27 12:05:00,OG,Backtest,AdxDiCrossBracketOG,OG_AdxDiCrossBracketOG,OG,NQ,NQ JUN26,LONG,1,23597.00,23542.50,-1094.36,-1098.72,-219.7,LOSS,STOP_HIT,23486.50,2210.00,2026-05-07 09:30:52
2026-03-03,2026-03-03 11:25:00,2026-03-03 11:35:00,OG,Backtest,AdxDiCrossBracketOG,OG_AdxDiCrossBracketOG,OG,NQ,NQ JUN26,LONG,1,24794.50,24819.00,485.64,481.28,96.3,WIN,STOP_HIT,24654.75,2795.00,2026-05-07 09:30:52
2026-01-07,2026-01-07 09:50:00,2026-01-07 10:05:00,OG,Backtest,AdxDiCrossBracketOG,OG_AdxDiCrossBracketOG,OG,NQ,NQ JUN26,LONG,1,26063.75,26052.75,-224.36,-228.72,-45.7,LOSS,STOP_HIT,26030.75,660.00,2026-05-07 09:30:52
2026-03-25,2026-03-25 11:20:00,2026-03-25 11:20:00,OG,Backtest,AdxDiCrossBracketOG,OG_AdxDiCrossBracketOG,OG,NQ,NQ JUN26,SHORT,1,24386.00,24311.00,1495.64,1491.28,298.3,WIN,TARGET_HIT,24463.50,1550.00,2026-05-07 09:30:52
2026-03-09,2026-03-09 10:45:00,2026-03-09 11:00:00,OG,Backtest,AdxDiCrossBracketOG,OG_AdxDiCrossBracketOG,OG,NQ,NQ JUN26,LONG,1,24692.00,24753.50,1225.64,1221.28,244.3,WIN,STOP_HIT,24552.25,2795.00,2026-05-07 09:30:52
2026-03-19,2026-03-19 11:15:00,2026-03-19 11:25:00,OG,Backtest,AdxDiCrossBracketOG,OG_AdxDiCrossBracketOG,OG,NQ,NQ JUN26,LONG,1,24530.25,24486.25,-884.36,-888.72,-177.7,LOSS,STOP_HIT,24444.75,1710.00,2026-05-07 09:30:52
2026-03-06,2026-03-06 11:10:00,2026-03-06 11:15:00,OG,Backtest,AdxDiCrossBracketOG,OG_AdxDiCrossBracketOG,OG,NQ,NQ JUN26,LONG,1,25101.50,25059.00,-854.36,-858.72,-171.7,LOSS,STOP_HIT,25007.25,1885.00,2026-05-07 09:30:52
2026-04-06,2026-04-06 10:55:00,2026-04-06 11:05:00,OG,Backtest,AdxDiCrossBracketOG,OG_AdxDiCrossBracketOG,OG,NQ,NQ JUN26,SHORT,1,24269.25,24306.75,-754.36,-758.72,-151.7,LOSS,STOP_HIT,24372.75,2070.00,2026-05-07 09:30:52
2026-03-12,2026-03-12 11:50:00,2026-03-12 11:55:00,OG,Backtest,AdxDiCrossBracketOG,OG_AdxDiCrossBracketOG,OG,NQ,NQ JUN26,LONG,1,24898.00,24865.50,-654.36,-658.72,-131.7,LOSS,STOP_HIT,24792.00,2120.00,2026-05-07 09:30:52
2026-03-27,2026-03-27 11:40:00,2026-03-27 12:00:00,OG,Backtest,AdxDiCrossBracketOG,OG_AdxDiCrossBracketOG,OG,NQ,NQ JUN26,LONG,1,23597.00,23550.75,-929.36,-933.72,-186.7,LOSS,STOP_HIT,23486.50,2210.00,2026-05-07 09:30:52
2026-04-06,2026-04-06 10:55:00,2026-04-06 11:05:00,OG,Backtest,AdxDiCrossBracketOG,OG_AdxDiCrossBracketOG,OG,NQ,NQ JUN26,SHORT,1,24269.25,24306.75,-754.36,-758.72,-151.7,LOSS,STOP_HIT,24372.75,2070.00,2026-05-07 09:30:52
2026-01-09,2026-01-09 10:30:00,2026-01-09 10:45:00,OG,Backtest,AdxDiCrossBracketOG,OG_AdxDiCrossBracketOG,OG,NQ,NQ JUN26,LONG,1,26009.25,26038.00,570.64,566.28,113.3,WIN,STOP_HIT,25910.75,1970.00,2026-05-07 09:30:52
2026-04-16,2026-04-16 10:15:00,2026-04-16 10:50:00,OG,Backtest,AdxDiCrossBracketOG,OG_AdxDiCrossBracketOG,OG,NQ,NQ JUN26,LONG,1,26347.25,26415.50,1360.64,1356.28,271.3,WIN,TARGET_HIT,26277.00,1405.00,2026-05-07 09:30:52
2026-03-19,2026-03-19 11:15:00,2026-03-19 11:25:00,OG,Backtest,AdxDiCrossBracketOG,OG_AdxDiCrossBracketOG,OG,NQ,NQ JUN26,LONG,1,24530.25,24486.25,-884.36,-888.72,-177.7,LOSS,STOP_HIT,24416.25,2280.00,2026-05-07 09:30:52
2026-03-20,2026-03-20 11:30:00,2026-03-20 12:20:00,OG,Backtest,AdxDiCrossBracketOG,OG_AdxDiCrossBracketOG,OG,NQ,NQ JUN26,LONG,1,24274.25,24320.00,910.64,906.28,181.3,WIN,STOP_HIT,24165.75,2170.00,2026-05-07 09:30:52
2026-04-16,2026-04-16 10:00:00,2026-04-16 10:10:00,OG,Backtest,AdxDiCrossBracketOG,OG_AdxDiCrossBracketOG,OG,NQ,NQ JUN26,SHORT,1,26282.00,26346.00,-1284.36,-1288.72,-257.7,LOSS,STOP_HIT,26345.50,1270.00,2026-05-07 09:30:52
2026-03-25,2026-03-25 11:20:00,2026-03-25 11:20:00,OG,Backtest,AdxDiCrossBracketOG,OG_AdxDiCrossBracketOG,OG,NQ,NQ JUN26,SHORT,1,24386.00,24311.00,1495.64,1491.28,298.3,WIN,TARGET_HIT,24463.50,1550.00,2026-05-07 09:30:52
2026-02-24,2026-02-24 10:10:00,2026-02-24 10:15:00,OG,Backtest,AdxDiCrossBracketOG,OG_AdxDiCrossBracketOG,OG,NQ,NQ JUN26,SHORT,1,25048.75,25109.25,-1214.36,-1218.72,-243.7,LOSS,STOP_HIT,25134.75,1720.00,2026-05-07 09:30:52
2026-05-04,2026-05-04 11:05:00,2026-05-04 11:20:00,OG,Backtest,AdxDiCrossBracketOG,OG_AdxDiCrossBracketOG,OG,NQ,NQ JUN26,SHORT,1,27881.50,27813.00,1365.64,1361.28,272.3,WIN,TARGET_HIT,27951.00,1390.00,2026-05-07 09:30:52
2026-02-03,2026-02-03 09:50:00,2026-02-03 10:00:00,OG,Backtest,AdxDiCrossBracketOG,OG_AdxDiCrossBracketOG,OG,NQ,NQ JUN26,SHORT,1,25960.75,25888.75,1435.64,1431.28,286.3,WIN,TARGET_HIT,26034.25,1470.00,2026-05-07 09:30:52
2026-03-09,2026-03-09 10:45:00,2026-03-09 11:20:00,OG,Backtest,AdxDiCrossBracketOG,OG_AdxDiCrossBracketOG,OG,NQ,NQ JUN26,LONG,1,24692.00,24832.25,2800.64,2796.28,559.3,WIN,TARGET_HIT,24552.25,2795.00,2026-05-07 09:30:52
2026-03-27,2026-03-27 11:40:00,2026-03-27 12:05:00,OG,Backtest,AdxDiCrossBracketOG,OG_AdxDiCrossBracketOG,OG,NQ,NQ JUN26,LONG,1,23597.00,23542.50,-1094.36,-1098.72,-219.7,LOSS,STOP_HIT,23486.50,2210.00,2026-05-07 09:30:52
2026-04-21,2026-04-21 11:05:00,2026-04-21 11:10:00,OG,Backtest,AdxDiCrossBracketOG,OG_AdxDiCrossBracketOG,OG,NQ,NQ JUN26,SHORT,1,26737.25,26667.50,1390.64,1386.28,277.3,WIN,TARGET_HIT,26806.00,1375.00,2026-05-07 09:30:52
2026-04-02,2026-04-02 10:45:00,2026-04-02 11:25:00,OG,Backtest,AdxDiCrossBracketOG,OG_AdxDiCrossBracketOG,OG,NQ,NQ JUN26,LONG,1,24210.25,24151.25,-1184.36,-1188.72,-237.7,LOSS,STOP_HIT,24059.00,3025.00,2026-05-07 09:30:52
2026-04-29,2026-04-29 11:15:00,2026-04-29 11:20:00,OG,Backtest,AdxDiCrossBracketOG,OG_AdxDiCrossBracketOG,OG,NQ,NQ JUN26,SHORT,1,27249.50,27231.00,365.64,361.28,72.3,WIN,STOP_HIT,27310.00,1210.00,2026-05-07 09:30:52
2026-05-04,2026-05-04 11:05:00,2026-05-04 11:20:00,OG,Backtest,AdxDiCrossBracketOG,OG_AdxDiCrossBracketOG,OG,NQ,NQ JUN26,SHORT,1,27881.50,27813.00,1365.64,1361.28,272.3,WIN,TARGET_HIT,27951.00,1390.00,2026-05-07 09:30:52
2026-05-01,2026-05-01 11:10:00,2026-05-01 11:20:00,OG,Backtest,AdxDiCrossBracketOG,OG_AdxDiCrossBracketOG,OG,NQ,NQ JUN26,SHORT,1,27795.25,27837.25,-844.36,-848.72,-169.7,LOSS,STOP_HIT,27877.50,1645.00,2026-05-07 09:30:52
2026-04-21,2026-04-21 11:05:00,2026-04-21 11:05:00,OG,Backtest,AdxDiCrossBracketOG,OG_AdxDiCrossBracketOG,OG,NQ,NQ JUN26,SHORT,1,26737.25,26684.75,1045.64,1041.28,208.3,WIN,TARGET_HIT,26788.75,1030.00,2026-05-07 09:30:52
2026-05-01,2026-05-01 11:10:00,2026-05-01 11:20:00,OG,Backtest,AdxDiCrossBracketOG,OG_AdxDiCrossBracketOG,OG,NQ,NQ JUN26,SHORT,1,27795.25,27837.25,-844.36,-848.72,-169.7,LOSS,STOP_HIT,27877.50,1645.00,2026-05-07 09:30:52
2026-04-10,2026-04-10 11:45:00,2026-04-10 12:15:00,OG,Backtest,AdxDiCrossBracketOG,OG_AdxDiCrossBracketOG,OG,NQ,NQ JUN26,SHORT,1,25301.50,25271.75,590.64,586.28,117.3,WIN,STOP_HIT,25366.25,1295.00,2026-05-07 09:30:52
2026-03-20,2026-03-20 11:30:00,2026-03-20 12:30:00,OG,Backtest,AdxDiCrossBracketOG,OG_AdxDiCrossBracketOG,OG,NQ,NQ JUN26,LONG,1,24274.25,24312.00,750.64,746.28,149.3,WIN,STOP_HIT,24165.75,2170.00,2026-05-07 09:30:52
2026-04-16,2026-04-16 10:00:00,2026-04-16 10:10:00,OG,Backtest,AdxDiCrossBracketOG,OG_AdxDiCrossBracketOG,OG,NQ,NQ JUN26,SHORT,1,26282.00,26336.75,-1099.36,-1103.72,-220.7,LOSS,STOP_HIT,26345.50,1270.00,2026-05-07 09:30:52
2026-05-04,2026-05-04 11:05:00,2026-05-04 11:20:00,OG,Backtest,AdxDiCrossBracketOG,OG_AdxDiCrossBracketOG,OG,NQ,NQ JUN26,SHORT,1,27881.50,27830.25,1020.64,1016.28,203.3,WIN,TARGET_HIT,27933.75,1045.00,2026-05-07 09:30:52
2026-05-04,2026-05-04 11:05:00,2026-05-04 11:20:00,OG,Backtest,AdxDiCrossBracketOG,OG_AdxDiCrossBracketOG,OG,NQ,NQ JUN26,SHORT,1,27881.50,27830.25,1020.64,1016.28,203.3,WIN,TARGET_HIT,27933.75,1045.00,2026-05-07 09:30:52
2026-04-21,2026-04-21 11:05:00,2026-04-21 11:10:00,OG,Backtest,AdxDiCrossBracketOG,OG_AdxDiCrossBracketOG,OG,NQ,NQ JUN26,SHORT,1,26737.25,26667.50,1390.64,1386.28,277.3,WIN,TARGET_HIT,26806.00,1375.00,2026-05-07 09:30:52
2026-01-23,2026-01-23 10:10:00,2026-01-23 10:40:00,OG,Backtest,AdxDiCrossBracketOG,OG_AdxDiCrossBracketOG,OG,NQ,NQ JUN26,LONG,1,25921.00,25989.75,1370.64,1366.28,273.3,WIN,TARGET_HIT,25850.75,1405.00,2026-05-07 09:30:52
2026-04-07,2026-04-07 11:40:00,2026-04-07 12:05:00,OG,Backtest,AdxDiCrossBracketOG,OG_AdxDiCrossBracketOG,OG,NQ,NQ JUN26,LONG,1,24071.50,24163.75,1840.64,1836.28,367.3,WIN,TARGET_HIT,23978.75,1855.00,2026-05-07 09:30:52
2026-03-06,2026-03-06 11:10:00,2026-03-06 11:15:00,OG,Backtest,AdxDiCrossBracketOG,OG_AdxDiCrossBracketOG,OG,NQ,NQ JUN26,LONG,1,25101.50,25059.00,-854.36,-858.72,-171.7,LOSS,STOP_HIT,24975.75,2515.00,2026-05-07 09:30:52
2026-04-10,2026-04-10 11:45:00,2026-04-10 12:15:00,OG,Backtest,AdxDiCrossBracketOG,OG_AdxDiCrossBracketOG,OG,NQ,NQ JUN26,SHORT,1,25301.50,25271.75,590.64,586.28,117.3,WIN,STOP_HIT,25366.25,1295.00,2026-05-07 09:30:52
2026-03-20,2026-03-20 11:30:00,2026-03-20 12:20:00,OG,Backtest,AdxDiCrossBracketOG,OG_AdxDiCrossBracketOG,OG,NQ,NQ JUN26,LONG,1,24274.25,24320.00,910.64,906.28,181.3,WIN,STOP_HIT,24165.75,2170.00,2026-05-07 09:30:52
2026-02-17,2026-02-17 11:10:00,2026-02-17 11:15:00,OG,Backtest,AdxDiCrossBracketOG,OG_AdxDiCrossBracketOG,OG,NQ,NQ JUN26,LONG,1,24861.25,24994.25,2655.64,2651.28,530.3,WIN,TARGET_HIT,24726.75,2690.00,2026-05-07 09:30:52
2026-05-01,2026-05-01 11:10:00,2026-05-01 11:20:00,OG,Backtest,AdxDiCrossBracketOG,OG_AdxDiCrossBracketOG,OG,NQ,NQ JUN26,SHORT,1,27795.25,27837.25,-844.36,-848.72,-169.7,LOSS,STOP_HIT,27877.50,1645.00,2026-05-07 09:30:52
2026-04-16,2026-04-16 10:00:00,2026-04-16 10:10:00,OG,Backtest,AdxDiCrossBracketOG,OG_AdxDiCrossBracketOG,OG,NQ,NQ JUN26,SHORT,1,26282.00,26346.00,-1284.36,-1288.72,-257.7,LOSS,STOP_HIT,26345.50,1270.00,2026-05-07 09:30:52
2026-04-13,2026-04-13 10:00:00,2026-04-13 10:15:00,OG,Backtest,AdxDiCrossBracketOG,OG_AdxDiCrossBracketOG,OG,NQ,NQ JUN26,LONG,1,25271.50,25285.75,280.64,276.28,55.3,WIN,STOP_HIT,25200.75,1415.00,2026-05-07 09:30:52
2026-04-16,2026-04-16 10:15:00,2026-04-16 10:50:00,OG,Backtest,AdxDiCrossBracketOG,OG_AdxDiCrossBracketOG,OG,NQ,NQ JUN26,LONG,1,26347.25,26415.50,1360.64,1356.28,271.3,WIN,TARGET_HIT,26277.00,1405.00,2026-05-07 09:30:52
2026-04-16,2026-04-16 10:15:00,2026-04-16 10:50:00,OG,Backtest,AdxDiCrossBracketOG,OG_AdxDiCrossBracketOG,OG,NQ,NQ JUN26,LONG,1,26347.25,26415.50,1360.64,1356.28,271.3,WIN,TARGET_HIT,26277.00,1405.00,2026-05-07 09:30:52
2026-02-11,2026-02-11 11:20:00,2026-02-11 11:25:00,OG,Backtest,AdxDiCrossBracketOG,OG_AdxDiCrossBracketOG,OG,NQ,NQ JUN26,LONG,1,25468.00,25457.75,-209.36,-213.72,-42.7,LOSS,STOP_HIT,25346.75,2425.00,2026-05-07 09:30:52
2026-04-16,2026-04-16 10:00:00,2026-04-16 10:10:00,OG,Backtest,AdxDiCrossBracketOG,OG_AdxDiCrossBracketOG,OG,NQ,NQ JUN26,SHORT,1,26282.00,26346.00,-1284.36,-1288.72,-257.7,LOSS,STOP_HIT,26345.50,1270.00,2026-05-07 09:30:52
2026-01-07,2026-01-07 10:10:00,2026-01-07 10:30:00,OG,Backtest,AdxDiCrossBracketOG,OG_AdxDiCrossBracketOG,OG,NQ,NQ JUN26,SHORT,1,26050.75,26071.00,-409.36,-413.72,-82.7,LOSS,STOP_HIT,26094.00,865.00,2026-05-07 09:30:52
2026-02-17,2026-02-17 11:10:00,2026-02-17 11:15:00,OG,Backtest,AdxDiCrossBracketOG,OG_AdxDiCrossBracketOG,OG,NQ,NQ JUN26,LONG,1,24861.25,24994.25,2655.64,2651.28,530.3,WIN,TARGET_HIT,24726.75,2690.00,2026-05-07 09:30:52
2026-03-17,2026-03-17 11:15:00,2026-03-17 11:50:00,OG,Backtest,AdxDiCrossBracketOG,OG_AdxDiCrossBracketOG,OG,NQ,NQ JUN26,SHORT,1,25020.50,25009.00,225.64,221.28,44.3,WIN,STOP_HIT,25091.50,1420.00,2026-05-07 09:30:52
2026-04-13,2026-04-13 10:00:00,2026-04-13 10:15:00,OG,Backtest,AdxDiCrossBracketOG,OG_AdxDiCrossBracketOG,OG,NQ,NQ JUN26,LONG,1,25271.50,25299.00,545.64,541.28,108.3,WIN,STOP_HIT,25200.75,1415.00,2026-05-07 09:30:52
2026-04-13,2026-04-13 10:00:00,2026-04-13 10:15:00,OG,Backtest,AdxDiCrossBracketOG,OG_AdxDiCrossBracketOG,OG,NQ,NQ JUN26,LONG,1,25271.50,25285.75,280.64,276.28,55.3,WIN,STOP_HIT,25200.75,1415.00,2026-05-07 09:30:52
2026-03-20,2026-03-20 11:30:00,2026-03-20 12:30:00,OG,Backtest,AdxDiCrossBracketOG,OG_AdxDiCrossBracketOG,OG,NQ,NQ JUN26,LONG,1,24274.25,24312.00,750.64,746.28,149.3,WIN,STOP_HIT,24165.75,2170.00,2026-05-07 09:30:52
2026-01-06,2026-01-06 11:00:00,2026-01-06 11:10:00,OG,Backtest,AdxDiCrossBracketOG,OG_AdxDiCrossBracketOG,OG,NQ,NQ JUN26,SHORT,1,25909.25,25852.00,1140.64,1136.28,227.3,WIN,TARGET_HIT,25967.00,1155.00,2026-05-07 09:30:52
2026-03-03,2026-03-03 11:25:00,2026-03-03 11:35:00,OG,Backtest,AdxDiCrossBracketOG,OG_AdxDiCrossBracketOG,OG,NQ,NQ JUN26,LONG,1,24794.50,24819.00,485.64,481.28,96.3,WIN,STOP_HIT,24654.75,2795.00,2026-05-07 09:30:52
2026-04-21,2026-04-21 11:05:00,2026-04-21 11:10:00,OG,Backtest,AdxDiCrossBracketOG,OG_AdxDiCrossBracketOG,OG,NQ,NQ JUN26,SHORT,1,26737.25,26667.50,1390.64,1386.28,277.3,WIN,TARGET_HIT,26806.00,1375.00,2026-05-07 09:30:52
2026-03-27,2026-03-27 11:40:00,2026-03-27 12:05:00,OG,Backtest,AdxDiCrossBracketOG,OG_AdxDiCrossBracketOG,OG,NQ,NQ JUN26,LONG,1,23597.00,23542.50,-1094.36,-1098.72,-219.7,LOSS,STOP_HIT,23486.50,2210.00,2026-05-07 09:30:52
2026-05-04,2026-05-04 11:05:00,2026-05-04 11:20:00,OG,Backtest,AdxDiCrossBracketOG,OG_AdxDiCrossBracketOG,OG,NQ,NQ JUN26,SHORT,1,27881.50,27813.00,1365.64,1361.28,272.3,WIN,TARGET_HIT,27951.00,1390.00,2026-05-07 09:30:52
2026-01-20,2026-01-20 10:50:00,2026-01-20 10:55:00,OG,Backtest,AdxDiCrossBracketOG,OG_AdxDiCrossBracketOG,OG,NQ,NQ JUN26,LONG,1,25598.00,25559.50,-774.36,-778.72,-155.7,LOSS,STOP_HIT,25503.75,1885.00,2026-05-07 09:30:52
2026-01-07,2026-01-07 10:10:00,2026-01-07 10:30:00,OG,Backtest,AdxDiCrossBracketOG,OG_AdxDiCrossBracketOG,OG,NQ,NQ JUN26,SHORT,1,26050.75,26081.00,-609.36,-613.72,-122.7,LOSS,STOP_HIT,26094.00,865.00,2026-05-07 09:30:52
2026-03-17,2026-03-17 11:15:00,2026-03-17 11:50:00,OG,Backtest,AdxDiCrossBracketOG,OG_AdxDiCrossBracketOG,OG,NQ,NQ JUN26,SHORT,1,25020.50,24999.75,410.64,406.28,81.3,WIN,STOP_HIT,25091.50,1420.00,2026-05-07 09:30:52
2026-03-25,2026-03-25 11:20:00,2026-03-25 12:00:00,OG,Backtest,AdxDiCrossBracketOG,OG_AdxDiCrossBracketOG,OG,NQ,NQ JUN26,SHORT,1,24386.00,24392.50,-134.36,-138.72,-27.7,LOSS,STOP_HIT,24488.75,2055.00,2026-05-07 09:30:52
2026-04-13,2026-04-13 10:00:00,2026-04-13 10:15:00,OG,Backtest,AdxDiCrossBracketOG,OG_AdxDiCrossBracketOG,OG,NQ,NQ JUN26,LONG,1,25271.50,25285.75,280.64,276.28,55.3,WIN,STOP_HIT,25200.75,1415.00,2026-05-07 09:30:52
2026-03-27,2026-03-27 11:40:00,2026-03-27 12:05:00,OG,Backtest,AdxDiCrossBracketOG,OG_AdxDiCrossBracketOG,OG,NQ,NQ JUN26,LONG,1,23597.00,23536.00,-1224.36,-1228.72,-245.7,LOSS,STOP_HIT,23486.50,2210.00,2026-05-07 09:30:52
2026-03-20,2026-03-20 11:30:00,2026-03-20 12:20:00,OG,Backtest,AdxDiCrossBracketOG,OG_AdxDiCrossBracketOG,OG,NQ,NQ JUN26,LONG,1,24274.25,24320.00,910.64,906.28,181.3,WIN,STOP_HIT,24165.75,2170.00,2026-05-07 09:30:52
2026-01-07,2026-01-07 10:10:00,2026-01-07 10:30:00,OG,Backtest,AdxDiCrossBracketOG,OG_AdxDiCrossBracketOG,OG,NQ,NQ JUN26,SHORT,1,26050.75,26070.75,-404.36,-408.72,-81.7,LOSS,STOP_HIT,26094.00,865.00,2026-05-07 09:30:52
2026-01-16,2026-01-16 11:40:00,2026-01-16 12:00:00,OG,Backtest,AdxDiCrossBracketOG,OG_AdxDiCrossBracketOG,OG,NQ,NQ JUN26,LONG,1,25923.75,25930.75,135.64,131.28,26.3,WIN,STOP_HIT,25854.75,1380.00,2026-05-07 09:30:53
2026-01-09,2026-01-09 09:45:00,2026-01-09 09:50:00,OG,Backtest,AdxDiCrossBracketOG,OG_AdxDiCrossBracketOG,OG,NQ,NQ JUN26,LONG,1,25965.00,25910.75,-1089.36,-1093.72,-218.7,LOSS,STOP_HIT,25911.25,1075.00,2026-05-07 09:30:53
2026-02-24,2026-02-24 09:50:00,2026-02-24 10:05:00,OG,Backtest,AdxDiCrossBracketOG,OG_AdxDiCrossBracketOG,OG,NQ,NQ JUN26,LONG,1,25120.50,25068.25,-1049.36,-1053.72,-210.7,LOSS,STOP_HIT,25043.75,1535.00,2026-05-07 09:30:53
2026-02-05,2026-02-05 11:40:00,2026-02-05 11:50:00,OG,Backtest,AdxDiCrossBracketOG,OG_AdxDiCrossBracketOG,OG,NQ,NQ JUN26,LONG,1,25025.50,24992.25,-669.36,-673.72,-134.7,LOSS,STOP_HIT,24851.75,3475.00,2026-05-07 09:30:53
2026-02-10,2026-02-10 09:45:00,2026-02-10 09:45:00,OG,Backtest,AdxDiCrossBracketOG,OG_AdxDiCrossBracketOG,OG,NQ,NQ JUN26,SHORT,1,25535.25,25488.50,930.64,926.28,185.3,WIN,TARGET_HIT,25583.50,965.00,2026-05-07 09:30:53
2026-04-10,2026-04-10 11:45:00,2026-04-10 12:15:00,OG,Backtest,AdxDiCrossBracketOG,OG_AdxDiCrossBracketOG,OG,NQ,NQ JUN26,SHORT,1,25301.50,25281.75,390.64,386.28,77.3,WIN,STOP_HIT,25366.25,1295.00,2026-05-07 09:30:53
2026-02-10,2026-02-10 09:45:00,2026-02-10 09:45:00,OG,Backtest,AdxDiCrossBracketOG,OG_AdxDiCrossBracketOG,OG,NQ,NQ JUN26,SHORT,1,25535.25,25488.50,930.64,926.28,185.3,WIN,TARGET_HIT,25583.50,965.00,2026-05-07 09:30:53
2026-03-03,2026-03-03 11:25:00,2026-03-03 11:40:00,OG,Backtest,AdxDiCrossBracketOG,OG_AdxDiCrossBracketOG,OG,NQ,NQ JUN26,LONG,1,24794.50,24817.25,450.64,446.28,89.3,WIN,STOP_HIT,24654.75,2795.00,2026-05-07 09:30:53
2026-04-06,2026-04-06 11:35:00,2026-04-06 11:45:00,OG,Backtest,AdxDiCrossBracketOG,OG_AdxDiCrossBracketOG,OG,NQ,NQ JUN26,SHORT,1,24280.75,24290.00,-189.36,-193.72,-38.7,LOSS,STOP_HIT,24370.25,1790.00,2026-05-07 09:30:53
2026-01-12,2026-01-12 11:25:00,2026-01-12 11:35:00,OG,Backtest,AdxDiCrossBracketOG,OG_AdxDiCrossBracketOG,OG,NQ,NQ JUN26,LONG,1,26158.75,26150.00,-179.36,-183.72,-36.7,LOSS,STOP_HIT,26104.75,1080.00,2026-05-07 09:30:53
2026-01-09,2026-01-09 10:30:00,2026-01-09 10:45:00,OG,Backtest,AdxDiCrossBracketOG,OG_AdxDiCrossBracketOG,OG,NQ,NQ JUN26,LONG,1,26009.25,26048.00,770.64,766.28,153.3,WIN,STOP_HIT,25910.75,1970.00,2026-05-07 09:30:53
2026-01-07,2026-01-07 10:10:00,2026-01-07 10:30:00,OG,Backtest,AdxDiCrossBracketOG,OG_AdxDiCrossBracketOG,OG,NQ,NQ JUN26,SHORT,1,26050.75,26071.00,-409.36,-413.72,-82.7,LOSS,STOP_HIT,26094.00,865.00,2026-05-07 09:30:53
2026-04-10,2026-04-10 11:45:00,2026-04-10 12:15:00,OG,Backtest,AdxDiCrossBracketOG,OG_AdxDiCrossBracketOG,OG,NQ,NQ JUN26,SHORT,1,25301.50,25271.50,595.64,591.28,118.3,WIN,STOP_HIT,25366.25,1295.00,2026-05-07 09:30:53
2026-02-13,2026-02-13 10:35:00,2026-02-13 10:50:00,OG,Backtest,AdxDiCrossBracketOG,OG_AdxDiCrossBracketOG,OG,NQ,NQ JUN26,LONG,1,25058.00,24983.00,-1504.36,-1508.72,-301.7,LOSS,STOP_HIT,24917.50,2810.00,2026-05-07 09:30:53
2026-01-06,2026-01-06 11:00:00,2026-01-06 11:10:00,OG,Backtest,AdxDiCrossBracketOG,OG_AdxDiCrossBracketOG,OG,NQ,NQ JUN26,SHORT,1,25909.25,25852.00,1140.64,1136.28,227.3,WIN,TARGET_HIT,25967.00,1155.00,2026-05-07 09:30:53
2026-01-20,2026-01-20 11:10:00,2026-01-20 11:15:00,OG,Backtest,AdxDiCrossBracketOG,OG_AdxDiCrossBracketOG,OG,NQ,NQ JUN26,LONG,1,25587.50,25601.00,265.64,261.28,52.3,WIN,STOP_HIT,25494.00,1870.00,2026-05-07 09:30:53
2026-03-02,2026-03-02 11:15:00,2026-03-02 11:20:00,OG,Backtest,AdxDiCrossBracketOG,OG_AdxDiCrossBracketOG,OG,NQ,NQ JUN26,LONG,1,25187.00,25180.75,-129.36,-133.72,-26.7,LOSS,STOP_HIT,25072.75,2285.00,2026-05-07 09:30:53
2026-01-07,2026-01-07 09:50:00,2026-01-07 10:05:00,OG,Backtest,AdxDiCrossBracketOG,OG_AdxDiCrossBracketOG,OG,NQ,NQ JUN26,LONG,1,26063.75,26052.75,-224.36,-228.72,-45.7,LOSS,STOP_HIT,26030.75,660.00,2026-05-07 09:30:53
2026-01-13,2026-01-13 10:10:00,2026-01-13 10:20:00,OG,Backtest,AdxDiCrossBracketOG,OG_AdxDiCrossBracketOG,OG,NQ,NQ JUN26,SHORT,1,26138.00,26078.25,1190.64,1186.28,237.3,WIN,TARGET_HIT,26197.75,1195.00,2026-05-07 09:30:53
2026-01-07,2026-01-07 10:10:00,2026-01-07 10:30:00,OG,Backtest,AdxDiCrossBracketOG,OG_AdxDiCrossBracketOG,OG,NQ,NQ JUN26,SHORT,1,26050.75,26071.00,-409.36,-413.72,-82.7,LOSS,STOP_HIT,26094.00,865.00,2026-05-07 09:30:53
2026-01-09,2026-01-09 10:30:00,2026-01-09 10:45:00,OG,Backtest,AdxDiCrossBracketOG,OG_AdxDiCrossBracketOG,OG,NQ,NQ JUN26,LONG,1,26009.25,26038.00,570.64,566.28,113.3,WIN,STOP_HIT,25910.75,1970.00,2026-05-07 09:30:53
2026-01-09,2026-01-09 10:30:00,2026-01-09 10:45:00,OG,Backtest,AdxDiCrossBracketOG,OG_AdxDiCrossBracketOG,OG,NQ,NQ JUN26,LONG,1,26009.25,26038.00,570.64,566.28,113.3,WIN,STOP_HIT,25910.75,1970.00,2026-05-07 09:30:53
2026-01-07,2026-01-07 09:50:00,2026-01-07 10:05:00,OG,Backtest,AdxDiCrossBracketOG,OG_AdxDiCrossBracketOG,OG,NQ,NQ JUN26,LONG,1,26063.75,26060.25,-74.36,-78.72,-15.7,LOSS,STOP_HIT,26030.75,660.00,2026-05-07 09:30:53
2026-01-20,2026-01-20 11:10:00,2026-01-20 11:15:00,OG,Backtest,AdxDiCrossBracketOG,OG_AdxDiCrossBracketOG,OG,NQ,NQ JUN26,LONG,1,25587.50,25601.00,265.64,261.28,52.3,WIN,STOP_HIT,25494.00,1870.00,2026-05-07 09:30:53
2026-01-07,2026-01-07 09:50:00,2026-01-07 10:05:00,OG,Backtest,AdxDiCrossBracketOG,OG_AdxDiCrossBracketOG,OG,NQ,NQ JUN26,LONG,1,26063.75,26060.25,-74.36,-78.72,-15.7,LOSS,STOP_HIT,26030.75,660.00,2026-05-07 09:30:53
2026-01-13,2026-01-13 10:10:00,2026-01-13 10:20:00,OG,Backtest,AdxDiCrossBracketOG,OG_AdxDiCrossBracketOG,OG,NQ,NQ JUN26,SHORT,1,26138.00,26078.25,1190.64,1186.28,237.3,WIN,TARGET_HIT,26197.75,1195.00,2026-05-07 09:30:53
2026-01-13,2026-01-13 10:10:00,2026-01-13 10:20:00,OG,Backtest,AdxDiCrossBracketOG,OG_AdxDiCrossBracketOG,OG,NQ,NQ JUN26,SHORT,1,26138.00,26078.25,1190.64,1186.28,237.3,WIN,TARGET_HIT,26197.75,1195.00,2026-05-07 09:30:53
2026-01-07,2026-01-07 10:10:00,2026-01-07 10:30:00,OG,Backtest,AdxDiCrossBracketOG,OG_AdxDiCrossBracketOG,OG,NQ,NQ JUN26,SHORT,1,26050.75,26071.00,-409.36,-413.72,-82.7,LOSS,STOP_HIT,26094.00,865.00,2026-05-07 09:30:53
2026-01-09,2026-01-09 09:45:00,2026-01-09 09:50:00,OG,Backtest,AdxDiCrossBracketOG,OG_AdxDiCrossBracketOG,OG,NQ,NQ JUN26,LONG,1,25965.00,25910.75,-1089.36,-1093.72,-218.7,LOSS,STOP_HIT,25911.25,1075.00,2026-05-07 09:30:53
2026-01-09,2026-01-09 10:10:00,2026-01-09 10:10:00,OG,Backtest,AdxDiCrossBracketOG,OG_AdxDiCrossBracketOG,OG,NQ,NQ JUN26,LONG,1,25921.75,25842.50,-1589.36,-1593.72,-318.7,LOSS,STOP_HIT,25843.00,1575.00,2026-05-07 09:30:53
2026-01-09,2026-01-09 09:45:00,2026-01-09 09:50:00,OG,Backtest,AdxDiCrossBracketOG,OG_AdxDiCrossBracketOG,OG,NQ,NQ JUN26,LONG,1,25965.00,25910.75,-1089.36,-1093.72,-218.7,LOSS,STOP_HIT,25911.25,1075.00,2026-05-07 09:30:53
2026-01-16,2026-01-16 11:30:00,2026-01-16 11:35:00,OG,Backtest,AdxDiCrossBracketOG,OG_AdxDiCrossBracketOG,OG,NQ,NQ JUN26,LONG,1,25911.50,25925.25,270.64,266.28,53.3,WIN,STOP_HIT,25839.25,1445.00,2026-05-07 09:30:53
2026-03-13,2026-03-13 10:50:00,2026-03-13 11:00:00,OG,Backtest,AdxDiCrossBracketOG,OG_AdxDiCrossBracketOG,OG,NQ,NQ JUN26,SHORT,1,24805.00,24706.00,1975.64,1971.28,394.3,WIN,TARGET_HIT,24902.50,1950.00,2026-05-07 09:30:53
2026-01-20,2026-01-20 10:50:00,2026-01-20 10:55:00,OG,Backtest,AdxDiCrossBracketOG,OG_AdxDiCrossBracketOG,OG,NQ,NQ JUN26,LONG,1,25598.00,25559.50,-774.36,-778.72,-155.7,LOSS,STOP_HIT,25503.75,1885.00,2026-05-07 09:30:53
2026-01-13,2026-01-13 10:10:00,2026-01-13 10:20:00,OG,Backtest,AdxDiCrossBracketOG,OG_AdxDiCrossBracketOG,OG,NQ,NQ JUN26,SHORT,1,26138.00,26078.25,1190.64,1186.28,237.3,WIN,TARGET_HIT,26197.75,1195.00,2026-05-07 09:30:53
2026-03-20,2026-03-20 11:30:00,2026-03-20 12:30:00,OG,Backtest,AdxDiCrossBracketOG,OG_AdxDiCrossBracketOG,OG,NQ,NQ JUN26,LONG,1,24274.25,24312.00,750.64,746.28,149.3,WIN,STOP_HIT,24165.75,2170.00,2026-05-07 09:30:53
2026-01-09,2026-01-09 10:30:00,2026-01-09 10:50:00,OG,Backtest,AdxDiCrossBracketOG,OG_AdxDiCrossBracketOG,OG,NQ,NQ JUN26,LONG,1,26009.25,25987.00,-449.36,-453.72,-90.7,LOSS,STOP_HIT,25910.75,1970.00,2026-05-07 09:30:53
2026-01-09,2026-01-09 10:30:00,2026-01-09 10:45:00,OG,Backtest,AdxDiCrossBracketOG,OG_AdxDiCrossBracketOG,OG,NQ,NQ JUN26,LONG,1,26009.25,26048.00,770.64,766.28,153.3,WIN,STOP_HIT,25910.75,1970.00,2026-05-07 09:30:53
2026-01-13,2026-01-13 10:10:00,2026-01-13 10:20:00,OG,Backtest,AdxDiCrossBracketOG,OG_AdxDiCrossBracketOG,OG,NQ,NQ JUN26,SHORT,1,26138.00,26078.25,1190.64,1186.28,237.3,WIN,TARGET_HIT,26197.75,1195.00,2026-05-07 09:30:53
2026-03-25,2026-03-25 11:20:00,2026-03-25 12:00:00,OG,Backtest,AdxDiCrossBracketOG,OG_AdxDiCrossBracketOG,OG,NQ,NQ JUN26,SHORT,1,24386.00,24392.50,-134.36,-138.72,-27.7,LOSS,STOP_HIT,24488.75,2055.00,2026-05-07 09:30:53
2026-01-28,2026-01-28 11:20:00,2026-01-28 11:25:00,OG,Backtest,AdxDiCrossBracketOG,OG_AdxDiCrossBracketOG,OG,NQ,NQ JUN26,LONG,1,26393.00,26379.00,-284.36,-288.72,-57.7,LOSS,STOP_HIT,26333.75,1185.00,2026-05-07 09:30:53
2026-01-16,2026-01-16 11:30:00,2026-01-16 11:35:00,OG,Backtest,AdxDiCrossBracketOG,OG_AdxDiCrossBracketOG,OG,NQ,NQ JUN26,LONG,1,25911.50,25925.25,270.64,266.28,53.3,WIN,STOP_HIT,25839.25,1445.00,2026-05-07 09:30:53
2026-01-28,2026-01-28 10:55:00,2026-01-28 11:10:00,OG,Backtest,AdxDiCrossBracketOG,OG_AdxDiCrossBracketOG,OG,NQ,NQ JUN26,SHORT,1,26395.25,26395.25,-4.36,-8.72,-1.7,LOSS,STOP_HIT,26461.50,1325.00,2026-05-07 09:30:53
2026-03-17,2026-03-17 11:15:00,2026-03-17 11:55:00,OG,Backtest,AdxDiCrossBracketOG,OG_AdxDiCrossBracketOG,OG,NQ,NQ JUN26,SHORT,1,25020.50,25014.50,115.64,111.28,22.3,WIN,STOP_HIT,25091.50,1420.00,2026-05-07 09:30:53
2026-02-11,2026-02-11 11:05:00,2026-02-11 11:10:00,OG,Backtest,AdxDiCrossBracketOG,OG_AdxDiCrossBracketOG,OG,NQ,NQ JUN26,LONG,1,25453.50,25418.25,-709.36,-713.72,-142.7,LOSS,STOP_HIT,25333.00,2410.00,2026-05-07 09:30:53
2026-02-03,2026-02-03 09:50:00,2026-02-03 10:00:00,OG,Backtest,AdxDiCrossBracketOG,OG_AdxDiCrossBracketOG,OG,NQ,NQ JUN26,SHORT,1,25960.75,25888.75,1435.64,1431.28,286.3,WIN,TARGET_HIT,26034.25,1470.00,2026-05-07 09:30:53
2026-01-30,2026-01-30 10:55:00,2026-01-30 11:00:00,OG,Backtest,AdxDiCrossBracketOG,OG_AdxDiCrossBracketOG,OG,NQ,NQ JUN26,LONG,1,26117.25,26072.25,-904.36,-908.72,-181.7,LOSS,STOP_HIT,26003.25,2280.00,2026-05-07 09:30:53
2026-02-11,2026-02-11 11:20:00,2026-02-11 11:25:00,OG,Backtest,AdxDiCrossBracketOG,OG_AdxDiCrossBracketOG,OG,NQ,NQ JUN26,LONG,1,25468.00,25457.75,-209.36,-213.72,-42.7,LOSS,STOP_HIT,25346.75,2425.00,2026-05-07 09:30:53
2026-01-16,2026-01-16 11:40:00,2026-01-16 11:55:00,OG,Backtest,AdxDiCrossBracketOG,OG_AdxDiCrossBracketOG,OG,NQ,NQ JUN26,LONG,1,25923.75,25932.50,170.64,166.28,33.3,WIN,STOP_HIT,25854.75,1380.00,2026-05-07 09:30:53
2026-02-11,2026-02-11 11:20:00,2026-02-11 11:25:00,OG,Backtest,AdxDiCrossBracketOG,OG_AdxDiCrossBracketOG,OG,NQ,NQ JUN26,LONG,1,25468.00,25457.75,-209.36,-213.72,-42.7,LOSS,STOP_HIT,25346.75,2425.00,2026-05-07 09:30:53
2026-02-13,2026-02-13 10:35:00,2026-02-13 10:45:00,OG,Backtest,AdxDiCrossBracketOG,OG_AdxDiCrossBracketOG,OG,NQ,NQ JUN26,LONG,1,25058.00,25033.25,-499.36,-503.72,-100.7,LOSS,STOP_HIT,24917.50,2810.00,2026-05-07 09:30:53
2026-03-17,2026-03-17 11:15:00,2026-03-17 11:55:00,OG,Backtest,AdxDiCrossBracketOG,OG_AdxDiCrossBracketOG,OG,NQ,NQ JUN26,SHORT,1,25020.50,25014.50,115.64,111.28,22.3,WIN,STOP_HIT,25091.50,1420.00,2026-05-07 09:30:53
2026-02-10,2026-02-10 09:45:00,2026-02-10 09:45:00,OG,Backtest,AdxDiCrossBracketOG,OG_AdxDiCrossBracketOG,OG,NQ,NQ JUN26,SHORT,1,25535.25,25488.50,930.64,926.28,185.3,WIN,TARGET_HIT,25583.50,965.00,2026-05-07 09:30:53
2026-01-28,2026-01-28 10:55:00,2026-01-28 11:10:00,OG,Backtest,AdxDiCrossBracketOG,OG_AdxDiCrossBracketOG,OG,NQ,NQ JUN26,SHORT,1,26395.25,26395.25,-4.36,-8.72,-1.7,LOSS,STOP_HIT,26461.50,1325.00,2026-05-07 09:30:53
2026-04-13,2026-04-13 10:00:00,2026-04-13 10:20:00,OG,Backtest,AdxDiCrossBracketOG,OG_AdxDiCrossBracketOG,OG,NQ,NQ JUN26,LONG,1,25271.50,25281.75,200.64,196.28,39.3,WIN,STOP_HIT,25200.75,1415.00,2026-05-07 09:30:53
2026-01-28,2026-01-28 10:55:00,2026-01-28 11:15:00,OG,Backtest,AdxDiCrossBracketOG,OG_AdxDiCrossBracketOG,OG,NQ,NQ JUN26,SHORT,1,26395.25,26406.25,-224.36,-228.72,-45.7,LOSS,STOP_HIT,26461.50,1325.00,2026-05-07 09:30:53
2026-03-06,2026-03-06 11:10:00,2026-03-06 11:15:00,OG,Backtest,AdxDiCrossBracketOG,OG_AdxDiCrossBracketOG,OG,NQ,NQ JUN26,LONG,1,25101.50,25059.00,-854.36,-858.72,-171.7,LOSS,STOP_HIT,24975.75,2515.00,2026-05-07 09:30:53
2026-04-06,2026-04-06 10:55:00,2026-04-06 11:05:00,OG,Backtest,AdxDiCrossBracketOG,OG_AdxDiCrossBracketOG,OG,NQ,NQ JUN26,SHORT,1,24269.25,24306.75,-754.36,-758.72,-151.7,LOSS,STOP_HIT,24372.75,2070.00,2026-05-07 09:30:53
2026-02-11,2026-02-11 10:20:00,2026-02-11 10:25:00,OG,Backtest,AdxDiCrossBracketOG,OG_AdxDiCrossBracketOG,OG,NQ,NQ JUN26,SHORT,1,25396.00,25293.75,2040.64,2036.28,407.3,WIN,TARGET_HIT,25500.25,2085.00,2026-05-07 09:30:53
2026-01-28,2026-01-28 11:20:00,2026-01-28 11:25:00,OG,Backtest,AdxDiCrossBracketOG,OG_AdxDiCrossBracketOG,OG,NQ,NQ JUN26,LONG,1,26393.00,26379.00,-284.36,-288.72,-57.7,LOSS,STOP_HIT,26333.75,1185.00,2026-05-07 09:30:53
2026-02-03,2026-02-03 09:50:00,2026-02-03 10:00:00,OG,Backtest,AdxDiCrossBracketOG,OG_AdxDiCrossBracketOG,OG,NQ,NQ JUN26,SHORT,1,25960.75,25888.75,1435.64,1431.28,286.3,WIN,TARGET_HIT,26034.25,1470.00,2026-05-07 09:30:53
2026-02-05,2026-02-05 11:40:00,2026-02-05 11:50:00,OG,Backtest,AdxDiCrossBracketOG,OG_AdxDiCrossBracketOG,OG,NQ,NQ JUN26,LONG,1,25025.50,24992.25,-669.36,-673.72,-134.7,LOSS,STOP_HIT,24851.75,3475.00,2026-05-07 09:30:53
2026-01-23,2026-01-23 10:10:00,2026-01-23 10:40:00,OG,Backtest,AdxDiCrossBracketOG,OG_AdxDiCrossBracketOG,OG,NQ,NQ JUN26,LONG,1,25921.00,25989.75,1370.64,1366.28,273.3,WIN,TARGET_HIT,25850.75,1405.00,2026-05-07 09:30:53
2026-02-11,2026-02-11 10:20:00,2026-02-11 10:25:00,OG,Backtest,AdxDiCrossBracketOG,OG_AdxDiCrossBracketOG,OG,NQ,NQ JUN26,SHORT,1,25396.00,25293.75,2040.64,2036.28,407.3,WIN,TARGET_HIT,25500.25,2085.00,2026-05-07 09:30:53
2026-01-16,2026-01-16 11:40:00,2026-01-16 11:55:00,OG,Backtest,AdxDiCrossBracketOG,OG_AdxDiCrossBracketOG,OG,NQ,NQ JUN26,LONG,1,25923.75,25932.50,170.64,166.28,33.3,WIN,STOP_HIT,25854.75,1380.00,2026-05-07 09:30:53
2026-02-11,2026-02-11 10:20:00,2026-02-11 10:25:00,OG,Backtest,AdxDiCrossBracketOG,OG_AdxDiCrossBracketOG,OG,NQ,NQ JUN26,SHORT,1,25396.00,25293.75,2040.64,2036.28,407.3,WIN,TARGET_HIT,25500.25,2085.00,2026-05-07 09:30:53
2026-05-04,2026-05-04 11:05:00,2026-05-04 11:20:00,OG,Backtest,AdxDiCrossBracketOG,OG_AdxDiCrossBracketOG,OG,NQ,NQ JUN26,SHORT,1,27881.50,27813.00,1365.64,1361.28,272.3,WIN,TARGET_HIT,27951.00,1390.00,2026-05-07 09:30:53
2026-02-11,2026-02-11 11:05:00,2026-02-11 11:10:00,OG,Backtest,AdxDiCrossBracketOG,OG_AdxDiCrossBracketOG,OG,NQ,NQ JUN26,LONG,1,25453.50,25418.25,-709.36,-713.72,-142.7,LOSS,STOP_HIT,25333.00,2410.00,2026-05-07 09:30:53
2026-03-02,2026-03-02 11:15:00,2026-03-02 11:20:00,OG,Backtest,AdxDiCrossBracketOG,OG_AdxDiCrossBracketOG,OG,NQ,NQ JUN26,LONG,1,25187.00,25180.75,-129.36,-133.72,-26.7,LOSS,STOP_HIT,25072.75,2285.00,2026-05-07 09:30:53
2026-02-10,2026-02-10 09:45:00,2026-02-10 09:45:00,OG,Backtest,AdxDiCrossBracketOG,OG_AdxDiCrossBracketOG,OG,NQ,NQ JUN26,SHORT,1,25535.25,25488.50,930.64,926.28,185.3,WIN,TARGET_HIT,25583.50,965.00,2026-05-07 09:30:53
2026-01-23,2026-01-23 10:10:00,2026-01-23 10:40:00,OG,Backtest,AdxDiCrossBracketOG,OG_AdxDiCrossBracketOG,OG,NQ,NQ JUN26,LONG,1,25921.00,25989.75,1370.64,1366.28,273.3,WIN,TARGET_HIT,25850.75,1405.00,2026-05-07 09:30:53
2026-03-03,2026-03-03 11:25:00,2026-03-03 11:40:00,OG,Backtest,AdxDiCrossBracketOG,OG_AdxDiCrossBracketOG,OG,NQ,NQ JUN26,LONG,1,24794.50,24817.25,450.64,446.28,89.3,WIN,STOP_HIT,24654.75,2795.00,2026-05-07 09:30:53
2026-02-13,2026-02-13 10:35:00,2026-02-13 10:50:00,OG,Backtest,AdxDiCrossBracketOG,OG_AdxDiCrossBracketOG,OG,NQ,NQ JUN26,LONG,1,25058.00,24983.00,-1504.36,-1508.72,-301.7,LOSS,STOP_HIT,24917.50,2810.00,2026-05-07 09:30:53
2026-01-28,2026-01-28 11:20:00,2026-01-28 11:25:00,OG,Backtest,AdxDiCrossBracketOG,OG_AdxDiCrossBracketOG,OG,NQ,NQ JUN26,LONG,1,26393.00,26379.00,-284.36,-288.72,-57.7,LOSS,STOP_HIT,26333.75,1185.00,2026-05-07 09:30:53
2026-02-17,2026-02-17 11:10:00,2026-02-17 11:15:00,OG,Backtest,AdxDiCrossBracketOG,OG_AdxDiCrossBracketOG,OG,NQ,NQ JUN26,LONG,1,24861.25,24994.25,2655.64,2651.28,530.3,WIN,TARGET_HIT,24726.75,2690.00,2026-05-07 09:30:53
2026-04-16,2026-04-16 10:00:00,2026-04-16 10:10:00,OG,Backtest,AdxDiCrossBracketOG,OG_AdxDiCrossBracketOG,OG,NQ,NQ JUN26,SHORT,1,26282.00,26346.00,-1284.36,-1288.72,-257.7,LOSS,STOP_HIT,26345.50,1270.00,2026-05-07 09:30:53
2026-02-11,2026-02-11 11:05:00,2026-02-11 11:10:00,OG,Backtest,AdxDiCrossBracketOG,OG_AdxDiCrossBracketOG,OG,NQ,NQ JUN26,LONG,1,25453.50,25418.25,-709.36,-713.72,-142.7,LOSS,STOP_HIT,25333.00,2410.00,2026-05-07 09:30:53
2026-02-24,2026-02-24 09:50:00,2026-02-24 10:00:00,OG,Backtest,AdxDiCrossBracketOG,OG_AdxDiCrossBracketOG,OG,NQ,NQ JUN26,LONG,1,25120.50,25108.50,-244.36,-248.72,-49.7,LOSS,STOP_HIT,25043.75,1535.00,2026-05-07 09:30:53
2026-02-24,2026-02-24 10:10:00,2026-02-24 10:15:00,OG,Backtest,AdxDiCrossBracketOG,OG_AdxDiCrossBracketOG,OG,NQ,NQ JUN26,SHORT,1,25048.75,25109.25,-1214.36,-1218.72,-243.7,LOSS,STOP_HIT,25134.75,1720.00,2026-05-07 09:30:53
2026-03-20,2026-03-20 11:30:00,2026-03-20 12:20:00,OG,Backtest,AdxDiCrossBracketOG,OG_AdxDiCrossBracketOG,OG,NQ,NQ JUN26,LONG,1,24274.25,24320.00,910.64,906.28,181.3,WIN,STOP_HIT,24165.75,2170.00,2026-05-07 09:30:53
2026-03-02,2026-03-02 11:15:00,2026-03-02 11:20:00,OG,Backtest,AdxDiCrossBracketOG,OG_AdxDiCrossBracketOG,OG,NQ,NQ JUN26,LONG,1,25187.00,25180.75,-129.36,-133.72,-26.7,LOSS,STOP_HIT,25072.75,2285.00,2026-05-07 09:30:53
2026-03-02,2026-03-02 11:15:00,2026-03-02 11:20:00,OG,Backtest,AdxDiCrossBracketOG,OG_AdxDiCrossBracketOG,OG,NQ,NQ JUN26,LONG,1,25187.00,25180.75,-129.36,-133.72,-26.7,LOSS,STOP_HIT,25072.75,2285.00,2026-05-07 09:30:53
2026-03-09,2026-03-09 10:45:00,2026-03-09 11:20:00,OG,Backtest,AdxDiCrossBracketOG,OG_AdxDiCrossBracketOG,OG,NQ,NQ JUN26,LONG,1,24692.00,24832.25,2800.64,2796.28,559.3,WIN,TARGET_HIT,24552.25,2795.00,2026-05-07 09:30:53
2026-02-11,2026-02-11 10:20:00,2026-02-11 10:25:00,OG,Backtest,AdxDiCrossBracketOG,OG_AdxDiCrossBracketOG,OG,NQ,NQ JUN26,SHORT,1,25396.00,25293.75,2040.64,2036.28,407.3,WIN,TARGET_HIT,25500.25,2085.00,2026-05-07 09:30:53
2026-03-03,2026-03-03 11:40:00,2026-03-03 11:50:00,OG,Backtest,AdxDiCrossBracketOG,OG_AdxDiCrossBracketOG,OG,NQ,NQ JUN26,SHORT,1,24817.25,24864.25,-944.36,-948.72,-189.7,LOSS,STOP_HIT,24948.50,2625.00,2026-05-07 09:30:53
2026-03-02,2026-03-02 11:15:00,2026-03-02 11:20:00,OG,Backtest,AdxDiCrossBracketOG,OG_AdxDiCrossBracketOG,OG,NQ,NQ JUN26,LONG,1,25187.00,25180.75,-129.36,-133.72,-26.7,LOSS,STOP_HIT,25072.75,2285.00,2026-05-07 09:30:53
2026-03-02,2026-03-02 11:15:00,2026-03-02 11:20:00,OG,Backtest,AdxDiCrossBracketOG,OG_AdxDiCrossBracketOG,OG,NQ,NQ JUN26,LONG,1,25187.00,25180.75,-129.36,-133.72,-26.7,LOSS,STOP_HIT,25072.75,2285.00,2026-05-07 09:30:53
2026-03-24,2026-03-24 11:00:00,2026-03-24 11:35:00,OG,Backtest,AdxDiCrossBracketOG,OG_AdxDiCrossBracketOG,OG,NQ,NQ JUN26,LONG,1,24281.50,24311.75,600.64,596.28,119.3,WIN,STOP_HIT,24156.00,2510.00,2026-05-07 09:30:53
2026-03-13,2026-03-13 10:50:00,2026-03-13 11:00:00,OG,Backtest,AdxDiCrossBracketOG,OG_AdxDiCrossBracketOG,OG,NQ,NQ JUN26,SHORT,1,24805.00,24706.00,1975.64,1971.28,394.3,WIN,TARGET_HIT,24902.50,1950.00,2026-05-07 09:30:53
2026-03-09,2026-03-09 10:45:00,2026-03-09 11:20:00,OG,Backtest,AdxDiCrossBracketOG,OG_AdxDiCrossBracketOG,OG,NQ,NQ JUN26,LONG,1,24692.00,24832.25,2800.64,2796.28,559.3,WIN,TARGET_HIT,24552.25,2795.00,2026-05-07 09:30:53
2026-04-06,2026-04-06 10:55:00,2026-04-06 11:05:00,OG,Backtest,AdxDiCrossBracketOG,OG_AdxDiCrossBracketOG,OG,NQ,NQ JUN26,SHORT,1,24269.25,24306.75,-754.36,-758.72,-151.7,LOSS,STOP_HIT,24372.75,2070.00,2026-05-07 09:30:53
2026-03-27,2026-03-27 11:40:00,2026-03-27 12:05:00,OG,Backtest,AdxDiCrossBracketOG,OG_AdxDiCrossBracketOG,OG,NQ,NQ JUN26,LONG,1,23597.00,23542.50,-1094.36,-1098.72,-219.7,LOSS,STOP_HIT,23486.50,2210.00,2026-05-07 09:30:53
2026-01-07,2026-01-07 09:50:00,2026-01-07 10:05:00,OG,Backtest,AdxDiCrossBracketOG,OG_AdxDiCrossBracketOG,OG,NQ,NQ JUN26,LONG,1,26063.75,26030.25,-674.36,-678.72,-135.7,LOSS,STOP_HIT,26030.75,660.00,2026-05-07 09:30:53
2026-03-09,2026-03-09 10:45:00,2026-03-09 11:20:00,OG,Backtest,AdxDiCrossBracketOG,OG_AdxDiCrossBracketOG,OG,NQ,NQ JUN26,LONG,1,24692.00,24832.25,2800.64,2796.28,559.3,WIN,TARGET_HIT,24552.25,2795.00,2026-05-07 09:30:53
2026-04-06,2026-04-06 11:35:00,2026-04-06 11:50:00,OG,Backtest,AdxDiCrossBracketOG,OG_AdxDiCrossBracketOG,OG,NQ,NQ JUN26,SHORT,1,24280.75,24293.50,-259.36,-263.72,-52.7,LOSS,STOP_HIT,24370.25,1790.00,2026-05-07 09:30:53
2026-04-07,2026-04-07 11:40:00,2026-04-07 12:05:00,OG,Backtest,AdxDiCrossBracketOG,OG_AdxDiCrossBracketOG,OG,NQ,NQ JUN26,LONG,1,24071.50,24163.75,1840.64,1836.28,367.3,WIN,TARGET_HIT,23978.75,1855.00,2026-05-07 09:30:53
2026-04-07,2026-04-07 11:40:00,2026-04-07 12:05:00,OG,Backtest,AdxDiCrossBracketOG,OG_AdxDiCrossBracketOG,OG,NQ,NQ JUN26,LONG,1,24071.50,24163.75,1840.64,1836.28,367.3,WIN,TARGET_HIT,23978.75,1855.00,2026-05-07 09:30:53
2026-01-28,2026-01-28 10:55:00,2026-01-28 11:15:00,OG,Backtest,AdxDiCrossBracketOG,OG_AdxDiCrossBracketOG,OG,NQ,NQ JUN26,SHORT,1,26395.25,26406.25,-224.36,-228.72,-45.7,LOSS,STOP_HIT,26461.50,1325.00,2026-05-07 09:30:53
2026-03-25,2026-03-25 11:20:00,2026-03-25 11:30:00,OG,Backtest,AdxDiCrossBracketOG,OG_AdxDiCrossBracketOG,OG,NQ,NQ JUN26,SHORT,1,24386.00,24410.75,-499.36,-503.72,-100.7,LOSS,STOP_HIT,24488.75,2055.00,2026-05-07 09:30:53
2026-03-03,2026-03-03 11:40:00,2026-03-03 11:50:00,OG,Backtest,AdxDiCrossBracketOG,OG_AdxDiCrossBracketOG,OG,NQ,NQ JUN26,SHORT,1,24817.25,24864.25,-944.36,-948.72,-189.7,LOSS,STOP_HIT,24948.50,2625.00,2026-05-07 09:30:53
2026-04-06,2026-04-06 10:55:00,2026-04-06 11:05:00,OG,Backtest,AdxDiCrossBracketOG,OG_AdxDiCrossBracketOG,OG,NQ,NQ JUN26,SHORT,1,24269.25,24306.75,-754.36,-758.72,-151.7,LOSS,STOP_HIT,24372.75,2070.00,2026-05-07 09:30:53
2026-03-19,2026-03-19 11:15:00,2026-03-19 11:25:00,OG,Backtest,AdxDiCrossBracketOG,OG_AdxDiCrossBracketOG,OG,NQ,NQ JUN26,LONG,1,24530.25,24486.25,-884.36,-888.72,-177.7,LOSS,STOP_HIT,24416.25,2280.00,2026-05-07 09:30:53
2026-03-24,2026-03-24 11:00:00,2026-03-24 11:15:00,OG,Backtest,AdxDiCrossBracketOG,OG_AdxDiCrossBracketOG,OG,NQ,NQ JUN26,LONG,1,24281.50,24278.25,-69.36,-73.72,-14.7,LOSS,STOP_HIT,24156.00,2510.00,2026-05-07 09:30:53
2026-04-06,2026-04-06 10:55:00,2026-04-06 11:05:00,OG,Backtest,AdxDiCrossBracketOG,OG_AdxDiCrossBracketOG,OG,NQ,NQ JUN26,SHORT,1,24269.25,24306.75,-754.36,-758.72,-151.7,LOSS,STOP_HIT,24372.75,2070.00,2026-05-07 09:30:53
2026-04-16,2026-04-16 10:15:00,2026-04-16 10:50:00,OG,Backtest,AdxDiCrossBracketOG,OG_AdxDiCrossBracketOG,OG,NQ,NQ JUN26,LONG,1,26347.25,26415.50,1360.64,1356.28,271.3,WIN,TARGET_HIT,26277.00,1405.00,2026-05-07 09:30:53
2026-01-13,2026-01-13 10:10:00,2026-01-13 10:20:00,OG,Backtest,AdxDiCrossBracketOG,OG_AdxDiCrossBracketOG,OG,NQ,NQ JUN26,SHORT,1,26138.00,26078.25,1190.64,1186.28,237.3,WIN,TARGET_HIT,26197.75,1195.00,2026-05-07 09:30:53
2026-04-06,2026-04-06 11:35:00,2026-04-06 11:50:00,OG,Backtest,AdxDiCrossBracketOG,OG_AdxDiCrossBracketOG,OG,NQ,NQ JUN26,SHORT,1,24280.75,24293.50,-259.36,-263.72,-52.7,LOSS,STOP_HIT,24370.25,1790.00,2026-05-07 09:30:53
2026-04-21,2026-04-21 11:05:00,2026-04-21 11:10:00,OG,Backtest,AdxDiCrossBracketOG,OG_AdxDiCrossBracketOG,OG,NQ,NQ JUN26,SHORT,1,26737.25,26667.50,1390.64,1386.28,277.3,WIN,TARGET_HIT,26806.00,1375.00,2026-05-07 09:30:53
2026-04-06,2026-04-06 11:35:00,2026-04-06 11:45:00,OG,Backtest,AdxDiCrossBracketOG,OG_AdxDiCrossBracketOG,OG,NQ,NQ JUN26,SHORT,1,24280.75,24290.00,-189.36,-193.72,-38.7,LOSS,STOP_HIT,24370.25,1790.00,2026-05-07 09:30:53
2026-04-13,2026-04-13 10:00:00,2026-04-13 10:15:00,OG,Backtest,AdxDiCrossBracketOG,OG_AdxDiCrossBracketOG,OG,NQ,NQ JUN26,LONG,1,25271.50,25285.75,280.64,276.28,55.3,WIN,STOP_HIT,25200.75,1415.00,2026-05-07 09:30:53
2026-01-20,2026-01-20 11:10:00,2026-01-20 11:15:00,OG,Backtest,AdxDiCrossBracketOG,OG_AdxDiCrossBracketOG,OG,NQ,NQ JUN26,LONG,1,25587.50,25601.00,265.64,261.28,52.3,WIN,STOP_HIT,25494.00,1870.00,2026-05-07 09:30:53
2026-04-06,2026-04-06 11:35:00,2026-04-06 11:50:00,OG,Backtest,AdxDiCrossBracketOG,OG_AdxDiCrossBracketOG,OG,NQ,NQ JUN26,SHORT,1,24280.75,24293.50,-259.36,-263.72,-52.7,LOSS,STOP_HIT,24370.25,1790.00,2026-05-07 09:30:53
2026-05-01,2026-05-01 11:10:00,2026-05-01 11:20:00,OG,Backtest,AdxDiCrossBracketOG,OG_AdxDiCrossBracketOG,OG,NQ,NQ JUN26,SHORT,1,27795.25,27837.25,-844.36,-848.72,-169.7,LOSS,STOP_HIT,27877.50,1645.00,2026-05-07 09:30:53
2026-04-06,2026-04-06 11:35:00,2026-04-06 11:45:00,OG,Backtest,AdxDiCrossBracketOG,OG_AdxDiCrossBracketOG,OG,NQ,NQ JUN26,SHORT,1,24280.75,24290.00,-189.36,-193.72,-38.7,LOSS,STOP_HIT,24370.25,1790.00,2026-05-07 09:30:53
2026-04-06,2026-04-06 10:55:00,2026-04-06 11:05:00,OG,Backtest,AdxDiCrossBracketOG,OG_AdxDiCrossBracketOG,OG,NQ,NQ JUN26,SHORT,1,24269.25,24306.75,-754.36,-758.72,-151.7,LOSS,STOP_HIT,24372.75,2070.00,2026-05-07 09:30:53
2026-01-23,2026-01-23 10:10:00,2026-01-23 10:40:00,OG,Backtest,AdxDiCrossBracketOG,OG_AdxDiCrossBracketOG,OG,NQ,NQ JUN26,LONG,1,25921.00,25989.75,1370.64,1366.28,273.3,WIN,TARGET_HIT,25850.75,1405.00,2026-05-07 09:30:53
2026-04-06,2026-04-06 11:35:00,2026-04-06 11:45:00,OG,Backtest,AdxDiCrossBracketOG,OG_AdxDiCrossBracketOG,OG,NQ,NQ JUN26,SHORT,1,24280.75,24290.00,-189.36,-193.72,-38.7,LOSS,STOP_HIT,24370.25,1790.00,2026-05-07 09:30:53
2026-02-11,2026-02-11 11:20:00,2026-02-11 11:25:00,OG,Backtest,AdxDiCrossBracketOG,OG_AdxDiCrossBracketOG,OG,NQ,NQ JUN26,LONG,1,25468.00,25457.75,-209.36,-213.72,-42.7,LOSS,STOP_HIT,25346.75,2425.00,2026-05-07 09:30:53
2026-04-16,2026-04-16 10:00:00,2026-04-16 10:10:00,OG,Backtest,AdxDiCrossBracketOG,OG_AdxDiCrossBracketOG,OG,NQ,NQ JUN26,SHORT,1,26282.00,26346.00,-1284.36,-1288.72,-257.7,LOSS,STOP_HIT,26345.50,1270.00,2026-05-07 09:30:53
2026-04-16,2026-04-16 10:15:00,2026-04-16 10:25:00,OG,Backtest,AdxDiCrossBracketOG,OG_AdxDiCrossBracketOG,OG,NQ,NQ JUN26,LONG,1,26347.25,26314.50,-659.36,-663.72,-132.7,LOSS,STOP_HIT,26277.00,1405.00,2026-05-07 09:30:53
2026-04-16,2026-04-16 10:15:00,2026-04-16 10:50:00,OG,Backtest,AdxDiCrossBracketOG,OG_AdxDiCrossBracketOG,OG,NQ,NQ JUN26,LONG,1,26347.25,26415.50,1360.64,1356.28,271.3,WIN,TARGET_HIT,26277.00,1405.00,2026-05-07 09:30:53
2026-04-16,2026-04-16 10:00:00,2026-04-16 10:10:00,OG,Backtest,AdxDiCrossBracketOG,OG_AdxDiCrossBracketOG,OG,NQ,NQ JUN26,SHORT,1,26282.00,26346.00,-1284.36,-1288.72,-257.7,LOSS,STOP_HIT,26345.50,1270.00,2026-05-07 09:30:53
2026-04-21,2026-04-21 11:05:00,2026-04-21 11:10:00,OG,Backtest,AdxDiCrossBracketOG,OG_AdxDiCrossBracketOG,OG,NQ,NQ JUN26,SHORT,1,26737.25,26667.50,1390.64,1386.28,277.3,WIN,TARGET_HIT,26806.00,1375.00,2026-05-07 09:30:53
2026-02-11,2026-02-11 10:20:00,2026-02-11 10:25:00,OG,Backtest,AdxDiCrossBracketOG,OG_AdxDiCrossBracketOG,OG,NQ,NQ JUN26,SHORT,1,25396.00,25293.75,2040.64,2036.28,407.3,WIN,TARGET_HIT,25500.25,2085.00,2026-05-07 09:30:53
2026-04-06,2026-04-06 10:55:00,2026-04-06 11:05:00,OG,Backtest,AdxDiCrossBracketOG,OG_AdxDiCrossBracketOG,OG,NQ,NQ JUN26,SHORT,1,24269.25,24306.75,-754.36,-758.72,-151.7,LOSS,STOP_HIT,24372.75,2070.00,2026-05-07 09:30:53
2026-03-02,2026-03-02 11:15:00,2026-03-02 11:20:00,OG,Backtest,AdxDiCrossBracketOG,OG_AdxDiCrossBracketOG,OG,NQ,NQ JUN26,LONG,1,25187.00,25180.75,-129.36,-133.72,-26.7,LOSS,STOP_HIT,25072.75,2285.00,2026-05-07 09:30:53
2026-04-16,2026-04-16 10:00:00,2026-04-16 10:10:00,OG,Backtest,AdxDiCrossBracketOG,OG_AdxDiCrossBracketOG,OG,NQ,NQ JUN26,SHORT,1,26282.00,26346.00,-1284.36,-1288.72,-257.7,LOSS,STOP_HIT,26345.50,1270.00,2026-05-07 09:30:53
2026-04-29,2026-04-29 11:15:00,2026-04-29 11:20:00,OG,Backtest,AdxDiCrossBracketOG,OG_AdxDiCrossBracketOG,OG,NQ,NQ JUN26,SHORT,1,27249.50,27231.00,365.64,361.28,72.3,WIN,STOP_HIT,27310.00,1210.00,2026-05-07 09:30:53
2026-04-10,2026-04-10 11:45:00,2026-04-10 12:15:00,OG,Backtest,AdxDiCrossBracketOG,OG_AdxDiCrossBracketOG,OG,NQ,NQ JUN26,SHORT,1,25301.50,25271.75,590.64,586.28,117.3,WIN,STOP_HIT,25366.25,1295.00,2026-05-07 09:30:53
2026-02-11,2026-02-11 11:05:00,2026-02-11 11:10:00,OG,Backtest,AdxDiCrossBracketOG,OG_AdxDiCrossBracketOG,OG,NQ,NQ JUN26,LONG,1,25453.50,25418.25,-709.36,-713.72,-142.7,LOSS,STOP_HIT,25333.00,2410.00,2026-05-07 09:30:53
2026-01-20,2026-01-20 10:50:00,2026-01-20 10:55:00,OG,Backtest,AdxDiCrossBracketOG,OG_AdxDiCrossBracketOG,OG,NQ,NQ JUN26,LONG,1,25598.00,25559.50,-774.36,-778.72,-155.7,LOSS,STOP_HIT,25503.75,1885.00,2026-05-07 09:30:53
2026-04-16,2026-04-16 10:00:00,2026-04-16 10:10:00,OG,Backtest,AdxDiCrossBracketOG,OG_AdxDiCrossBracketOG,OG,NQ,NQ JUN26,SHORT,1,26282.00,26346.00,-1284.36,-1288.72,-257.7,LOSS,STOP_HIT,26345.50,1270.00,2026-05-07 09:30:53
2026-02-11,2026-02-11 11:20:00,2026-02-11 11:25:00,OG,Backtest,AdxDiCrossBracketOG,OG_AdxDiCrossBracketOG,OG,NQ,NQ JUN26,LONG,1,25468.00,25457.75,-209.36,-213.72,-42.7,LOSS,STOP_HIT,25346.75,2425.00,2026-05-07 09:30:53
2026-01-21,2026-01-21 11:45:00,2026-01-21 11:55:00,OG,Backtest,AdxDiCrossBracketOG,OG_AdxDiCrossBracketOG,OG,NQ,NQ JUN26,SHORT,1,25543.75,25467.25,1525.64,1521.28,304.3,WIN,TARGET_HIT,25620.75,1540.00,2026-05-07 09:30:53
2026-03-24,2026-03-24 11:00:00,2026-03-24 11:35:00,OG,Backtest,AdxDiCrossBracketOG,OG_AdxDiCrossBracketOG,OG,NQ,NQ JUN26,LONG,1,24281.50,24304.75,460.64,456.28,91.3,WIN,STOP_HIT,24156.00,2510.00,2026-05-07 09:30:53
2026-04-29,2026-04-29 11:15:00,2026-04-29 11:20:00,OG,Backtest,AdxDiCrossBracketOG,OG_AdxDiCrossBracketOG,OG,NQ,NQ JUN26,SHORT,1,27249.50,27231.00,365.64,361.28,72.3,WIN,STOP_HIT,27310.00,1210.00,2026-05-07 09:30:53
2026-02-11,2026-02-11 11:05:00,2026-02-11 11:10:00,OG,Backtest,AdxDiCrossBracketOG,OG_AdxDiCrossBracketOG,OG,NQ,NQ JUN26,LONG,1,25453.50,25418.25,-709.36,-713.72,-142.7,LOSS,STOP_HIT,25333.00,2410.00,2026-05-07 09:30:53
2026-05-04,2026-05-04 11:05:00,2026-05-04 11:20:00,OG,Backtest,AdxDiCrossBracketOG,OG_AdxDiCrossBracketOG,OG,NQ,NQ JUN26,SHORT,1,27881.50,27813.00,1365.64,1361.28,272.3,WIN,TARGET_HIT,27951.00,1390.00,2026-05-07 09:30:53
2026-03-17,2026-03-17 11:15:00,2026-03-17 11:55:00,OG,Backtest,AdxDiCrossBracketOG,OG_AdxDiCrossBracketOG,OG,NQ,NQ JUN26,SHORT,1,25020.50,25014.50,115.64,111.28,22.3,WIN,STOP_HIT,25091.50,1420.00,2026-05-07 09:30:53
2026-03-25,2026-03-25 11:20:00,2026-03-25 12:00:00,OG,Backtest,AdxDiCrossBracketOG,OG_AdxDiCrossBracketOG,OG,NQ,NQ JUN26,SHORT,1,24386.00,24392.50,-134.36,-138.72,-27.7,LOSS,STOP_HIT,24488.75,2055.00,2026-05-07 09:30:53
2026-03-19,2026-03-19 11:15:00,2026-03-19 11:25:00,OG,Backtest,AdxDiCrossBracketOG,OG_AdxDiCrossBracketOG,OG,NQ,NQ JUN26,LONG,1,24530.25,24486.25,-884.36,-888.72,-177.7,LOSS,STOP_HIT,24416.25,2280.00,2026-05-07 09:30:53
2026-04-06,2026-04-06 11:35:00,2026-04-06 11:50:00,OG,Backtest,AdxDiCrossBracketOG,OG_AdxDiCrossBracketOG,OG,NQ,NQ JUN26,SHORT,1,24280.75,24293.50,-259.36,-263.72,-52.7,LOSS,STOP_HIT,24370.25,1790.00,2026-05-07 09:30:53
2026-03-20,2026-03-20 11:30:00,2026-03-20 12:30:00,OG,Backtest,AdxDiCrossBracketOG,OG_AdxDiCrossBracketOG,OG,NQ,NQ JUN26,LONG,1,24274.25,24312.00,750.64,746.28,149.3,WIN,STOP_HIT,24165.75,2170.00,2026-05-07 09:30:53
2026-03-24,2026-03-24 11:00:00,2026-03-24 11:35:00,OG,Backtest,AdxDiCrossBracketOG,OG_AdxDiCrossBracketOG,OG,NQ,NQ JUN26,LONG,1,24281.50,24304.75,460.64,456.28,91.3,WIN,STOP_HIT,24156.00,2510.00,2026-05-07 09:30:53
2026-01-06,2026-01-06 11:00:00,2026-01-06 11:10:00,OG,Backtest,AdxDiCrossBracketOG,OG_AdxDiCrossBracketOG,OG,NQ,NQ JUN26,SHORT,1,25909.25,25852.00,1140.64,1136.28,227.3,WIN,TARGET_HIT,25967.00,1155.00,2026-05-07 09:30:53
2026-03-25,2026-03-25 11:20:00,2026-03-25 12:00:00,OG,Backtest,AdxDiCrossBracketOG,OG_AdxDiCrossBracketOG,OG,NQ,NQ JUN26,SHORT,1,24386.00,24392.50,-134.36,-138.72,-27.7,LOSS,STOP_HIT,24488.75,2055.00,2026-05-07 09:30:53
2026-01-07,2026-01-07 09:50:00,2026-01-07 10:05:00,OG,Backtest,AdxDiCrossBracketOG,OG_AdxDiCrossBracketOG,OG,NQ,NQ JUN26,LONG,1,26063.75,26030.25,-674.36,-678.72,-135.7,LOSS,STOP_HIT,26030.75,660.00,2026-05-07 09:30:53
2026-04-16,2026-04-16 10:00:00,2026-04-16 10:10:00,OG,Backtest,AdxDiCrossBracketOG,OG_AdxDiCrossBracketOG,OG,NQ,NQ JUN26,SHORT,1,26282.00,26346.00,-1284.36,-1288.72,-257.7,LOSS,STOP_HIT,26345.50,1270.00,2026-05-07 09:30:53
2026-03-27,2026-03-27 11:40:00,2026-03-27 12:05:00,OG,Backtest,AdxDiCrossBracketOG,OG_AdxDiCrossBracketOG,OG,NQ,NQ JUN26,LONG,1,23597.00,23536.00,-1224.36,-1228.72,-245.7,LOSS,STOP_HIT,23486.50,2210.00,2026-05-07 09:30:53
2026-01-09,2026-01-09 09:55:00,2026-01-09 10:05:00,OG,Backtest,AdxDiCrossBracketOG,OG_AdxDiCrossBracketOG,OG,NQ,NQ JUN26,SHORT,1,25913.25,25956.50,-869.36,-873.72,-174.7,LOSS,STOP_HIT,25981.00,1355.00,2026-05-07 09:30:53
2026-01-07,2026-01-07 09:50:00,2026-01-07 10:05:00,OG,Backtest,AdxDiCrossBracketOG,OG_AdxDiCrossBracketOG,OG,NQ,NQ JUN26,LONG,1,26063.75,26030.25,-674.36,-678.72,-135.7,LOSS,STOP_HIT,26030.75,660.00,2026-05-07 09:30:53
2026-04-21,2026-04-21 11:05:00,2026-04-21 11:10:00,OG,Backtest,AdxDiCrossBracketOG,OG_AdxDiCrossBracketOG,OG,NQ,NQ JUN26,SHORT,1,26737.25,26667.50,1390.64,1386.28,277.3,WIN,TARGET_HIT,26806.00,1375.00,2026-05-07 09:30:53
2026-04-29,2026-04-29 11:15:00,2026-04-29 11:20:00,OG,Backtest,AdxDiCrossBracketOG,OG_AdxDiCrossBracketOG,OG,NQ,NQ JUN26,SHORT,1,27249.50,27231.00,365.64,361.28,72.3,WIN,STOP_HIT,27310.00,1210.00,2026-05-07 09:30:53
2026-01-09,2026-01-09 09:45:00,2026-01-09 09:50:00,OG,Backtest,AdxDiCrossBracketOG,OG_AdxDiCrossBracketOG,OG,NQ,NQ JUN26,LONG,1,25965.00,25910.75,-1089.36,-1093.72,-218.7,LOSS,STOP_HIT,25911.25,1075.00,2026-05-07 09:30:53
2026-01-09,2026-01-09 09:55:00,2026-01-09 10:10:00,OG,Backtest,AdxDiCrossBracketOG,OG_AdxDiCrossBracketOG,OG,NQ,NQ JUN26,SHORT,1,25913.25,25921.75,-174.36,-178.72,-35.7,LOSS,STOP_HIT,25981.00,1355.00,2026-05-07 09:30:53
2026-03-17,2026-03-17 11:15:00,2026-03-17 11:50:00,OG,Backtest,AdxDiCrossBracketOG,OG_AdxDiCrossBracketOG,OG,NQ,NQ JUN26,SHORT,1,25020.50,25009.00,225.64,221.28,44.3,WIN,STOP_HIT,25091.50,1420.00,2026-05-07 09:30:53
2026-01-06,2026-01-06 11:00:00,2026-01-06 11:10:00,OG,Backtest,AdxDiCrossBracketOG,OG_AdxDiCrossBracketOG,OG,NQ,NQ JUN26,SHORT,1,25909.25,25852.00,1140.64,1136.28,227.3,WIN,TARGET_HIT,25967.00,1155.00,2026-05-07 09:30:53
2026-03-27,2026-03-27 11:40:00,2026-03-27 12:05:00,OG,Backtest,AdxDiCrossBracketOG,OG_AdxDiCrossBracketOG,OG,NQ,NQ JUN26,LONG,1,23597.00,23536.00,-1224.36,-1228.72,-245.7,LOSS,STOP_HIT,23486.50,2210.00,2026-05-07 09:30:53
2026-01-16,2026-01-16 11:40:00,2026-01-16 11:55:00,OG,Backtest,AdxDiCrossBracketOG,OG_AdxDiCrossBracketOG,OG,NQ,NQ JUN26,LONG,1,25923.75,25932.50,170.64,166.28,33.3,WIN,STOP_HIT,25854.75,1380.00,2026-05-07 09:30:53
2026-01-13,2026-01-13 10:10:00,2026-01-13 10:20:00,OG,Backtest,AdxDiCrossBracketOG,OG_AdxDiCrossBracketOG,OG,NQ,NQ JUN26,SHORT,1,26138.00,26078.25,1190.64,1186.28,237.3,WIN,TARGET_HIT,26197.75,1195.00,2026-05-07 09:30:53
2026-01-16,2026-01-16 11:40:00,2026-01-16 12:00:00,OG,Backtest,AdxDiCrossBracketOG,OG_AdxDiCrossBracketOG,OG,NQ,NQ JUN26,LONG,1,25923.75,25930.75,135.64,131.28,26.3,WIN,STOP_HIT,25854.75,1380.00,2026-05-07 09:30:53
2026-03-24,2026-03-24 11:00:00,2026-03-24 11:35:00,OG,Backtest,AdxDiCrossBracketOG,OG_AdxDiCrossBracketOG,OG,NQ,NQ JUN26,LONG,1,24281.50,24311.75,600.64,596.28,119.3,WIN,STOP_HIT,24156.00,2510.00,2026-05-07 09:30:53
2026-01-09,2026-01-09 10:30:00,2026-01-09 10:50:00,OG,Backtest,AdxDiCrossBracketOG,OG_AdxDiCrossBracketOG,OG,NQ,NQ JUN26,LONG,1,26009.25,25987.00,-449.36,-453.72,-90.7,LOSS,STOP_HIT,25910.75,1970.00,2026-05-07 09:30:53
2026-01-06,2026-01-06 11:00:00,2026-01-06 11:10:00,OG,Backtest,AdxDiCrossBracketOG,OG_AdxDiCrossBracketOG,OG,NQ,NQ JUN26,SHORT,1,25909.25,25852.00,1140.64,1136.28,227.3,WIN,TARGET_HIT,25967.00,1155.00,2026-05-07 09:30:53
2026-05-04,2026-05-04 11:05:00,2026-05-04 11:20:00,OG,Backtest,AdxDiCrossBracketOG,OG_AdxDiCrossBracketOG,OG,NQ,NQ JUN26,SHORT,1,27881.50,27813.00,1365.64,1361.28,272.3,WIN,TARGET_HIT,27951.00,1390.00,2026-05-07 09:30:53
2026-01-07,2026-01-07 10:10:00,2026-01-07 10:30:00,OG,Backtest,AdxDiCrossBracketOG,OG_AdxDiCrossBracketOG,OG,NQ,NQ JUN26,SHORT,1,26050.75,26071.00,-409.36,-413.72,-82.7,LOSS,STOP_HIT,26094.00,865.00,2026-05-07 09:30:53
2026-01-20,2026-01-20 11:10:00,2026-01-20 11:15:00,OG,Backtest,AdxDiCrossBracketOG,OG_AdxDiCrossBracketOG,OG,NQ,NQ JUN26,LONG,1,25587.50,25601.00,265.64,261.28,52.3,WIN,STOP_HIT,25494.00,1870.00,2026-05-07 09:30:53
2026-01-12,2026-01-12 11:25:00,2026-01-12 11:35:00,OG,Backtest,AdxDiCrossBracketOG,OG_AdxDiCrossBracketOG,OG,NQ,NQ JUN26,LONG,1,26158.75,26150.00,-179.36,-183.72,-36.7,LOSS,STOP_HIT,26104.75,1080.00,2026-05-07 09:30:53
2026-01-07,2026-01-07 10:10:00,2026-01-07 10:30:00,OG,Backtest,AdxDiCrossBracketOG,OG_AdxDiCrossBracketOG,OG,NQ,NQ JUN26,SHORT,1,26050.75,26081.00,-609.36,-613.72,-122.7,LOSS,STOP_HIT,26094.00,865.00,2026-05-07 09:30:53
2026-04-16,2026-04-16 10:00:00,2026-04-16 10:10:00,OG,Backtest,AdxDiCrossBracketOG,OG_AdxDiCrossBracketOG,OG,NQ,NQ JUN26,SHORT,1,26282.00,26346.00,-1284.36,-1288.72,-257.7,LOSS,STOP_HIT,26345.50,1270.00,2026-05-07 09:30:53
2026-02-11,2026-02-11 11:20:00,2026-02-11 11:25:00,OG,Backtest,AdxDiCrossBracketOG,OG_AdxDiCrossBracketOG,OG,NQ,NQ JUN26,LONG,1,25468.00,25457.75,-209.36,-213.72,-42.7,LOSS,STOP_HIT,25346.75,2425.00,2026-05-07 09:30:53
2026-01-20,2026-01-20 10:50:00,2026-01-20 10:55:00,OG,Backtest,AdxDiCrossBracketOG,OG_AdxDiCrossBracketOG,OG,NQ,NQ JUN26,LONG,1,25598.00,25559.50,-774.36,-778.72,-155.7,LOSS,STOP_HIT,25503.75,1885.00,2026-05-07 09:30:53
2026-04-06,2026-04-06 11:35:00,2026-04-06 11:50:00,OG,Backtest,AdxDiCrossBracketOG,OG_AdxDiCrossBracketOG,OG,NQ,NQ JUN26,SHORT,1,24280.75,24293.50,-259.36,-263.72,-52.7,LOSS,STOP_HIT,24370.25,1790.00,2026-05-07 09:30:53
2026-01-09,2026-01-09 10:30:00,2026-01-09 10:50:00,OG,Backtest,AdxDiCrossBracketOG,OG_AdxDiCrossBracketOG,OG,NQ,NQ JUN26,LONG,1,26009.25,25987.00,-449.36,-453.72,-90.7,LOSS,STOP_HIT,25910.75,1970.00,2026-05-07 09:30:53
2026-02-03,2026-02-03 09:50:00,2026-02-03 10:00:00,OG,Backtest,AdxDiCrossBracketOG,OG_AdxDiCrossBracketOG,OG,NQ,NQ JUN26,SHORT,1,25960.75,25888.75,1435.64,1431.28,286.3,WIN,TARGET_HIT,26034.25,1470.00,2026-05-07 09:30:53
2026-01-09,2026-01-09 10:30:00,2026-01-09 10:50:00,OG,Backtest,AdxDiCrossBracketOG,OG_AdxDiCrossBracketOG,OG,NQ,NQ JUN26,LONG,1,26009.25,25987.00,-449.36,-453.72,-90.7,LOSS,STOP_HIT,25910.75,1970.00,2026-05-07 09:30:53
2026-01-09,2026-01-09 10:30:00,2026-01-09 10:45:00,OG,Backtest,AdxDiCrossBracketOG,OG_AdxDiCrossBracketOG,OG,NQ,NQ JUN26,LONG,1,26009.25,26048.00,770.64,766.28,153.3,WIN,STOP_HIT,25910.75,1970.00,2026-05-07 09:30:53
2026-02-24,2026-02-24 09:50:00,2026-02-24 10:05:00,OG,Backtest,AdxDiCrossBracketOG,OG_AdxDiCrossBracketOG,OG,NQ,NQ JUN26,LONG,1,25120.50,25043.25,-1549.36,-1553.72,-310.7,LOSS,STOP_HIT,25043.75,1535.00,2026-05-07 09:30:53
2026-01-12,2026-01-12 11:25:00,2026-01-12 11:35:00,OG,Backtest,AdxDiCrossBracketOG,OG_AdxDiCrossBracketOG,OG,NQ,NQ JUN26,LONG,1,26158.75,26150.00,-179.36,-183.72,-36.7,LOSS,STOP_HIT,26104.75,1080.00,2026-05-07 09:30:53
2026-04-13,2026-04-13 10:00:00,2026-04-13 10:15:00,OG,Backtest,AdxDiCrossBracketOG,OG_AdxDiCrossBracketOG,OG,NQ,NQ JUN26,LONG,1,25271.50,25285.75,280.64,276.28,55.3,WIN,STOP_HIT,25200.75,1415.00,2026-05-07 09:30:53
2026-02-10,2026-02-10 09:45:00,2026-02-10 09:45:00,OG,Backtest,AdxDiCrossBracketOG,OG_AdxDiCrossBracketOG,OG,NQ,NQ JUN26,SHORT,1,25535.25,25488.50,930.64,926.28,185.3,WIN,TARGET_HIT,25583.50,965.00,2026-05-07 09:30:53
2026-01-16,2026-01-16 11:30:00,2026-01-16 11:35:00,OG,Backtest,AdxDiCrossBracketOG,OG_AdxDiCrossBracketOG,OG,NQ,NQ JUN26,LONG,1,25911.50,25925.25,270.64,266.28,53.3,WIN,STOP_HIT,25839.25,1445.00,2026-05-07 09:30:53
2026-01-20,2026-01-20 11:10:00,2026-01-20 11:15:00,OG,Backtest,AdxDiCrossBracketOG,OG_AdxDiCrossBracketOG,OG,NQ,NQ JUN26,LONG,1,25587.50,25601.00,265.64,261.28,52.3,WIN,STOP_HIT,25494.00,1870.00,2026-05-07 09:30:53
2026-01-16,2026-01-16 11:40:00,2026-01-16 12:05:00,OG,Backtest,AdxDiCrossBracketOG,OG_AdxDiCrossBracketOG,OG,NQ,NQ JUN26,LONG,1,25923.75,25924.75,15.64,11.28,2.3,WIN,STOP_HIT,25854.75,1380.00,2026-05-07 09:30:53
2026-01-28,2026-01-28 11:20:00,2026-01-28 11:25:00,OG,Backtest,AdxDiCrossBracketOG,OG_AdxDiCrossBracketOG,OG,NQ,NQ JUN26,LONG,1,26393.00,26379.00,-284.36,-288.72,-57.7,LOSS,STOP_HIT,26333.75,1185.00,2026-05-07 09:30:54
2026-02-17,2026-02-17 11:10:00,2026-02-17 11:15:00,OG,Backtest,AdxDiCrossBracketOG,OG_AdxDiCrossBracketOG,OG,NQ,NQ JUN26,LONG,1,24861.25,24994.25,2655.64,2651.28,530.3,WIN,TARGET_HIT,24726.75,2690.00,2026-05-07 09:30:54
2026-01-20,2026-01-20 10:50:00,2026-01-20 10:55:00,OG,Backtest,AdxDiCrossBracketOG,OG_AdxDiCrossBracketOG,OG,NQ,NQ JUN26,LONG,1,25598.00,25559.50,-774.36,-778.72,-155.7,LOSS,STOP_HIT,25503.75,1885.00,2026-05-07 09:30:54
2026-01-20,2026-01-20 11:10:00,2026-01-20 11:15:00,OG,Backtest,AdxDiCrossBracketOG,OG_AdxDiCrossBracketOG,OG,NQ,NQ JUN26,LONG,1,25587.50,25601.00,265.64,261.28,52.3,WIN,STOP_HIT,25494.00,1870.00,2026-05-07 09:30:54
2026-02-03,2026-02-03 09:50:00,2026-02-03 10:00:00,OG,Backtest,AdxDiCrossBracketOG,OG_AdxDiCrossBracketOG,OG,NQ,NQ JUN26,SHORT,1,25960.75,25888.75,1435.64,1431.28,286.3,WIN,TARGET_HIT,26034.25,1470.00,2026-05-07 09:30:54
2026-02-13,2026-02-13 10:50:00,2026-02-13 11:00:00,OG,Backtest,AdxDiCrossBracketOG,OG_AdxDiCrossBracketOG,OG,NQ,NQ JUN26,SHORT,1,24983.00,25030.00,-944.36,-948.72,-189.7,LOSS,STOP_HIT,25128.00,2900.00,2026-05-07 09:30:54
2026-02-24,2026-02-24 10:10:00,2026-02-24 10:15:00,OG,Backtest,AdxDiCrossBracketOG,OG_AdxDiCrossBracketOG,OG,NQ,NQ JUN26,SHORT,1,25048.75,25109.25,-1214.36,-1218.72,-243.7,LOSS,STOP_HIT,25134.75,1720.00,2026-05-07 09:30:54
2026-02-17,2026-02-17 11:10:00,2026-02-17 11:15:00,OG,Backtest,AdxDiCrossBracketOG,OG_AdxDiCrossBracketOG,OG,NQ,NQ JUN26,LONG,1,24861.25,24994.25,2655.64,2651.28,530.3,WIN,TARGET_HIT,24726.75,2690.00,2026-05-07 09:30:54
2026-01-06,2026-01-06 11:00:00,2026-01-06 11:10:00,OG,Backtest,AdxDiCrossBracketOG,OG_AdxDiCrossBracketOG,OG,NQ,NQ JUN26,SHORT,1,25909.25,25852.00,1140.64,1136.28,227.3,WIN,TARGET_HIT,25967.00,1155.00,2026-05-07 09:30:54
2026-01-21,2026-01-21 11:45:00,2026-01-21 11:55:00,OG,Backtest,AdxDiCrossBracketOG,OG_AdxDiCrossBracketOG,OG,NQ,NQ JUN26,SHORT,1,25543.75,25467.25,1525.64,1521.28,304.3,WIN,TARGET_HIT,25620.75,1540.00,2026-05-07 09:30:54
2026-01-30,2026-01-30 10:55:00,2026-01-30 11:00:00,OG,Backtest,AdxDiCrossBracketOG,OG_AdxDiCrossBracketOG,OG,NQ,NQ JUN26,LONG,1,26117.25,26072.25,-904.36,-908.72,-181.7,LOSS,STOP_HIT,26003.25,2280.00,2026-05-07 09:30:54
2026-02-11,2026-02-11 11:05:00,2026-02-11 11:10:00,OG,Backtest,AdxDiCrossBracketOG,OG_AdxDiCrossBracketOG,OG,NQ,NQ JUN26,LONG,1,25453.50,25418.25,-709.36,-713.72,-142.7,LOSS,STOP_HIT,25333.00,2410.00,2026-05-07 09:30:54
2026-02-03,2026-02-03 09:50:00,2026-02-03 10:00:00,OG,Backtest,AdxDiCrossBracketOG,OG_AdxDiCrossBracketOG,OG,NQ,NQ JUN26,SHORT,1,25960.75,25888.75,1435.64,1431.28,286.3,WIN,TARGET_HIT,26034.25,1470.00,2026-05-07 09:30:54
2026-01-09,2026-01-09 10:30:00,2026-01-09 10:55:00,OG,Backtest,AdxDiCrossBracketOG,OG_AdxDiCrossBracketOG,OG,NQ,NQ JUN26,LONG,1,26009.25,25980.75,-574.36,-578.72,-115.7,LOSS,STOP_HIT,25910.75,1970.00,2026-05-07 09:30:54
2026-02-05,2026-02-05 11:40:00,2026-02-05 11:50:00,OG,Backtest,AdxDiCrossBracketOG,OG_AdxDiCrossBracketOG,OG,NQ,NQ JUN26,LONG,1,25025.50,24992.25,-669.36,-673.72,-134.7,LOSS,STOP_HIT,24851.75,3475.00,2026-05-07 09:30:54
2026-02-11,2026-02-11 11:20:00,2026-02-11 11:25:00,OG,Backtest,AdxDiCrossBracketOG,OG_AdxDiCrossBracketOG,OG,NQ,NQ JUN26,LONG,1,25468.00,25457.75,-209.36,-213.72,-42.7,LOSS,STOP_HIT,25346.75,2425.00,2026-05-07 09:30:54
2026-01-30,2026-01-30 10:55:00,2026-01-30 11:00:00,OG,Backtest,AdxDiCrossBracketOG,OG_AdxDiCrossBracketOG,OG,NQ,NQ JUN26,LONG,1,26117.25,26072.25,-904.36,-908.72,-181.7,LOSS,STOP_HIT,26003.25,2280.00,2026-05-07 09:30:54
2026-01-20,2026-01-20 11:10:00,2026-01-20 11:15:00,OG,Backtest,AdxDiCrossBracketOG,OG_AdxDiCrossBracketOG,OG,NQ,NQ JUN26,LONG,1,25587.50,25601.00,265.64,261.28,52.3,WIN,STOP_HIT,25494.00,1870.00,2026-05-07 09:30:54
2026-02-11,2026-02-11 10:20:00,2026-02-11 10:25:00,OG,Backtest,AdxDiCrossBracketOG,OG_AdxDiCrossBracketOG,OG,NQ,NQ JUN26,SHORT,1,25396.00,25293.75,2040.64,2036.28,407.3,WIN,TARGET_HIT,25500.25,2085.00,2026-05-07 09:30:54
2026-03-06,2026-03-06 11:10:00,2026-03-06 11:15:00,OG,Backtest,AdxDiCrossBracketOG,OG_AdxDiCrossBracketOG,OG,NQ,NQ JUN26,LONG,1,25101.50,25059.00,-854.36,-858.72,-171.7,LOSS,STOP_HIT,24975.75,2515.00,2026-05-07 09:30:54
2026-02-11,2026-02-11 11:05:00,2026-02-11 11:10:00,OG,Backtest,AdxDiCrossBracketOG,OG_AdxDiCrossBracketOG,OG,NQ,NQ JUN26,LONG,1,25453.50,25418.25,-709.36,-713.72,-142.7,LOSS,STOP_HIT,25333.00,2410.00,2026-05-07 09:30:54
2026-03-17,2026-03-17 11:15:00,2026-03-17 11:55:00,OG,Backtest,AdxDiCrossBracketOG,OG_AdxDiCrossBracketOG,OG,NQ,NQ JUN26,SHORT,1,25020.50,25014.50,115.64,111.28,22.3,WIN,STOP_HIT,25091.50,1420.00,2026-05-07 09:30:54
2026-04-06,2026-04-06 10:55:00,2026-04-06 11:05:00,OG,Backtest,AdxDiCrossBracketOG,OG_AdxDiCrossBracketOG,OG,NQ,NQ JUN26,SHORT,1,24269.25,24306.75,-754.36,-758.72,-151.7,LOSS,STOP_HIT,24372.75,2070.00,2026-05-07 09:30:54
2026-02-17,2026-02-17 11:10:00,2026-02-17 11:15:00,OG,Backtest,AdxDiCrossBracketOG,OG_AdxDiCrossBracketOG,OG,NQ,NQ JUN26,LONG,1,24861.25,24994.25,2655.64,2651.28,530.3,WIN,TARGET_HIT,24726.75,2690.00,2026-05-07 09:30:54
2026-02-05,2026-02-05 11:40:00,2026-02-05 11:50:00,OG,Backtest,AdxDiCrossBracketOG,OG_AdxDiCrossBracketOG,OG,NQ,NQ JUN26,LONG,1,25025.50,24992.25,-669.36,-673.72,-134.7,LOSS,STOP_HIT,24851.75,3475.00,2026-05-07 09:30:54
2026-03-03,2026-03-03 11:25:00,2026-03-03 11:40:00,OG,Backtest,AdxDiCrossBracketOG,OG_AdxDiCrossBracketOG,OG,NQ,NQ JUN26,LONG,1,24794.50,24817.25,450.64,446.28,89.3,WIN,STOP_HIT,24654.75,2795.00,2026-05-07 09:30:54
2026-02-24,2026-02-24 09:50:00,2026-02-24 10:05:00,OG,Backtest,AdxDiCrossBracketOG,OG_AdxDiCrossBracketOG,OG,NQ,NQ JUN26,LONG,1,25120.50,25043.25,-1549.36,-1553.72,-310.7,LOSS,STOP_HIT,25043.75,1535.00,2026-05-07 09:30:54
2026-01-20,2026-01-20 11:10:00,2026-01-20 11:15:00,OG,Backtest,AdxDiCrossBracketOG,OG_AdxDiCrossBracketOG,OG,NQ,NQ JUN26,LONG,1,25587.50,25601.00,265.64,261.28,52.3,WIN,STOP_HIT,25494.00,1870.00,2026-05-07 09:30:54
2026-02-24,2026-02-24 10:10:00,2026-02-24 10:15:00,OG,Backtest,AdxDiCrossBracketOG,OG_AdxDiCrossBracketOG,OG,NQ,NQ JUN26,SHORT,1,25048.75,25109.25,-1214.36,-1218.72,-243.7,LOSS,STOP_HIT,25134.75,1720.00,2026-05-07 09:30:54
2026-03-19,2026-03-19 11:15:00,2026-03-19 11:25:00,OG,Backtest,AdxDiCrossBracketOG,OG_AdxDiCrossBracketOG,OG,NQ,NQ JUN26,LONG,1,24530.25,24486.25,-884.36,-888.72,-177.7,LOSS,STOP_HIT,24416.25,2280.00,2026-05-07 09:30:54
2026-01-09,2026-01-09 09:45:00,2026-01-09 09:50:00,OG,Backtest,AdxDiCrossBracketOG,OG_AdxDiCrossBracketOG,OG,NQ,NQ JUN26,LONG,1,25965.00,25910.75,-1089.36,-1093.72,-218.7,LOSS,STOP_HIT,25911.25,1075.00,2026-05-07 09:30:54
2026-03-03,2026-03-03 11:25:00,2026-03-03 11:40:00,OG,Backtest,AdxDiCrossBracketOG,OG_AdxDiCrossBracketOG,OG,NQ,NQ JUN26,LONG,1,24794.50,24817.25,450.64,446.28,89.3,WIN,STOP_HIT,24654.75,2795.00,2026-05-07 09:30:54
2026-02-17,2026-02-17 11:10:00,2026-02-17 11:15:00,OG,Backtest,AdxDiCrossBracketOG,OG_AdxDiCrossBracketOG,OG,NQ,NQ JUN26,LONG,1,24861.25,24994.25,2655.64,2651.28,530.3,WIN,TARGET_HIT,24726.75,2690.00,2026-05-07 09:30:54
2026-02-03,2026-02-03 09:50:00,2026-02-03 10:00:00,OG,Backtest,AdxDiCrossBracketOG,OG_AdxDiCrossBracketOG,OG,NQ,NQ JUN26,SHORT,1,25960.75,25888.75,1435.64,1431.28,286.3,WIN,TARGET_HIT,26034.25,1470.00,2026-05-07 09:30:54
2026-03-02,2026-03-02 11:15:00,2026-03-02 11:20:00,OG,Backtest,AdxDiCrossBracketOG,OG_AdxDiCrossBracketOG,OG,NQ,NQ JUN26,LONG,1,25187.00,25180.75,-129.36,-133.72,-26.7,LOSS,STOP_HIT,25072.75,2285.00,2026-05-07 09:30:54
2026-03-17,2026-03-17 11:15:00,2026-03-17 11:55:00,OG,Backtest,AdxDiCrossBracketOG,OG_AdxDiCrossBracketOG,OG,NQ,NQ JUN26,SHORT,1,25020.50,25014.50,115.64,111.28,22.3,WIN,STOP_HIT,25091.50,1420.00,2026-05-07 09:30:54
2026-03-03,2026-03-03 11:25:00,2026-03-03 11:35:00,OG,Backtest,AdxDiCrossBracketOG,OG_AdxDiCrossBracketOG,OG,NQ,NQ JUN26,LONG,1,24794.50,24819.00,485.64,481.28,96.3,WIN,STOP_HIT,24654.75,2795.00,2026-05-07 09:30:54
2026-02-03,2026-02-03 09:50:00,2026-02-03 10:00:00,OG,Backtest,AdxDiCrossBracketOG,OG_AdxDiCrossBracketOG,OG,NQ,NQ JUN26,SHORT,1,25960.75,25888.75,1435.64,1431.28,286.3,WIN,TARGET_HIT,26034.25,1470.00,2026-05-07 09:30:54
2026-03-13,2026-03-13 10:50:00,2026-03-13 11:00:00,OG,Backtest,AdxDiCrossBracketOG,OG_AdxDiCrossBracketOG,OG,NQ,NQ JUN26,SHORT,1,24805.00,24706.00,1975.64,1971.28,394.3,WIN,TARGET_HIT,24902.50,1950.00,2026-05-07 09:30:54
2026-01-16,2026-01-16 11:40:00,2026-01-16 12:00:00,OG,Backtest,AdxDiCrossBracketOG,OG_AdxDiCrossBracketOG,OG,NQ,NQ JUN26,LONG,1,25923.75,25930.75,135.64,131.28,26.3,WIN,STOP_HIT,25854.75,1380.00,2026-05-07 09:30:54
2026-04-06,2026-04-06 10:55:00,2026-04-06 11:05:00,OG,Backtest,AdxDiCrossBracketOG,OG_AdxDiCrossBracketOG,OG,NQ,NQ JUN26,SHORT,1,24269.25,24306.75,-754.36,-758.72,-151.7,LOSS,STOP_HIT,24372.75,2070.00,2026-05-07 09:30:54
2026-01-20,2026-01-20 10:50:00,2026-01-20 10:55:00,OG,Backtest,AdxDiCrossBracketOG,OG_AdxDiCrossBracketOG,OG,NQ,NQ JUN26,LONG,1,25598.00,25559.50,-774.36,-778.72,-155.7,LOSS,STOP_HIT,25503.75,1885.00,2026-05-07 09:30:54
2026-05-01,2026-05-01 11:10:00,2026-05-01 11:20:00,OG,Backtest,AdxDiCrossBracketOG,OG_AdxDiCrossBracketOG,OG,NQ,NQ JUN26,SHORT,1,27795.25,27837.25,-844.36,-848.72,-169.7,LOSS,STOP_HIT,27877.50,1645.00,2026-05-07 09:30:54
2026-03-25,2026-03-25 11:20:00,2026-03-25 12:00:00,OG,Backtest,AdxDiCrossBracketOG,OG_AdxDiCrossBracketOG,OG,NQ,NQ JUN26,SHORT,1,24386.00,24392.50,-134.36,-138.72,-27.7,LOSS,STOP_HIT,24488.75,2055.00,2026-05-07 09:30:54
2026-05-04,2026-05-04 11:05:00,2026-05-04 11:20:00,OG,Backtest,AdxDiCrossBracketOG,OG_AdxDiCrossBracketOG,OG,NQ,NQ JUN26,SHORT,1,27881.50,27813.00,1365.64,1361.28,272.3,WIN,TARGET_HIT,27951.00,1390.00,2026-05-07 09:30:54
2026-04-10,2026-04-10 11:45:00,2026-04-10 12:15:00,OG,Backtest,AdxDiCrossBracketOG,OG_AdxDiCrossBracketOG,OG,NQ,NQ JUN26,SHORT,1,25301.50,25281.75,390.64,386.28,77.3,WIN,STOP_HIT,25366.25,1295.00,2026-05-07 09:30:54
2026-03-24,2026-03-24 11:00:00,2026-03-24 11:35:00,OG,Backtest,AdxDiCrossBracketOG,OG_AdxDiCrossBracketOG,OG,NQ,NQ JUN26,LONG,1,24281.50,24304.75,460.64,456.28,91.3,WIN,STOP_HIT,24156.00,2510.00,2026-05-07 09:30:54
2026-05-04,2026-05-04 11:05:00,2026-05-04 11:20:00,OG,Backtest,AdxDiCrossBracketOG,OG_AdxDiCrossBracketOG,OG,NQ,NQ JUN26,SHORT,1,27881.50,27813.00,1365.64,1361.28,272.3,WIN,TARGET_HIT,27951.00,1390.00,2026-05-07 09:30:54
2026-02-24,2026-02-24 10:10:00,2026-02-24 10:15:00,OG,Backtest,AdxDiCrossBracketOG,OG_AdxDiCrossBracketOG,OG,NQ,NQ JUN26,SHORT,1,25048.75,25109.25,-1214.36,-1218.72,-243.7,LOSS,STOP_HIT,25134.75,1720.00,2026-05-07 09:30:54
2026-04-06,2026-04-06 10:55:00,2026-04-06 11:05:00,OG,Backtest,AdxDiCrossBracketOG,OG_AdxDiCrossBracketOG,OG,NQ,NQ JUN26,SHORT,1,24269.25,24306.75,-754.36,-758.72,-151.7,LOSS,STOP_HIT,24372.75,2070.00,2026-05-07 09:30:54
2026-03-20,2026-03-20 11:30:00,2026-03-20 12:20:00,OG,Backtest,AdxDiCrossBracketOG,OG_AdxDiCrossBracketOG,OG,NQ,NQ JUN26,LONG,1,24274.25,24320.00,910.64,906.28,181.3,WIN,STOP_HIT,24165.75,2170.00,2026-05-07 09:30:54
2026-04-13,2026-04-13 10:00:00,2026-04-13 10:20:00,OG,Backtest,AdxDiCrossBracketOG,OG_AdxDiCrossBracketOG,OG,NQ,NQ JUN26,LONG,1,25271.50,25281.75,200.64,196.28,39.3,WIN,STOP_HIT,25200.75,1415.00,2026-05-07 09:30:54
2026-02-24,2026-02-24 09:50:00,2026-02-24 10:05:00,OG,Backtest,AdxDiCrossBracketOG,OG_AdxDiCrossBracketOG,OG,NQ,NQ JUN26,LONG,1,25120.50,25043.25,-1549.36,-1553.72,-310.7,LOSS,STOP_HIT,25043.75,1535.00,2026-05-07 09:30:54
2026-04-16,2026-04-16 10:00:00,2026-04-16 10:10:00,OG,Backtest,AdxDiCrossBracketOG,OG_AdxDiCrossBracketOG,OG,NQ,NQ JUN26,SHORT,1,26282.00,26346.00,-1284.36,-1288.72,-257.7,LOSS,STOP_HIT,26345.50,1270.00,2026-05-07 09:30:54
2026-02-03,2026-02-03 09:50:00,2026-02-03 10:00:00,OG,Backtest,AdxDiCrossBracketOG,OG_AdxDiCrossBracketOG,OG,NQ,NQ JUN26,SHORT,1,25960.75,25888.75,1435.64,1431.28,286.3,WIN,TARGET_HIT,26034.25,1470.00,2026-05-07 09:30:54
2026-04-07,2026-04-07 11:40:00,2026-04-07 12:05:00,OG,Backtest,AdxDiCrossBracketOG,OG_AdxDiCrossBracketOG,OG,NQ,NQ JUN26,LONG,1,24071.50,24163.75,1840.64,1836.28,367.3,WIN,TARGET_HIT,23978.75,1855.00,2026-05-07 09:30:54
2026-03-09,2026-03-09 10:45:00,2026-03-09 11:20:00,OG,Backtest,AdxDiCrossBracketOG,OG_AdxDiCrossBracketOG,OG,NQ,NQ JUN26,LONG,1,24692.00,24832.25,2800.64,2796.28,559.3,WIN,TARGET_HIT,24552.25,2795.00,2026-05-07 09:30:54
2026-05-04,2026-05-04 11:05:00,2026-05-04 11:20:00,OG,Backtest,AdxDiCrossBracketOG,OG_AdxDiCrossBracketOG,OG,NQ,NQ JUN26,SHORT,1,27881.50,27813.00,1365.64,1361.28,272.3,WIN,TARGET_HIT,27951.00,1390.00,2026-05-07 09:30:54
2026-04-16,2026-04-16 10:15:00,2026-04-16 10:50:00,OG,Backtest,AdxDiCrossBracketOG,OG_AdxDiCrossBracketOG,OG,NQ,NQ JUN26,LONG,1,26347.25,26415.50,1360.64,1356.28,271.3,WIN,TARGET_HIT,26277.00,1405.00,2026-05-07 09:30:54
2026-04-29,2026-04-29 11:15:00,2026-04-29 11:20:00,OG,Backtest,AdxDiCrossBracketOG,OG_AdxDiCrossBracketOG,OG,NQ,NQ JUN26,SHORT,1,27249.50,27231.00,365.64,361.28,72.3,WIN,STOP_HIT,27310.00,1210.00,2026-05-07 09:30:54
2026-03-25,2026-03-25 11:20:00,2026-03-25 12:00:00,OG,Backtest,AdxDiCrossBracketOG,OG_AdxDiCrossBracketOG,OG,NQ,NQ JUN26,SHORT,1,24386.00,24392.50,-134.36,-138.72,-27.7,LOSS,STOP_HIT,24488.75,2055.00,2026-05-07 09:30:54
2026-04-06,2026-04-06 11:35:00,2026-04-06 11:50:00,OG,Backtest,AdxDiCrossBracketOG,OG_AdxDiCrossBracketOG,OG,NQ,NQ JUN26,SHORT,1,24280.75,24293.50,-259.36,-263.72,-52.7,LOSS,STOP_HIT,24370.25,1790.00,2026-05-07 09:30:54
2026-03-24,2026-03-24 11:00:00,2026-03-24 11:15:00,OG,Backtest,AdxDiCrossBracketOG,OG_AdxDiCrossBracketOG,OG,NQ,NQ JUN26,LONG,1,24281.50,24278.25,-69.36,-73.72,-14.7,LOSS,STOP_HIT,24156.00,2510.00,2026-05-07 09:30:54
2026-04-29,2026-04-29 11:15:00,2026-04-29 11:20:00,OG,Backtest,AdxDiCrossBracketOG,OG_AdxDiCrossBracketOG,OG,NQ,NQ JUN26,SHORT,1,27249.50,27231.00,365.64,361.28,72.3,WIN,STOP_HIT,27310.00,1210.00,2026-05-07 09:30:54
2026-02-17,2026-02-17 11:10:00,2026-02-17 11:15:00,OG,Backtest,AdxDiCrossBracketOG,OG_AdxDiCrossBracketOG,OG,NQ,NQ JUN26,LONG,1,24861.25,24994.25,2655.64,2651.28,530.3,WIN,TARGET_HIT,24726.75,2690.00,2026-05-07 09:30:54
2026-04-29,2026-04-29 11:15:00,2026-04-29 11:20:00,OG,Backtest,AdxDiCrossBracketOG,OG_AdxDiCrossBracketOG,OG,NQ,NQ JUN26,SHORT,1,27249.50,27231.00,365.64,361.28,72.3,WIN,STOP_HIT,27310.00,1210.00,2026-05-07 09:30:54
2026-03-27,2026-03-27 11:40:00,2026-03-27 12:10:00,OG,Backtest,AdxDiCrossBracketOG,OG_AdxDiCrossBracketOG,OG,NQ,NQ JUN26,LONG,1,23597.00,23538.50,-1174.36,-1178.72,-235.7,LOSS,STOP_HIT,23486.50,2210.00,2026-05-07 09:30:54
2026-04-16,2026-04-16 10:15:00,2026-04-16 10:25:00,OG,Backtest,AdxDiCrossBracketOG,OG_AdxDiCrossBracketOG,OG,NQ,NQ JUN26,LONG,1,26347.25,26314.50,-659.36,-663.72,-132.7,LOSS,STOP_HIT,26277.00,1405.00,2026-05-07 09:30:54
2026-03-20,2026-03-20 11:30:00,2026-03-20 12:30:00,OG,Backtest,AdxDiCrossBracketOG,OG_AdxDiCrossBracketOG,OG,NQ,NQ JUN26,LONG,1,24274.25,24309.75,705.64,701.28,140.3,WIN,STOP_HIT,24165.75,2170.00,2026-05-07 09:30:54
2026-01-07,2026-01-07 09:50:00,2026-01-07 10:05:00,OG,Backtest,AdxDiCrossBracketOG,OG_AdxDiCrossBracketOG,OG,NQ,NQ JUN26,LONG,1,26063.75,26030.25,-674.36,-678.72,-135.7,LOSS,STOP_HIT,26030.75,660.00,2026-05-07 09:30:54
2026-03-27,2026-03-27 11:40:00,2026-03-27 12:10:00,OG,Backtest,AdxDiCrossBracketOG,OG_AdxDiCrossBracketOG,OG,NQ,NQ JUN26,LONG,1,23597.00,23538.50,-1174.36,-1178.72,-235.7,LOSS,STOP_HIT,23486.50,2210.00,2026-05-07 09:30:54
2026-04-16,2026-04-16 10:15:00,2026-04-16 10:50:00,OG,Backtest,AdxDiCrossBracketOG,OG_AdxDiCrossBracketOG,OG,NQ,NQ JUN26,LONG,1,26347.25,26415.50,1360.64,1356.28,271.3,WIN,TARGET_HIT,26277.00,1405.00,2026-05-07 09:30:54
2026-01-07,2026-01-07 09:50:00,2026-01-07 10:05:00,OG,Backtest,AdxDiCrossBracketOG,OG_AdxDiCrossBracketOG,OG,NQ,NQ JUN26,LONG,1,26063.75,26030.25,-674.36,-678.72,-135.7,LOSS,STOP_HIT,26030.75,660.00,2026-05-07 09:30:54
2026-04-10,2026-04-10 11:45:00,2026-04-10 12:15:00,OG,Backtest,AdxDiCrossBracketOG,OG_AdxDiCrossBracketOG,OG,NQ,NQ JUN26,SHORT,1,25301.50,25281.75,390.64,386.28,77.3,WIN,STOP_HIT,25366.25,1295.00,2026-05-07 09:30:54
2026-01-07,2026-01-07 10:10:00,2026-01-07 10:35:00,OG,Backtest,AdxDiCrossBracketOG,OG_AdxDiCrossBracketOG,OG,NQ,NQ JUN26,SHORT,1,26050.75,26086.25,-714.36,-718.72,-143.7,LOSS,STOP_HIT,26094.00,865.00,2026-05-07 09:30:54
2026-04-29,2026-04-29 11:15:00,2026-04-29 11:20:00,OG,Backtest,AdxDiCrossBracketOG,OG_AdxDiCrossBracketOG,OG,NQ,NQ JUN26,SHORT,1,27249.50,27231.00,365.64,361.28,72.3,WIN,STOP_HIT,27310.00,1210.00,2026-05-07 09:30:54
2026-01-09,2026-01-09 09:55:00,2026-01-09 10:10:00,OG,Backtest,AdxDiCrossBracketOG,OG_AdxDiCrossBracketOG,OG,NQ,NQ JUN26,SHORT,1,25913.25,25921.75,-174.36,-178.72,-35.7,LOSS,STOP_HIT,25981.00,1355.00,2026-05-07 09:30:54
2026-01-09,2026-01-09 10:30:00,2026-01-09 10:55:00,OG,Backtest,AdxDiCrossBracketOG,OG_AdxDiCrossBracketOG,OG,NQ,NQ JUN26,LONG,1,26009.25,25980.75,-574.36,-578.72,-115.7,LOSS,STOP_HIT,25910.75,1970.00,2026-05-07 09:30:54
2026-04-06,2026-04-06 10:55:00,2026-04-06 11:05:00,OG,Backtest,AdxDiCrossBracketOG,OG_AdxDiCrossBracketOG,OG,NQ,NQ JUN26,SHORT,1,24269.25,24306.75,-754.36,-758.72,-151.7,LOSS,STOP_HIT,24372.75,2070.00,2026-05-07 09:30:54
2026-03-13,2026-03-13 10:50:00,2026-03-13 11:00:00,OG,Backtest,AdxDiCrossBracketOG,OG_AdxDiCrossBracketOG,OG,NQ,NQ JUN26,SHORT,1,24805.00,24706.00,1975.64,1971.28,394.3,WIN,TARGET_HIT,24902.50,1950.00,2026-05-07 09:30:54
2026-01-12,2026-01-12 11:25:00,2026-01-12 11:35:00,OG,Backtest,AdxDiCrossBracketOG,OG_AdxDiCrossBracketOG,OG,NQ,NQ JUN26,LONG,1,26158.75,26150.00,-179.36,-183.72,-36.7,LOSS,STOP_HIT,26104.75,1080.00,2026-05-07 09:30:54
2026-04-07,2026-04-07 11:40:00,2026-04-07 12:05:00,OG,Backtest,AdxDiCrossBracketOG,OG_AdxDiCrossBracketOG,OG,NQ,NQ JUN26,LONG,1,24071.50,24163.75,1840.64,1836.28,367.3,WIN,TARGET_HIT,23978.75,1855.00,2026-05-07 09:30:54
2026-01-09,2026-01-09 09:45:00,2026-01-09 09:50:00,OG,Backtest,AdxDiCrossBracketOG,OG_AdxDiCrossBracketOG,OG,NQ,NQ JUN26,LONG,1,25965.00,25910.75,-1089.36,-1093.72,-218.7,LOSS,STOP_HIT,25911.25,1075.00,2026-05-07 09:30:54
2026-04-10,2026-04-10 11:45:00,2026-04-10 12:45:00,OG,Backtest,AdxDiCrossBracketOG,OG_AdxDiCrossBracketOG,OG,NQ,NQ JUN26,SHORT,1,25301.50,25237.75,1270.64,1266.28,253.3,WIN,TARGET_HIT,25366.25,1295.00,2026-05-07 09:30:54
2026-04-16,2026-04-16 10:00:00,2026-04-16 10:10:00,OG,Backtest,AdxDiCrossBracketOG,OG_AdxDiCrossBracketOG,OG,NQ,NQ JUN26,SHORT,1,26282.00,26346.00,-1284.36,-1288.72,-257.7,LOSS,STOP_HIT,26345.50,1270.00,2026-05-07 09:30:54
2026-03-20,2026-03-20 11:30:00,2026-03-20 12:30:00,OG,Backtest,AdxDiCrossBracketOG,OG_AdxDiCrossBracketOG,OG,NQ,NQ JUN26,LONG,1,24274.25,24312.00,750.64,746.28,149.3,WIN,STOP_HIT,24165.75,2170.00,2026-05-07 09:30:54
2026-05-04,2026-05-04 11:05:00,2026-05-04 11:20:00,OG,Backtest,AdxDiCrossBracketOG,OG_AdxDiCrossBracketOG,OG,NQ,NQ JUN26,SHORT,1,27881.50,27813.00,1365.64,1361.28,272.3,WIN,TARGET_HIT,27951.00,1390.00,2026-05-07 09:30:54
2026-01-20,2026-01-20 11:10:00,2026-01-20 11:15:00,OG,Backtest,AdxDiCrossBracketOG,OG_AdxDiCrossBracketOG,OG,NQ,NQ JUN26,LONG,1,25587.50,25601.00,265.64,261.28,52.3,WIN,STOP_HIT,25494.00,1870.00,2026-05-07 09:30:54
2026-01-20,2026-01-20 11:10:00,2026-01-20 11:15:00,OG,Backtest,AdxDiCrossBracketOG,OG_AdxDiCrossBracketOG,OG,NQ,NQ JUN26,LONG,1,25587.50,25601.00,265.64,261.28,52.3,WIN,STOP_HIT,25494.00,1870.00,2026-05-07 09:30:54
2026-03-25,2026-03-25 11:20:00,2026-03-25 12:00:00,OG,Backtest,AdxDiCrossBracketOG,OG_AdxDiCrossBracketOG,OG,NQ,NQ JUN26,SHORT,1,24386.00,24392.50,-134.36,-138.72,-27.7,LOSS,STOP_HIT,24488.75,2055.00,2026-05-07 09:30:54
2026-01-21,2026-01-21 11:45:00,2026-01-21 11:55:00,OG,Backtest,AdxDiCrossBracketOG,OG_AdxDiCrossBracketOG,OG,NQ,NQ JUN26,SHORT,1,25543.75,25467.25,1525.64,1521.28,304.3,WIN,TARGET_HIT,25620.75,1540.00,2026-05-07 09:30:54
2026-01-06,2026-01-06 11:00:00,2026-01-06 11:10:00,OG,Backtest,AdxDiCrossBracketOG,OG_AdxDiCrossBracketOG,OG,NQ,NQ JUN26,SHORT,1,25909.25,25852.00,1140.64,1136.28,227.3,WIN,TARGET_HIT,25967.00,1155.00,2026-05-07 09:30:54
2026-03-27,2026-03-27 11:40:00,2026-03-27 12:05:00,OG,Backtest,AdxDiCrossBracketOG,OG_AdxDiCrossBracketOG,OG,NQ,NQ JUN26,LONG,1,23597.00,23536.00,-1224.36,-1228.72,-245.7,LOSS,STOP_HIT,23486.50,2210.00,2026-05-07 09:30:54
2026-02-03,2026-02-03 09:50:00,2026-02-03 10:00:00,OG,Backtest,AdxDiCrossBracketOG,OG_AdxDiCrossBracketOG,OG,NQ,NQ JUN26,SHORT,1,25960.75,25888.75,1435.64,1431.28,286.3,WIN,TARGET_HIT,26034.25,1470.00,2026-05-07 09:30:54
2026-01-07,2026-01-07 10:10:00,2026-01-07 10:35:00,OG,Backtest,AdxDiCrossBracketOG,OG_AdxDiCrossBracketOG,OG,NQ,NQ JUN26,SHORT,1,26050.75,26086.25,-714.36,-718.72,-143.7,LOSS,STOP_HIT,26094.00,865.00,2026-05-07 09:30:54
2026-02-03,2026-02-03 09:50:00,2026-02-03 10:00:00,OG,Backtest,AdxDiCrossBracketOG,OG_AdxDiCrossBracketOG,OG,NQ,NQ JUN26,SHORT,1,25960.75,25888.75,1435.64,1431.28,286.3,WIN,TARGET_HIT,26034.25,1470.00,2026-05-07 09:30:54
2026-01-09,2026-01-09 09:55:00,2026-01-09 10:10:00,OG,Backtest,AdxDiCrossBracketOG,OG_AdxDiCrossBracketOG,OG,NQ,NQ JUN26,SHORT,1,25913.25,25921.75,-174.36,-178.72,-35.7,LOSS,STOP_HIT,25981.00,1355.00,2026-05-07 09:30:54
2026-02-05,2026-02-05 11:40:00,2026-02-05 11:50:00,OG,Backtest,AdxDiCrossBracketOG,OG_AdxDiCrossBracketOG,OG,NQ,NQ JUN26,LONG,1,25025.50,24992.25,-669.36,-673.72,-134.7,LOSS,STOP_HIT,24851.75,3475.00,2026-05-07 09:30:54
2026-02-03,2026-02-03 09:50:00,2026-02-03 10:00:00,OG,Backtest,AdxDiCrossBracketOG,OG_AdxDiCrossBracketOG,OG,NQ,NQ JUN26,SHORT,1,25960.75,25888.75,1435.64,1431.28,286.3,WIN,TARGET_HIT,26034.25,1470.00,2026-05-07 09:30:54
2026-02-10,2026-02-10 09:45:00,2026-02-10 09:45:00,OG,Backtest,AdxDiCrossBracketOG,OG_AdxDiCrossBracketOG,OG,NQ,NQ JUN26,SHORT,1,25535.25,25488.50,930.64,926.28,185.3,WIN,TARGET_HIT,25583.50,965.00,2026-05-07 09:30:54
2026-01-16,2026-01-16 11:30:00,2026-01-16 11:35:00,OG,Backtest,AdxDiCrossBracketOG,OG_AdxDiCrossBracketOG,OG,NQ,NQ JUN26,LONG,1,25911.50,25925.25,270.64,266.28,53.3,WIN,STOP_HIT,25839.25,1445.00,2026-05-07 09:30:54
2026-02-17,2026-02-17 11:10:00,2026-02-17 11:15:00,OG,Backtest,AdxDiCrossBracketOG,OG_AdxDiCrossBracketOG,OG,NQ,NQ JUN26,LONG,1,24861.25,24994.25,2655.64,2651.28,530.3,WIN,TARGET_HIT,24726.75,2690.00,2026-05-07 09:30:54
2026-02-10,2026-02-10 09:45:00,2026-02-10 09:45:00,OG,Backtest,AdxDiCrossBracketOG,OG_AdxDiCrossBracketOG,OG,NQ,NQ JUN26,SHORT,1,25535.25,25488.50,930.64,926.28,185.3,WIN,TARGET_HIT,25583.50,965.00,2026-05-07 09:30:54
2026-01-16,2026-01-16 11:40:00,2026-01-16 11:55:00,OG,Backtest,AdxDiCrossBracketOG,OG_AdxDiCrossBracketOG,OG,NQ,NQ JUN26,LONG,1,25923.75,25932.50,170.64,166.28,33.3,WIN,STOP_HIT,25854.75,1380.00,2026-05-07 09:30:54
2026-02-24,2026-02-24 10:10:00,2026-02-24 10:15:00,OG,Backtest,AdxDiCrossBracketOG,OG_AdxDiCrossBracketOG,OG,NQ,NQ JUN26,SHORT,1,25048.75,25109.25,-1214.36,-1218.72,-243.7,LOSS,STOP_HIT,25134.75,1720.00,2026-05-07 09:30:54
2026-01-09,2026-01-09 09:45:00,2026-01-09 09:50:00,OG,Backtest,AdxDiCrossBracketOG,OG_AdxDiCrossBracketOG,OG,NQ,NQ JUN26,LONG,1,25965.00,25910.75,-1089.36,-1093.72,-218.7,LOSS,STOP_HIT,25911.25,1075.00,2026-05-07 09:30:54
2026-01-16,2026-01-16 11:40:00,2026-01-16 12:05:00,OG,Backtest,AdxDiCrossBracketOG,OG_AdxDiCrossBracketOG,OG,NQ,NQ JUN26,LONG,1,25923.75,25924.75,15.64,11.28,2.3,WIN,STOP_HIT,25854.75,1380.00,2026-05-07 09:30:54
2026-01-12,2026-01-12 11:25:00,2026-01-12 11:35:00,OG,Backtest,AdxDiCrossBracketOG,OG_AdxDiCrossBracketOG,OG,NQ,NQ JUN26,LONG,1,26158.75,26150.00,-179.36,-183.72,-36.7,LOSS,STOP_HIT,26104.75,1080.00,2026-05-07 09:30:54
2026-04-29,2026-04-29 11:15:00,2026-04-29 11:20:00,OG,Backtest,AdxDiCrossBracketOG,OG_AdxDiCrossBracketOG,OG,NQ,NQ JUN26,SHORT,1,27249.50,27231.00,365.64,361.28,72.3,WIN,STOP_HIT,27310.00,1210.00,2026-05-07 09:30:54
2026-02-10,2026-02-10 09:45:00,2026-02-10 09:45:00,OG,Backtest,AdxDiCrossBracketOG,OG_AdxDiCrossBracketOG,OG,NQ,NQ JUN26,SHORT,1,25535.25,25488.50,930.64,926.28,185.3,WIN,TARGET_HIT,25583.50,965.00,2026-05-07 09:30:54
2026-02-24,2026-02-24 10:10:00,2026-02-24 10:15:00,OG,Backtest,AdxDiCrossBracketOG,OG_AdxDiCrossBracketOG,OG,NQ,NQ JUN26,SHORT,1,25048.75,25109.25,-1214.36,-1218.72,-243.7,LOSS,STOP_HIT,25134.75,1720.00,2026-05-07 09:30:54
2026-01-16,2026-01-16 11:30:00,2026-01-16 11:35:00,OG,Backtest,AdxDiCrossBracketOG,OG_AdxDiCrossBracketOG,OG,NQ,NQ JUN26,LONG,1,25911.50,25925.25,270.64,266.28,53.3,WIN,STOP_HIT,25839.25,1445.00,2026-05-07 09:30:54
2026-01-07,2026-01-07 09:50:00,2026-01-07 09:50:00,OG,Backtest,AdxDiCrossBracketOG,OG_AdxDiCrossBracketOG,OG,NQ,NQ JUN26,LONG,1,26063.75,26079.75,315.64,311.28,62.3,WIN,TARGET_HIT,26047.25,330.00,2026-05-07 09:30:54
2026-01-21,2026-01-21 11:45:00,2026-01-21 11:55:00,OG,Backtest,AdxDiCrossBracketOG,OG_AdxDiCrossBracketOG,OG,NQ,NQ JUN26,SHORT,1,25543.75,25467.25,1525.64,1521.28,304.3,WIN,TARGET_HIT,25620.75,1540.00,2026-05-07 09:30:54
2026-01-09,2026-01-09 09:45:00,2026-01-09 09:50:00,OG,Backtest,AdxDiCrossBracketOG,OG_AdxDiCrossBracketOG,OG,NQ,NQ JUN26,LONG,1,25965.00,25910.75,-1089.36,-1093.72,-218.7,LOSS,STOP_HIT,25911.25,1075.00,2026-05-07 09:30:54
2026-01-20,2026-01-20 10:50:00,2026-01-20 10:55:00,OG,Backtest,AdxDiCrossBracketOG,OG_AdxDiCrossBracketOG,OG,NQ,NQ JUN26,LONG,1,25598.00,25559.50,-774.36,-778.72,-155.7,LOSS,STOP_HIT,25503.75,1885.00,2026-05-07 09:30:54
2026-03-13,2026-03-13 10:50:00,2026-03-13 11:00:00,OG,Backtest,AdxDiCrossBracketOG,OG_AdxDiCrossBracketOG,OG,NQ,NQ JUN26,SHORT,1,24805.00,24706.00,1975.64,1971.28,394.3,WIN,TARGET_HIT,24902.50,1950.00,2026-05-07 09:30:54
2026-01-09,2026-01-09 10:10:00,2026-01-09 10:10:00,OG,Backtest,AdxDiCrossBracketOG,OG_AdxDiCrossBracketOG,OG,NQ,NQ JUN26,LONG,1,25921.75,25881.75,-804.36,-808.72,-161.7,LOSS,STOP_HIT,25882.25,790.00,2026-05-07 09:30:54
2026-01-13,2026-01-13 10:10:00,2026-01-13 10:20:00,OG,Backtest,AdxDiCrossBracketOG,OG_AdxDiCrossBracketOG,OG,NQ,NQ JUN26,SHORT,1,26138.00,26078.25,1190.64,1186.28,237.3,WIN,TARGET_HIT,26197.75,1195.00,2026-05-07 09:30:54
2026-01-09,2026-01-09 09:55:00,2026-01-09 10:10:00,OG,Backtest,AdxDiCrossBracketOG,OG_AdxDiCrossBracketOG,OG,NQ,NQ JUN26,SHORT,1,25913.25,25921.75,-174.36,-178.72,-35.7,LOSS,STOP_HIT,25981.00,1355.00,2026-05-07 09:30:54
2026-01-16,2026-01-16 11:30:00,2026-01-16 11:35:00,OG,Backtest,AdxDiCrossBracketOG,OG_AdxDiCrossBracketOG,OG,NQ,NQ JUN26,LONG,1,25911.50,25925.25,270.64,266.28,53.3,WIN,STOP_HIT,25839.25,1445.00,2026-05-07 09:30:54
2026-01-23,2026-01-23 10:10:00,2026-01-23 10:40:00,OG,Backtest,AdxDiCrossBracketOG,OG_AdxDiCrossBracketOG,OG,NQ,NQ JUN26,LONG,1,25921.00,25989.75,1370.64,1366.28,273.3,WIN,TARGET_HIT,25850.75,1405.00,2026-05-07 09:30:54
2026-01-09,2026-01-09 09:45:00,2026-01-09 09:50:00,OG,Backtest,AdxDiCrossBracketOG,OG_AdxDiCrossBracketOG,OG,NQ,NQ JUN26,LONG,1,25965.00,25937.50,-554.36,-558.72,-111.7,LOSS,STOP_HIT,25938.00,540.00,2026-05-07 09:30:54
2026-01-20,2026-01-20 11:10:00,2026-01-20 11:15:00,OG,Backtest,AdxDiCrossBracketOG,OG_AdxDiCrossBracketOG,OG,NQ,NQ JUN26,LONG,1,25587.50,25601.00,265.64,261.28,52.3,WIN,STOP_HIT,25494.00,1870.00,2026-05-07 09:30:54
2026-01-16,2026-01-16 11:30:00,2026-01-16 11:35:00,OG,Backtest,AdxDiCrossBracketOG,OG_AdxDiCrossBracketOG,OG,NQ,NQ JUN26,LONG,1,25911.50,25925.25,270.64,266.28,53.3,WIN,STOP_HIT,25839.25,1445.00,2026-05-07 09:30:54
2026-01-09,2026-01-09 10:10:00,2026-01-09 10:10:00,OG,Backtest,AdxDiCrossBracketOG,OG_AdxDiCrossBracketOG,OG,NQ,NQ JUN26,LONG,1,25921.75,25881.75,-804.36,-808.72,-161.7,LOSS,STOP_HIT,25882.25,790.00,2026-05-07 09:30:54
2026-03-24,2026-03-24 11:00:00,2026-03-24 12:00:00,OG,Backtest,AdxDiCrossBracketOG,OG_AdxDiCrossBracketOG,OG,NQ,NQ JUN26,LONG,1,24281.50,24320.75,780.64,776.28,155.3,WIN,STOP_HIT,24156.00,2510.00,2026-05-07 09:30:54
2026-02-11,2026-02-11 11:20:00,2026-02-11 11:25:00,OG,Backtest,AdxDiCrossBracketOG,OG_AdxDiCrossBracketOG,OG,NQ,NQ JUN26,LONG,1,25468.00,25457.75,-209.36,-213.72,-42.7,LOSS,STOP_HIT,25346.75,2425.00,2026-05-07 09:30:54
2026-01-23,2026-01-23 10:10:00,2026-01-23 10:40:00,OG,Backtest,AdxDiCrossBracketOG,OG_AdxDiCrossBracketOG,OG,NQ,NQ JUN26,LONG,1,25921.00,25989.75,1370.64,1366.28,273.3,WIN,TARGET_HIT,25850.75,1405.00,2026-05-07 09:30:54
2026-03-06,2026-03-06 11:10:00,2026-03-06 11:15:00,OG,Backtest,AdxDiCrossBracketOG,OG_AdxDiCrossBracketOG,OG,NQ,NQ JUN26,LONG,1,25101.50,25059.00,-854.36,-858.72,-171.7,LOSS,STOP_HIT,24975.75,2515.00,2026-05-07 09:30:54
2026-01-09,2026-01-09 09:55:00,2026-01-09 10:10:00,OG,Backtest,AdxDiCrossBracketOG,OG_AdxDiCrossBracketOG,OG,NQ,NQ JUN26,SHORT,1,25913.25,25921.75,-174.36,-178.72,-35.7,LOSS,STOP_HIT,25981.00,1355.00,2026-05-07 09:30:54
2026-01-09,2026-01-09 09:55:00,2026-01-09 09:55:00,OG,Backtest,AdxDiCrossBracketOG,OG_AdxDiCrossBracketOG,OG,NQ,NQ JUN26,SHORT,1,25913.25,25948.25,-704.36,-708.72,-141.7,LOSS,STOP_HIT,25947.75,690.00,2026-05-07 09:30:54
2026-02-11,2026-02-11 11:05:00,2026-02-11 11:10:00,OG,Backtest,AdxDiCrossBracketOG,OG_AdxDiCrossBracketOG,OG,NQ,NQ JUN26,LONG,1,25453.50,25418.25,-709.36,-713.72,-142.7,LOSS,STOP_HIT,25333.00,2410.00,2026-05-07 09:30:54
2026-02-03,2026-02-03 09:50:00,2026-02-03 10:00:00,OG,Backtest,AdxDiCrossBracketOG,OG_AdxDiCrossBracketOG,OG,NQ,NQ JUN26,SHORT,1,25960.75,25888.75,1435.64,1431.28,286.3,WIN,TARGET_HIT,26034.25,1470.00,2026-05-07 09:30:54
2026-03-25,2026-03-25 11:20:00,2026-03-25 12:25:00,OG,Backtest,AdxDiCrossBracketOG,OG_AdxDiCrossBracketOG,OG,NQ,NQ JUN26,SHORT,1,24386.00,24388.75,-59.36,-63.72,-12.7,LOSS,STOP_HIT,24488.75,2055.00,2026-05-07 09:30:54
2026-02-05,2026-02-05 11:40:00,2026-02-05 11:50:00,OG,Backtest,AdxDiCrossBracketOG,OG_AdxDiCrossBracketOG,OG,NQ,NQ JUN26,LONG,1,25025.50,24992.25,-669.36,-673.72,-134.7,LOSS,STOP_HIT,24851.75,3475.00,2026-05-07 09:30:54
2026-04-07,2026-04-07 11:40:00,2026-04-07 12:05:00,OG,Backtest,AdxDiCrossBracketOG,OG_AdxDiCrossBracketOG,OG,NQ,NQ JUN26,LONG,1,24071.50,24163.75,1840.64,1836.28,367.3,WIN,TARGET_HIT,23978.75,1855.00,2026-05-07 09:30:54
2026-04-06,2026-04-06 11:35:00,2026-04-06 11:50:00,OG,Backtest,AdxDiCrossBracketOG,OG_AdxDiCrossBracketOG,OG,NQ,NQ JUN26,SHORT,1,24280.75,24293.50,-259.36,-263.72,-52.7,LOSS,STOP_HIT,24370.25,1790.00,2026-05-07 09:30:54
2026-01-09,2026-01-09 10:15:00,2026-01-09 10:15:00,OG,Backtest,AdxDiCrossBracketOG,OG_AdxDiCrossBracketOG,OG,NQ,NQ JUN26,SHORT,1,25850.50,25896.25,-919.36,-923.72,-184.7,LOSS,STOP_HIT,25895.75,905.00,2026-05-07 09:30:54
2026-01-12,2026-01-12 11:25:00,2026-01-12 11:30:00,OG,Backtest,AdxDiCrossBracketOG,OG_AdxDiCrossBracketOG,OG,NQ,NQ JUN26,LONG,1,26158.75,26152.25,-134.36,-138.72,-27.7,LOSS,STOP_HIT,26131.75,540.00,2026-05-07 09:30:54
2026-04-13,2026-04-13 10:00:00,2026-04-13 10:20:00,OG,Backtest,AdxDiCrossBracketOG,OG_AdxDiCrossBracketOG,OG,NQ,NQ JUN26,LONG,1,25271.50,25281.75,200.64,196.28,39.3,WIN,STOP_HIT,25200.75,1415.00,2026-05-07 09:30:54
2026-04-06,2026-04-06 10:55:00,2026-04-06 11:05:00,OG,Backtest,AdxDiCrossBracketOG,OG_AdxDiCrossBracketOG,OG,NQ,NQ JUN26,SHORT,1,24269.25,24306.75,-754.36,-758.72,-151.7,LOSS,STOP_HIT,24372.75,2070.00,2026-05-07 09:30:54
2026-04-16,2026-04-16 10:00:00,2026-04-16 10:10:00,OG,Backtest,AdxDiCrossBracketOG,OG_AdxDiCrossBracketOG,OG,NQ,NQ JUN26,SHORT,1,26282.00,26346.00,-1284.36,-1288.72,-257.7,LOSS,STOP_HIT,26345.50,1270.00,2026-05-07 09:30:54
2026-04-13,2026-04-13 10:00:00,2026-04-13 10:20:00,OG,Backtest,AdxDiCrossBracketOG,OG_AdxDiCrossBracketOG,OG,NQ,NQ JUN26,LONG,1,25271.50,25281.75,200.64,196.28,39.3,WIN,STOP_HIT,25200.75,1415.00,2026-05-07 09:30:54
2026-02-17,2026-02-17 11:10:00,2026-02-17 11:15:00,OG,Backtest,AdxDiCrossBracketOG,OG_AdxDiCrossBracketOG,OG,NQ,NQ JUN26,LONG,1,24861.25,24994.25,2655.64,2651.28,530.3,WIN,TARGET_HIT,24726.75,2690.00,2026-05-07 09:30:54
2026-04-21,2026-04-21 11:05:00,2026-04-21 11:10:00,OG,Backtest,AdxDiCrossBracketOG,OG_AdxDiCrossBracketOG,OG,NQ,NQ JUN26,SHORT,1,26737.25,26667.50,1390.64,1386.28,277.3,WIN,TARGET_HIT,26806.00,1375.00,2026-05-07 09:30:54
2026-02-24,2026-02-24 09:50:00,2026-02-24 10:05:00,OG,Backtest,AdxDiCrossBracketOG,OG_AdxDiCrossBracketOG,OG,NQ,NQ JUN26,LONG,1,25120.50,25043.25,-1549.36,-1553.72,-310.7,LOSS,STOP_HIT,25043.75,1535.00,2026-05-07 09:30:54
2026-03-17,2026-03-17 11:15:00,2026-03-17 12:10:00,OG,Backtest,AdxDiCrossBracketOG,OG_AdxDiCrossBracketOG,OG,NQ,NQ JUN26,SHORT,1,25020.50,24951.00,1385.64,1381.28,276.3,WIN,TARGET_HIT,25091.50,1420.00,2026-05-07 09:30:54
2026-02-17,2026-02-17 11:10:00,2026-02-17 11:15:00,OG,Backtest,AdxDiCrossBracketOG,OG_AdxDiCrossBracketOG,OG,NQ,NQ JUN26,LONG,1,24861.25,24994.25,2655.64,2651.28,530.3,WIN,TARGET_HIT,24726.75,2690.00,2026-05-07 09:30:54
2026-05-04,2026-05-04 11:05:00,2026-05-04 11:20:00,OG,Backtest,AdxDiCrossBracketOG,OG_AdxDiCrossBracketOG,OG,NQ,NQ JUN26,SHORT,1,27881.50,27813.00,1365.64,1361.28,272.3,WIN,TARGET_HIT,27951.00,1390.00,2026-05-07 09:30:54
2026-01-21,2026-01-21 11:45:00,2026-01-21 11:55:00,OG,Backtest,AdxDiCrossBracketOG,OG_AdxDiCrossBracketOG,OG,NQ,NQ JUN26,SHORT,1,25543.75,25467.25,1525.64,1521.28,304.3,WIN,TARGET_HIT,25620.75,1540.00,2026-05-07 09:30:54
2026-04-29,2026-04-29 11:15:00,2026-04-29 11:20:00,OG,Backtest,AdxDiCrossBracketOG,OG_AdxDiCrossBracketOG,OG,NQ,NQ JUN26,SHORT,1,27249.50,27231.00,365.64,361.28,72.3,WIN,STOP_HIT,27310.00,1210.00,2026-05-07 09:30:54
2026-05-01,2026-05-01 11:10:00,2026-05-01 11:20:00,OG,Backtest,AdxDiCrossBracketOG,OG_AdxDiCrossBracketOG,OG,NQ,NQ JUN26,SHORT,1,27795.25,27837.25,-844.36,-848.72,-169.7,LOSS,STOP_HIT,27877.50,1645.00,2026-05-07 09:30:54
2026-02-11,2026-02-11 11:05:00,2026-02-11 11:10:00,OG,Backtest,AdxDiCrossBracketOG,OG_AdxDiCrossBracketOG,OG,NQ,NQ JUN26,LONG,1,25453.50,25418.25,-709.36,-713.72,-142.7,LOSS,STOP_HIT,25333.00,2410.00,2026-05-07 09:30:54
2026-02-24,2026-02-24 09:50:00,2026-02-24 10:05:00,OG,Backtest,AdxDiCrossBracketOG,OG_AdxDiCrossBracketOG,OG,NQ,NQ JUN26,LONG,1,25120.50,25068.25,-1049.36,-1053.72,-210.7,LOSS,STOP_HIT,25043.75,1535.00,2026-05-07 09:30:54
2026-03-25,2026-03-25 11:20:00,2026-03-25 11:35:00,OG,Backtest,AdxDiCrossBracketOG,OG_AdxDiCrossBracketOG,OG,NQ,NQ JUN26,SHORT,1,24386.00,24430.00,-884.36,-888.72,-177.7,LOSS,STOP_HIT,24488.75,2055.00,2026-05-07 09:30:54
2026-03-12,2026-03-12 11:50:00,2026-03-12 11:50:00,OG,Backtest,AdxDiCrossBracketOG,OG_AdxDiCrossBracketOG,OG,NQ,NQ JUN26,LONG,1,24898.00,24844.00,-1084.36,-1088.72,-217.7,LOSS,STOP_HIT,24844.50,1070.00,2026-05-07 09:30:54
2026-02-24,2026-02-24 10:10:00,2026-02-24 10:15:00,OG,Backtest,AdxDiCrossBracketOG,OG_AdxDiCrossBracketOG,OG,NQ,NQ JUN26,SHORT,1,25048.75,25109.25,-1214.36,-1218.72,-243.7,LOSS,STOP_HIT,25134.75,1720.00,2026-05-07 09:30:54
2026-02-11,2026-02-11 11:20:00,2026-02-11 11:25:00,OG,Backtest,AdxDiCrossBracketOG,OG_AdxDiCrossBracketOG,OG,NQ,NQ JUN26,LONG,1,25468.00,25457.75,-209.36,-213.72,-42.7,LOSS,STOP_HIT,25346.75,2425.00,2026-05-07 09:30:54
2026-03-19,2026-03-19 11:15:00,2026-03-19 11:25:00,OG,Backtest,AdxDiCrossBracketOG,OG_AdxDiCrossBracketOG,OG,NQ,NQ JUN26,LONG,1,24530.25,24486.25,-884.36,-888.72,-177.7,LOSS,STOP_HIT,24473.00,1145.00,2026-05-07 09:30:54
2026-02-13,2026-02-13 10:35:00,2026-02-13 10:35:00,OG,Backtest,AdxDiCrossBracketOG,OG_AdxDiCrossBracketOG,OG,NQ,NQ JUN26,LONG,1,25058.00,25127.00,1375.64,1371.28,274.3,WIN,TARGET_HIT,24987.50,1410.00,2026-05-07 09:30:54
2026-03-17,2026-03-17 11:15:00,2026-03-17 11:50:00,OG,Backtest,AdxDiCrossBracketOG,OG_AdxDiCrossBracketOG,OG,NQ,NQ JUN26,SHORT,1,25020.50,25009.00,225.64,221.28,44.3,WIN,STOP_HIT,25091.50,1420.00,2026-05-07 09:30:54
2026-02-13,2026-02-13 10:50:00,2026-02-13 11:00:00,OG,Backtest,AdxDiCrossBracketOG,OG_AdxDiCrossBracketOG,OG,NQ,NQ JUN26,SHORT,1,24983.00,25027.00,-884.36,-888.72,-177.7,LOSS,STOP_HIT,25055.00,1440.00,2026-05-07 09:30:54
2026-02-17,2026-02-17 11:10:00,2026-02-17 11:10:00,OG,Backtest,AdxDiCrossBracketOG,OG_AdxDiCrossBracketOG,OG,NQ,NQ JUN26,LONG,1,24861.25,24927.25,1315.64,1311.28,262.3,WIN,TARGET_HIT,24793.75,1350.00,2026-05-07 09:30:54
2026-02-11,2026-02-11 11:05:00,2026-02-11 11:10:00,OG,Backtest,AdxDiCrossBracketOG,OG_AdxDiCrossBracketOG,OG,NQ,NQ JUN26,LONG,1,25453.50,25418.25,-709.36,-713.72,-142.7,LOSS,STOP_HIT,25333.00,2410.00,2026-05-07 09:30:54
2026-02-13,2026-02-13 10:35:00,2026-02-13 10:50:00,OG,Backtest,AdxDiCrossBracketOG,OG_AdxDiCrossBracketOG,OG,NQ,NQ JUN26,LONG,1,25058.00,24983.00,-1504.36,-1508.72,-301.7,LOSS,STOP_HIT,24917.50,2810.00,2026-05-07 09:30:54
2026-03-19,2026-03-19 11:15:00,2026-03-19 11:25:00,OG,Backtest,AdxDiCrossBracketOG,OG_AdxDiCrossBracketOG,OG,NQ,NQ JUN26,LONG,1,24530.25,24486.25,-884.36,-888.72,-177.7,LOSS,STOP_HIT,24416.25,2280.00,2026-05-07 09:30:54
2026-02-24,2026-02-24 10:10:00,2026-02-24 10:10:00,OG,Backtest,AdxDiCrossBracketOG,OG_AdxDiCrossBracketOG,OG,NQ,NQ JUN26,SHORT,1,25048.75,25092.75,-884.36,-888.72,-177.7,LOSS,STOP_HIT,25092.25,870.00,2026-05-07 09:30:54
2026-03-19,2026-03-19 11:15:00,2026-03-19 11:25:00,OG,Backtest,AdxDiCrossBracketOG,OG_AdxDiCrossBracketOG,OG,NQ,NQ JUN26,LONG,1,24530.25,24486.25,-884.36,-888.72,-177.7,LOSS,STOP_HIT,24416.25,2280.00,2026-05-07 09:30:54
2026-03-24,2026-03-24 11:00:00,2026-03-24 11:35:00,OG,Backtest,AdxDiCrossBracketOG,OG_AdxDiCrossBracketOG,OG,NQ,NQ JUN26,LONG,1,24281.50,24311.75,600.64,596.28,119.3,WIN,STOP_HIT,24156.00,2510.00,2026-05-07 09:30:54
2026-04-06,2026-04-06 11:05:00,2026-04-06 11:25:00,OG,Backtest,AdxDiCrossBracketOG,OG_AdxDiCrossBracketOG,OG,NQ,NQ JUN26,LONG,1,24306.75,24294.50,-249.36,-253.72,-50.7,LOSS,STOP_HIT,24255.50,1025.00,2026-05-07 09:30:54
2026-03-17,2026-03-17 11:15:00,2026-03-17 11:20:00,OG,Backtest,AdxDiCrossBracketOG,OG_AdxDiCrossBracketOG,OG,NQ,NQ JUN26,SHORT,1,25020.50,25056.75,-729.36,-733.72,-146.7,LOSS,STOP_HIT,25056.25,715.00,2026-05-07 09:30:54
2026-03-12,2026-03-12 11:50:00,2026-03-12 11:55:00,OG,Backtest,AdxDiCrossBracketOG,OG_AdxDiCrossBracketOG,OG,NQ,NQ JUN26,LONG,1,24898.00,24865.50,-654.36,-658.72,-131.7,LOSS,STOP_HIT,24792.00,2120.00,2026-05-07 09:30:54
2026-04-29,2026-04-29 11:15:00,2026-04-29 11:20:00,OG,Backtest,AdxDiCrossBracketOG,OG_AdxDiCrossBracketOG,OG,NQ,NQ JUN26,SHORT,1,27249.50,27231.00,365.64,361.28,72.3,WIN,STOP_HIT,27310.00,1210.00,2026-05-07 09:30:55
2026-03-20,2026-03-20 11:30:00,2026-03-20 12:30:00,OG,Backtest,AdxDiCrossBracketOG,OG_AdxDiCrossBracketOG,OG,NQ,NQ JUN26,LONG,1,24274.25,24312.00,750.64,746.28,149.3,WIN,STOP_HIT,24165.75,2170.00,2026-05-07 09:30:55
2026-03-09,2026-03-09 10:45:00,2026-03-09 10:50:00,OG,Backtest,AdxDiCrossBracketOG,OG_AdxDiCrossBracketOG,OG,NQ,NQ JUN26,LONG,1,24692.00,24762.25,1400.64,1396.28,279.3,WIN,TARGET_HIT,24622.25,1395.00,2026-05-07 09:30:55
2026-04-06,2026-04-06 10:55:00,2026-04-06 11:05:00,OG,Backtest,AdxDiCrossBracketOG,OG_AdxDiCrossBracketOG,OG,NQ,NQ JUN26,SHORT,1,24269.25,24306.75,-754.36,-758.72,-151.7,LOSS,STOP_HIT,24372.75,2070.00,2026-05-07 09:30:55
2026-04-06,2026-04-06 10:55:00,2026-04-06 11:05:00,OG,Backtest,AdxDiCrossBracketOG,OG_AdxDiCrossBracketOG,OG,NQ,NQ JUN26,SHORT,1,24269.25,24306.75,-754.36,-758.72,-151.7,LOSS,STOP_HIT,24372.75,2070.00,2026-05-07 09:30:55
2026-04-29,2026-04-29 11:15:00,2026-04-29 11:20:00,OG,Backtest,AdxDiCrossBracketOG,OG_AdxDiCrossBracketOG,OG,NQ,NQ JUN26,SHORT,1,27249.50,27231.00,365.64,361.28,72.3,WIN,STOP_HIT,27310.00,1210.00,2026-05-07 09:30:55
2026-04-06,2026-04-06 10:55:00,2026-04-06 11:05:00,OG,Backtest,AdxDiCrossBracketOG,OG_AdxDiCrossBracketOG,OG,NQ,NQ JUN26,SHORT,1,24269.25,24306.75,-754.36,-758.72,-151.7,LOSS,STOP_HIT,24372.75,2070.00,2026-05-07 09:30:55
2026-03-27,2026-03-27 11:40:00,2026-03-27 12:05:00,OG,Backtest,AdxDiCrossBracketOG,OG_AdxDiCrossBracketOG,OG,NQ,NQ JUN26,LONG,1,23597.00,23536.00,-1224.36,-1228.72,-245.7,LOSS,STOP_HIT,23486.50,2210.00,2026-05-07 09:30:55
2026-04-16,2026-04-16 10:15:00,2026-04-16 10:50:00,OG,Backtest,AdxDiCrossBracketOG,OG_AdxDiCrossBracketOG,OG,NQ,NQ JUN26,LONG,1,26347.25,26415.50,1360.64,1356.28,271.3,WIN,TARGET_HIT,26277.00,1405.00,2026-05-07 09:30:55
2026-03-17,2026-03-17 11:15:00,2026-03-17 11:55:00,OG,Backtest,AdxDiCrossBracketOG,OG_AdxDiCrossBracketOG,OG,NQ,NQ JUN26,SHORT,1,25020.50,25014.50,115.64,111.28,22.3,WIN,STOP_HIT,25091.50,1420.00,2026-05-07 09:30:55
2026-03-27,2026-03-27 11:40:00,2026-03-27 12:10:00,OG,Backtest,AdxDiCrossBracketOG,OG_AdxDiCrossBracketOG,OG,NQ,NQ JUN26,LONG,1,23597.00,23538.50,-1174.36,-1178.72,-235.7,LOSS,STOP_HIT,23486.50,2210.00,2026-05-07 09:30:55
2026-03-17,2026-03-17 11:15:00,2026-03-17 12:10:00,OG,Backtest,AdxDiCrossBracketOG,OG_AdxDiCrossBracketOG,OG,NQ,NQ JUN26,SHORT,1,25020.50,24951.00,1385.64,1381.28,276.3,WIN,TARGET_HIT,25091.50,1420.00,2026-05-07 09:30:55
2026-04-16,2026-04-16 10:00:00,2026-04-16 10:10:00,OG,Backtest,AdxDiCrossBracketOG,OG_AdxDiCrossBracketOG,OG,NQ,NQ JUN26,SHORT,1,26282.00,26346.00,-1284.36,-1288.72,-257.7,LOSS,STOP_HIT,26345.50,1270.00,2026-05-07 09:30:55
2026-04-02,2026-04-02 10:45:00,2026-04-02 11:55:00,OG,Backtest,AdxDiCrossBracketOG,OG_AdxDiCrossBracketOG,OG,NQ,NQ JUN26,LONG,1,24210.25,24132.25,-1564.36,-1568.72,-313.7,LOSS,STOP_HIT,24059.00,3025.00,2026-05-07 09:30:55
2026-04-07,2026-04-07 11:40:00,2026-04-07 12:05:00,OG,Backtest,AdxDiCrossBracketOG,OG_AdxDiCrossBracketOG,OG,NQ,NQ JUN26,LONG,1,24071.50,24163.75,1840.64,1836.28,367.3,WIN,TARGET_HIT,23978.75,1855.00,2026-05-07 09:30:55
2026-01-16,2026-01-16 11:30:00,2026-01-16 11:35:00,OG,Backtest,AdxDiCrossBracketOG,OG_AdxDiCrossBracketOG,OG,NQ,NQ JUN26,LONG,1,25911.50,25925.25,270.64,266.28,53.3,WIN,STOP_HIT,25874.75,735.00,2026-05-07 09:30:55
2026-04-10,2026-04-10 11:45:00,2026-04-10 12:15:00,OG,Backtest,AdxDiCrossBracketOG,OG_AdxDiCrossBracketOG,OG,NQ,NQ JUN26,SHORT,1,25301.50,25281.75,390.64,386.28,77.3,WIN,STOP_HIT,25366.25,1295.00,2026-05-07 09:30:55
2026-04-16,2026-04-16 10:00:00,2026-04-16 10:10:00,OG,Backtest,AdxDiCrossBracketOG,OG_AdxDiCrossBracketOG,OG,NQ,NQ JUN26,SHORT,1,26282.00,26346.00,-1284.36,-1288.72,-257.7,LOSS,STOP_HIT,26345.50,1270.00,2026-05-07 09:30:55
2026-01-09,2026-01-09 10:10:00,2026-01-09 10:10:00,OG,Backtest,AdxDiCrossBracketOG,OG_AdxDiCrossBracketOG,OG,NQ,NQ JUN26,LONG,1,25921.75,25881.75,-804.36,-808.72,-161.7,LOSS,STOP_HIT,25882.25,790.00,2026-05-07 09:30:55
2026-04-16,2026-04-16 10:00:00,2026-04-16 10:10:00,OG,Backtest,AdxDiCrossBracketOG,OG_AdxDiCrossBracketOG,OG,NQ,NQ JUN26,SHORT,1,26282.00,26346.00,-1284.36,-1288.72,-257.7,LOSS,STOP_HIT,26345.50,1270.00,2026-05-07 09:30:55
2026-01-07,2026-01-07 09:50:00,2026-01-07 10:05:00,OG,Backtest,AdxDiCrossBracketOG,OG_AdxDiCrossBracketOG,OG,NQ,NQ JUN26,LONG,1,26063.75,26030.25,-674.36,-678.72,-135.7,LOSS,STOP_HIT,26030.75,660.00,2026-05-07 09:30:55
2026-05-01,2026-05-01 11:10:00,2026-05-01 11:15:00,OG,Backtest,AdxDiCrossBracketOG,OG_AdxDiCrossBracketOG,OG,NQ,NQ JUN26,SHORT,1,27795.25,27837.00,-839.36,-843.72,-168.7,LOSS,STOP_HIT,27836.50,825.00,2026-05-07 09:30:55
2026-01-07,2026-01-07 09:50:00,2026-01-07 10:05:00,OG,Backtest,AdxDiCrossBracketOG,OG_AdxDiCrossBracketOG,OG,NQ,NQ JUN26,LONG,1,26063.75,26030.25,-674.36,-678.72,-135.7,LOSS,STOP_HIT,26030.75,660.00,2026-05-07 09:30:55
2026-01-16,2026-01-16 11:30:00,2026-01-16 11:35:00,OG,Backtest,AdxDiCrossBracketOG,OG_AdxDiCrossBracketOG,OG,NQ,NQ JUN26,LONG,1,25911.50,25925.25,270.64,266.28,53.3,WIN,STOP_HIT,25839.25,1445.00,2026-05-07 09:30:55
2026-01-23,2026-01-23 10:10:00,2026-01-23 10:15:00,OG,Backtest,AdxDiCrossBracketOG,OG_AdxDiCrossBracketOG,OG,NQ,NQ JUN26,LONG,1,25921.00,25885.00,-724.36,-728.72,-145.7,LOSS,STOP_HIT,25885.50,710.00,2026-05-07 09:30:55
2026-02-11,2026-02-11 11:05:00,2026-02-11 11:10:00,OG,Backtest,AdxDiCrossBracketOG,OG_AdxDiCrossBracketOG,OG,NQ,NQ JUN26,LONG,1,25453.50,25418.25,-709.36,-713.72,-142.7,LOSS,STOP_HIT,25393.00,1210.00,2026-05-07 09:30:55
2026-04-16,2026-04-16 10:15:00,2026-04-16 10:15:00,OG,Backtest,AdxDiCrossBracketOG,OG_AdxDiCrossBracketOG,OG,NQ,NQ JUN26,LONG,1,26347.25,26381.00,670.64,666.28,133.3,WIN,TARGET_HIT,26311.50,715.00,2026-05-07 09:30:55
2026-01-09,2026-01-09 09:55:00,2026-01-09 10:10:00,OG,Backtest,AdxDiCrossBracketOG,OG_AdxDiCrossBracketOG,OG,NQ,NQ JUN26,SHORT,1,25913.25,25921.75,-174.36,-178.72,-35.7,LOSS,STOP_HIT,25981.00,1355.00,2026-05-07 09:30:55
2026-04-16,2026-04-16 10:00:00,2026-04-16 10:00:00,OG,Backtest,AdxDiCrossBracketOG,OG_AdxDiCrossBracketOG,OG,NQ,NQ JUN26,SHORT,1,26282.00,26314.50,-654.36,-658.72,-131.7,LOSS,STOP_HIT,26314.00,640.00,2026-05-07 09:30:55
2026-01-12,2026-01-12 11:25:00,2026-01-12 11:35:00,OG,Backtest,AdxDiCrossBracketOG,OG_AdxDiCrossBracketOG,OG,NQ,NQ JUN26,LONG,1,26158.75,26150.00,-179.36,-183.72,-36.7,LOSS,STOP_HIT,26104.75,1080.00,2026-05-07 09:30:55
2026-04-21,2026-04-21 11:05:00,2026-04-21 11:10:00,OG,Backtest,AdxDiCrossBracketOG,OG_AdxDiCrossBracketOG,OG,NQ,NQ JUN26,SHORT,1,26737.25,26667.50,1390.64,1386.28,277.3,WIN,TARGET_HIT,26806.00,1375.00,2026-05-07 09:30:55
2026-02-11,2026-02-11 10:20:00,2026-02-11 10:20:00,OG,Backtest,AdxDiCrossBracketOG,OG_AdxDiCrossBracketOG,OG,NQ,NQ JUN26,SHORT,1,25396.00,25345.50,1005.64,1001.28,200.3,WIN,TARGET_HIT,25448.50,1050.00,2026-05-07 09:30:55
2026-01-28,2026-01-28 10:55:00,2026-01-28 11:05:00,OG,Backtest,AdxDiCrossBracketOG,OG_AdxDiCrossBracketOG,OG,NQ,NQ JUN26,SHORT,1,26395.25,26393.25,35.64,31.28,6.3,WIN,STOP_HIT,26429.00,675.00,2026-05-07 09:30:55
2026-01-16,2026-01-16 11:30:00,2026-01-16 11:35:00,OG,Backtest,AdxDiCrossBracketOG,OG_AdxDiCrossBracketOG,OG,NQ,NQ JUN26,LONG,1,25911.50,25925.25,270.64,266.28,53.3,WIN,STOP_HIT,25839.25,1445.00,2026-05-07 09:30:55
2026-01-07,2026-01-07 09:50:00,2026-01-07 09:50:00,OG,Backtest,AdxDiCrossBracketOG,OG_AdxDiCrossBracketOG,OG,NQ,NQ JUN26,LONG,1,26063.75,26079.75,315.64,311.28,62.3,WIN,TARGET_HIT,26047.25,330.00,2026-05-07 09:30:55
2026-02-13,2026-02-13 10:35:00,2026-02-13 10:35:00,OG,Backtest,AdxDiCrossBracketOG,OG_AdxDiCrossBracketOG,OG,NQ,NQ JUN26,LONG,1,25058.00,25127.00,1375.64,1371.28,274.3,WIN,TARGET_HIT,24987.50,1410.00,2026-05-07 09:30:55
2026-01-07,2026-01-07 10:10:00,2026-01-07 10:10:00,OG,Backtest,AdxDiCrossBracketOG,OG_AdxDiCrossBracketOG,OG,NQ,NQ JUN26,SHORT,1,26050.75,26072.75,-444.36,-448.72,-89.7,LOSS,STOP_HIT,26072.25,430.00,2026-05-07 09:30:55
2026-02-13,2026-02-13 10:35:00,2026-02-13 10:35:00,OG,Backtest,AdxDiCrossBracketOG,OG_AdxDiCrossBracketOG,OG,NQ,NQ JUN26,LONG,1,25058.00,25127.00,1375.64,1371.28,274.3,WIN,TARGET_HIT,24987.50,1410.00,2026-05-07 09:30:55
2026-02-11,2026-02-11 11:05:00,2026-02-11 11:10:00,OG,Backtest,AdxDiCrossBracketOG,OG_AdxDiCrossBracketOG,OG,NQ,NQ JUN26,LONG,1,25453.50,25418.25,-709.36,-713.72,-142.7,LOSS,STOP_HIT,25333.00,2410.00,2026-05-07 09:30:55
2026-01-09,2026-01-09 09:55:00,2026-01-09 09:55:00,OG,Backtest,AdxDiCrossBracketOG,OG_AdxDiCrossBracketOG,OG,NQ,NQ JUN26,SHORT,1,25913.25,25948.25,-704.36,-708.72,-141.7,LOSS,STOP_HIT,25947.75,690.00,2026-05-07 09:30:55
2026-02-24,2026-02-24 09:50:00,2026-02-24 09:50:00,OG,Backtest,AdxDiCrossBracketOG,OG_AdxDiCrossBracketOG,OG,NQ,NQ JUN26,LONG,1,25120.50,25157.50,735.64,731.28,146.3,WIN,TARGET_HIT,25081.50,780.00,2026-05-07 09:30:55
2026-02-11,2026-02-11 10:20:00,2026-02-11 10:25:00,OG,Backtest,AdxDiCrossBracketOG,OG_AdxDiCrossBracketOG,OG,NQ,NQ JUN26,SHORT,1,25396.00,25293.75,2040.64,2036.28,407.3,WIN,TARGET_HIT,25500.25,2085.00,2026-05-07 09:30:55
2026-02-13,2026-02-13 10:35:00,2026-02-13 10:50:00,OG,Backtest,AdxDiCrossBracketOG,OG_AdxDiCrossBracketOG,OG,NQ,NQ JUN26,LONG,1,25058.00,24983.00,-1504.36,-1508.72,-301.7,LOSS,STOP_HIT,24917.50,2810.00,2026-05-07 09:30:55
2026-01-28,2026-01-28 10:55:00,2026-01-28 11:20:00,OG,Backtest,AdxDiCrossBracketOG,OG_AdxDiCrossBracketOG,OG,NQ,NQ JUN26,SHORT,1,26395.25,26393.00,40.64,36.28,7.3,WIN,STOP_HIT,26461.50,1325.00,2026-05-07 09:30:55
2026-01-09,2026-01-09 10:15:00,2026-01-09 10:15:00,OG,Backtest,AdxDiCrossBracketOG,OG_AdxDiCrossBracketOG,OG,NQ,NQ JUN26,SHORT,1,25850.50,25896.25,-919.36,-923.72,-184.7,LOSS,STOP_HIT,25895.75,905.00,2026-05-07 09:30:55
2026-03-17,2026-03-17 11:15:00,2026-03-17 11:20:00,OG,Backtest,AdxDiCrossBracketOG,OG_AdxDiCrossBracketOG,OG,NQ,NQ JUN26,SHORT,1,25020.50,25056.75,-729.36,-733.72,-146.7,LOSS,STOP_HIT,25056.25,715.00,2026-05-07 09:30:55
2026-02-24,2026-02-24 10:15:00,2026-02-24 10:15:00,OG,Backtest,AdxDiCrossBracketOG,OG_AdxDiCrossBracketOG,OG,NQ,NQ JUN26,LONG,1,25109.25,25063.75,-914.36,-918.72,-183.7,LOSS,STOP_HIT,25064.25,900.00,2026-05-07 09:30:55
2026-02-24,2026-02-24 10:15:00,2026-02-24 10:15:00,OG,Backtest,AdxDiCrossBracketOG,OG_AdxDiCrossBracketOG,OG,NQ,NQ JUN26,LONG,1,25109.25,25063.75,-914.36,-918.72,-183.7,LOSS,STOP_HIT,25064.25,900.00,2026-05-07 09:30:55
2026-01-07,2026-01-07 09:50:00,2026-01-07 09:50:00,OG,Backtest,AdxDiCrossBracketOG,OG_AdxDiCrossBracketOG,OG,NQ,NQ JUN26,LONG,1,26063.75,26079.75,315.64,311.28,62.3,WIN,TARGET_HIT,26047.25,330.00,2026-05-07 09:30:55
2026-02-03,2026-02-03 09:50:00,2026-02-03 10:00:00,OG,Backtest,AdxDiCrossBracketOG,OG_AdxDiCrossBracketOG,OG,NQ,NQ JUN26,SHORT,1,25960.75,25888.75,1435.64,1431.28,286.3,WIN,TARGET_HIT,26034.25,1470.00,2026-05-07 09:30:55
2026-01-07,2026-01-07 09:50:00,2026-01-07 10:05:00,OG,Backtest,AdxDiCrossBracketOG,OG_AdxDiCrossBracketOG,OG,NQ,NQ JUN26,LONG,1,26063.75,26030.25,-674.36,-678.72,-135.7,LOSS,STOP_HIT,26030.75,660.00,2026-05-07 09:30:55
2026-03-03,2026-03-03 11:40:00,2026-03-03 11:50:00,OG,Backtest,AdxDiCrossBracketOG,OG_AdxDiCrossBracketOG,OG,NQ,NQ JUN26,SHORT,1,24817.25,24864.25,-944.36,-948.72,-189.7,LOSS,STOP_HIT,24882.75,1310.00,2026-05-07 09:30:55
2026-02-13,2026-02-13 10:35:00,2026-02-13 10:35:00,OG,Backtest,AdxDiCrossBracketOG,OG_AdxDiCrossBracketOG,OG,NQ,NQ JUN26,LONG,1,25058.00,25127.00,1375.64,1371.28,274.3,WIN,TARGET_HIT,24987.50,1410.00,2026-05-07 09:30:55
2026-01-20,2026-01-20 10:50:00,2026-01-20 10:55:00,OG,Backtest,AdxDiCrossBracketOG,OG_AdxDiCrossBracketOG,OG,NQ,NQ JUN26,LONG,1,25598.00,25559.50,-774.36,-778.72,-155.7,LOSS,STOP_HIT,25550.75,945.00,2026-05-07 09:30:55
2026-02-13,2026-02-13 10:50:00,2026-02-13 11:00:00,OG,Backtest,AdxDiCrossBracketOG,OG_AdxDiCrossBracketOG,OG,NQ,NQ JUN26,SHORT,1,24983.00,25027.00,-884.36,-888.72,-177.7,LOSS,STOP_HIT,25055.00,1440.00,2026-05-07 09:30:55
2026-01-06,2026-01-06 11:00:00,2026-01-06 11:10:00,OG,Backtest,AdxDiCrossBracketOG,OG_AdxDiCrossBracketOG,OG,NQ,NQ JUN26,SHORT,1,25909.25,25852.00,1140.64,1136.28,227.3,WIN,TARGET_HIT,25967.00,1155.00,2026-05-07 09:30:55
2026-02-17,2026-02-17 11:10:00,2026-02-17 11:10:00,OG,Backtest,AdxDiCrossBracketOG,OG_AdxDiCrossBracketOG,OG,NQ,NQ JUN26,LONG,1,24861.25,24927.25,1315.64,1311.28,262.3,WIN,TARGET_HIT,24793.75,1350.00,2026-05-07 09:30:55
2026-03-03,2026-03-03 11:25:00,2026-03-03 11:40:00,OG,Backtest,AdxDiCrossBracketOG,OG_AdxDiCrossBracketOG,OG,NQ,NQ JUN26,LONG,1,24794.50,24817.25,450.64,446.28,89.3,WIN,STOP_HIT,24654.75,2795.00,2026-05-07 09:30:55
2026-01-07,2026-01-07 10:10:00,2026-01-07 10:10:00,OG,Backtest,AdxDiCrossBracketOG,OG_AdxDiCrossBracketOG,OG,NQ,NQ JUN26,SHORT,1,26050.75,26072.75,-444.36,-448.72,-89.7,LOSS,STOP_HIT,26072.25,430.00,2026-05-07 09:30:55
2026-01-07,2026-01-07 10:10:00,2026-01-07 10:30:00,OG,Backtest,AdxDiCrossBracketOG,OG_AdxDiCrossBracketOG,OG,NQ,NQ JUN26,SHORT,1,26050.75,26081.00,-609.36,-613.72,-122.7,LOSS,STOP_HIT,26094.00,865.00,2026-05-07 09:30:55
2026-03-20,2026-03-20 11:30:00,2026-03-20 12:05:00,OG,Backtest,AdxDiCrossBracketOG,OG_AdxDiCrossBracketOG,OG,NQ,NQ JUN26,LONG,1,24274.25,24327.75,1065.64,1061.28,212.3,WIN,TARGET_HIT,24219.75,1090.00,2026-05-07 09:30:55
2026-01-09,2026-01-09 09:45:00,2026-01-09 09:50:00,OG,Backtest,AdxDiCrossBracketOG,OG_AdxDiCrossBracketOG,OG,NQ,NQ JUN26,LONG,1,25965.00,25910.75,-1089.36,-1093.72,-218.7,LOSS,STOP_HIT,25911.25,1075.00,2026-05-07 09:30:55
2026-01-07,2026-01-07 10:10:00,2026-01-07 10:10:00,OG,Backtest,AdxDiCrossBracketOG,OG_AdxDiCrossBracketOG,OG,NQ,NQ JUN26,SHORT,1,26050.75,26072.75,-444.36,-448.72,-89.7,LOSS,STOP_HIT,26072.25,430.00,2026-05-07 09:30:55
2026-01-09,2026-01-09 10:30:00,2026-01-09 10:55:00,OG,Backtest,AdxDiCrossBracketOG,OG_AdxDiCrossBracketOG,OG,NQ,NQ JUN26,LONG,1,26009.25,25980.75,-574.36,-578.72,-115.7,LOSS,STOP_HIT,25910.75,1970.00,2026-05-07 09:30:55
2026-01-09,2026-01-09 09:55:00,2026-01-09 10:10:00,OG,Backtest,AdxDiCrossBracketOG,OG_AdxDiCrossBracketOG,OG,NQ,NQ JUN26,SHORT,1,25913.25,25921.75,-174.36,-178.72,-35.7,LOSS,STOP_HIT,25981.00,1355.00,2026-05-07 09:30:55
2026-01-09,2026-01-09 10:15:00,2026-01-09 10:15:00,OG,Backtest,AdxDiCrossBracketOG,OG_AdxDiCrossBracketOG,OG,NQ,NQ JUN26,SHORT,1,25850.50,25896.25,-919.36,-923.72,-184.7,LOSS,STOP_HIT,25895.75,905.00,2026-05-07 09:30:55
2026-03-17,2026-03-17 11:15:00,2026-03-17 11:20:00,OG,Backtest,AdxDiCrossBracketOG,OG_AdxDiCrossBracketOG,OG,NQ,NQ JUN26,SHORT,1,25020.50,25056.75,-729.36,-733.72,-146.7,LOSS,STOP_HIT,25056.25,715.00,2026-05-07 09:30:55
2026-01-30,2026-01-30 10:55:00,2026-01-30 10:55:00,OG,Backtest,AdxDiCrossBracketOG,OG_AdxDiCrossBracketOG,OG,NQ,NQ JUN26,LONG,1,26117.25,26059.50,-1159.36,-1163.72,-232.7,LOSS,STOP_HIT,26060.00,1145.00,2026-05-07 09:30:55
2026-01-09,2026-01-09 09:55:00,2026-01-09 09:55:00,OG,Backtest,AdxDiCrossBracketOG,OG_AdxDiCrossBracketOG,OG,NQ,NQ JUN26,SHORT,1,25913.25,25948.25,-704.36,-708.72,-141.7,LOSS,STOP_HIT,25947.75,690.00,2026-05-07 09:30:55
2026-01-23,2026-01-23 10:10:00,2026-01-23 10:15:00,OG,Backtest,AdxDiCrossBracketOG,OG_AdxDiCrossBracketOG,OG,NQ,NQ JUN26,LONG,1,25921.00,25885.00,-724.36,-728.72,-145.7,LOSS,STOP_HIT,25885.50,710.00,2026-05-07 09:30:55
2026-01-09,2026-01-09 09:55:00,2026-01-09 10:10:00,OG,Backtest,AdxDiCrossBracketOG,OG_AdxDiCrossBracketOG,OG,NQ,NQ JUN26,SHORT,1,25913.25,25921.75,-174.36,-178.72,-35.7,LOSS,STOP_HIT,25981.00,1355.00,2026-05-07 09:30:55
2026-01-09,2026-01-09 10:15:00,2026-01-09 10:15:00,OG,Backtest,AdxDiCrossBracketOG,OG_AdxDiCrossBracketOG,OG,NQ,NQ JUN26,SHORT,1,25850.50,25896.25,-919.36,-923.72,-184.7,LOSS,STOP_HIT,25895.75,905.00,2026-05-07 09:30:55
2026-01-13,2026-01-13 10:10:00,2026-01-13 10:20:00,OG,Backtest,AdxDiCrossBracketOG,OG_AdxDiCrossBracketOG,OG,NQ,NQ JUN26,SHORT,1,26138.00,26078.25,1190.64,1186.28,237.3,WIN,TARGET_HIT,26197.75,1195.00,2026-05-07 09:30:55
2026-01-13,2026-01-13 10:10:00,2026-01-13 10:20:00,OG,Backtest,AdxDiCrossBracketOG,OG_AdxDiCrossBracketOG,OG,NQ,NQ JUN26,SHORT,1,26138.00,26078.25,1190.64,1186.28,237.3,WIN,TARGET_HIT,26197.75,1195.00,2026-05-07 09:30:55
2026-01-12,2026-01-12 11:25:00,2026-01-12 11:30:00,OG,Backtest,AdxDiCrossBracketOG,OG_AdxDiCrossBracketOG,OG,NQ,NQ JUN26,LONG,1,26158.75,26152.25,-134.36,-138.72,-27.7,LOSS,STOP_HIT,26131.75,540.00,2026-05-07 09:30:55
2026-01-16,2026-01-16 11:30:00,2026-01-16 11:35:00,OG,Backtest,AdxDiCrossBracketOG,OG_AdxDiCrossBracketOG,OG,NQ,NQ JUN26,LONG,1,25911.50,25925.25,270.64,266.28,53.3,WIN,STOP_HIT,25839.25,1445.00,2026-05-07 09:30:55
2026-02-03,2026-02-03 09:50:00,2026-02-03 09:50:00,OG,Backtest,AdxDiCrossBracketOG,OG_AdxDiCrossBracketOG,OG,NQ,NQ JUN26,SHORT,1,25960.75,25998.50,-759.36,-763.72,-152.7,LOSS,STOP_HIT,25998.00,745.00,2026-05-07 09:30:55
2026-01-20,2026-01-20 10:50:00,2026-01-20 10:55:00,OG,Backtest,AdxDiCrossBracketOG,OG_AdxDiCrossBracketOG,OG,NQ,NQ JUN26,LONG,1,25598.00,25559.50,-774.36,-778.72,-155.7,LOSS,STOP_HIT,25503.75,1885.00,2026-05-07 09:30:55
2026-04-06,2026-04-06 11:35:00,2026-04-06 11:50:00,OG,Backtest,AdxDiCrossBracketOG,OG_AdxDiCrossBracketOG,OG,NQ,NQ JUN26,SHORT,1,24280.75,24293.50,-259.36,-263.72,-52.7,LOSS,STOP_HIT,24370.25,1790.00,2026-05-07 09:30:55
2026-02-13,2026-02-13 10:50:00,2026-02-13 11:00:00,OG,Backtest,AdxDiCrossBracketOG,OG_AdxDiCrossBracketOG,OG,NQ,NQ JUN26,SHORT,1,24983.00,25027.00,-884.36,-888.72,-177.7,LOSS,STOP_HIT,25055.00,1440.00,2026-05-07 09:30:55
2026-04-02,2026-04-02 10:45:00,2026-04-02 11:55:00,OG,Backtest,AdxDiCrossBracketOG,OG_AdxDiCrossBracketOG,OG,NQ,NQ JUN26,LONG,1,24210.25,24132.25,-1564.36,-1568.72,-313.7,LOSS,STOP_HIT,24059.00,3025.00,2026-05-07 09:30:55
2026-01-20,2026-01-20 11:10:00,2026-01-20 11:15:00,OG,Backtest,AdxDiCrossBracketOG,OG_AdxDiCrossBracketOG,OG,NQ,NQ JUN26,LONG,1,25587.50,25601.00,265.64,261.28,52.3,WIN,STOP_HIT,25494.00,1870.00,2026-05-07 09:30:55
2026-03-17,2026-03-17 11:15:00,2026-03-17 11:55:00,OG,Backtest,AdxDiCrossBracketOG,OG_AdxDiCrossBracketOG,OG,NQ,NQ JUN26,SHORT,1,25020.50,25014.50,115.64,111.28,22.3,WIN,STOP_HIT,25091.50,1420.00,2026-05-07 09:30:55
2026-01-21,2026-01-21 11:45:00,2026-01-21 11:45:00,OG,Backtest,AdxDiCrossBracketOG,OG_AdxDiCrossBracketOG,OG,NQ,NQ JUN26,SHORT,1,25543.75,25505.75,755.64,751.28,150.3,WIN,TARGET_HIT,25582.25,770.00,2026-05-07 09:30:55
2026-03-19,2026-03-19 11:15:00,2026-03-19 11:25:00,OG,Backtest,AdxDiCrossBracketOG,OG_AdxDiCrossBracketOG,OG,NQ,NQ JUN26,LONG,1,24530.25,24486.25,-884.36,-888.72,-177.7,LOSS,STOP_HIT,24416.25,2280.00,2026-05-07 09:30:55
2026-02-03,2026-02-03 09:50:00,2026-02-03 09:50:00,OG,Backtest,AdxDiCrossBracketOG,OG_AdxDiCrossBracketOG,OG,NQ,NQ JUN26,SHORT,1,25960.75,25998.50,-759.36,-763.72,-152.7,LOSS,STOP_HIT,25998.00,745.00,2026-05-07 09:30:55
2026-02-17,2026-02-17 11:10:00,2026-02-17 11:10:00,OG,Backtest,AdxDiCrossBracketOG,OG_AdxDiCrossBracketOG,OG,NQ,NQ JUN26,LONG,1,24861.25,24927.25,1315.64,1311.28,262.3,WIN,TARGET_HIT,24793.75,1350.00,2026-05-07 09:30:55
2026-01-30,2026-01-30 10:55:00,2026-01-30 10:55:00,OG,Backtest,AdxDiCrossBracketOG,OG_AdxDiCrossBracketOG,OG,NQ,NQ JUN26,LONG,1,26117.25,26059.50,-1159.36,-1163.72,-232.7,LOSS,STOP_HIT,26060.00,1145.00,2026-05-07 09:30:55
2026-04-16,2026-04-16 10:00:00,2026-04-16 10:10:00,OG,Backtest,AdxDiCrossBracketOG,OG_AdxDiCrossBracketOG,OG,NQ,NQ JUN26,SHORT,1,26282.00,26346.00,-1284.36,-1288.72,-257.7,LOSS,STOP_HIT,26345.50,1270.00,2026-05-07 09:30:55
2026-05-04,2026-05-04 11:05:00,2026-05-04 11:10:00,OG,Backtest,AdxDiCrossBracketOG,OG_AdxDiCrossBracketOG,OG,NQ,NQ JUN26,SHORT,1,27881.50,27890.00,-174.36,-178.72,-35.7,LOSS,STOP_HIT,27916.50,700.00,2026-05-07 09:30:55
2026-02-05,2026-02-05 11:40:00,2026-02-05 11:50:00,OG,Backtest,AdxDiCrossBracketOG,OG_AdxDiCrossBracketOG,OG,NQ,NQ JUN26,LONG,1,25025.50,24992.25,-669.36,-673.72,-134.7,LOSS,STOP_HIT,24938.00,1750.00,2026-05-07 09:30:55
2026-02-03,2026-02-03 09:50:00,2026-02-03 10:00:00,OG,Backtest,AdxDiCrossBracketOG,OG_AdxDiCrossBracketOG,OG,NQ,NQ JUN26,SHORT,1,25960.75,25888.75,1435.64,1431.28,286.3,WIN,TARGET_HIT,26034.25,1470.00,2026-05-07 09:30:55
2026-02-10,2026-02-10 09:45:00,2026-02-10 09:45:00,OG,Backtest,AdxDiCrossBracketOG,OG_AdxDiCrossBracketOG,OG,NQ,NQ JUN26,SHORT,1,25535.25,25512.25,455.64,451.28,90.3,WIN,TARGET_HIT,25559.75,490.00,2026-05-07 09:30:55
2026-02-11,2026-02-11 11:05:00,2026-02-11 11:10:00,OG,Backtest,AdxDiCrossBracketOG,OG_AdxDiCrossBracketOG,OG,NQ,NQ JUN26,LONG,1,25453.50,25418.25,-709.36,-713.72,-142.7,LOSS,STOP_HIT,25333.00,2410.00,2026-05-07 09:30:55
2026-02-05,2026-02-05 11:40:00,2026-02-05 11:50:00,OG,Backtest,AdxDiCrossBracketOG,OG_AdxDiCrossBracketOG,OG,NQ,NQ JUN26,LONG,1,25025.50,24992.25,-669.36,-673.72,-134.7,LOSS,STOP_HIT,24851.75,3475.00,2026-05-07 09:30:55
2026-02-10,2026-02-10 09:45:00,2026-02-10 09:45:00,OG,Backtest,AdxDiCrossBracketOG,OG_AdxDiCrossBracketOG,OG,NQ,NQ JUN26,SHORT,1,25535.25,25512.25,455.64,451.28,90.3,WIN,TARGET_HIT,25559.75,490.00,2026-05-07 09:30:55
2026-03-24,2026-03-24 11:00:00,2026-03-24 11:00:00,OG,Backtest,AdxDiCrossBracketOG,OG_AdxDiCrossBracketOG,OG,NQ,NQ JUN26,LONG,1,24281.50,24217.75,-1279.36,-1283.72,-256.7,LOSS,STOP_HIT,24218.25,1265.00,2026-05-07 09:30:55
2026-04-13,2026-04-13 10:00:00,2026-04-13 10:00:00,OG,Backtest,AdxDiCrossBracketOG,OG_AdxDiCrossBracketOG,OG,NQ,NQ JUN26,LONG,1,25271.50,25305.75,680.64,676.28,135.3,WIN,TARGET_HIT,25235.75,715.00,2026-05-07 09:30:55
2026-02-13,2026-02-13 10:50:00,2026-02-13 11:00:00,OG,Backtest,AdxDiCrossBracketOG,OG_AdxDiCrossBracketOG,OG,NQ,NQ JUN26,SHORT,1,24983.00,25027.00,-884.36,-888.72,-177.7,LOSS,STOP_HIT,25055.00,1440.00,2026-05-07 09:30:55
2026-02-13,2026-02-13 10:35:00,2026-02-13 10:50:00,OG,Backtest,AdxDiCrossBracketOG,OG_AdxDiCrossBracketOG,OG,NQ,NQ JUN26,LONG,1,25058.00,24983.00,-1504.36,-1508.72,-301.7,LOSS,STOP_HIT,24917.50,2810.00,2026-05-07 09:30:55
2026-05-04,2026-05-04 11:05:00,2026-05-04 11:20:00,OG,Backtest,AdxDiCrossBracketOG,OG_AdxDiCrossBracketOG,OG,NQ,NQ JUN26,SHORT,1,27881.50,27813.00,1365.64,1361.28,272.3,WIN,TARGET_HIT,27951.00,1390.00,2026-05-07 09:30:55
2026-02-17,2026-02-17 11:10:00,2026-02-17 11:10:00,OG,Backtest,AdxDiCrossBracketOG,OG_AdxDiCrossBracketOG,OG,NQ,NQ JUN26,LONG,1,24861.25,24927.25,1315.64,1311.28,262.3,WIN,TARGET_HIT,24793.75,1350.00,2026-05-07 09:30:55
2026-02-17,2026-02-17 11:10:00,2026-02-17 11:10:00,OG,Backtest,AdxDiCrossBracketOG,OG_AdxDiCrossBracketOG,OG,NQ,NQ JUN26,LONG,1,24861.25,24927.25,1315.64,1311.28,262.3,WIN,TARGET_HIT,24793.75,1350.00,2026-05-07 09:30:55
2026-04-13,2026-04-13 10:00:00,2026-04-13 10:20:00,OG,Backtest,AdxDiCrossBracketOG,OG_AdxDiCrossBracketOG,OG,NQ,NQ JUN26,LONG,1,25271.50,25281.75,200.64,196.28,39.3,WIN,STOP_HIT,25200.75,1415.00,2026-05-07 09:30:55
2026-02-13,2026-02-13 10:35:00,2026-02-13 10:50:00,OG,Backtest,AdxDiCrossBracketOG,OG_AdxDiCrossBracketOG,OG,NQ,NQ JUN26,LONG,1,25058.00,24983.00,-1504.36,-1508.72,-301.7,LOSS,STOP_HIT,24917.50,2810.00,2026-05-07 09:30:55
2026-02-24,2026-02-24 10:10:00,2026-02-24 10:10:00,OG,Backtest,AdxDiCrossBracketOG,OG_AdxDiCrossBracketOG,OG,NQ,NQ JUN26,SHORT,1,25048.75,25092.75,-884.36,-888.72,-177.7,LOSS,STOP_HIT,25092.25,870.00,2026-05-07 09:30:55
2026-01-13,2026-01-13 10:10:00,2026-01-13 10:15:00,OG,Backtest,AdxDiCrossBracketOG,OG_AdxDiCrossBracketOG,OG,NQ,NQ JUN26,SHORT,1,26138.00,26121.75,320.64,316.28,63.3,WIN,STOP_HIT,26168.00,600.00,2026-05-07 09:30:55
2026-02-24,2026-02-24 10:15:00,2026-02-24 10:15:00,OG,Backtest,AdxDiCrossBracketOG,OG_AdxDiCrossBracketOG,OG,NQ,NQ JUN26,LONG,1,25109.25,25063.75,-914.36,-918.72,-183.7,LOSS,STOP_HIT,25064.25,900.00,2026-05-07 09:30:55
2026-03-03,2026-03-03 11:40:00,2026-03-03 11:50:00,OG,Backtest,AdxDiCrossBracketOG,OG_AdxDiCrossBracketOG,OG,NQ,NQ JUN26,SHORT,1,24817.25,24864.25,-944.36,-948.72,-189.7,LOSS,STOP_HIT,24882.75,1310.00,2026-05-07 09:30:55
2026-02-24,2026-02-24 10:10:00,2026-02-24 10:15:00,OG,Backtest,AdxDiCrossBracketOG,OG_AdxDiCrossBracketOG,OG,NQ,NQ JUN26,SHORT,1,25048.75,25109.25,-1214.36,-1218.72,-243.7,LOSS,STOP_HIT,25134.75,1720.00,2026-05-07 09:30:55
2026-02-24,2026-02-24 10:10:00,2026-02-24 10:10:00,OG,Backtest,AdxDiCrossBracketOG,OG_AdxDiCrossBracketOG,OG,NQ,NQ JUN26,SHORT,1,25048.75,25092.75,-884.36,-888.72,-177.7,LOSS,STOP_HIT,25092.25,870.00,2026-05-07 09:30:55
2026-01-07,2026-01-07 09:50:00,2026-01-07 09:50:00,OG,Backtest,AdxDiCrossBracketOG,OG_AdxDiCrossBracketOG,OG,NQ,NQ JUN26,LONG,1,26063.75,26079.75,315.64,311.28,62.3,WIN,TARGET_HIT,26047.25,330.00,2026-05-07 09:30:55
2026-01-20,2026-01-20 10:50:00,2026-01-20 10:55:00,OG,Backtest,AdxDiCrossBracketOG,OG_AdxDiCrossBracketOG,OG,NQ,NQ JUN26,LONG,1,25598.00,25559.50,-774.36,-778.72,-155.7,LOSS,STOP_HIT,25550.75,945.00,2026-05-07 09:30:55
2026-01-06,2026-01-06 11:00:00,2026-01-06 11:05:00,OG,Backtest,AdxDiCrossBracketOG,OG_AdxDiCrossBracketOG,OG,NQ,NQ JUN26,SHORT,1,25909.25,25880.75,565.64,561.28,112.3,WIN,TARGET_HIT,25938.25,580.00,2026-05-07 09:30:55
2026-04-07,2026-04-07 11:40:00,2026-04-07 12:00:00,OG,Backtest,AdxDiCrossBracketOG,OG_AdxDiCrossBracketOG,OG,NQ,NQ JUN26,LONG,1,24071.50,24117.50,915.64,911.28,182.3,WIN,TARGET_HIT,24025.00,930.00,2026-05-07 09:30:55
2026-03-20,2026-03-20 11:30:00,2026-03-20 12:30:00,OG,Backtest,AdxDiCrossBracketOG,OG_AdxDiCrossBracketOG,OG,NQ,NQ JUN26,LONG,1,24274.25,24309.75,705.64,701.28,140.3,WIN,STOP_HIT,24165.75,2170.00,2026-05-07 09:30:55
2026-03-25,2026-03-25 11:20:00,2026-03-25 11:20:00,OG,Backtest,AdxDiCrossBracketOG,OG_AdxDiCrossBracketOG,OG,NQ,NQ JUN26,SHORT,1,24386.00,24336.50,985.64,981.28,196.3,WIN,TARGET_HIT,24438.00,1040.00,2026-05-07 09:30:55
2026-03-24,2026-03-24 11:00:00,2026-03-24 12:00:00,OG,Backtest,AdxDiCrossBracketOG,OG_AdxDiCrossBracketOG,OG,NQ,NQ JUN26,LONG,1,24281.50,24320.75,780.64,776.28,155.3,WIN,STOP_HIT,24156.00,2510.00,2026-05-07 09:30:55
2026-03-09,2026-03-09 10:45:00,2026-03-09 11:20:00,OG,Backtest,AdxDiCrossBracketOG,OG_AdxDiCrossBracketOG,OG,NQ,NQ JUN26,LONG,1,24692.00,24832.25,2800.64,2796.28,559.3,WIN,TARGET_HIT,24552.25,2795.00,2026-05-07 09:30:55
2026-03-12,2026-03-12 11:50:00,2026-03-12 11:50:00,OG,Backtest,AdxDiCrossBracketOG,OG_AdxDiCrossBracketOG,OG,NQ,NQ JUN26,LONG,1,24898.00,24844.00,-1084.36,-1088.72,-217.7,LOSS,STOP_HIT,24844.50,1070.00,2026-05-07 09:30:55
2026-04-02,2026-04-02 10:45:00,2026-04-02 10:45:00,OG,Backtest,AdxDiCrossBracketOG,OG_AdxDiCrossBracketOG,OG,NQ,NQ JUN26,LONG,1,24210.25,24134.00,-1529.36,-1533.72,-306.7,LOSS,STOP_HIT,24134.50,1515.00,2026-05-07 09:30:55
2026-03-25,2026-03-25 11:20:00,2026-03-25 11:20:00,OG,Backtest,AdxDiCrossBracketOG,OG_AdxDiCrossBracketOG,OG,NQ,NQ JUN26,SHORT,1,24386.00,24336.50,985.64,981.28,196.3,WIN,TARGET_HIT,24438.00,1040.00,2026-05-07 09:30:55
2026-02-03,2026-02-03 09:50:00,2026-02-03 09:50:00,OG,Backtest,AdxDiCrossBracketOG,OG_AdxDiCrossBracketOG,OG,NQ,NQ JUN26,SHORT,1,25960.75,25998.50,-759.36,-763.72,-152.7,LOSS,STOP_HIT,25998.00,745.00,2026-05-07 09:30:55
2026-01-06,2026-01-06 11:00:00,2026-01-06 11:05:00,OG,Backtest,AdxDiCrossBracketOG,OG_AdxDiCrossBracketOG,OG,NQ,NQ JUN26,SHORT,1,25909.25,25880.75,565.64,561.28,112.3,WIN,TARGET_HIT,25938.25,580.00,2026-05-07 09:30:55
2026-03-19,2026-03-19 11:15:00,2026-03-19 11:25:00,OG,Backtest,AdxDiCrossBracketOG,OG_AdxDiCrossBracketOG,OG,NQ,NQ JUN26,LONG,1,24530.25,24486.25,-884.36,-888.72,-177.7,LOSS,STOP_HIT,24416.25,2280.00,2026-05-07 09:30:55
2026-02-05,2026-02-05 11:40:00,2026-02-05 11:50:00,OG,Backtest,AdxDiCrossBracketOG,OG_AdxDiCrossBracketOG,OG,NQ,NQ JUN26,LONG,1,25025.50,24992.25,-669.36,-673.72,-134.7,LOSS,STOP_HIT,24938.00,1750.00,2026-05-07 09:30:55
2026-03-25,2026-03-25 11:20:00,2026-03-25 11:20:00,OG,Backtest,AdxDiCrossBracketOG,OG_AdxDiCrossBracketOG,OG,NQ,NQ JUN26,SHORT,1,24386.00,24336.50,985.64,981.28,196.3,WIN,TARGET_HIT,24438.00,1040.00,2026-05-07 09:30:55
2026-03-27,2026-03-27 11:40:00,2026-03-27 11:45:00,OG,Backtest,AdxDiCrossBracketOG,OG_AdxDiCrossBracketOG,OG,NQ,NQ JUN26,LONG,1,23597.00,23541.00,-1124.36,-1128.72,-225.7,LOSS,STOP_HIT,23541.50,1110.00,2026-05-07 09:30:55
2026-03-20,2026-03-20 11:30:00,2026-03-20 12:30:00,OG,Backtest,AdxDiCrossBracketOG,OG_AdxDiCrossBracketOG,OG,NQ,NQ JUN26,LONG,1,24274.25,24312.00,750.64,746.28,149.3,WIN,STOP_HIT,24165.75,2170.00,2026-05-07 09:30:55
2026-01-23,2026-01-23 10:10:00,2026-01-23 10:15:00,OG,Backtest,AdxDiCrossBracketOG,OG_AdxDiCrossBracketOG,OG,NQ,NQ JUN26,LONG,1,25921.00,25885.00,-724.36,-728.72,-145.7,LOSS,STOP_HIT,25885.50,710.00,2026-05-07 09:30:55
2026-04-07,2026-04-07 11:40:00,2026-04-07 12:05:00,OG,Backtest,AdxDiCrossBracketOG,OG_AdxDiCrossBracketOG,OG,NQ,NQ JUN26,LONG,1,24071.50,24163.75,1840.64,1836.28,367.3,WIN,TARGET_HIT,23978.75,1855.00,2026-05-07 09:30:55
2026-04-06,2026-04-06 10:55:00,2026-04-06 11:05:00,OG,Backtest,AdxDiCrossBracketOG,OG_AdxDiCrossBracketOG,OG,NQ,NQ JUN26,SHORT,1,24269.25,24306.75,-754.36,-758.72,-151.7,LOSS,STOP_HIT,24372.75,2070.00,2026-05-07 09:30:55
2026-03-25,2026-03-25 11:20:00,2026-03-25 12:25:00,OG,Backtest,AdxDiCrossBracketOG,OG_AdxDiCrossBracketOG,OG,NQ,NQ JUN26,SHORT,1,24386.00,24388.75,-59.36,-63.72,-12.7,LOSS,STOP_HIT,24488.75,2055.00,2026-05-07 09:30:55
2026-01-07,2026-01-07 10:10:00,2026-01-07 10:35:00,OG,Backtest,AdxDiCrossBracketOG,OG_AdxDiCrossBracketOG,OG,NQ,NQ JUN26,SHORT,1,26050.75,26086.25,-714.36,-718.72,-143.7,LOSS,STOP_HIT,26094.00,865.00,2026-05-07 09:30:55
2026-01-09,2026-01-09 10:10:00,2026-01-09 10:10:00,OG,Backtest,AdxDiCrossBracketOG,OG_AdxDiCrossBracketOG,OG,NQ,NQ JUN26,LONG,1,25921.75,25881.75,-804.36,-808.72,-161.7,LOSS,STOP_HIT,25882.25,790.00,2026-05-07 09:30:55
2026-04-02,2026-04-02 10:45:00,2026-04-02 10:45:00,OG,Backtest,AdxDiCrossBracketOG,OG_AdxDiCrossBracketOG,OG,NQ,NQ JUN26,LONG,1,24210.25,24134.00,-1529.36,-1533.72,-306.7,LOSS,STOP_HIT,24134.50,1515.00,2026-05-07 09:30:55
2026-04-02,2026-04-02 10:45:00,2026-04-02 11:55:00,OG,Backtest,AdxDiCrossBracketOG,OG_AdxDiCrossBracketOG,OG,NQ,NQ JUN26,LONG,1,24210.25,24132.25,-1564.36,-1568.72,-313.7,LOSS,STOP_HIT,24059.00,3025.00,2026-05-07 09:30:55
2026-01-09,2026-01-09 09:55:00,2026-01-09 09:55:00,OG,Backtest,AdxDiCrossBracketOG,OG_AdxDiCrossBracketOG,OG,NQ,NQ JUN26,SHORT,1,25913.25,25948.25,-704.36,-708.72,-141.7,LOSS,STOP_HIT,25947.75,690.00,2026-05-07 09:30:55
2026-05-01,2026-05-01 11:10:00,2026-05-01 11:15:00,OG,Backtest,AdxDiCrossBracketOG,OG_AdxDiCrossBracketOG,OG,NQ,NQ JUN26,SHORT,1,27795.25,27837.00,-839.36,-843.72,-168.7,LOSS,STOP_HIT,27836.50,825.00,2026-05-07 09:30:55
2026-01-07,2026-01-07 10:10:00,2026-01-07 10:10:00,OG,Backtest,AdxDiCrossBracketOG,OG_AdxDiCrossBracketOG,OG,NQ,NQ JUN26,SHORT,1,26050.75,26072.75,-444.36,-448.72,-89.7,LOSS,STOP_HIT,26072.25,430.00,2026-05-07 09:30:55
2026-04-21,2026-04-21 11:05:00,2026-04-21 11:05:00,OG,Backtest,AdxDiCrossBracketOG,OG_AdxDiCrossBracketOG,OG,NQ,NQ JUN26,SHORT,1,26737.25,26702.00,700.64,696.28,139.3,WIN,TARGET_HIT,26771.50,685.00,2026-05-07 09:30:55
2026-04-06,2026-04-06 10:55:00,2026-04-06 11:05:00,OG,Backtest,AdxDiCrossBracketOG,OG_AdxDiCrossBracketOG,OG,NQ,NQ JUN26,SHORT,1,24269.25,24306.75,-754.36,-758.72,-151.7,LOSS,STOP_HIT,24372.75,2070.00,2026-05-07 09:30:55
2026-01-07,2026-01-07 09:50:00,2026-01-07 09:50:00,OG,Backtest,AdxDiCrossBracketOG,OG_AdxDiCrossBracketOG,OG,NQ,NQ JUN26,LONG,1,26063.75,26079.75,315.64,311.28,62.3,WIN,TARGET_HIT,26047.25,330.00,2026-05-07 09:30:55
2026-04-06,2026-04-06 11:35:00,2026-04-06 11:50:00,OG,Backtest,AdxDiCrossBracketOG,OG_AdxDiCrossBracketOG,OG,NQ,NQ JUN26,SHORT,1,24280.75,24293.50,-259.36,-263.72,-52.7,LOSS,STOP_HIT,24370.25,1790.00,2026-05-07 09:30:55
2026-03-03,2026-03-03 11:25:00,2026-03-03 11:40:00,OG,Backtest,AdxDiCrossBracketOG,OG_AdxDiCrossBracketOG,OG,NQ,NQ JUN26,LONG,1,24794.50,24817.25,450.64,446.28,89.3,WIN,STOP_HIT,24724.00,1410.00,2026-05-07 09:30:55
2026-04-07,2026-04-07 11:40:00,2026-04-07 12:05:00,OG,Backtest,AdxDiCrossBracketOG,OG_AdxDiCrossBracketOG,OG,NQ,NQ JUN26,LONG,1,24071.50,24163.75,1840.64,1836.28,367.3,WIN,TARGET_HIT,23978.75,1855.00,2026-05-07 09:30:55
2026-04-16,2026-04-16 10:15:00,2026-04-16 10:50:00,OG,Backtest,AdxDiCrossBracketOG,OG_AdxDiCrossBracketOG,OG,NQ,NQ JUN26,LONG,1,26347.25,26415.50,1360.64,1356.28,271.3,WIN,TARGET_HIT,26277.00,1405.00,2026-05-07 09:30:55
2026-05-04,2026-05-04 11:05:00,2026-05-04 11:10:00,OG,Backtest,AdxDiCrossBracketOG,OG_AdxDiCrossBracketOG,OG,NQ,NQ JUN26,SHORT,1,27881.50,27890.00,-174.36,-178.72,-35.7,LOSS,STOP_HIT,27916.50,700.00,2026-05-07 09:30:55
2026-04-21,2026-04-21 11:05:00,2026-04-21 11:10:00,OG,Backtest,AdxDiCrossBracketOG,OG_AdxDiCrossBracketOG,OG,NQ,NQ JUN26,SHORT,1,26737.25,26667.50,1390.64,1386.28,277.3,WIN,TARGET_HIT,26806.00,1375.00,2026-05-07 09:30:55
2026-04-13,2026-04-13 10:00:00,2026-04-13 10:20:00,OG,Backtest,AdxDiCrossBracketOG,OG_AdxDiCrossBracketOG,OG,NQ,NQ JUN26,LONG,1,25271.50,25281.75,200.64,196.28,39.3,WIN,STOP_HIT,25200.75,1415.00,2026-05-07 09:30:55
2026-05-01,2026-05-01 11:10:00,2026-05-01 11:20:00,OG,Backtest,AdxDiCrossBracketOG,OG_AdxDiCrossBracketOG,OG,NQ,NQ JUN26,SHORT,1,27795.25,27837.25,-844.36,-848.72,-169.7,LOSS,STOP_HIT,27877.50,1645.00,2026-05-07 09:30:55
2026-05-04,2026-05-04 11:05:00,2026-05-04 11:10:00,OG,Backtest,AdxDiCrossBracketOG,OG_AdxDiCrossBracketOG,OG,NQ,NQ JUN26,SHORT,1,27881.50,27890.00,-174.36,-178.72,-35.7,LOSS,STOP_HIT,27916.50,700.00,2026-05-07 09:30:55
2026-01-07,2026-01-07 09:50:00,2026-01-07 09:50:00,OG,Backtest,AdxDiCrossBracketOG,OG_AdxDiCrossBracketOG,OG,NQ,NQ JUN26,LONG,1,26063.75,26079.75,315.64,311.28,62.3,WIN,TARGET_HIT,26047.25,330.00,2026-05-07 09:30:55
2026-02-24,2026-02-24 10:15:00,2026-02-24 10:15:00,OG,Backtest,AdxDiCrossBracketOG,OG_AdxDiCrossBracketOG,OG,NQ,NQ JUN26,LONG,1,25109.25,25063.75,-914.36,-918.72,-183.7,LOSS,STOP_HIT,25064.25,900.00,2026-05-07 09:30:55
2026-05-04,2026-05-04 11:05:00,2026-05-04 11:20:00,OG,Backtest,AdxDiCrossBracketOG,OG_AdxDiCrossBracketOG,OG,NQ,NQ JUN26,SHORT,1,27881.50,27813.00,1365.64,1361.28,272.3,WIN,TARGET_HIT,27951.00,1390.00,2026-05-07 09:30:55
2026-05-04,2026-05-04 11:05:00,2026-05-04 11:10:00,OG,Backtest,AdxDiCrossBracketOG,OG_AdxDiCrossBracketOG,OG,NQ,NQ JUN26,SHORT,1,27881.50,27890.00,-174.36,-178.72,-35.7,LOSS,STOP_HIT,27916.50,700.00,2026-05-07 09:30:55
2026-05-01,2026-05-01 11:10:00,2026-05-01 11:20:00,OG,Backtest,AdxDiCrossBracketOG,OG_AdxDiCrossBracketOG,OG,NQ,NQ JUN26,SHORT,1,27795.25,27837.25,-844.36,-848.72,-169.7,LOSS,STOP_HIT,27877.50,1645.00,2026-05-07 09:30:55
2026-01-09,2026-01-09 10:15:00,2026-01-09 10:15:00,OG,Backtest,AdxDiCrossBracketOG,OG_AdxDiCrossBracketOG,OG,NQ,NQ JUN26,SHORT,1,25850.50,25896.25,-919.36,-923.72,-184.7,LOSS,STOP_HIT,25895.75,905.00,2026-05-07 09:30:55
2026-01-09,2026-01-09 09:55:00,2026-01-09 09:55:00,OG,Backtest,AdxDiCrossBracketOG,OG_AdxDiCrossBracketOG,OG,NQ,NQ JUN26,SHORT,1,25913.25,25948.25,-704.36,-708.72,-141.7,LOSS,STOP_HIT,25947.75,690.00,2026-05-07 09:30:55
2026-02-11,2026-02-11 10:20:00,2026-02-11 10:20:00,OG,Backtest,AdxDiCrossBracketOG,OG_AdxDiCrossBracketOG,OG,NQ,NQ JUN26,SHORT,1,25396.00,25345.50,1005.64,1001.28,200.3,WIN,TARGET_HIT,25448.50,1050.00,2026-05-07 09:30:55
2026-02-17,2026-02-17 11:10:00,2026-02-17 11:10:00,OG,Backtest,AdxDiCrossBracketOG,OG_AdxDiCrossBracketOG,OG,NQ,NQ JUN26,LONG,1,24861.25,24927.25,1315.64,1311.28,262.3,WIN,TARGET_HIT,24793.75,1350.00,2026-05-07 09:30:55
2026-01-20,2026-01-20 10:50:00,2026-01-20 10:55:00,OG,Backtest,AdxDiCrossBracketOG,OG_AdxDiCrossBracketOG,OG,NQ,NQ JUN26,LONG,1,25598.00,25559.50,-774.36,-778.72,-155.7,LOSS,STOP_HIT,25503.75,1885.00,2026-05-07 09:30:55
2026-01-09,2026-01-09 10:15:00,2026-01-09 10:15:00,OG,Backtest,AdxDiCrossBracketOG,OG_AdxDiCrossBracketOG,OG,NQ,NQ JUN26,SHORT,1,25850.50,25896.25,-919.36,-923.72,-184.7,LOSS,STOP_HIT,25895.75,905.00,2026-05-07 09:30:55
2026-01-09,2026-01-09 09:45:00,2026-01-09 09:50:00,OG,Backtest,AdxDiCrossBracketOG,OG_AdxDiCrossBracketOG,OG,NQ,NQ JUN26,LONG,1,25965.00,25937.50,-554.36,-558.72,-111.7,LOSS,STOP_HIT,25938.00,540.00,2026-05-07 09:30:55
2026-02-24,2026-02-24 10:10:00,2026-02-24 10:10:00,OG,Backtest,AdxDiCrossBracketOG,OG_AdxDiCrossBracketOG,OG,NQ,NQ JUN26,SHORT,1,25048.75,25092.75,-884.36,-888.72,-177.7,LOSS,STOP_HIT,25092.25,870.00,2026-05-07 09:30:55
2026-01-21,2026-01-21 11:45:00,2026-01-21 11:45:00,OG,Backtest,AdxDiCrossBracketOG,OG_AdxDiCrossBracketOG,OG,NQ,NQ JUN26,SHORT,1,25543.75,25505.75,755.64,751.28,150.3,WIN,TARGET_HIT,25582.25,770.00,2026-05-07 09:30:55
2026-01-23,2026-01-23 10:10:00,2026-01-23 10:40:00,OG,Backtest,AdxDiCrossBracketOG,OG_AdxDiCrossBracketOG,OG,NQ,NQ JUN26,LONG,1,25921.00,25989.75,1370.64,1366.28,273.3,WIN,TARGET_HIT,25850.75,1405.00,2026-05-07 09:30:55
2026-01-23,2026-01-23 10:10:00,2026-01-23 10:15:00,OG,Backtest,AdxDiCrossBracketOG,OG_AdxDiCrossBracketOG,OG,NQ,NQ JUN26,LONG,1,25921.00,25885.00,-724.36,-728.72,-145.7,LOSS,STOP_HIT,25885.50,710.00,2026-05-07 09:30:55
2026-01-12,2026-01-12 11:25:00,2026-01-12 11:30:00,OG,Backtest,AdxDiCrossBracketOG,OG_AdxDiCrossBracketOG,OG,NQ,NQ JUN26,LONG,1,26158.75,26152.25,-134.36,-138.72,-27.7,LOSS,STOP_HIT,26131.75,540.00,2026-05-07 09:30:55
2026-01-28,2026-01-28 10:55:00,2026-01-28 11:10:00,OG,Backtest,AdxDiCrossBracketOG,OG_AdxDiCrossBracketOG,OG,NQ,NQ JUN26,SHORT,1,26395.25,26395.25,-4.36,-8.72,-1.7,LOSS,STOP_HIT,26429.00,675.00,2026-05-07 09:30:55
2026-01-21,2026-01-21 11:45:00,2026-01-21 11:45:00,OG,Backtest,AdxDiCrossBracketOG,OG_AdxDiCrossBracketOG,OG,NQ,NQ JUN26,SHORT,1,25543.75,25505.75,755.64,751.28,150.3,WIN,TARGET_HIT,25582.25,770.00,2026-05-07 09:30:55
2026-03-12,2026-03-12 11:50:00,2026-03-12 11:50:00,OG,Backtest,AdxDiCrossBracketOG,OG_AdxDiCrossBracketOG,OG,NQ,NQ JUN26,LONG,1,24898.00,24844.00,-1084.36,-1088.72,-217.7,LOSS,STOP_HIT,24844.50,1070.00,2026-05-07 09:30:56
2026-04-06,2026-04-06 10:55:00,2026-04-06 11:00:00,OG,Backtest,AdxDiCrossBracketOG,OG_AdxDiCrossBracketOG,OG,NQ,NQ JUN26,SHORT,1,24269.25,24321.50,-1049.36,-1053.72,-210.7,LOSS,STOP_HIT,24321.00,1035.00,2026-05-07 09:30:56
2026-03-17,2026-03-17 11:15:00,2026-03-17 11:20:00,OG,Backtest,AdxDiCrossBracketOG,OG_AdxDiCrossBracketOG,OG,NQ,NQ JUN26,SHORT,1,25020.50,25056.75,-729.36,-733.72,-146.7,LOSS,STOP_HIT,25056.25,715.00,2026-05-07 09:30:56
2026-03-03,2026-03-03 11:40:00,2026-03-03 11:50:00,OG,Backtest,AdxDiCrossBracketOG,OG_AdxDiCrossBracketOG,OG,NQ,NQ JUN26,SHORT,1,24817.25,24864.25,-944.36,-948.72,-189.7,LOSS,STOP_HIT,24882.75,1310.00,2026-05-07 09:30:56
2026-02-05,2026-02-05 11:40:00,2026-02-05 11:50:00,OG,Backtest,AdxDiCrossBracketOG,OG_AdxDiCrossBracketOG,OG,NQ,NQ JUN26,LONG,1,25025.50,24992.25,-669.36,-673.72,-134.7,LOSS,STOP_HIT,24938.00,1750.00,2026-05-07 09:30:56
2026-04-07,2026-04-07 11:40:00,2026-04-07 12:00:00,OG,Backtest,AdxDiCrossBracketOG,OG_AdxDiCrossBracketOG,OG,NQ,NQ JUN26,LONG,1,24071.50,24117.50,915.64,911.28,182.3,WIN,TARGET_HIT,24025.00,930.00,2026-05-07 09:30:56
2026-03-06,2026-03-06 11:10:00,2026-03-06 11:15:00,OG,Backtest,AdxDiCrossBracketOG,OG_AdxDiCrossBracketOG,OG,NQ,NQ JUN26,LONG,1,25101.50,25059.00,-854.36,-858.72,-171.7,LOSS,STOP_HIT,25038.75,1255.00,2026-05-07 09:30:56
2026-03-02,2026-03-02 11:15:00,2026-03-02 11:20:00,OG,Backtest,AdxDiCrossBracketOG,OG_AdxDiCrossBracketOG,OG,NQ,NQ JUN26,LONG,1,25187.00,25180.75,-129.36,-133.72,-26.7,LOSS,STOP_HIT,25072.75,2285.00,2026-05-07 09:30:56
2026-03-20,2026-03-20 11:30:00,2026-03-20 12:05:00,OG,Backtest,AdxDiCrossBracketOG,OG_AdxDiCrossBracketOG,OG,NQ,NQ JUN26,LONG,1,24274.25,24327.75,1065.64,1061.28,212.3,WIN,TARGET_HIT,24219.75,1090.00,2026-05-07 09:30:56
2026-04-13,2026-04-13 10:00:00,2026-04-13 10:00:00,OG,Backtest,AdxDiCrossBracketOG,OG_AdxDiCrossBracketOG,OG,NQ,NQ JUN26,LONG,1,25271.50,25305.75,680.64,676.28,135.3,WIN,TARGET_HIT,25235.75,715.00,2026-05-07 09:30:56
2026-03-24,2026-03-24 11:00:00,2026-03-24 11:00:00,OG,Backtest,AdxDiCrossBracketOG,OG_AdxDiCrossBracketOG,OG,NQ,NQ JUN26,LONG,1,24281.50,24217.75,-1279.36,-1283.72,-256.7,LOSS,STOP_HIT,24218.25,1265.00,2026-05-07 09:30:56
2026-02-13,2026-02-13 10:35:00,2026-02-13 10:50:00,OG,Backtest,AdxDiCrossBracketOG,OG_AdxDiCrossBracketOG,OG,NQ,NQ JUN26,LONG,1,25058.00,24983.00,-1504.36,-1508.72,-301.7,LOSS,STOP_HIT,24917.50,2810.00,2026-05-07 09:30:56
2026-03-17,2026-03-17 11:15:00,2026-03-17 11:20:00,OG,Backtest,AdxDiCrossBracketOG,OG_AdxDiCrossBracketOG,OG,NQ,NQ JUN26,SHORT,1,25020.50,25056.75,-729.36,-733.72,-146.7,LOSS,STOP_HIT,25056.25,715.00,2026-05-07 09:30:56
2026-03-09,2026-03-09 10:45:00,2026-03-09 11:20:00,OG,Backtest,AdxDiCrossBracketOG,OG_AdxDiCrossBracketOG,OG,NQ,NQ JUN26,LONG,1,24692.00,24832.25,2800.64,2796.28,559.3,WIN,TARGET_HIT,24552.25,2795.00,2026-05-07 09:30:56
2026-01-06,2026-01-06 11:00:00,2026-01-06 11:05:00,OG,Backtest,AdxDiCrossBracketOG,OG_AdxDiCrossBracketOG,OG,NQ,NQ JUN26,SHORT,1,25909.25,25880.75,565.64,561.28,112.3,WIN,TARGET_HIT,25938.25,580.00,2026-05-07 09:30:56
2026-02-13,2026-02-13 10:50:00,2026-02-13 11:00:00,OG,Backtest,AdxDiCrossBracketOG,OG_AdxDiCrossBracketOG,OG,NQ,NQ JUN26,SHORT,1,24983.00,25027.00,-884.36,-888.72,-177.7,LOSS,STOP_HIT,25055.00,1440.00,2026-05-07 09:30:56
2026-01-07,2026-01-07 09:50:00,2026-01-07 09:50:00,OG,Backtest,AdxDiCrossBracketOG,OG_AdxDiCrossBracketOG,OG,NQ,NQ JUN26,LONG,1,26063.75,26079.75,315.64,311.28,62.3,WIN,TARGET_HIT,26047.25,330.00,2026-05-07 09:30:56
2026-03-13,2026-03-13 10:50:00,2026-03-13 11:00:00,OG,Backtest,AdxDiCrossBracketOG,OG_AdxDiCrossBracketOG,OG,NQ,NQ JUN26,SHORT,1,24805.00,24706.00,1975.64,1971.28,394.3,WIN,TARGET_HIT,24902.50,1950.00,2026-05-07 09:30:56
2026-01-07,2026-01-07 10:10:00,2026-01-07 10:10:00,OG,Backtest,AdxDiCrossBracketOG,OG_AdxDiCrossBracketOG,OG,NQ,NQ JUN26,SHORT,1,26050.75,26072.75,-444.36,-448.72,-89.7,LOSS,STOP_HIT,26072.25,430.00,2026-05-07 09:30:56
2026-04-07,2026-04-07 11:40:00,2026-04-07 12:00:00,OG,Backtest,AdxDiCrossBracketOG,OG_AdxDiCrossBracketOG,OG,NQ,NQ JUN26,LONG,1,24071.50,24117.50,915.64,911.28,182.3,WIN,TARGET_HIT,24025.00,930.00,2026-05-07 09:30:56
2026-03-03,2026-03-03 11:25:00,2026-03-03 11:40:00,OG,Backtest,AdxDiCrossBracketOG,OG_AdxDiCrossBracketOG,OG,NQ,NQ JUN26,LONG,1,24794.50,24817.25,450.64,446.28,89.3,WIN,STOP_HIT,24724.00,1410.00,2026-05-07 09:30:56
2026-01-20,2026-01-20 10:50:00,2026-01-20 10:55:00,OG,Backtest,AdxDiCrossBracketOG,OG_AdxDiCrossBracketOG,OG,NQ,NQ JUN26,LONG,1,25598.00,25559.50,-774.36,-778.72,-155.7,LOSS,STOP_HIT,25550.75,945.00,2026-05-07 09:30:56
2026-03-06,2026-03-06 11:10:00,2026-03-06 11:15:00,OG,Backtest,AdxDiCrossBracketOG,OG_AdxDiCrossBracketOG,OG,NQ,NQ JUN26,LONG,1,25101.50,25059.00,-854.36,-858.72,-171.7,LOSS,STOP_HIT,24975.75,2515.00,2026-05-07 09:30:56
2026-01-07,2026-01-07 10:10:00,2026-01-07 10:10:00,OG,Backtest,AdxDiCrossBracketOG,OG_AdxDiCrossBracketOG,OG,NQ,NQ JUN26,SHORT,1,26050.75,26072.75,-444.36,-448.72,-89.7,LOSS,STOP_HIT,26072.25,430.00,2026-05-07 09:30:56
2026-04-13,2026-04-13 10:00:00,2026-04-13 10:00:00,OG,Backtest,AdxDiCrossBracketOG,OG_AdxDiCrossBracketOG,OG,NQ,NQ JUN26,LONG,1,25271.50,25305.75,680.64,676.28,135.3,WIN,TARGET_HIT,25235.75,715.00,2026-05-07 09:30:56
2026-03-25,2026-03-25 11:20:00,2026-03-25 11:20:00,OG,Backtest,AdxDiCrossBracketOG,OG_AdxDiCrossBracketOG,OG,NQ,NQ JUN26,SHORT,1,24386.00,24336.50,985.64,981.28,196.3,WIN,TARGET_HIT,24438.00,1040.00,2026-05-07 09:30:56
2026-01-09,2026-01-09 09:55:00,2026-01-09 09:55:00,OG,Backtest,AdxDiCrossBracketOG,OG_AdxDiCrossBracketOG,OG,NQ,NQ JUN26,SHORT,1,25913.25,25948.25,-704.36,-708.72,-141.7,LOSS,STOP_HIT,25947.75,690.00,2026-05-07 09:30:56
2026-01-09,2026-01-09 09:55:00,2026-01-09 09:55:00,OG,Backtest,AdxDiCrossBracketOG,OG_AdxDiCrossBracketOG,OG,NQ,NQ JUN26,SHORT,1,25913.25,25948.25,-704.36,-708.72,-141.7,LOSS,STOP_HIT,25947.75,690.00,2026-05-07 09:30:56
2026-01-09,2026-01-09 10:30:00,2026-01-09 10:55:00,OG,Backtest,AdxDiCrossBracketOG,OG_AdxDiCrossBracketOG,OG,NQ,NQ JUN26,LONG,1,26009.25,25980.75,-574.36,-578.72,-115.7,LOSS,STOP_HIT,25910.75,1970.00,2026-05-07 09:30:56
2026-03-24,2026-03-24 11:00:00,2026-03-24 11:00:00,OG,Backtest,AdxDiCrossBracketOG,OG_AdxDiCrossBracketOG,OG,NQ,NQ JUN26,LONG,1,24281.50,24217.75,-1279.36,-1283.72,-256.7,LOSS,STOP_HIT,24218.25,1265.00,2026-05-07 09:30:56
2026-01-09,2026-01-09 10:15:00,2026-01-09 10:15:00,OG,Backtest,AdxDiCrossBracketOG,OG_AdxDiCrossBracketOG,OG,NQ,NQ JUN26,SHORT,1,25850.50,25896.25,-919.36,-923.72,-184.7,LOSS,STOP_HIT,25895.75,905.00,2026-05-07 09:30:56
2026-01-13,2026-01-13 10:10:00,2026-01-13 10:15:00,OG,Backtest,AdxDiCrossBracketOG,OG_AdxDiCrossBracketOG,OG,NQ,NQ JUN26,SHORT,1,26138.00,26121.75,320.64,316.28,63.3,WIN,STOP_HIT,26168.00,600.00,2026-05-07 09:30:56
2026-04-06,2026-04-06 11:05:00,2026-04-06 11:25:00,OG,Backtest,AdxDiCrossBracketOG,OG_AdxDiCrossBracketOG,OG,NQ,NQ JUN26,LONG,1,24306.75,24292.00,-299.36,-303.72,-60.7,LOSS,STOP_HIT,24255.50,1025.00,2026-05-07 09:30:56
2026-01-20,2026-01-20 10:50:00,2026-01-20 10:55:00,OG,Backtest,AdxDiCrossBracketOG,OG_AdxDiCrossBracketOG,OG,NQ,NQ JUN26,LONG,1,25598.00,25559.50,-774.36,-778.72,-155.7,LOSS,STOP_HIT,25503.75,1885.00,2026-05-07 09:30:56
2026-01-21,2026-01-21 11:45:00,2026-01-21 11:45:00,OG,Backtest,AdxDiCrossBracketOG,OG_AdxDiCrossBracketOG,OG,NQ,NQ JUN26,SHORT,1,25543.75,25505.75,755.64,751.28,150.3,WIN,TARGET_HIT,25582.25,770.00,2026-05-07 09:30:56
2026-02-10,2026-02-10 09:45:00,2026-02-10 09:45:00,OG,Backtest,AdxDiCrossBracketOG,OG_AdxDiCrossBracketOG,OG,NQ,NQ JUN26,SHORT,1,25535.25,25512.25,455.64,451.28,90.3,WIN,TARGET_HIT,25559.75,490.00,2026-05-07 09:30:56
2026-04-07,2026-04-07 11:40:00,2026-04-07 12:05:00,OG,Backtest,AdxDiCrossBracketOG,OG_AdxDiCrossBracketOG,OG,NQ,NQ JUN26,LONG,1,24071.50,24163.75,1840.64,1836.28,367.3,WIN,TARGET_HIT,23978.75,1855.00,2026-05-07 09:30:56
2026-01-16,2026-01-16 11:40:00,2026-01-16 12:05:00,OG,Backtest,AdxDiCrossBracketOG,OG_AdxDiCrossBracketOG,OG,NQ,NQ JUN26,LONG,1,25923.75,25924.75,15.64,11.28,2.3,WIN,STOP_HIT,25854.75,1380.00,2026-05-07 09:30:56
2026-01-20,2026-01-20 11:10:00,2026-01-20 11:15:00,OG,Backtest,AdxDiCrossBracketOG,OG_AdxDiCrossBracketOG,OG,NQ,NQ JUN26,LONG,1,25587.50,25601.00,265.64,261.28,52.3,WIN,STOP_HIT,25494.00,1870.00,2026-05-07 09:30:56
2026-01-20,2026-01-20 11:10:00,2026-01-20 11:15:00,OG,Backtest,AdxDiCrossBracketOG,OG_AdxDiCrossBracketOG,OG,NQ,NQ JUN26,LONG,1,25587.50,25601.00,265.64,261.28,52.3,WIN,STOP_HIT,25494.00,1870.00,2026-05-07 09:30:56
2026-01-23,2026-01-23 10:10:00,2026-01-23 10:15:00,OG,Backtest,AdxDiCrossBracketOG,OG_AdxDiCrossBracketOG,OG,NQ,NQ JUN26,LONG,1,25921.00,25885.00,-724.36,-728.72,-145.7,LOSS,STOP_HIT,25885.50,710.00,2026-05-07 09:30:56
2026-01-23,2026-01-23 10:10:00,2026-01-23 10:15:00,OG,Backtest,AdxDiCrossBracketOG,OG_AdxDiCrossBracketOG,OG,NQ,NQ JUN26,LONG,1,25921.00,25885.00,-724.36,-728.72,-145.7,LOSS,STOP_HIT,25885.50,710.00,2026-05-07 09:30:56
2026-01-06,2026-01-06 11:00:00,2026-01-06 11:05:00,OG,Backtest,AdxDiCrossBracketOG,OG_AdxDiCrossBracketOG,OG,NQ,NQ JUN26,SHORT,1,25909.25,25880.75,565.64,561.28,112.3,WIN,TARGET_HIT,25938.25,580.00,2026-05-07 09:30:56
2026-04-21,2026-04-21 11:05:00,2026-04-21 11:05:00,OG,Backtest,AdxDiCrossBracketOG,OG_AdxDiCrossBracketOG,OG,NQ,NQ JUN26,SHORT,1,26737.25,26702.00,700.64,696.28,139.3,WIN,TARGET_HIT,26771.50,685.00,2026-05-07 09:30:56
2026-01-07,2026-01-07 09:50:00,2026-01-07 09:50:00,OG,Backtest,AdxDiCrossBracketOG,OG_AdxDiCrossBracketOG,OG,NQ,NQ JUN26,LONG,1,26063.75,26079.75,315.64,311.28,62.3,WIN,TARGET_HIT,26047.25,330.00,2026-05-07 09:30:56
2026-02-05,2026-02-05 11:40:00,2026-02-05 11:50:00,OG,Backtest,AdxDiCrossBracketOG,OG_AdxDiCrossBracketOG,OG,NQ,NQ JUN26,LONG,1,25025.50,24992.25,-669.36,-673.72,-134.7,LOSS,STOP_HIT,24938.00,1750.00,2026-05-07 09:30:56
2026-03-06,2026-03-06 11:10:00,2026-03-06 11:15:00,OG,Backtest,AdxDiCrossBracketOG,OG_AdxDiCrossBracketOG,OG,NQ,NQ JUN26,LONG,1,25101.50,25059.00,-854.36,-858.72,-171.7,LOSS,STOP_HIT,25038.75,1255.00,2026-05-07 09:30:56
2026-04-13,2026-04-13 10:00:00,2026-04-13 10:00:00,OG,Backtest,AdxDiCrossBracketOG,OG_AdxDiCrossBracketOG,OG,NQ,NQ JUN26,LONG,1,25271.50,25305.75,680.64,676.28,135.3,WIN,TARGET_HIT,25235.75,715.00,2026-05-07 09:30:56
2026-02-10,2026-02-10 09:45:00,2026-02-10 09:45:00,OG,Backtest,AdxDiCrossBracketOG,OG_AdxDiCrossBracketOG,OG,NQ,NQ JUN26,SHORT,1,25535.25,25512.25,455.64,451.28,90.3,WIN,TARGET_HIT,25559.75,490.00,2026-05-07 09:30:56
2026-02-05,2026-02-05 11:40:00,2026-02-05 11:50:00,OG,Backtest,AdxDiCrossBracketOG,OG_AdxDiCrossBracketOG,OG,NQ,NQ JUN26,LONG,1,25025.50,24992.25,-669.36,-673.72,-134.7,LOSS,STOP_HIT,24938.00,1750.00,2026-05-07 09:30:56
2026-02-05,2026-02-05 11:40:00,2026-02-05 11:50:00,OG,Backtest,AdxDiCrossBracketOG,OG_AdxDiCrossBracketOG,OG,NQ,NQ JUN26,LONG,1,25025.50,24992.25,-669.36,-673.72,-134.7,LOSS,STOP_HIT,24851.75,3475.00,2026-05-07 09:30:56
2026-02-10,2026-02-10 09:45:00,2026-02-10 09:45:00,OG,Backtest,AdxDiCrossBracketOG,OG_AdxDiCrossBracketOG,OG,NQ,NQ JUN26,SHORT,1,25535.25,25512.25,455.64,451.28,90.3,WIN,TARGET_HIT,25559.75,490.00,2026-05-07 09:30:56
2026-02-11,2026-02-11 11:05:00,2026-02-11 11:10:00,OG,Backtest,AdxDiCrossBracketOG,OG_AdxDiCrossBracketOG,OG,NQ,NQ JUN26,LONG,1,25453.50,25418.25,-709.36,-713.72,-142.7,LOSS,STOP_HIT,25393.00,1210.00,2026-05-07 09:30:56
2026-02-11,2026-02-11 11:05:00,2026-02-11 11:10:00,OG,Backtest,AdxDiCrossBracketOG,OG_AdxDiCrossBracketOG,OG,NQ,NQ JUN26,LONG,1,25453.50,25418.25,-709.36,-713.72,-142.7,LOSS,STOP_HIT,25393.00,1210.00,2026-05-07 09:30:56
2026-04-16,2026-04-16 10:15:00,2026-04-16 10:50:00,OG,Backtest,AdxDiCrossBracketOG,OG_AdxDiCrossBracketOG,OG,NQ,NQ JUN26,LONG,1,26347.25,26415.50,1360.64,1356.28,271.3,WIN,TARGET_HIT,26277.00,1405.00,2026-05-07 09:30:56
2026-02-11,2026-02-11 10:20:00,2026-02-11 10:25:00,OG,Backtest,AdxDiCrossBracketOG,OG_AdxDiCrossBracketOG,OG,NQ,NQ JUN26,SHORT,1,25396.00,25293.75,2040.64,2036.28,407.3,WIN,TARGET_HIT,25500.25,2085.00,2026-05-07 09:30:56
2026-01-20,2026-01-20 10:50:00,2026-01-20 10:55:00,OG,Backtest,AdxDiCrossBracketOG,OG_AdxDiCrossBracketOG,OG,NQ,NQ JUN26,LONG,1,25598.00,25559.50,-774.36,-778.72,-155.7,LOSS,STOP_HIT,25550.75,945.00,2026-05-07 09:30:56
2026-02-24,2026-02-24 10:10:00,2026-02-24 10:10:00,OG,Backtest,AdxDiCrossBracketOG,OG_AdxDiCrossBracketOG,OG,NQ,NQ JUN26,SHORT,1,25048.75,25092.75,-884.36,-888.72,-177.7,LOSS,STOP_HIT,25092.25,870.00,2026-05-07 09:30:56
2026-01-09,2026-01-09 09:45:00,2026-01-09 09:50:00,OG,Backtest,AdxDiCrossBracketOG,OG_AdxDiCrossBracketOG,OG,NQ,NQ JUN26,LONG,1,25965.00,25937.50,-554.36,-558.72,-111.7,LOSS,STOP_HIT,25938.00,540.00,2026-05-07 09:30:56
2026-02-24,2026-02-24 10:10:00,2026-02-24 10:10:00,OG,Backtest,AdxDiCrossBracketOG,OG_AdxDiCrossBracketOG,OG,NQ,NQ JUN26,SHORT,1,25048.75,25092.75,-884.36,-888.72,-177.7,LOSS,STOP_HIT,25092.25,870.00,2026-05-07 09:30:56
2026-04-10,2026-04-10 11:45:00,2026-04-10 12:00:00,OG,Backtest,AdxDiCrossBracketOG,OG_AdxDiCrossBracketOG,OG,NQ,NQ JUN26,SHORT,1,25301.50,25279.25,440.64,436.28,87.3,WIN,STOP_HIT,25334.25,655.00,2026-05-07 09:30:56
2026-01-23,2026-01-23 10:10:00,2026-01-23 10:15:00,OG,Backtest,AdxDiCrossBracketOG,OG_AdxDiCrossBracketOG,OG,NQ,NQ JUN26,LONG,1,25921.00,25885.00,-724.36,-728.72,-145.7,LOSS,STOP_HIT,25885.50,710.00,2026-05-07 09:30:56
2026-03-27,2026-03-27 11:40:00,2026-03-27 11:45:00,OG,Backtest,AdxDiCrossBracketOG,OG_AdxDiCrossBracketOG,OG,NQ,NQ JUN26,LONG,1,23597.00,23541.00,-1124.36,-1128.72,-225.7,LOSS,STOP_HIT,23541.50,1110.00,2026-05-07 09:30:56
2026-01-23,2026-01-23 10:10:00,2026-01-23 10:15:00,OG,Backtest,AdxDiCrossBracketOG,OG_AdxDiCrossBracketOG,OG,NQ,NQ JUN26,LONG,1,25921.00,25885.00,-724.36,-728.72,-145.7,LOSS,STOP_HIT,25885.50,710.00,2026-05-07 09:30:56
2026-02-13,2026-02-13 10:35:00,2026-02-13 10:35:00,OG,Backtest,AdxDiCrossBracketOG,OG_AdxDiCrossBracketOG,OG,NQ,NQ JUN26,LONG,1,25058.00,25127.00,1375.64,1371.28,274.3,WIN,TARGET_HIT,24987.50,1410.00,2026-05-07 09:30:56
2026-02-24,2026-02-24 10:10:00,2026-02-24 10:10:00,OG,Backtest,AdxDiCrossBracketOG,OG_AdxDiCrossBracketOG,OG,NQ,NQ JUN26,SHORT,1,25048.75,25092.75,-884.36,-888.72,-177.7,LOSS,STOP_HIT,25092.25,870.00,2026-05-07 09:30:56
2026-03-03,2026-03-03 11:40:00,2026-03-03 11:50:00,OG,Backtest,AdxDiCrossBracketOG,OG_AdxDiCrossBracketOG,OG,NQ,NQ JUN26,SHORT,1,24817.25,24864.25,-944.36,-948.72,-189.7,LOSS,STOP_HIT,24882.75,1310.00,2026-05-07 09:30:56
2026-02-24,2026-02-24 10:10:00,2026-02-24 10:15:00,OG,Backtest,AdxDiCrossBracketOG,OG_AdxDiCrossBracketOG,OG,NQ,NQ JUN26,SHORT,1,25048.75,25109.25,-1214.36,-1218.72,-243.7,LOSS,STOP_HIT,25134.75,1720.00,2026-05-07 09:30:56
2026-03-03,2026-03-03 11:25:00,2026-03-03 11:40:00,OG,Backtest,AdxDiCrossBracketOG,OG_AdxDiCrossBracketOG,OG,NQ,NQ JUN26,LONG,1,24794.50,24817.25,450.64,446.28,89.3,WIN,STOP_HIT,24724.00,1410.00,2026-05-07 09:30:56
2026-03-02,2026-03-02 11:15:00,2026-03-02 11:20:00,OG,Backtest,AdxDiCrossBracketOG,OG_AdxDiCrossBracketOG,OG,NQ,NQ JUN26,LONG,1,25187.00,25180.75,-129.36,-133.72,-26.7,LOSS,STOP_HIT,25072.75,2285.00,2026-05-07 09:30:56
2026-02-10,2026-02-10 09:45:00,2026-02-10 09:45:00,OG,Backtest,AdxDiCrossBracketOG,OG_AdxDiCrossBracketOG,OG,NQ,NQ JUN26,SHORT,1,25535.25,25512.25,455.64,451.28,90.3,WIN,TARGET_HIT,25559.75,490.00,2026-05-07 09:30:56
2026-02-05,2026-02-05 11:40:00,2026-02-05 11:50:00,OG,Backtest,AdxDiCrossBracketOG,OG_AdxDiCrossBracketOG,OG,NQ,NQ JUN26,LONG,1,25025.50,24992.25,-669.36,-673.72,-134.7,LOSS,STOP_HIT,24938.00,1750.00,2026-05-07 09:30:56
2026-03-06,2026-03-06 11:10:00,2026-03-06 11:15:00,OG,Backtest,AdxDiCrossBracketOG,OG_AdxDiCrossBracketOG,OG,NQ,NQ JUN26,LONG,1,25101.50,25059.00,-854.36,-858.72,-171.7,LOSS,STOP_HIT,25038.75,1255.00,2026-05-07 09:30:56
2026-02-24,2026-02-24 10:15:00,2026-02-24 10:15:00,OG,Backtest,AdxDiCrossBracketOG,OG_AdxDiCrossBracketOG,OG,NQ,NQ JUN26,LONG,1,25109.25,25063.75,-914.36,-918.72,-183.7,LOSS,STOP_HIT,25064.25,900.00,2026-05-07 09:30:56
2026-04-13,2026-04-13 10:00:00,2026-04-13 10:00:00,OG,Backtest,AdxDiCrossBracketOG,OG_AdxDiCrossBracketOG,OG,NQ,NQ JUN26,LONG,1,25271.50,25305.75,680.64,676.28,135.3,WIN,TARGET_HIT,25235.75,715.00,2026-05-07 09:30:56
2026-03-09,2026-03-09 10:45:00,2026-03-09 11:20:00,OG,Backtest,AdxDiCrossBracketOG,OG_AdxDiCrossBracketOG,OG,NQ,NQ JUN26,LONG,1,24692.00,24832.25,2800.64,2796.28,559.3,WIN,TARGET_HIT,24552.25,2795.00,2026-05-07 09:30:56
2026-03-03,2026-03-03 11:25:00,2026-03-03 11:40:00,OG,Backtest,AdxDiCrossBracketOG,OG_AdxDiCrossBracketOG,OG,NQ,NQ JUN26,LONG,1,24794.50,24817.25,450.64,446.28,89.3,WIN,STOP_HIT,24724.00,1410.00,2026-05-07 09:30:56
2026-02-11,2026-02-11 11:05:00,2026-02-11 11:10:00,OG,Backtest,AdxDiCrossBracketOG,OG_AdxDiCrossBracketOG,OG,NQ,NQ JUN26,LONG,1,25453.50,25418.25,-709.36,-713.72,-142.7,LOSS,STOP_HIT,25393.00,1210.00,2026-05-07 09:30:56
2026-01-09,2026-01-09 10:10:00,2026-01-09 10:10:00,OG,Backtest,AdxDiCrossBracketOG,OG_AdxDiCrossBracketOG,OG,NQ,NQ JUN26,LONG,1,25921.75,25881.75,-804.36,-808.72,-161.7,LOSS,STOP_HIT,25882.25,790.00,2026-05-07 09:30:56
2026-03-25,2026-03-25 11:20:00,2026-03-25 11:20:00,OG,Backtest,AdxDiCrossBracketOG,OG_AdxDiCrossBracketOG,OG,NQ,NQ JUN26,SHORT,1,24386.00,24336.50,985.64,981.28,196.3,WIN,TARGET_HIT,24438.00,1040.00,2026-05-07 09:30:56
2026-03-09,2026-03-09 10:45:00,2026-03-09 10:50:00,OG,Backtest,AdxDiCrossBracketOG,OG_AdxDiCrossBracketOG,OG,NQ,NQ JUN26,LONG,1,24692.00,24762.25,1400.64,1396.28,279.3,WIN,TARGET_HIT,24622.25,1395.00,2026-05-07 09:30:56
2026-04-02,2026-04-02 10:45:00,2026-04-02 10:45:00,OG,Backtest,AdxDiCrossBracketOG,OG_AdxDiCrossBracketOG,OG,NQ,NQ JUN26,LONG,1,24210.25,24134.00,-1529.36,-1533.72,-306.7,LOSS,STOP_HIT,24134.50,1515.00,2026-05-07 09:30:56
2026-02-24,2026-02-24 09:50:00,2026-02-24 09:50:00,OG,Backtest,AdxDiCrossBracketOG,OG_AdxDiCrossBracketOG,OG,NQ,NQ JUN26,LONG,1,25120.50,25157.50,735.64,731.28,146.3,WIN,TARGET_HIT,25081.50,780.00,2026-05-07 09:30:56
2026-03-19,2026-03-19 11:15:00,2026-03-19 11:25:00,OG,Backtest,AdxDiCrossBracketOG,OG_AdxDiCrossBracketOG,OG,NQ,NQ JUN26,LONG,1,24530.25,24486.25,-884.36,-888.72,-177.7,LOSS,STOP_HIT,24416.25,2280.00,2026-05-07 09:30:56
2026-04-07,2026-04-07 11:40:00,2026-04-07 12:00:00,OG,Backtest,AdxDiCrossBracketOG,OG_AdxDiCrossBracketOG,OG,NQ,NQ JUN26,LONG,1,24071.50,24117.50,915.64,911.28,182.3,WIN,TARGET_HIT,24025.00,930.00,2026-05-07 09:30:56
2026-03-20,2026-03-20 11:30:00,2026-03-20 12:30:00,OG,Backtest,AdxDiCrossBracketOG,OG_AdxDiCrossBracketOG,OG,NQ,NQ JUN26,LONG,1,24274.25,24309.75,705.64,701.28,140.3,WIN,STOP_HIT,24165.75,2170.00,2026-05-07 09:30:56
2026-04-06,2026-04-06 11:05:00,2026-04-06 11:25:00,OG,Backtest,AdxDiCrossBracketOG,OG_AdxDiCrossBracketOG,OG,NQ,NQ JUN26,LONG,1,24306.75,24294.50,-249.36,-253.72,-50.7,LOSS,STOP_HIT,24255.50,1025.00,2026-05-07 09:30:56
2026-02-24,2026-02-24 10:15:00,2026-02-24 10:15:00,OG,Backtest,AdxDiCrossBracketOG,OG_AdxDiCrossBracketOG,OG,NQ,NQ JUN26,LONG,1,25109.25,25063.75,-914.36,-918.72,-183.7,LOSS,STOP_HIT,25064.25,900.00,2026-05-07 09:30:56
2026-01-07,2026-01-07 10:10:00,2026-01-07 10:10:00,OG,Backtest,AdxDiCrossBracketOG,OG_AdxDiCrossBracketOG,OG,NQ,NQ JUN26,SHORT,1,26050.75,26072.75,-444.36,-448.72,-89.7,LOSS,STOP_HIT,26072.25,430.00,2026-05-07 09:30:56
2026-04-16,2026-04-16 10:00:00,2026-04-16 10:00:00,OG,Backtest,AdxDiCrossBracketOG,OG_AdxDiCrossBracketOG,OG,NQ,NQ JUN26,SHORT,1,26282.00,26314.50,-654.36,-658.72,-131.7,LOSS,STOP_HIT,26314.00,640.00,2026-05-07 09:30:56
2026-01-06,2026-01-06 11:00:00,2026-01-06 11:05:00,OG,Backtest,AdxDiCrossBracketOG,OG_AdxDiCrossBracketOG,OG,NQ,NQ JUN26,SHORT,1,25909.25,25880.75,565.64,561.28,112.3,WIN,TARGET_HIT,25938.25,580.00,2026-05-07 09:30:56
2026-05-01,2026-05-01 11:20:00,2026-05-01 11:40:00,OG,Backtest,AdxDiCrossBracketOG,OG_AdxDiCrossBracketOG,OG,NQ,NQ JUN26,LONG,1,27837.25,27877.75,805.64,801.28,160.3,WIN,TARGET_HIT,27796.25,820.00,2026-05-07 09:30:56
2026-04-07,2026-04-07 11:40:00,2026-04-07 12:00:00,OG,Backtest,AdxDiCrossBracketOG,OG_AdxDiCrossBracketOG,OG,NQ,NQ JUN26,LONG,1,24071.50,24117.50,915.64,911.28,182.3,WIN,TARGET_HIT,24025.00,930.00,2026-05-07 09:30:56
2026-04-13,2026-04-13 10:00:00,2026-04-13 10:00:00,OG,Backtest,AdxDiCrossBracketOG,OG_AdxDiCrossBracketOG,OG,NQ,NQ JUN26,LONG,1,25271.50,25305.75,680.64,676.28,135.3,WIN,TARGET_HIT,25235.75,715.00,2026-05-07 09:30:56
2026-01-09,2026-01-09 10:10:00,2026-01-09 10:10:00,OG,Backtest,AdxDiCrossBracketOG,OG_AdxDiCrossBracketOG,OG,NQ,NQ JUN26,LONG,1,25921.75,25881.75,-804.36,-808.72,-161.7,LOSS,STOP_HIT,25882.25,790.00,2026-05-07 09:30:56
2026-01-12,2026-01-12 11:25:00,2026-01-12 11:30:00,OG,Backtest,AdxDiCrossBracketOG,OG_AdxDiCrossBracketOG,OG,NQ,NQ JUN26,LONG,1,26158.75,26152.25,-134.36,-138.72,-27.7,LOSS,STOP_HIT,26131.75,540.00,2026-05-07 09:30:56
2026-04-10,2026-04-10 11:45:00,2026-04-10 12:45:00,OG,Backtest,AdxDiCrossBracketOG,OG_AdxDiCrossBracketOG,OG,NQ,NQ JUN26,SHORT,1,25301.50,25237.75,1270.64,1266.28,253.3,WIN,TARGET_HIT,25366.25,1295.00,2026-05-07 09:30:56
2026-03-19,2026-03-19 11:15:00,2026-03-19 11:25:00,OG,Backtest,AdxDiCrossBracketOG,OG_AdxDiCrossBracketOG,OG,NQ,NQ JUN26,LONG,1,24530.25,24486.25,-884.36,-888.72,-177.7,LOSS,STOP_HIT,24473.00,1145.00,2026-05-07 09:30:56
2026-04-21,2026-04-21 11:05:00,2026-04-21 11:05:00,OG,Backtest,AdxDiCrossBracketOG,OG_AdxDiCrossBracketOG,OG,NQ,NQ JUN26,SHORT,1,26737.25,26702.00,700.64,696.28,139.3,WIN,TARGET_HIT,26771.50,685.00,2026-05-07 09:30:56
2026-01-23,2026-01-23 10:10:00,2026-01-23 10:15:00,OG,Backtest,AdxDiCrossBracketOG,OG_AdxDiCrossBracketOG,OG,NQ,NQ JUN26,LONG,1,25921.00,25885.00,-724.36,-728.72,-145.7,LOSS,STOP_HIT,25885.50,710.00,2026-05-07 09:30:56
2026-03-20,2026-03-20 11:30:00,2026-03-20 12:05:00,OG,Backtest,AdxDiCrossBracketOG,OG_AdxDiCrossBracketOG,OG,NQ,NQ JUN26,LONG,1,24274.25,24327.75,1065.64,1061.28,212.3,WIN,TARGET_HIT,24219.75,1090.00,2026-05-07 09:30:56
2026-01-12,2026-01-12 11:25:00,2026-01-12 11:30:00,OG,Backtest,AdxDiCrossBracketOG,OG_AdxDiCrossBracketOG,OG,NQ,NQ JUN26,LONG,1,26158.75,26152.25,-134.36,-138.72,-27.7,LOSS,STOP_HIT,26131.75,540.00,2026-05-07 09:30:56
2026-01-20,2026-01-20 10:50:00,2026-01-20 10:55:00,OG,Backtest,AdxDiCrossBracketOG,OG_AdxDiCrossBracketOG,OG,NQ,NQ JUN26,LONG,1,25598.00,25559.50,-774.36,-778.72,-155.7,LOSS,STOP_HIT,25550.75,945.00,2026-05-07 09:30:56
2026-05-01,2026-05-01 11:10:00,2026-05-01 11:15:00,OG,Backtest,AdxDiCrossBracketOG,OG_AdxDiCrossBracketOG,OG,NQ,NQ JUN26,SHORT,1,27795.25,27837.00,-839.36,-843.72,-168.7,LOSS,STOP_HIT,27836.50,825.00,2026-05-07 09:30:56
2026-03-03,2026-03-03 11:25:00,2026-03-03 11:40:00,OG,Backtest,AdxDiCrossBracketOG,OG_AdxDiCrossBracketOG,OG,NQ,NQ JUN26,LONG,1,24794.50,24817.25,450.64,446.28,89.3,WIN,STOP_HIT,24724.00,1410.00,2026-05-07 09:30:56
2026-04-21,2026-04-21 11:05:00,2026-04-21 11:05:00,OG,Backtest,AdxDiCrossBracketOG,OG_AdxDiCrossBracketOG,OG,NQ,NQ JUN26,SHORT,1,26737.25,26702.00,700.64,696.28,139.3,WIN,TARGET_HIT,26771.50,685.00,2026-05-07 09:30:56
2026-01-23,2026-01-23 10:10:00,2026-01-23 10:15:00,OG,Backtest,AdxDiCrossBracketOG,OG_AdxDiCrossBracketOG,OG,NQ,NQ JUN26,LONG,1,25921.00,25885.00,-724.36,-728.72,-145.7,LOSS,STOP_HIT,25885.50,710.00,2026-05-07 09:30:56
2026-01-13,2026-01-13 10:10:00,2026-01-13 10:15:00,OG,Backtest,AdxDiCrossBracketOG,OG_AdxDiCrossBracketOG,OG,NQ,NQ JUN26,SHORT,1,26138.00,26121.75,320.64,316.28,63.3,WIN,STOP_HIT,26168.00,600.00,2026-05-07 09:30:56
2026-01-21,2026-01-21 11:45:00,2026-01-21 11:45:00,OG,Backtest,AdxDiCrossBracketOG,OG_AdxDiCrossBracketOG,OG,NQ,NQ JUN26,SHORT,1,25543.75,25505.75,755.64,751.28,150.3,WIN,TARGET_HIT,25582.25,770.00,2026-05-07 09:30:56
2026-03-09,2026-03-09 10:45:00,2026-03-09 10:50:00,OG,Backtest,AdxDiCrossBracketOG,OG_AdxDiCrossBracketOG,OG,NQ,NQ JUN26,LONG,1,24692.00,24762.25,1400.64,1396.28,279.3,WIN,TARGET_HIT,24622.25,1395.00,2026-05-07 09:30:56
2026-05-04,2026-05-04 11:05:00,2026-05-04 11:10:00,OG,Backtest,AdxDiCrossBracketOG,OG_AdxDiCrossBracketOG,OG,NQ,NQ JUN26,SHORT,1,27881.50,27890.00,-174.36,-178.72,-35.7,LOSS,STOP_HIT,27916.50,700.00,2026-05-07 09:30:56
2026-01-23,2026-01-23 10:10:00,2026-01-23 10:15:00,OG,Backtest,AdxDiCrossBracketOG,OG_AdxDiCrossBracketOG,OG,NQ,NQ JUN26,LONG,1,25921.00,25885.00,-724.36,-728.72,-145.7,LOSS,STOP_HIT,25885.50,710.00,2026-05-07 09:30:56
2026-04-06,2026-04-06 10:55:00,2026-04-06 11:00:00,OG,Backtest,AdxDiCrossBracketOG,OG_AdxDiCrossBracketOG,OG,NQ,NQ JUN26,SHORT,1,24269.25,24321.50,-1049.36,-1053.72,-210.7,LOSS,STOP_HIT,24321.00,1035.00,2026-05-07 09:30:56
2026-04-29,2026-04-29 11:15:00,2026-04-29 11:20:00,OG,Backtest,AdxDiCrossBracketOG,OG_AdxDiCrossBracketOG,OG,NQ,NQ JUN26,SHORT,1,27249.50,27231.00,365.64,361.28,72.3,WIN,STOP_HIT,27310.00,1210.00,2026-05-07 09:30:56
2026-01-28,2026-01-28 10:55:00,2026-01-28 11:15:00,OG,Backtest,AdxDiCrossBracketOG,OG_AdxDiCrossBracketOG,OG,NQ,NQ JUN26,SHORT,1,26395.25,26406.25,-224.36,-228.72,-45.7,LOSS,STOP_HIT,26429.00,675.00,2026-05-07 09:30:56
2026-05-04,2026-05-04 11:05:00,2026-05-04 11:20:00,OG,Backtest,AdxDiCrossBracketOG,OG_AdxDiCrossBracketOG,OG,NQ,NQ JUN26,SHORT,1,27881.50,27813.00,1365.64,1361.28,272.3,WIN,TARGET_HIT,27951.00,1390.00,2026-05-07 09:30:56
2026-05-04,2026-05-04 11:05:00,2026-05-04 11:20:00,OG,Backtest,AdxDiCrossBracketOG,OG_AdxDiCrossBracketOG,OG,NQ,NQ JUN26,SHORT,1,27881.50,27813.00,1365.64,1361.28,272.3,WIN,TARGET_HIT,27951.00,1390.00,2026-05-07 09:30:56
2026-03-27,2026-03-27 11:40:00,2026-03-27 11:45:00,OG,Backtest,AdxDiCrossBracketOG,OG_AdxDiCrossBracketOG,OG,NQ,NQ JUN26,LONG,1,23597.00,23541.00,-1124.36,-1128.72,-225.7,LOSS,STOP_HIT,23541.50,1110.00,2026-05-07 09:30:56
2026-02-13,2026-02-13 10:35:00,2026-02-13 10:35:00,OG,Backtest,AdxDiCrossBracketOG,OG_AdxDiCrossBracketOG,OG,NQ,NQ JUN26,LONG,1,25058.00,25127.00,1375.64,1371.28,274.3,WIN,TARGET_HIT,24987.50,1410.00,2026-05-07 09:30:56
2026-02-11,2026-02-11 10:20:00,2026-02-11 10:20:00,OG,Backtest,AdxDiCrossBracketOG,OG_AdxDiCrossBracketOG,OG,NQ,NQ JUN26,SHORT,1,25396.00,25345.50,1005.64,1001.28,200.3,WIN,TARGET_HIT,25448.50,1050.00,2026-05-07 09:30:56
2026-04-16,2026-04-16 10:15:00,2026-04-16 10:15:00,OG,Backtest,AdxDiCrossBracketOG,OG_AdxDiCrossBracketOG,OG,NQ,NQ JUN26,LONG,1,26347.25,26381.00,670.64,666.28,133.3,WIN,TARGET_HIT,26311.50,715.00,2026-05-07 09:30:56
2026-04-06,2026-04-06 11:05:00,2026-04-06 11:25:00,OG,Backtest,AdxDiCrossBracketOG,OG_AdxDiCrossBracketOG,OG,NQ,NQ JUN26,LONG,1,24306.75,24292.00,-299.36,-303.72,-60.7,LOSS,STOP_HIT,24255.50,1025.00,2026-05-07 09:30:56
2026-04-21,2026-04-21 11:05:00,2026-04-21 11:05:00,OG,Backtest,AdxDiCrossBracketOG,OG_AdxDiCrossBracketOG,OG,NQ,NQ JUN26,SHORT,1,26737.25,26702.00,700.64,696.28,139.3,WIN,TARGET_HIT,26771.50,685.00,2026-05-07 09:30:56
2026-01-07,2026-01-07 10:10:00,2026-01-07 10:10:00,OG,Backtest,AdxDiCrossBracketOG,OG_AdxDiCrossBracketOG,OG,NQ,NQ JUN26,SHORT,1,26050.75,26072.75,-444.36,-448.72,-89.7,LOSS,STOP_HIT,26072.25,430.00,2026-05-07 09:30:56
2026-02-11,2026-02-11 11:05:00,2026-02-11 11:10:00,OG,Backtest,AdxDiCrossBracketOG,OG_AdxDiCrossBracketOG,OG,NQ,NQ JUN26,LONG,1,25453.50,25418.25,-709.36,-713.72,-142.7,LOSS,STOP_HIT,25393.00,1210.00,2026-05-07 09:30:56
2026-02-24,2026-02-24 10:10:00,2026-02-24 10:10:00,OG,Backtest,AdxDiCrossBracketOG,OG_AdxDiCrossBracketOG,OG,NQ,NQ JUN26,SHORT,1,25048.75,25092.75,-884.36,-888.72,-177.7,LOSS,STOP_HIT,25092.25,870.00,2026-05-07 09:30:56
2026-04-06,2026-04-06 11:05:00,2026-04-06 11:25:00,OG,Backtest,AdxDiCrossBracketOG,OG_AdxDiCrossBracketOG,OG,NQ,NQ JUN26,LONG,1,24306.75,24292.00,-299.36,-303.72,-60.7,LOSS,STOP_HIT,24255.50,1025.00,2026-05-07 09:30:56
2026-02-24,2026-02-24 10:10:00,2026-02-24 10:10:00,OG,Backtest,AdxDiCrossBracketOG,OG_AdxDiCrossBracketOG,OG,NQ,NQ JUN26,SHORT,1,25048.75,25092.75,-884.36,-888.72,-177.7,LOSS,STOP_HIT,25092.25,870.00,2026-05-07 09:30:56
2026-05-01,2026-05-01 11:20:00,2026-05-01 11:40:00,OG,Backtest,AdxDiCrossBracketOG,OG_AdxDiCrossBracketOG,OG,NQ,NQ JUN26,LONG,1,27837.25,27877.75,805.64,801.28,160.3,WIN,TARGET_HIT,27796.25,820.00,2026-05-07 09:30:56
2026-01-07,2026-01-07 09:50:00,2026-01-07 09:50:00,OG,Backtest,AdxDiCrossBracketOG,OG_AdxDiCrossBracketOG,OG,NQ,NQ JUN26,LONG,1,26063.75,26079.75,315.64,311.28,62.3,WIN,TARGET_HIT,26047.25,330.00,2026-05-07 09:30:56
2026-02-13,2026-02-13 10:50:00,2026-02-13 11:00:00,OG,Backtest,AdxDiCrossBracketOG,OG_AdxDiCrossBracketOG,OG,NQ,NQ JUN26,SHORT,1,24983.00,25027.00,-884.36,-888.72,-177.7,LOSS,STOP_HIT,25055.00,1440.00,2026-05-07 09:30:56
2026-02-24,2026-02-24 10:10:00,2026-02-24 10:10:00,OG,Backtest,AdxDiCrossBracketOG,OG_AdxDiCrossBracketOG,OG,NQ,NQ JUN26,SHORT,1,25048.75,25092.75,-884.36,-888.72,-177.7,LOSS,STOP_HIT,25092.25,870.00,2026-05-07 09:30:56
2026-01-09,2026-01-09 09:45:00,2026-01-09 09:50:00,OG,Backtest,AdxDiCrossBracketOG,OG_AdxDiCrossBracketOG,OG,NQ,NQ JUN26,LONG,1,25965.00,25937.50,-554.36,-558.72,-111.7,LOSS,STOP_HIT,25938.00,540.00,2026-05-07 09:30:56
2026-02-24,2026-02-24 10:15:00,2026-02-24 10:15:00,OG,Backtest,AdxDiCrossBracketOG,OG_AdxDiCrossBracketOG,OG,NQ,NQ JUN26,LONG,1,25109.25,25063.75,-914.36,-918.72,-183.7,LOSS,STOP_HIT,25064.25,900.00,2026-05-07 09:30:56
2026-01-07,2026-01-07 10:10:00,2026-01-07 10:10:00,OG,Backtest,AdxDiCrossBracketOG,OG_AdxDiCrossBracketOG,OG,NQ,NQ JUN26,SHORT,1,26050.75,26072.75,-444.36,-448.72,-89.7,LOSS,STOP_HIT,26072.25,430.00,2026-05-07 09:30:56
2026-03-03,2026-03-03 11:25:00,2026-03-03 11:40:00,OG,Backtest,AdxDiCrossBracketOG,OG_AdxDiCrossBracketOG,OG,NQ,NQ JUN26,LONG,1,24794.50,24817.25,450.64,446.28,89.3,WIN,STOP_HIT,24724.00,1410.00,2026-05-07 09:30:56
2026-03-12,2026-03-12 11:50:00,2026-03-12 11:50:00,OG,Backtest,AdxDiCrossBracketOG,OG_AdxDiCrossBracketOG,OG,NQ,NQ JUN26,LONG,1,24898.00,24844.00,-1084.36,-1088.72,-217.7,LOSS,STOP_HIT,24844.50,1070.00,2026-05-07 09:30:56
2026-03-17,2026-03-17 11:15:00,2026-03-17 11:20:00,OG,Backtest,AdxDiCrossBracketOG,OG_AdxDiCrossBracketOG,OG,NQ,NQ JUN26,SHORT,1,25020.50,25056.75,-729.36,-733.72,-146.7,LOSS,STOP_HIT,25056.25,715.00,2026-05-07 09:30:56
2026-05-01,2026-05-01 11:20:00,2026-05-01 11:40:00,OG,Backtest,AdxDiCrossBracketOG,OG_AdxDiCrossBracketOG,OG,NQ,NQ JUN26,LONG,1,27837.25,27877.75,805.64,801.28,160.3,WIN,TARGET_HIT,27796.25,820.00,2026-05-07 09:30:56
2026-01-28,2026-01-28 10:55:00,2026-01-28 11:15:00,OG,Backtest,AdxDiCrossBracketOG,OG_AdxDiCrossBracketOG,OG,NQ,NQ JUN26,SHORT,1,26395.25,26406.25,-224.36,-228.72,-45.7,LOSS,STOP_HIT,26429.00,675.00,2026-05-07 09:30:56
2026-02-11,2026-02-11 11:05:00,2026-02-11 11:10:00,OG,Backtest,AdxDiCrossBracketOG,OG_AdxDiCrossBracketOG,OG,NQ,NQ JUN26,LONG,1,25453.50,25418.25,-709.36,-713.72,-142.7,LOSS,STOP_HIT,25393.00,1210.00,2026-05-07 09:30:56
2026-04-02,2026-04-02 10:45:00,2026-04-02 10:45:00,OG,Backtest,AdxDiCrossBracketOG,OG_AdxDiCrossBracketOG,OG,NQ,NQ JUN26,LONG,1,24210.25,24134.00,-1529.36,-1533.72,-306.7,LOSS,STOP_HIT,24134.50,1515.00,2026-05-07 09:30:56
2026-01-06,2026-01-06 11:00:00,2026-01-06 11:05:00,OG,Backtest,AdxDiCrossBracketOG,OG_AdxDiCrossBracketOG,OG,NQ,NQ JUN26,SHORT,1,25909.25,25880.75,565.64,561.28,112.3,WIN,TARGET_HIT,25938.25,580.00,2026-05-07 09:30:56
2026-03-27,2026-03-27 11:40:00,2026-03-27 11:45:00,OG,Backtest,AdxDiCrossBracketOG,OG_AdxDiCrossBracketOG,OG,NQ,NQ JUN26,LONG,1,23597.00,23541.00,-1124.36,-1128.72,-225.7,LOSS,STOP_HIT,23541.50,1110.00,2026-05-07 09:30:56
2026-01-09,2026-01-09 10:10:00,2026-01-09 10:10:00,OG,Backtest,AdxDiCrossBracketOG,OG_AdxDiCrossBracketOG,OG,NQ,NQ JUN26,LONG,1,25921.75,25881.75,-804.36,-808.72,-161.7,LOSS,STOP_HIT,25882.25,790.00,2026-05-07 09:30:56
2026-03-17,2026-03-17 11:15:00,2026-03-17 11:20:00,OG,Backtest,AdxDiCrossBracketOG,OG_AdxDiCrossBracketOG,OG,NQ,NQ JUN26,SHORT,1,25020.50,25056.75,-729.36,-733.72,-146.7,LOSS,STOP_HIT,25056.25,715.00,2026-05-07 09:30:56
2026-01-09,2026-01-09 10:15:00,2026-01-09 10:15:00,OG,Backtest,AdxDiCrossBracketOG,OG_AdxDiCrossBracketOG,OG,NQ,NQ JUN26,SHORT,1,25850.50,25896.25,-919.36,-923.72,-184.7,LOSS,STOP_HIT,25895.75,905.00,2026-05-07 09:30:56
2026-01-21,2026-01-21 11:45:00,2026-01-21 11:45:00,OG,Backtest,AdxDiCrossBracketOG,OG_AdxDiCrossBracketOG,OG,NQ,NQ JUN26,SHORT,1,25543.75,25505.75,755.64,751.28,150.3,WIN,TARGET_HIT,25582.25,770.00,2026-05-07 09:30:56
2026-01-13,2026-01-13 10:10:00,2026-01-13 10:15:00,OG,Backtest,AdxDiCrossBracketOG,OG_AdxDiCrossBracketOG,OG,NQ,NQ JUN26,SHORT,1,26138.00,26121.75,320.64,316.28,63.3,WIN,STOP_HIT,26168.00,600.00,2026-05-07 09:30:56
2026-01-23,2026-01-23 10:10:00,2026-01-23 10:15:00,OG,Backtest,AdxDiCrossBracketOG,OG_AdxDiCrossBracketOG,OG,NQ,NQ JUN26,LONG,1,25921.00,25885.00,-724.36,-728.72,-145.7,LOSS,STOP_HIT,25885.50,710.00,2026-05-07 09:30:56
2026-04-10,2026-04-10 11:45:00,2026-04-10 12:00:00,OG,Backtest,AdxDiCrossBracketOG,OG_AdxDiCrossBracketOG,OG,NQ,NQ JUN26,SHORT,1,25301.50,25279.25,440.64,436.28,87.3,WIN,STOP_HIT,25334.25,655.00,2026-05-07 09:30:56
2026-01-28,2026-01-28 10:55:00,2026-01-28 11:10:00,OG,Backtest,AdxDiCrossBracketOG,OG_AdxDiCrossBracketOG,OG,NQ,NQ JUN26,SHORT,1,26395.25,26395.25,-4.36,-8.72,-1.7,LOSS,STOP_HIT,26429.00,675.00,2026-05-07 09:30:56
2026-04-06,2026-04-06 11:05:00,2026-04-06 11:25:00,OG,Backtest,AdxDiCrossBracketOG,OG_AdxDiCrossBracketOG,OG,NQ,NQ JUN26,LONG,1,24306.75,24292.00,-299.36,-303.72,-60.7,LOSS,STOP_HIT,24255.50,1025.00,2026-05-07 09:30:56
2026-01-09,2026-01-09 10:15:00,2026-01-09 10:15:00,OG,Backtest,AdxDiCrossBracketOG,OG_AdxDiCrossBracketOG,OG,NQ,NQ JUN26,SHORT,1,25850.50,25896.25,-919.36,-923.72,-184.7,LOSS,STOP_HIT,25895.75,905.00,2026-05-07 09:30:56
2026-04-06,2026-04-06 11:05:00,2026-04-06 11:25:00,OG,Backtest,AdxDiCrossBracketOG,OG_AdxDiCrossBracketOG,OG,NQ,NQ JUN26,LONG,1,24306.75,24291.50,-309.36,-313.72,-62.7,LOSS,STOP_HIT,24255.50,1025.00,2026-05-07 09:30:56
2026-01-23,2026-01-23 10:10:00,2026-01-23 10:15:00,OG,Backtest,AdxDiCrossBracketOG,OG_AdxDiCrossBracketOG,OG,NQ,NQ JUN26,LONG,1,25921.00,25885.00,-724.36,-728.72,-145.7,LOSS,STOP_HIT,25885.50,710.00,2026-05-07 09:30:56
2026-02-10,2026-02-10 09:45:00,2026-02-10 09:45:00,OG,Backtest,AdxDiCrossBracketOG,OG_AdxDiCrossBracketOG,OG,NQ,NQ JUN26,SHORT,1,25535.25,25512.25,455.64,451.28,90.3,WIN,TARGET_HIT,25559.75,490.00,2026-05-07 09:30:56
2026-04-21,2026-04-21 11:05:00,2026-04-21 11:05:00,OG,Backtest,AdxDiCrossBracketOG,OG_AdxDiCrossBracketOG,OG,NQ,NQ JUN26,SHORT,1,26737.25,26702.00,700.64,696.28,139.3,WIN,TARGET_HIT,26771.50,685.00,2026-05-07 09:30:56
2026-01-28,2026-01-28 10:55:00,2026-01-28 11:15:00,OG,Backtest,AdxDiCrossBracketOG,OG_AdxDiCrossBracketOG,OG,NQ,NQ JUN26,SHORT,1,26395.25,26406.25,-224.36,-228.72,-45.7,LOSS,STOP_HIT,26429.00,675.00,2026-05-07 09:30:56
2026-05-01,2026-05-01 11:10:00,2026-05-01 11:15:00,OG,Backtest,AdxDiCrossBracketOG,OG_AdxDiCrossBracketOG,OG,NQ,NQ JUN26,SHORT,1,27795.25,27837.00,-839.36,-843.72,-168.7,LOSS,STOP_HIT,27836.50,825.00,2026-05-07 09:30:56
2026-02-13,2026-02-13 10:35:00,2026-02-13 10:35:00,OG,Backtest,AdxDiCrossBracketOG,OG_AdxDiCrossBracketOG,OG,NQ,NQ JUN26,LONG,1,25058.00,25127.00,1375.64,1371.28,274.3,WIN,TARGET_HIT,24987.50,1410.00,2026-05-07 09:30:56
2026-01-30,2026-01-30 10:55:00,2026-01-30 10:55:00,OG,Backtest,AdxDiCrossBracketOG,OG_AdxDiCrossBracketOG,OG,NQ,NQ JUN26,LONG,1,26117.25,26059.50,-1159.36,-1163.72,-232.7,LOSS,STOP_HIT,26060.00,1145.00,2026-05-07 09:30:56
2026-04-10,2026-04-10 11:45:00,2026-04-10 12:00:00,OG,Backtest,AdxDiCrossBracketOG,OG_AdxDiCrossBracketOG,OG,NQ,NQ JUN26,SHORT,1,25301.50,25279.25,440.64,436.28,87.3,WIN,STOP_HIT,25334.25,655.00,2026-05-07 09:30:56
2026-05-01,2026-05-01 11:20:00,2026-05-01 11:40:00,OG,Backtest,AdxDiCrossBracketOG,OG_AdxDiCrossBracketOG,OG,NQ,NQ JUN26,LONG,1,27837.25,27877.75,805.64,801.28,160.3,WIN,TARGET_HIT,27796.25,820.00,2026-05-07 09:30:56
2026-02-10,2026-02-10 09:45:00,2026-02-10 09:45:00,OG,Backtest,AdxDiCrossBracketOG,OG_AdxDiCrossBracketOG,OG,NQ,NQ JUN26,SHORT,1,25535.25,25512.25,455.64,451.28,90.3,WIN,TARGET_HIT,25559.75,490.00,2026-05-07 09:30:56
2026-05-04,2026-05-04 11:05:00,2026-05-04 11:10:00,OG,Backtest,AdxDiCrossBracketOG,OG_AdxDiCrossBracketOG,OG,NQ,NQ JUN26,SHORT,1,27881.50,27890.00,-174.36,-178.72,-35.7,LOSS,STOP_HIT,27916.50,700.00,2026-05-07 09:30:56
2026-03-09,2026-03-09 10:45:00,2026-03-09 10:50:00,OG,Backtest,AdxDiCrossBracketOG,OG_AdxDiCrossBracketOG,OG,NQ,NQ JUN26,LONG,1,24692.00,24762.25,1400.64,1396.28,279.3,WIN,TARGET_HIT,24622.25,1395.00,2026-05-07 09:30:56
2026-01-09,2026-01-09 09:45:00,2026-01-09 09:50:00,OG,Backtest,AdxDiCrossBracketOG,OG_AdxDiCrossBracketOG,OG,NQ,NQ JUN26,LONG,1,25965.00,25937.50,-554.36,-558.72,-111.7,LOSS,STOP_HIT,25938.00,540.00,2026-05-07 09:30:56
2026-02-11,2026-02-11 10:20:00,2026-02-11 10:20:00,OG,Backtest,AdxDiCrossBracketOG,OG_AdxDiCrossBracketOG,OG,NQ,NQ JUN26,SHORT,1,25396.00,25345.50,1005.64,1001.28,200.3,WIN,TARGET_HIT,25448.50,1050.00,2026-05-07 09:30:56
2026-01-30,2026-01-30 10:55:00,2026-01-30 10:55:00,OG,Backtest,AdxDiCrossBracketOG,OG_AdxDiCrossBracketOG,OG,NQ,NQ JUN26,LONG,1,26117.25,26059.50,-1159.36,-1163.72,-232.7,LOSS,STOP_HIT,26060.00,1145.00,2026-05-07 09:30:56
2026-02-03,2026-02-03 09:50:00,2026-02-03 09:50:00,OG,Backtest,AdxDiCrossBracketOG,OG_AdxDiCrossBracketOG,OG,NQ,NQ JUN26,SHORT,1,25960.75,25998.50,-759.36,-763.72,-152.7,LOSS,STOP_HIT,25998.00,745.00,2026-05-07 09:30:56
2026-01-07,2026-01-07 09:50:00,2026-01-07 09:50:00,OG,Backtest,AdxDiCrossBracketOG,OG_AdxDiCrossBracketOG,OG,NQ,NQ JUN26,LONG,1,26063.75,26079.75,315.64,311.28,62.3,WIN,TARGET_HIT,26047.25,330.00,2026-05-07 09:30:56
2026-02-17,2026-02-17 11:10:00,2026-02-17 11:10:00,OG,Backtest,AdxDiCrossBracketOG,OG_AdxDiCrossBracketOG,OG,NQ,NQ JUN26,LONG,1,24861.25,24927.25,1315.64,1311.28,262.3,WIN,TARGET_HIT,24793.75,1350.00,2026-05-07 09:30:56
2026-02-13,2026-02-13 10:50:00,2026-02-13 11:00:00,OG,Backtest,AdxDiCrossBracketOG,OG_AdxDiCrossBracketOG,OG,NQ,NQ JUN26,SHORT,1,24983.00,25027.00,-884.36,-888.72,-177.7,LOSS,STOP_HIT,25055.00,1440.00,2026-05-07 09:30:56
2026-02-24,2026-02-24 10:10:00,2026-02-24 10:10:00,OG,Backtest,AdxDiCrossBracketOG,OG_AdxDiCrossBracketOG,OG,NQ,NQ JUN26,SHORT,1,25048.75,25092.75,-884.36,-888.72,-177.7,LOSS,STOP_HIT,25092.25,870.00,2026-05-07 09:30:57
2026-01-21,2026-01-21 11:45:00,2026-01-21 11:45:00,OG,Backtest,AdxDiCrossBracketOG,OG_AdxDiCrossBracketOG,OG,NQ,NQ JUN26,SHORT,1,25543.75,25505.75,755.64,751.28,150.3,WIN,TARGET_HIT,25582.25,770.00,2026-05-07 09:30:57
2026-01-09,2026-01-09 09:45:00,2026-01-09 09:50:00,OG,Backtest,AdxDiCrossBracketOG,OG_AdxDiCrossBracketOG,OG,NQ,NQ JUN26,LONG,1,25965.00,25937.50,-554.36,-558.72,-111.7,LOSS,STOP_HIT,25938.00,540.00,2026-05-07 09:30:57
2026-01-23,2026-01-23 10:10:00,2026-01-23 10:15:00,OG,Backtest,AdxDiCrossBracketOG,OG_AdxDiCrossBracketOG,OG,NQ,NQ JUN26,LONG,1,25921.00,25885.00,-724.36,-728.72,-145.7,LOSS,STOP_HIT,25885.50,710.00,2026-05-07 09:30:57
2026-03-12,2026-03-12 11:50:00,2026-03-12 11:50:00,OG,Backtest,AdxDiCrossBracketOG,OG_AdxDiCrossBracketOG,OG,NQ,NQ JUN26,LONG,1,24898.00,24844.00,-1084.36,-1088.72,-217.7,LOSS,STOP_HIT,24844.50,1070.00,2026-05-07 09:30:57
2026-01-23,2026-01-23 10:10:00,2026-01-23 10:15:00,OG,Backtest,AdxDiCrossBracketOG,OG_AdxDiCrossBracketOG,OG,NQ,NQ JUN26,LONG,1,25921.00,25885.00,-724.36,-728.72,-145.7,LOSS,STOP_HIT,25885.50,710.00,2026-05-07 09:30:57
2026-01-30,2026-01-30 10:55:00,2026-01-30 10:55:00,OG,Backtest,AdxDiCrossBracketOG,OG_AdxDiCrossBracketOG,OG,NQ,NQ JUN26,LONG,1,26117.25,26059.50,-1159.36,-1163.72,-232.7,LOSS,STOP_HIT,26060.00,1145.00,2026-05-07 09:30:57
2026-03-19,2026-03-19 11:15:00,2026-03-19 11:25:00,OG,Backtest,AdxDiCrossBracketOG,OG_AdxDiCrossBracketOG,OG,NQ,NQ JUN26,LONG,1,24530.25,24486.25,-884.36,-888.72,-177.7,LOSS,STOP_HIT,24473.00,1145.00,2026-05-07 09:30:57
2026-03-17,2026-03-17 11:15:00,2026-03-17 11:20:00,OG,Backtest,AdxDiCrossBracketOG,OG_AdxDiCrossBracketOG,OG,NQ,NQ JUN26,SHORT,1,25020.50,25056.75,-729.36,-733.72,-146.7,LOSS,STOP_HIT,25056.25,715.00,2026-05-07 09:30:57
2026-02-17,2026-02-17 11:10:00,2026-02-17 11:10:00,OG,Backtest,AdxDiCrossBracketOG,OG_AdxDiCrossBracketOG,OG,NQ,NQ JUN26,LONG,1,24861.25,24927.25,1315.64,1311.28,262.3,WIN,TARGET_HIT,24793.75,1350.00,2026-05-07 09:30:57
2026-02-24,2026-02-24 10:10:00,2026-02-24 10:10:00,OG,Backtest,AdxDiCrossBracketOG,OG_AdxDiCrossBracketOG,OG,NQ,NQ JUN26,SHORT,1,25048.75,25092.75,-884.36,-888.72,-177.7,LOSS,STOP_HIT,25092.25,870.00,2026-05-07 09:30:57
2026-03-03,2026-03-03 11:40:00,2026-03-03 11:50:00,OG,Backtest,AdxDiCrossBracketOG,OG_AdxDiCrossBracketOG,OG,NQ,NQ JUN26,SHORT,1,24817.25,24864.25,-944.36,-948.72,-189.7,LOSS,STOP_HIT,24882.75,1310.00,2026-05-07 09:30:57
2026-01-13,2026-01-13 10:10:00,2026-01-13 10:15:00,OG,Backtest,AdxDiCrossBracketOG,OG_AdxDiCrossBracketOG,OG,NQ,NQ JUN26,SHORT,1,26138.00,26121.75,320.64,316.28,63.3,WIN,STOP_HIT,26168.00,600.00,2026-05-07 09:30:57
2026-02-11,2026-02-11 10:20:00,2026-02-11 10:20:00,OG,Backtest,AdxDiCrossBracketOG,OG_AdxDiCrossBracketOG,OG,NQ,NQ JUN26,SHORT,1,25396.00,25345.50,1005.64,1001.28,200.3,WIN,TARGET_HIT,25448.50,1050.00,2026-05-07 09:30:57
2026-03-03,2026-03-03 11:25:00,2026-03-03 11:40:00,OG,Backtest,AdxDiCrossBracketOG,OG_AdxDiCrossBracketOG,OG,NQ,NQ JUN26,LONG,1,24794.50,24817.25,450.64,446.28,89.3,WIN,STOP_HIT,24724.00,1410.00,2026-05-07 09:30:57
2026-02-11,2026-02-11 11:05:00,2026-02-11 11:10:00,OG,Backtest,AdxDiCrossBracketOG,OG_AdxDiCrossBracketOG,OG,NQ,NQ JUN26,LONG,1,25453.50,25418.25,-709.36,-713.72,-142.7,LOSS,STOP_HIT,25393.00,1210.00,2026-05-07 09:30:57
2026-04-06,2026-04-06 10:55:00,2026-04-06 11:00:00,OG,Backtest,AdxDiCrossBracketOG,OG_AdxDiCrossBracketOG,OG,NQ,NQ JUN26,SHORT,1,24269.25,24321.50,-1049.36,-1053.72,-210.7,LOSS,STOP_HIT,24321.00,1035.00,2026-05-07 09:30:57
2026-01-07,2026-01-07 10:10:00,2026-01-07 10:10:00,OG,Backtest,AdxDiCrossBracketOG,OG_AdxDiCrossBracketOG,OG,NQ,NQ JUN26,SHORT,1,26050.75,26072.75,-444.36,-448.72,-89.7,LOSS,STOP_HIT,26072.25,430.00,2026-05-07 09:30:57
2026-03-19,2026-03-19 11:15:00,2026-03-19 11:25:00,OG,Backtest,AdxDiCrossBracketOG,OG_AdxDiCrossBracketOG,OG,NQ,NQ JUN26,LONG,1,24530.25,24486.25,-884.36,-888.72,-177.7,LOSS,STOP_HIT,24473.00,1145.00,2026-05-07 09:30:57
2026-02-17,2026-02-17 11:10:00,2026-02-17 11:10:00,OG,Backtest,AdxDiCrossBracketOG,OG_AdxDiCrossBracketOG,OG,NQ,NQ JUN26,LONG,1,24861.25,24927.25,1315.64,1311.28,262.3,WIN,TARGET_HIT,24793.75,1350.00,2026-05-07 09:30:57
2026-01-23,2026-01-23 10:10:00,2026-01-23 10:15:00,OG,Backtest,AdxDiCrossBracketOG,OG_AdxDiCrossBracketOG,OG,NQ,NQ JUN26,LONG,1,25921.00,25885.00,-724.36,-728.72,-145.7,LOSS,STOP_HIT,25885.50,710.00,2026-05-07 09:30:57
2026-03-17,2026-03-17 11:15:00,2026-03-17 11:20:00,OG,Backtest,AdxDiCrossBracketOG,OG_AdxDiCrossBracketOG,OG,NQ,NQ JUN26,SHORT,1,25020.50,25056.75,-729.36,-733.72,-146.7,LOSS,STOP_HIT,25056.25,715.00,2026-05-07 09:30:57
2026-01-09,2026-01-09 09:55:00,2026-01-09 09:55:00,OG,Backtest,AdxDiCrossBracketOG,OG_AdxDiCrossBracketOG,OG,NQ,NQ JUN26,SHORT,1,25913.25,25948.25,-704.36,-708.72,-141.7,LOSS,STOP_HIT,25947.75,690.00,2026-05-07 09:30:57
2026-03-09,2026-03-09 10:45:00,2026-03-09 10:50:00,OG,Backtest,AdxDiCrossBracketOG,OG_AdxDiCrossBracketOG,OG,NQ,NQ JUN26,LONG,1,24692.00,24762.25,1400.64,1396.28,279.3,WIN,TARGET_HIT,24622.25,1395.00,2026-05-07 09:30:57
2026-01-30,2026-01-30 10:55:00,2026-01-30 10:55:00,OG,Backtest,AdxDiCrossBracketOG,OG_AdxDiCrossBracketOG,OG,NQ,NQ JUN26,LONG,1,26117.25,26059.50,-1159.36,-1163.72,-232.7,LOSS,STOP_HIT,26060.00,1145.00,2026-05-07 09:30:57
2026-03-20,2026-03-20 11:30:00,2026-03-20 12:05:00,OG,Backtest,AdxDiCrossBracketOG,OG_AdxDiCrossBracketOG,OG,NQ,NQ JUN26,LONG,1,24274.25,24327.75,1065.64,1061.28,212.3,WIN,TARGET_HIT,24219.75,1090.00,2026-05-07 09:30:57
2026-03-17,2026-03-17 11:15:00,2026-03-17 11:20:00,OG,Backtest,AdxDiCrossBracketOG,OG_AdxDiCrossBracketOG,OG,NQ,NQ JUN26,SHORT,1,25020.50,25056.75,-729.36,-733.72,-146.7,LOSS,STOP_HIT,25056.25,715.00,2026-05-07 09:30:57
2026-03-17,2026-03-17 11:15:00,2026-03-17 11:20:00,OG,Backtest,AdxDiCrossBracketOG,OG_AdxDiCrossBracketOG,OG,NQ,NQ JUN26,SHORT,1,25020.50,25056.75,-729.36,-733.72,-146.7,LOSS,STOP_HIT,25056.25,715.00,2026-05-07 09:30:57
2026-04-02,2026-04-02 10:45:00,2026-04-02 10:45:00,OG,Backtest,AdxDiCrossBracketOG,OG_AdxDiCrossBracketOG,OG,NQ,NQ JUN26,LONG,1,24210.25,24134.00,-1529.36,-1533.72,-306.7,LOSS,STOP_HIT,24134.50,1515.00,2026-05-07 09:30:57
2026-01-09,2026-01-09 10:15:00,2026-01-09 10:15:00,OG,Backtest,AdxDiCrossBracketOG,OG_AdxDiCrossBracketOG,OG,NQ,NQ JUN26,SHORT,1,25850.50,25896.25,-919.36,-923.72,-184.7,LOSS,STOP_HIT,25895.75,905.00,2026-05-07 09:30:57
2026-04-06,2026-04-06 10:55:00,2026-04-06 11:00:00,OG,Backtest,AdxDiCrossBracketOG,OG_AdxDiCrossBracketOG,OG,NQ,NQ JUN26,SHORT,1,24269.25,24321.50,-1049.36,-1053.72,-210.7,LOSS,STOP_HIT,24321.00,1035.00,2026-05-07 09:30:57
2026-05-01,2026-05-01 11:20:00,2026-05-01 11:40:00,OG,Backtest,AdxDiCrossBracketOG,OG_AdxDiCrossBracketOG,OG,NQ,NQ JUN26,LONG,1,27837.25,27877.75,805.64,801.28,160.3,WIN,TARGET_HIT,27796.25,820.00,2026-05-07 09:30:57
2026-04-07,2026-04-07 11:40:00,2026-04-07 12:00:00,OG,Backtest,AdxDiCrossBracketOG,OG_AdxDiCrossBracketOG,OG,NQ,NQ JUN26,LONG,1,24071.50,24117.50,915.64,911.28,182.3,WIN,TARGET_HIT,24025.00,930.00,2026-05-07 09:30:57
2026-04-21,2026-04-21 11:05:00,2026-04-21 11:05:00,OG,Backtest,AdxDiCrossBracketOG,OG_AdxDiCrossBracketOG,OG,NQ,NQ JUN26,SHORT,1,26737.25,26702.00,700.64,696.28,139.3,WIN,TARGET_HIT,26771.50,685.00,2026-05-07 09:30:57
2026-05-04,2026-05-04 11:05:00,2026-05-04 11:10:00,OG,Backtest,AdxDiCrossBracketOG,OG_AdxDiCrossBracketOG,OG,NQ,NQ JUN26,SHORT,1,27881.50,27890.00,-174.36,-178.72,-35.7,LOSS,STOP_HIT,27916.50,700.00,2026-05-07 09:30:57
2026-03-17,2026-03-17 11:15:00,2026-03-17 11:20:00,OG,Backtest,AdxDiCrossBracketOG,OG_AdxDiCrossBracketOG,OG,NQ,NQ JUN26,SHORT,1,25020.50,25056.75,-729.36,-733.72,-146.7,LOSS,STOP_HIT,25056.25,715.00,2026-05-07 09:30:57
2026-05-04,2026-05-04 11:05:00,2026-05-04 11:10:00,OG,Backtest,AdxDiCrossBracketOG,OG_AdxDiCrossBracketOG,OG,NQ,NQ JUN26,SHORT,1,27881.50,27890.00,-174.36,-178.72,-35.7,LOSS,STOP_HIT,27916.50,700.00,2026-05-07 09:30:57
2026-03-25,2026-03-25 11:20:00,2026-03-25 11:20:00,OG,Backtest,AdxDiCrossBracketOG,OG_AdxDiCrossBracketOG,OG,NQ,NQ JUN26,SHORT,1,24386.00,24336.50,985.64,981.28,196.3,WIN,TARGET_HIT,24438.00,1040.00,2026-05-07 09:30:57
2026-03-19,2026-03-19 11:15:00,2026-03-19 11:25:00,OG,Backtest,AdxDiCrossBracketOG,OG_AdxDiCrossBracketOG,OG,NQ,NQ JUN26,LONG,1,24530.25,24486.25,-884.36,-888.72,-177.7,LOSS,STOP_HIT,24473.00,1145.00,2026-05-07 09:30:57
2026-01-23,2026-01-23 10:10:00,2026-01-23 10:15:00,OG,Backtest,AdxDiCrossBracketOG,OG_AdxDiCrossBracketOG,OG,NQ,NQ JUN26,LONG,1,25921.00,25885.00,-724.36,-728.72,-145.7,LOSS,STOP_HIT,25885.50,710.00,2026-05-07 09:30:57
2026-04-16,2026-04-16 10:15:00,2026-04-16 10:15:00,OG,Backtest,AdxDiCrossBracketOG,OG_AdxDiCrossBracketOG,OG,NQ,NQ JUN26,LONG,1,26347.25,26381.00,670.64,666.28,133.3,WIN,TARGET_HIT,26311.50,715.00,2026-05-07 09:30:57
2026-04-16,2026-04-16 10:00:00,2026-04-16 10:00:00,OG,Backtest,AdxDiCrossBracketOG,OG_AdxDiCrossBracketOG,OG,NQ,NQ JUN26,SHORT,1,26282.00,26314.50,-654.36,-658.72,-131.7,LOSS,STOP_HIT,26314.00,640.00,2026-05-07 09:30:57
2026-03-20,2026-03-20 11:30:00,2026-03-20 12:05:00,OG,Backtest,AdxDiCrossBracketOG,OG_AdxDiCrossBracketOG,OG,NQ,NQ JUN26,LONG,1,24274.25,24327.75,1065.64,1061.28,212.3,WIN,TARGET_HIT,24219.75,1090.00,2026-05-07 09:30:57
2026-01-21,2026-01-21 11:45:00,2026-01-21 11:45:00,OG,Backtest,AdxDiCrossBracketOG,OG_AdxDiCrossBracketOG,OG,NQ,NQ JUN26,SHORT,1,25543.75,25505.75,755.64,751.28,150.3,WIN,TARGET_HIT,25582.25,770.00,2026-05-07 09:30:57
2026-04-13,2026-04-13 10:00:00,2026-04-13 10:00:00,OG,Backtest,AdxDiCrossBracketOG,OG_AdxDiCrossBracketOG,OG,NQ,NQ JUN26,LONG,1,25271.50,25305.75,680.64,676.28,135.3,WIN,TARGET_HIT,25235.75,715.00,2026-05-07 09:30:57
2026-04-16,2026-04-16 10:15:00,2026-04-16 10:15:00,OG,Backtest,AdxDiCrossBracketOG,OG_AdxDiCrossBracketOG,OG,NQ,NQ JUN26,LONG,1,26347.25,26381.00,670.64,666.28,133.3,WIN,TARGET_HIT,26311.50,715.00,2026-05-07 09:30:57
2026-02-10,2026-02-10 09:45:00,2026-02-10 09:45:00,OG,Backtest,AdxDiCrossBracketOG,OG_AdxDiCrossBracketOG,OG,NQ,NQ JUN26,SHORT,1,25535.25,25512.25,455.64,451.28,90.3,WIN,TARGET_HIT,25559.75,490.00,2026-05-07 09:30:57
2026-02-03,2026-02-03 09:50:00,2026-02-03 09:50:00,OG,Backtest,AdxDiCrossBracketOG,OG_AdxDiCrossBracketOG,OG,NQ,NQ JUN26,SHORT,1,25960.75,25998.50,-759.36,-763.72,-152.7,LOSS,STOP_HIT,25998.00,745.00,2026-05-07 09:30:57
2026-03-24,2026-03-24 11:00:00,2026-03-24 11:00:00,OG,Backtest,AdxDiCrossBracketOG,OG_AdxDiCrossBracketOG,OG,NQ,NQ JUN26,LONG,1,24281.50,24217.75,-1279.36,-1283.72,-256.7,LOSS,STOP_HIT,24218.25,1265.00,2026-05-07 09:30:57
2026-05-04,2026-05-04 11:05:00,2026-05-04 11:10:00,OG,Backtest,AdxDiCrossBracketOG,OG_AdxDiCrossBracketOG,OG,NQ,NQ JUN26,SHORT,1,27881.50,27890.00,-174.36,-178.72,-35.7,LOSS,STOP_HIT,27916.50,700.00,2026-05-07 09:30:57
2026-05-01,2026-05-01 11:20:00,2026-05-01 11:40:00,OG,Backtest,AdxDiCrossBracketOG,OG_AdxDiCrossBracketOG,OG,NQ,NQ JUN26,LONG,1,27837.25,27877.75,805.64,801.28,160.3,WIN,TARGET_HIT,27796.25,820.00,2026-05-07 09:30:57
2026-04-13,2026-04-13 10:00:00,2026-04-13 10:00:00,OG,Backtest,AdxDiCrossBracketOG,OG_AdxDiCrossBracketOG,OG,NQ,NQ JUN26,LONG,1,25271.50,25305.75,680.64,676.28,135.3,WIN,TARGET_HIT,25235.75,715.00,2026-05-07 09:30:57
2026-04-16,2026-04-16 10:00:00,2026-04-16 10:00:00,OG,Backtest,AdxDiCrossBracketOG,OG_AdxDiCrossBracketOG,OG,NQ,NQ JUN26,SHORT,1,26282.00,26314.50,-654.36,-658.72,-131.7,LOSS,STOP_HIT,26314.00,640.00,2026-05-07 09:30:57
2026-02-17,2026-02-17 11:10:00,2026-02-17 11:10:00,OG,Backtest,AdxDiCrossBracketOG,OG_AdxDiCrossBracketOG,OG,NQ,NQ JUN26,LONG,1,24861.25,24927.25,1315.64,1311.28,262.3,WIN,TARGET_HIT,24793.75,1350.00,2026-05-07 09:30:57
2026-04-10,2026-04-10 11:45:00,2026-04-10 12:00:00,OG,Backtest,AdxDiCrossBracketOG,OG_AdxDiCrossBracketOG,OG,NQ,NQ JUN26,SHORT,1,25301.50,25279.25,440.64,436.28,87.3,WIN,STOP_HIT,25334.25,655.00,2026-05-07 09:30:57
2026-04-02,2026-04-02 10:45:00,2026-04-02 10:45:00,OG,Backtest,AdxDiCrossBracketOG,OG_AdxDiCrossBracketOG,OG,NQ,NQ JUN26,LONG,1,24210.25,24134.00,-1529.36,-1533.72,-306.7,LOSS,STOP_HIT,24134.50,1515.00,2026-05-07 09:30:57
2026-02-11,2026-02-11 11:05:00,2026-02-11 11:10:00,OG,Backtest,AdxDiCrossBracketOG,OG_AdxDiCrossBracketOG,OG,NQ,NQ JUN26,LONG,1,25453.50,25418.25,-709.36,-713.72,-142.7,LOSS,STOP_HIT,25393.00,1210.00,2026-05-07 09:30:57
2026-02-11,2026-02-11 11:05:00,2026-02-11 11:10:00,OG,Backtest,AdxDiCrossBracketOG,OG_AdxDiCrossBracketOG,OG,NQ,NQ JUN26,LONG,1,25453.50,25418.25,-709.36,-713.72,-142.7,LOSS,STOP_HIT,25393.00,1210.00,2026-05-07 09:30:57
2026-04-13,2026-04-13 10:00:00,2026-04-13 10:00:00,OG,Backtest,AdxDiCrossBracketOG,OG_AdxDiCrossBracketOG,OG,NQ,NQ JUN26,LONG,1,25271.50,25305.75,680.64,676.28,135.3,WIN,TARGET_HIT,25235.75,715.00,2026-05-07 09:30:57
2026-02-05,2026-02-05 11:40:00,2026-02-05 11:50:00,OG,Backtest,AdxDiCrossBracketOG,OG_AdxDiCrossBracketOG,OG,NQ,NQ JUN26,LONG,1,25025.50,24992.25,-669.36,-673.72,-134.7,LOSS,STOP_HIT,24938.00,1750.00,2026-05-07 09:30:57
2026-04-16,2026-04-16 10:15:00,2026-04-16 10:15:00,OG,Backtest,AdxDiCrossBracketOG,OG_AdxDiCrossBracketOG,OG,NQ,NQ JUN26,LONG,1,26347.25,26381.00,670.64,666.28,133.3,WIN,TARGET_HIT,26311.50,715.00,2026-05-07 09:30:57
2026-01-06,2026-01-06 11:00:00,2026-01-06 11:05:00,OG,Backtest,AdxDiCrossBracketOG,OG_AdxDiCrossBracketOG,OG,NQ,NQ JUN26,SHORT,1,25909.25,25880.75,565.64,561.28,112.3,WIN,TARGET_HIT,25938.25,580.00,2026-05-07 09:30:57
2026-02-24,2026-02-24 10:10:00,2026-02-24 10:10:00,OG,Backtest,AdxDiCrossBracketOG,OG_AdxDiCrossBracketOG,OG,NQ,NQ JUN26,SHORT,1,25048.75,25092.75,-884.36,-888.72,-177.7,LOSS,STOP_HIT,25092.25,870.00,2026-05-07 09:30:57
2026-04-10,2026-04-10 11:45:00,2026-04-10 12:00:00,OG,Backtest,AdxDiCrossBracketOG,OG_AdxDiCrossBracketOG,OG,NQ,NQ JUN26,SHORT,1,25301.50,25279.25,440.64,436.28,87.3,WIN,STOP_HIT,25334.25,655.00,2026-05-07 09:30:57
2026-05-04,2026-05-04 11:05:00,2026-05-04 11:10:00,OG,Backtest,AdxDiCrossBracketOG,OG_AdxDiCrossBracketOG,OG,NQ,NQ JUN26,SHORT,1,27881.50,27890.00,-174.36,-178.72,-35.7,LOSS,STOP_HIT,27916.50,700.00,2026-05-07 09:30:57
2026-01-07,2026-01-07 10:10:00,2026-01-07 10:10:00,OG,Backtest,AdxDiCrossBracketOG,OG_AdxDiCrossBracketOG,OG,NQ,NQ JUN26,SHORT,1,26050.75,26072.75,-444.36,-448.72,-89.7,LOSS,STOP_HIT,26072.25,430.00,2026-05-07 09:30:57
2026-02-24,2026-02-24 10:10:00,2026-02-24 10:10:00,OG,Backtest,AdxDiCrossBracketOG,OG_AdxDiCrossBracketOG,OG,NQ,NQ JUN26,SHORT,1,25048.75,25092.75,-884.36,-888.72,-177.7,LOSS,STOP_HIT,25092.25,870.00,2026-05-07 09:30:57
2026-01-07,2026-01-07 10:10:00,2026-01-07 10:10:00,OG,Backtest,AdxDiCrossBracketOG,OG_AdxDiCrossBracketOG,OG,NQ,NQ JUN26,SHORT,1,26050.75,26072.75,-444.36,-448.72,-89.7,LOSS,STOP_HIT,26072.25,430.00,2026-05-07 09:30:57
2026-05-04,2026-05-04 11:05:00,2026-05-04 11:10:00,OG,Backtest,AdxDiCrossBracketOG,OG_AdxDiCrossBracketOG,OG,NQ,NQ JUN26,SHORT,1,27881.50,27890.00,-174.36,-178.72,-35.7,LOSS,STOP_HIT,27916.50,700.00,2026-05-07 09:30:57
2026-02-24,2026-02-24 10:15:00,2026-02-24 10:15:00,OG,Backtest,AdxDiCrossBracketOG,OG_AdxDiCrossBracketOG,OG,NQ,NQ JUN26,LONG,1,25109.25,25063.75,-914.36,-918.72,-183.7,LOSS,STOP_HIT,25064.25,900.00,2026-05-07 09:30:57
2026-04-21,2026-04-21 11:05:00,2026-04-21 11:05:00,OG,Backtest,AdxDiCrossBracketOG,OG_AdxDiCrossBracketOG,OG,NQ,NQ JUN26,SHORT,1,26737.25,26702.00,700.64,696.28,139.3,WIN,TARGET_HIT,26771.50,685.00,2026-05-07 09:30:57
2026-03-20,2026-03-20 11:30:00,2026-03-20 12:05:00,OG,Backtest,AdxDiCrossBracketOG,OG_AdxDiCrossBracketOG,OG,NQ,NQ JUN26,LONG,1,24274.25,24327.75,1065.64,1061.28,212.3,WIN,TARGET_HIT,24219.75,1090.00,2026-05-07 09:30:57
2026-02-24,2026-02-24 10:15:00,2026-02-24 10:15:00,OG,Backtest,AdxDiCrossBracketOG,OG_AdxDiCrossBracketOG,OG,NQ,NQ JUN26,LONG,1,25109.25,25063.75,-914.36,-918.72,-183.7,LOSS,STOP_HIT,25064.25,900.00,2026-05-07 09:30:57
2026-03-09,2026-03-09 10:45:00,2026-03-09 10:50:00,OG,Backtest,AdxDiCrossBracketOG,OG_AdxDiCrossBracketOG,OG,NQ,NQ JUN26,LONG,1,24692.00,24762.25,1400.64,1396.28,279.3,WIN,TARGET_HIT,24622.25,1395.00,2026-05-07 09:30:57
2026-05-01,2026-05-01 11:10:00,2026-05-01 11:15:00,OG,Backtest,AdxDiCrossBracketOG,OG_AdxDiCrossBracketOG,OG,NQ,NQ JUN26,SHORT,1,27795.25,27837.00,-839.36,-843.72,-168.7,LOSS,STOP_HIT,27836.50,825.00,2026-05-07 09:30:57
2026-03-09,2026-03-09 10:45:00,2026-03-09 10:50:00,OG,Backtest,AdxDiCrossBracketOG,OG_AdxDiCrossBracketOG,OG,NQ,NQ JUN26,LONG,1,24692.00,24762.25,1400.64,1396.28,279.3,WIN,TARGET_HIT,24622.25,1395.00,2026-05-07 09:30:57
2026-03-03,2026-03-03 11:25:00,2026-03-03 11:35:00,OG,Backtest,AdxDiCrossBracketOG,OG_AdxDiCrossBracketOG,OG,NQ,NQ JUN26,LONG,1,24794.50,24819.00,485.64,481.28,96.3,WIN,STOP_HIT,24724.00,1410.00,2026-05-07 09:30:57
2026-04-13,2026-04-13 10:00:00,2026-04-13 10:00:00,OG,Backtest,AdxDiCrossBracketOG,OG_AdxDiCrossBracketOG,OG,NQ,NQ JUN26,LONG,1,25271.50,25305.75,680.64,676.28,135.3,WIN,TARGET_HIT,25235.75,715.00,2026-05-07 09:30:57
2026-01-13,2026-01-13 10:10:00,2026-01-13 10:15:00,OG,Backtest,AdxDiCrossBracketOG,OG_AdxDiCrossBracketOG,OG,NQ,NQ JUN26,SHORT,1,26138.00,26121.75,320.64,316.28,63.3,WIN,STOP_HIT,26168.00,600.00,2026-05-07 09:30:57
2026-01-07,2026-01-07 10:10:00,2026-01-07 10:10:00,OG,Backtest,AdxDiCrossBracketOG,OG_AdxDiCrossBracketOG,OG,NQ,NQ JUN26,SHORT,1,26050.75,26072.75,-444.36,-448.72,-89.7,LOSS,STOP_HIT,26072.25,430.00,2026-05-07 09:30:57
2026-03-06,2026-03-06 11:10:00,2026-03-06 11:15:00,OG,Backtest,AdxDiCrossBracketOG,OG_AdxDiCrossBracketOG,OG,NQ,NQ JUN26,LONG,1,25101.50,25059.00,-854.36,-858.72,-171.7,LOSS,STOP_HIT,25038.75,1255.00,2026-05-07 09:30:57
2026-03-25,2026-03-25 11:20:00,2026-03-25 11:20:00,OG,Backtest,AdxDiCrossBracketOG,OG_AdxDiCrossBracketOG,OG,NQ,NQ JUN26,SHORT,1,24386.00,24336.50,985.64,981.28,196.3,WIN,TARGET_HIT,24438.00,1040.00,2026-05-07 09:30:57
2026-03-25,2026-03-25 11:20:00,2026-03-25 11:20:00,OG,Backtest,AdxDiCrossBracketOG,OG_AdxDiCrossBracketOG,OG,NQ,NQ JUN26,SHORT,1,24386.00,24336.50,985.64,981.28,196.3,WIN,TARGET_HIT,24438.00,1040.00,2026-05-07 09:30:57
2026-02-03,2026-02-03 09:50:00,2026-02-03 09:50:00,OG,Backtest,AdxDiCrossBracketOG,OG_AdxDiCrossBracketOG,OG,NQ,NQ JUN26,SHORT,1,25960.75,25998.50,-759.36,-763.72,-152.7,LOSS,STOP_HIT,25998.00,745.00,2026-05-07 09:30:57
2026-01-23,2026-01-23 10:10:00,2026-01-23 10:15:00,OG,Backtest,AdxDiCrossBracketOG,OG_AdxDiCrossBracketOG,OG,NQ,NQ JUN26,LONG,1,25921.00,25885.00,-724.36,-728.72,-145.7,LOSS,STOP_HIT,25885.50,710.00,2026-05-07 09:30:57
2026-01-07,2026-01-07 10:10:00,2026-01-07 10:10:00,OG,Backtest,AdxDiCrossBracketOG,OG_AdxDiCrossBracketOG,OG,NQ,NQ JUN26,SHORT,1,26050.75,26072.75,-444.36,-448.72,-89.7,LOSS,STOP_HIT,26072.25,430.00,2026-05-07 09:30:57
2026-02-24,2026-02-24 10:15:00,2026-02-24 10:15:00,OG,Backtest,AdxDiCrossBracketOG,OG_AdxDiCrossBracketOG,OG,NQ,NQ JUN26,LONG,1,25109.25,25063.75,-914.36,-918.72,-183.7,LOSS,STOP_HIT,25064.25,900.00,2026-05-07 09:30:57
2026-04-06,2026-04-06 10:55:00,2026-04-06 11:00:00,OG,Backtest,AdxDiCrossBracketOG,OG_AdxDiCrossBracketOG,OG,NQ,NQ JUN26,SHORT,1,24269.25,24321.50,-1049.36,-1053.72,-210.7,LOSS,STOP_HIT,24321.00,1035.00,2026-05-07 09:30:57
2026-01-28,2026-01-28 10:55:00,2026-01-28 11:15:00,OG,Backtest,AdxDiCrossBracketOG,OG_AdxDiCrossBracketOG,OG,NQ,NQ JUN26,SHORT,1,26395.25,26406.25,-224.36,-228.72,-45.7,LOSS,STOP_HIT,26429.00,675.00,2026-05-07 09:30:57
2026-02-03,2026-02-03 09:50:00,2026-02-03 09:50:00,OG,Backtest,AdxDiCrossBracketOG,OG_AdxDiCrossBracketOG,OG,NQ,NQ JUN26,SHORT,1,25960.75,25998.50,-759.36,-763.72,-152.7,LOSS,STOP_HIT,25998.00,745.00,2026-05-07 09:30:57
2026-01-21,2026-01-21 11:45:00,2026-01-21 11:45:00,OG,Backtest,AdxDiCrossBracketOG,OG_AdxDiCrossBracketOG,OG,NQ,NQ JUN26,SHORT,1,25543.75,25505.75,755.64,751.28,150.3,WIN,TARGET_HIT,25582.25,770.00,2026-05-07 09:30:57
2026-01-09,2026-01-09 10:10:00,2026-01-09 10:10:00,OG,Backtest,AdxDiCrossBracketOG,OG_AdxDiCrossBracketOG,OG,NQ,NQ JUN26,LONG,1,25921.75,25881.75,-804.36,-808.72,-161.7,LOSS,STOP_HIT,25882.25,790.00,2026-05-07 09:30:57
2026-01-13,2026-01-13 10:10:00,2026-01-13 10:15:00,OG,Backtest,AdxDiCrossBracketOG,OG_AdxDiCrossBracketOG,OG,NQ,NQ JUN26,SHORT,1,26138.00,26121.75,320.64,316.28,63.3,WIN,STOP_HIT,26168.00,600.00,2026-05-07 09:30:57
2026-02-11,2026-02-11 10:20:00,2026-02-11 10:20:00,OG,Backtest,AdxDiCrossBracketOG,OG_AdxDiCrossBracketOG,OG,NQ,NQ JUN26,SHORT,1,25396.00,25345.50,1005.64,1001.28,200.3,WIN,TARGET_HIT,25448.50,1050.00,2026-05-07 09:30:57
2026-01-09,2026-01-09 10:15:00,2026-01-09 10:15:00,OG,Backtest,AdxDiCrossBracketOG,OG_AdxDiCrossBracketOG,OG,NQ,NQ JUN26,SHORT,1,25850.50,25896.25,-919.36,-923.72,-184.7,LOSS,STOP_HIT,25895.75,905.00,2026-05-07 09:30:57
2026-03-17,2026-03-17 11:15:00,2026-03-17 11:20:00,OG,Backtest,AdxDiCrossBracketOG,OG_AdxDiCrossBracketOG,OG,NQ,NQ JUN26,SHORT,1,25020.50,25056.75,-729.36,-733.72,-146.7,LOSS,STOP_HIT,25056.25,715.00,2026-05-07 09:30:57
2026-01-09,2026-01-09 09:55:00,2026-01-09 09:55:00,OG,Backtest,AdxDiCrossBracketOG,OG_AdxDiCrossBracketOG,OG,NQ,NQ JUN26,SHORT,1,25913.25,25948.25,-704.36,-708.72,-141.7,LOSS,STOP_HIT,25947.75,690.00,2026-05-07 09:30:57
2026-04-16,2026-04-16 10:15:00,2026-04-16 10:15:00,OG,Backtest,AdxDiCrossBracketOG,OG_AdxDiCrossBracketOG,OG,NQ,NQ JUN26,LONG,1,26347.25,26381.00,670.64,666.28,133.3,WIN,TARGET_HIT,26311.50,715.00,2026-05-07 09:30:57
2026-02-13,2026-02-13 10:35:00,2026-02-13 10:35:00,OG,Backtest,AdxDiCrossBracketOG,OG_AdxDiCrossBracketOG,OG,NQ,NQ JUN26,LONG,1,25058.00,25127.00,1375.64,1371.28,274.3,WIN,TARGET_HIT,24987.50,1410.00,2026-05-07 09:30:57
2026-01-09,2026-01-09 10:10:00,2026-01-09 10:10:00,OG,Backtest,AdxDiCrossBracketOG,OG_AdxDiCrossBracketOG,OG,NQ,NQ JUN26,LONG,1,25921.75,25881.75,-804.36,-808.72,-161.7,LOSS,STOP_HIT,25882.25,790.00,2026-05-07 09:30:57
2026-02-10,2026-02-10 09:45:00,2026-02-10 09:45:00,OG,Backtest,AdxDiCrossBracketOG,OG_AdxDiCrossBracketOG,OG,NQ,NQ JUN26,SHORT,1,25535.25,25512.25,455.64,451.28,90.3,WIN,TARGET_HIT,25559.75,490.00,2026-05-07 09:30:57
2026-04-06,2026-04-06 11:05:00,2026-04-06 11:25:00,OG,Backtest,AdxDiCrossBracketOG,OG_AdxDiCrossBracketOG,OG,NQ,NQ JUN26,LONG,1,24306.75,24294.50,-249.36,-253.72,-50.7,LOSS,STOP_HIT,24255.50,1025.00,2026-05-07 09:30:57
2026-03-24,2026-03-24 11:00:00,2026-03-24 11:00:00,OG,Backtest,AdxDiCrossBracketOG,OG_AdxDiCrossBracketOG,OG,NQ,NQ JUN26,LONG,1,24281.50,24217.75,-1279.36,-1283.72,-256.7,LOSS,STOP_HIT,24218.25,1265.00,2026-05-07 09:30:57
2026-01-12,2026-01-12 11:25:00,2026-01-12 11:30:00,OG,Backtest,AdxDiCrossBracketOG,OG_AdxDiCrossBracketOG,OG,NQ,NQ JUN26,LONG,1,26158.75,26152.25,-134.36,-138.72,-27.7,LOSS,STOP_HIT,26131.75,540.00,2026-05-07 09:30:57
2026-02-17,2026-02-17 11:10:00,2026-02-17 11:10:00,OG,Backtest,AdxDiCrossBracketOG,OG_AdxDiCrossBracketOG,OG,NQ,NQ JUN26,LONG,1,24861.25,24927.25,1315.64,1311.28,262.3,WIN,TARGET_HIT,24793.75,1350.00,2026-05-07 09:30:57
2026-04-21,2026-04-21 11:05:00,2026-04-21 11:05:00,OG,Backtest,AdxDiCrossBracketOG,OG_AdxDiCrossBracketOG,OG,NQ,NQ JUN26,SHORT,1,26737.25,26702.00,700.64,696.28,139.3,WIN,TARGET_HIT,26771.50,685.00,2026-05-07 09:30:57
2026-01-12,2026-01-12 11:25:00,2026-01-12 11:30:00,OG,Backtest,AdxDiCrossBracketOG,OG_AdxDiCrossBracketOG,OG,NQ,NQ JUN26,LONG,1,26158.75,26152.25,-134.36,-138.72,-27.7,LOSS,STOP_HIT,26131.75,540.00,2026-05-07 09:30:57
2026-01-20,2026-01-20 10:50:00,2026-01-20 10:55:00,OG,Backtest,AdxDiCrossBracketOG,OG_AdxDiCrossBracketOG,OG,NQ,NQ JUN26,LONG,1,25598.00,25559.50,-774.36,-778.72,-155.7,LOSS,STOP_HIT,25550.75,945.00,2026-05-07 09:30:57
2026-04-16,2026-04-16 10:00:00,2026-04-16 10:00:00,OG,Backtest,AdxDiCrossBracketOG,OG_AdxDiCrossBracketOG,OG,NQ,NQ JUN26,SHORT,1,26282.00,26314.50,-654.36,-658.72,-131.7,LOSS,STOP_HIT,26314.00,640.00,2026-05-07 09:30:57
2026-02-24,2026-02-24 10:15:00,2026-02-24 10:15:00,OG,Backtest,AdxDiCrossBracketOG,OG_AdxDiCrossBracketOG,OG,NQ,NQ JUN26,LONG,1,25109.25,25063.75,-914.36,-918.72,-183.7,LOSS,STOP_HIT,25064.25,900.00,2026-05-07 09:30:57
2026-02-17,2026-02-17 11:10:00,2026-02-17 11:10:00,OG,Backtest,AdxDiCrossBracketOG,OG_AdxDiCrossBracketOG,OG,NQ,NQ JUN26,LONG,1,24861.25,24927.25,1315.64,1311.28,262.3,WIN,TARGET_HIT,24793.75,1350.00,2026-05-07 09:30:57
2026-05-01,2026-05-01 11:20:00,2026-05-01 11:40:00,OG,Backtest,AdxDiCrossBracketOG,OG_AdxDiCrossBracketOG,OG,NQ,NQ JUN26,LONG,1,27837.25,27877.75,805.64,801.28,160.3,WIN,TARGET_HIT,27796.25,820.00,2026-05-07 09:30:57
2026-03-03,2026-03-03 11:25:00,2026-03-03 11:40:00,OG,Backtest,AdxDiCrossBracketOG,OG_AdxDiCrossBracketOG,OG,NQ,NQ JUN26,LONG,1,24794.50,24817.25,450.64,446.28,89.3,WIN,STOP_HIT,24724.00,1410.00,2026-05-07 09:30:57
2026-05-01,2026-05-01 11:20:00,2026-05-01 11:40:00,OG,Backtest,AdxDiCrossBracketOG,OG_AdxDiCrossBracketOG,OG,NQ,NQ JUN26,LONG,1,27837.25,27877.75,805.64,801.28,160.3,WIN,TARGET_HIT,27796.25,820.00,2026-05-07 09:30:57
2026-02-11,2026-02-11 11:05:00,2026-02-11 11:10:00,OG,Backtest,AdxDiCrossBracketOG,OG_AdxDiCrossBracketOG,OG,NQ,NQ JUN26,LONG,1,25453.50,25418.25,-709.36,-713.72,-142.7,LOSS,STOP_HIT,25393.00,1210.00,2026-05-07 09:30:57
2026-02-17,2026-02-17 11:10:00,2026-02-17 11:10:00,OG,Backtest,AdxDiCrossBracketOG,OG_AdxDiCrossBracketOG,OG,NQ,NQ JUN26,LONG,1,24861.25,24927.25,1315.64,1311.28,262.3,WIN,TARGET_HIT,24793.75,1350.00,2026-05-07 09:30:57
2026-02-10,2026-02-10 09:45:00,2026-02-10 09:45:00,OG,Backtest,AdxDiCrossBracketOG,OG_AdxDiCrossBracketOG,OG,NQ,NQ JUN26,SHORT,1,25535.25,25512.25,455.64,451.28,90.3,WIN,TARGET_HIT,25559.75,490.00,2026-05-07 09:30:57
2026-01-07,2026-01-07 09:50:00,2026-01-07 09:50:00,OG,Backtest,AdxDiCrossBracketOG,OG_AdxDiCrossBracketOG,OG,NQ,NQ JUN26,LONG,1,26063.75,26079.75,315.64,311.28,62.3,WIN,TARGET_HIT,26047.25,330.00,2026-05-07 09:30:57
2026-03-03,2026-03-03 11:25:00,2026-03-03 11:40:00,OG,Backtest,AdxDiCrossBracketOG,OG_AdxDiCrossBracketOG,OG,NQ,NQ JUN26,LONG,1,24794.50,24817.25,450.64,446.28,89.3,WIN,STOP_HIT,24724.00,1410.00,2026-05-07 09:30:57
2026-02-03,2026-02-03 09:50:00,2026-02-03 09:50:00,OG,Backtest,AdxDiCrossBracketOG,OG_AdxDiCrossBracketOG,OG,NQ,NQ JUN26,SHORT,1,25960.75,25998.50,-759.36,-763.72,-152.7,LOSS,STOP_HIT,25998.00,745.00,2026-05-07 09:30:57
2026-05-01,2026-05-01 11:20:00,2026-05-01 11:40:00,OG,Backtest,AdxDiCrossBracketOG,OG_AdxDiCrossBracketOG,OG,NQ,NQ JUN26,LONG,1,27837.25,27877.75,805.64,801.28,160.3,WIN,TARGET_HIT,27796.25,820.00,2026-05-07 09:30:57
2026-01-09,2026-01-09 09:45:00,2026-01-09 09:50:00,OG,Backtest,AdxDiCrossBracketOG,OG_AdxDiCrossBracketOG,OG,NQ,NQ JUN26,LONG,1,25965.00,25937.50,-554.36,-558.72,-111.7,LOSS,STOP_HIT,25938.00,540.00,2026-05-07 09:30:57
2026-02-13,2026-02-13 10:35:00,2026-02-13 10:35:00,OG,Backtest,AdxDiCrossBracketOG,OG_AdxDiCrossBracketOG,OG,NQ,NQ JUN26,LONG,1,25058.00,25127.00,1375.64,1371.28,274.3,WIN,TARGET_HIT,24987.50,1410.00,2026-05-07 09:30:57
2026-02-05,2026-02-05 11:40:00,2026-02-05 11:50:00,OG,Backtest,AdxDiCrossBracketOG,OG_AdxDiCrossBracketOG,OG,NQ,NQ JUN26,LONG,1,25025.50,24992.25,-669.36,-673.72,-134.7,LOSS,STOP_HIT,24938.00,1750.00,2026-05-07 09:30:57
2026-04-16,2026-04-16 10:15:00,2026-04-16 10:15:00,OG,Backtest,AdxDiCrossBracketOG,OG_AdxDiCrossBracketOG,OG,NQ,NQ JUN26,LONG,1,26347.25,26381.00,670.64,666.28,133.3,WIN,TARGET_HIT,26311.50,715.00,2026-05-07 09:30:57
2026-04-06,2026-04-06 11:05:00,2026-04-06 11:30:00,OG,Backtest,AdxDiCrossBracketOG,OG_AdxDiCrossBracketOG,OG,NQ,NQ JUN26,LONG,1,24306.75,24279.50,-549.36,-553.72,-110.7,LOSS,STOP_HIT,24255.50,1025.00,2026-05-07 09:30:57
2026-03-25,2026-03-25 11:20:00,2026-03-25 11:20:00,OG,Backtest,AdxDiCrossBracketOG,OG_AdxDiCrossBracketOG,OG,NQ,NQ JUN26,SHORT,1,24386.00,24336.50,985.64,981.28,196.3,WIN,TARGET_HIT,24438.00,1040.00,2026-05-07 09:30:57
2026-02-17,2026-02-17 11:10:00,2026-02-17 11:10:00,OG,Backtest,AdxDiCrossBracketOG,OG_AdxDiCrossBracketOG,OG,NQ,NQ JUN26,LONG,1,24861.25,24927.25,1315.64,1311.28,262.3,WIN,TARGET_HIT,24793.75,1350.00,2026-05-07 09:30:57
2026-02-13,2026-02-13 10:35:00,2026-02-13 10:35:00,OG,Backtest,AdxDiCrossBracketOG,OG_AdxDiCrossBracketOG,OG,NQ,NQ JUN26,LONG,1,25058.00,25127.00,1375.64,1371.28,274.3,WIN,TARGET_HIT,24987.50,1410.00,2026-05-07 09:30:57
2026-02-13,2026-02-13 10:35:00,2026-02-13 10:35:00,OG,Backtest,AdxDiCrossBracketOG,OG_AdxDiCrossBracketOG,OG,NQ,NQ JUN26,LONG,1,25058.00,25127.00,1375.64,1371.28,274.3,WIN,TARGET_HIT,24987.50,1410.00,2026-05-07 09:30:57
2026-03-19,2026-03-19 11:15:00,2026-03-19 11:25:00,OG,Backtest,AdxDiCrossBracketOG,OG_AdxDiCrossBracketOG,OG,NQ,NQ JUN26,LONG,1,24530.25,24486.25,-884.36,-888.72,-177.7,LOSS,STOP_HIT,24473.00,1145.00,2026-05-07 09:30:57
2026-02-11,2026-02-11 10:20:00,2026-02-11 10:20:00,OG,Backtest,AdxDiCrossBracketOG,OG_AdxDiCrossBracketOG,OG,NQ,NQ JUN26,SHORT,1,25396.00,25345.50,1005.64,1001.28,200.3,WIN,TARGET_HIT,25448.50,1050.00,2026-05-07 09:30:57
2026-04-16,2026-04-16 10:00:00,2026-04-16 10:00:00,OG,Backtest,AdxDiCrossBracketOG,OG_AdxDiCrossBracketOG,OG,NQ,NQ JUN26,SHORT,1,26282.00,26314.50,-654.36,-658.72,-131.7,LOSS,STOP_HIT,26314.00,640.00,2026-05-07 09:30:57
2026-03-03,2026-03-03 11:40:00,2026-03-03 11:50:00,OG,Backtest,AdxDiCrossBracketOG,OG_AdxDiCrossBracketOG,OG,NQ,NQ JUN26,SHORT,1,24817.25,24864.25,-944.36,-948.72,-189.7,LOSS,STOP_HIT,24882.75,1310.00,2026-05-07 09:30:57
2026-02-24,2026-02-24 10:10:00,2026-02-24 10:10:00,OG,Backtest,AdxDiCrossBracketOG,OG_AdxDiCrossBracketOG,OG,NQ,NQ JUN26,SHORT,1,25048.75,25092.75,-884.36,-888.72,-177.7,LOSS,STOP_HIT,25092.25,870.00,2026-05-07 09:30:57
2026-01-07,2026-01-07 10:10:00,2026-01-07 10:10:00,OG,Backtest,AdxDiCrossBracketOG,OG_AdxDiCrossBracketOG,OG,NQ,NQ JUN26,SHORT,1,26050.75,26072.75,-444.36,-448.72,-89.7,LOSS,STOP_HIT,26072.25,430.00,2026-05-07 09:30:57
2026-01-09,2026-01-09 10:10:00,2026-01-09 10:10:00,OG,Backtest,AdxDiCrossBracketOG,OG_AdxDiCrossBracketOG,OG,NQ,NQ JUN26,LONG,1,25921.75,25881.75,-804.36,-808.72,-161.7,LOSS,STOP_HIT,25882.25,790.00,2026-05-07 09:30:57
2026-04-02,2026-04-02 10:45:00,2026-04-02 10:45:00,OG,Backtest,AdxDiCrossBracketOG,OG_AdxDiCrossBracketOG,OG,NQ,NQ JUN26,LONG,1,24210.25,24134.00,-1529.36,-1533.72,-306.7,LOSS,STOP_HIT,24134.50,1515.00,2026-05-07 09:30:57
2026-03-12,2026-03-12 11:50:00,2026-03-12 11:50:00,OG,Backtest,AdxDiCrossBracketOG,OG_AdxDiCrossBracketOG,OG,NQ,NQ JUN26,LONG,1,24898.00,24844.00,-1084.36,-1088.72,-217.7,LOSS,STOP_HIT,24844.50,1070.00,2026-05-07 09:30:57
2026-03-24,2026-03-24 11:00:00,2026-03-24 11:00:00,OG,Backtest,AdxDiCrossBracketOG,OG_AdxDiCrossBracketOG,OG,NQ,NQ JUN26,LONG,1,24281.50,24217.75,-1279.36,-1283.72,-256.7,LOSS,STOP_HIT,24218.25,1265.00,2026-05-07 09:30:57
2026-03-20,2026-03-20 11:30:00,2026-03-20 12:05:00,OG,Backtest,AdxDiCrossBracketOG,OG_AdxDiCrossBracketOG,OG,NQ,NQ JUN26,LONG,1,24274.25,24327.75,1065.64,1061.28,212.3,WIN,TARGET_HIT,24219.75,1090.00,2026-05-07 09:30:57
2026-04-06,2026-04-06 10:55:00,2026-04-06 11:00:00,OG,Backtest,AdxDiCrossBracketOG,OG_AdxDiCrossBracketOG,OG,NQ,NQ JUN26,SHORT,1,24269.25,24321.50,-1049.36,-1053.72,-210.7,LOSS,STOP_HIT,24321.00,1035.00,2026-05-07 09:30:57
2026-04-16,2026-04-16 10:15:00,2026-04-16 10:15:00,OG,Backtest,AdxDiCrossBracketOG,OG_AdxDiCrossBracketOG,OG,NQ,NQ JUN26,LONG,1,26347.25,26381.00,670.64,666.28,133.3,WIN,TARGET_HIT,26311.50,715.00,2026-05-07 09:30:57
2026-04-13,2026-04-13 10:00:00,2026-04-13 10:00:00,OG,Backtest,AdxDiCrossBracketOG,OG_AdxDiCrossBracketOG,OG,NQ,NQ JUN26,LONG,1,25271.50,25305.75,680.64,676.28,135.3,WIN,TARGET_HIT,25235.75,715.00,2026-05-07 09:30:57
2026-04-21,2026-04-21 11:05:00,2026-04-21 11:05:00,OG,Backtest,AdxDiCrossBracketOG,OG_AdxDiCrossBracketOG,OG,NQ,NQ JUN26,SHORT,1,26737.25,26702.00,700.64,696.28,139.3,WIN,TARGET_HIT,26771.50,685.00,2026-05-07 09:30:57
2026-01-21,2026-01-21 11:45:00,2026-01-21 11:45:00,OG,Backtest,AdxDiCrossBracketOG,OG_AdxDiCrossBracketOG,OG,NQ,NQ JUN26,SHORT,1,25543.75,25505.75,755.64,751.28,150.3,WIN,TARGET_HIT,25582.25,770.00,2026-05-07 09:30:57
2026-03-20,2026-03-20 11:30:00,2026-03-20 12:05:00,OG,Backtest,AdxDiCrossBracketOG,OG_AdxDiCrossBracketOG,OG,NQ,NQ JUN26,LONG,1,24274.25,24327.75,1065.64,1061.28,212.3,WIN,TARGET_HIT,24219.75,1090.00,2026-05-07 09:30:57
2026-04-06,2026-04-06 10:55:00,2026-04-06 11:00:00,OG,Backtest,AdxDiCrossBracketOG,OG_AdxDiCrossBracketOG,OG,NQ,NQ JUN26,SHORT,1,24269.25,24321.50,-1049.36,-1053.72,-210.7,LOSS,STOP_HIT,24321.00,1035.00,2026-05-07 09:30:57
2026-05-01,2026-05-01 11:10:00,2026-05-01 11:15:00,OG,Backtest,AdxDiCrossBracketOG,OG_AdxDiCrossBracketOG,OG,NQ,NQ JUN26,SHORT,1,27795.25,27837.00,-839.36,-843.72,-168.7,LOSS,STOP_HIT,27836.50,825.00,2026-05-07 09:30:57
2026-05-01,2026-05-01 11:20:00,2026-05-01 11:40:00,OG,Backtest,AdxDiCrossBracketOG,OG_AdxDiCrossBracketOG,OG,NQ,NQ JUN26,LONG,1,27837.25,27877.75,805.64,801.28,160.3,WIN,TARGET_HIT,27796.25,820.00,2026-05-07 09:30:57
2026-01-16,2026-01-16 11:30:00,2026-01-16 11:35:00,OG,Backtest,AdxDiCrossBracketOG,OG_AdxDiCrossBracketOG,OG,NQ,NQ JUN26,LONG,1,25911.50,25925.25,270.64,266.28,53.3,WIN,STOP_HIT,25874.75,735.00,2026-05-07 09:30:57
2026-05-01,2026-05-01 11:10:00,2026-05-01 11:15:00,OG,Backtest,AdxDiCrossBracketOG,OG_AdxDiCrossBracketOG,OG,NQ,NQ JUN26,SHORT,1,27795.25,27837.00,-839.36,-843.72,-168.7,LOSS,STOP_HIT,27836.50,825.00,2026-05-07 09:30:57
2026-03-24,2026-03-24 11:00:00,2026-03-24 11:00:00,OG,Backtest,AdxDiCrossBracketOG,OG_AdxDiCrossBracketOG,OG,NQ,NQ JUN26,LONG,1,24281.50,24217.75,-1279.36,-1283.72,-256.7,LOSS,STOP_HIT,24218.25,1265.00,2026-05-07 09:30:57
2026-04-07,2026-04-07 11:40:00,2026-04-07 12:00:00,OG,Backtest,AdxDiCrossBracketOG,OG_AdxDiCrossBracketOG,OG,NQ,NQ JUN26,LONG,1,24071.50,24117.50,915.64,911.28,182.3,WIN,TARGET_HIT,24025.00,930.00,2026-05-07 09:30:57
2026-01-23,2026-01-23 10:10:00,2026-01-23 10:15:00,OG,Backtest,AdxDiCrossBracketOG,OG_AdxDiCrossBracketOG,OG,NQ,NQ JUN26,LONG,1,25921.00,25885.00,-724.36,-728.72,-145.7,LOSS,STOP_HIT,25885.50,710.00,2026-05-07 09:30:57
2026-03-24,2026-03-24 11:00:00,2026-03-24 11:00:00,OG,Backtest,AdxDiCrossBracketOG,OG_AdxDiCrossBracketOG,OG,NQ,NQ JUN26,LONG,1,24281.50,24217.75,-1279.36,-1283.72,-256.7,LOSS,STOP_HIT,24218.25,1265.00,2026-05-07 09:30:57
2026-01-16,2026-01-16 11:30:00,2026-01-16 11:35:00,OG,Backtest,AdxDiCrossBracketOG,OG_AdxDiCrossBracketOG,OG,NQ,NQ JUN26,LONG,1,25911.50,25925.25,270.64,266.28,53.3,WIN,STOP_HIT,25874.75,735.00,2026-05-07 09:30:57
2026-04-10,2026-04-10 11:45:00,2026-04-10 12:00:00,OG,Backtest,AdxDiCrossBracketOG,OG_AdxDiCrossBracketOG,OG,NQ,NQ JUN26,SHORT,1,25301.50,25279.25,440.64,436.28,87.3,WIN,STOP_HIT,25334.25,655.00,2026-05-07 09:30:57
2026-04-06,2026-04-06 10:55:00,2026-04-06 11:00:00,OG,Backtest,AdxDiCrossBracketOG,OG_AdxDiCrossBracketOG,OG,NQ,NQ JUN26,SHORT,1,24269.25,24321.50,-1049.36,-1053.72,-210.7,LOSS,STOP_HIT,24321.00,1035.00,2026-05-07 09:30:57
2026-03-24,2026-03-24 11:00:00,2026-03-24 11:00:00,OG,Backtest,AdxDiCrossBracketOG,OG_AdxDiCrossBracketOG,OG,NQ,NQ JUN26,LONG,1,24281.50,24217.75,-1279.36,-1283.72,-256.7,LOSS,STOP_HIT,24218.25,1265.00,2026-05-07 09:30:57
2026-01-06,2026-01-06 11:00:00,2026-01-06 11:10:00,OG,Backtest,AdxDiCrossBracketOG,OG_AdxDiCrossBracketOG,OG,NQ,NQ JUN26,SHORT,1,25909.25,25866.25,855.64,851.28,170.3,WIN,TARGET_HIT,25952.75,870.00,2026-05-07 09:30:57
2026-01-09,2026-01-09 10:10:00,2026-01-09 10:10:00,OG,Backtest,AdxDiCrossBracketOG,OG_AdxDiCrossBracketOG,OG,NQ,NQ JUN26,LONG,1,25921.75,25881.75,-804.36,-808.72,-161.7,LOSS,STOP_HIT,25882.25,790.00,2026-05-07 09:30:57
2026-04-06,2026-04-06 11:05:00,2026-04-06 11:30:00,OG,Backtest,AdxDiCrossBracketOG,OG_AdxDiCrossBracketOG,OG,NQ,NQ JUN26,LONG,1,24306.75,24279.50,-549.36,-553.72,-110.7,LOSS,STOP_HIT,24255.50,1025.00,2026-05-07 09:30:57
2026-01-23,2026-01-23 10:10:00,2026-01-23 10:15:00,OG,Backtest,AdxDiCrossBracketOG,OG_AdxDiCrossBracketOG,OG,NQ,NQ JUN26,LONG,1,25921.00,25885.00,-724.36,-728.72,-145.7,LOSS,STOP_HIT,25885.50,710.00,2026-05-07 09:30:57
2026-02-03,2026-02-03 09:50:00,2026-02-03 09:50:00,OG,Backtest,AdxDiCrossBracketOG,OG_AdxDiCrossBracketOG,OG,NQ,NQ JUN26,SHORT,1,25960.75,26016.50,-1119.36,-1123.72,-224.7,LOSS,STOP_HIT,26016.00,1105.00,2026-05-07 09:30:57
2026-02-13,2026-02-13 10:35:00,2026-02-13 10:35:00,OG,Backtest,AdxDiCrossBracketOG,OG_AdxDiCrossBracketOG,OG,NQ,NQ JUN26,LONG,1,25058.00,25127.00,1375.64,1371.28,274.3,WIN,TARGET_HIT,24987.50,1410.00,2026-05-07 09:30:57
2026-04-07,2026-04-07 11:40:00,2026-04-07 12:00:00,OG,Backtest,AdxDiCrossBracketOG,OG_AdxDiCrossBracketOG,OG,NQ,NQ JUN26,LONG,1,24071.50,24117.50,915.64,911.28,182.3,WIN,TARGET_HIT,24025.00,930.00,2026-05-07 09:30:57
2026-03-03,2026-03-03 11:40:00,2026-03-03 11:50:00,OG,Backtest,AdxDiCrossBracketOG,OG_AdxDiCrossBracketOG,OG,NQ,NQ JUN26,SHORT,1,24817.25,24864.25,-944.36,-948.72,-189.7,LOSS,STOP_HIT,24915.75,1970.00,2026-05-07 09:30:57
2026-04-07,2026-04-07 11:40:00,2026-04-07 12:00:00,OG,Backtest,AdxDiCrossBracketOG,OG_AdxDiCrossBracketOG,OG,NQ,NQ JUN26,LONG,1,24071.50,24117.50,915.64,911.28,182.3,WIN,TARGET_HIT,24025.00,930.00,2026-05-07 09:30:57
2026-02-11,2026-02-11 11:05:00,2026-02-11 11:10:00,OG,Backtest,AdxDiCrossBracketOG,OG_AdxDiCrossBracketOG,OG,NQ,NQ JUN26,LONG,1,25453.50,25418.25,-709.36,-713.72,-142.7,LOSS,STOP_HIT,25393.00,1210.00,2026-05-07 09:30:57
2026-02-24,2026-02-24 10:10:00,2026-02-24 10:10:00,OG,Backtest,AdxDiCrossBracketOG,OG_AdxDiCrossBracketOG,OG,NQ,NQ JUN26,SHORT,1,25048.75,25114.00,-1309.36,-1313.72,-262.7,LOSS,STOP_HIT,25113.50,1295.00,2026-05-07 09:30:57
2026-04-07,2026-04-07 11:40:00,2026-04-07 12:00:00,OG,Backtest,AdxDiCrossBracketOG,OG_AdxDiCrossBracketOG,OG,NQ,NQ JUN26,LONG,1,24071.50,24117.50,915.64,911.28,182.3,WIN,TARGET_HIT,24025.00,930.00,2026-05-07 09:30:57
2026-03-09,2026-03-09 10:45:00,2026-03-09 11:00:00,OG,Backtest,AdxDiCrossBracketOG,OG_AdxDiCrossBracketOG,OG,NQ,NQ JUN26,LONG,1,24692.00,24753.50,1225.64,1221.28,244.3,WIN,STOP_HIT,24587.25,2095.00,2026-05-07 09:30:57
2026-04-10,2026-04-10 11:45:00,2026-04-10 12:00:00,OG,Backtest,AdxDiCrossBracketOG,OG_AdxDiCrossBracketOG,OG,NQ,NQ JUN26,SHORT,1,25301.50,25279.25,440.64,436.28,87.3,WIN,STOP_HIT,25334.25,655.00,2026-05-07 09:30:57
2026-01-13,2026-01-13 10:10:00,2026-01-13 10:15:00,OG,Backtest,AdxDiCrossBracketOG,OG_AdxDiCrossBracketOG,OG,NQ,NQ JUN26,SHORT,1,26138.00,26121.75,320.64,316.28,63.3,WIN,STOP_HIT,26183.00,900.00,2026-05-07 09:30:58
2026-02-11,2026-02-11 10:20:00,2026-02-11 10:20:00,OG,Backtest,AdxDiCrossBracketOG,OG_AdxDiCrossBracketOG,OG,NQ,NQ JUN26,SHORT,1,25396.00,25345.50,1005.64,1001.28,200.3,WIN,TARGET_HIT,25448.50,1050.00,2026-05-07 09:30:58
2026-02-13,2026-02-13 10:50:00,2026-02-13 11:00:00,OG,Backtest,AdxDiCrossBracketOG,OG_AdxDiCrossBracketOG,OG,NQ,NQ JUN26,SHORT,1,24983.00,25027.00,-884.36,-888.72,-177.7,LOSS,STOP_HIT,25091.50,2170.00,2026-05-07 09:30:58
2026-01-07,2026-01-07 09:50:00,2026-01-07 09:50:00,OG,Backtest,AdxDiCrossBracketOG,OG_AdxDiCrossBracketOG,OG,NQ,NQ JUN26,LONG,1,26063.75,26079.75,315.64,311.28,62.3,WIN,TARGET_HIT,26047.25,330.00,2026-05-07 09:30:58
2026-04-21,2026-04-21 11:05:00,2026-04-21 11:05:00,OG,Backtest,AdxDiCrossBracketOG,OG_AdxDiCrossBracketOG,OG,NQ,NQ JUN26,SHORT,1,26737.25,26702.00,700.64,696.28,139.3,WIN,TARGET_HIT,26771.50,685.00,2026-05-07 09:30:58
2026-04-16,2026-04-16 10:15:00,2026-04-16 10:15:00,OG,Backtest,AdxDiCrossBracketOG,OG_AdxDiCrossBracketOG,OG,NQ,NQ JUN26,LONG,1,26347.25,26381.00,670.64,666.28,133.3,WIN,TARGET_HIT,26311.50,715.00,2026-05-07 09:30:58
2026-02-13,2026-02-13 10:35:00,2026-02-13 10:35:00,OG,Backtest,AdxDiCrossBracketOG,OG_AdxDiCrossBracketOG,OG,NQ,NQ JUN26,LONG,1,25058.00,25127.00,1375.64,1371.28,274.3,WIN,TARGET_HIT,24987.50,1410.00,2026-05-07 09:30:58
2026-01-20,2026-01-20 10:50:00,2026-01-20 10:55:00,OG,Backtest,AdxDiCrossBracketOG,OG_AdxDiCrossBracketOG,OG,NQ,NQ JUN26,LONG,1,25598.00,25559.50,-774.36,-778.72,-155.7,LOSS,STOP_HIT,25527.25,1415.00,2026-05-07 09:30:58
2026-02-03,2026-02-03 09:50:00,2026-02-03 09:50:00,OG,Backtest,AdxDiCrossBracketOG,OG_AdxDiCrossBracketOG,OG,NQ,NQ JUN26,SHORT,1,25960.75,25998.50,-759.36,-763.72,-152.7,LOSS,STOP_HIT,25998.00,745.00,2026-05-07 09:30:58
2026-02-24,2026-02-24 10:15:00,2026-02-24 10:30:00,OG,Backtest,AdxDiCrossBracketOG,OG_AdxDiCrossBracketOG,OG,NQ,NQ JUN26,LONG,1,25109.25,25175.00,1310.64,1306.28,261.3,WIN,TARGET_HIT,25042.00,1345.00,2026-05-07 09:30:58
2026-02-17,2026-02-17 11:10:00,2026-02-17 11:10:00,OG,Backtest,AdxDiCrossBracketOG,OG_AdxDiCrossBracketOG,OG,NQ,NQ JUN26,LONG,1,24861.25,24927.25,1315.64,1311.28,262.3,WIN,TARGET_HIT,24793.75,1350.00,2026-05-07 09:30:58
2026-03-03,2026-03-03 11:25:00,2026-03-03 11:40:00,OG,Backtest,AdxDiCrossBracketOG,OG_AdxDiCrossBracketOG,OG,NQ,NQ JUN26,LONG,1,24794.50,24817.25,450.64,446.28,89.3,WIN,STOP_HIT,24724.00,1410.00,2026-05-07 09:30:58
2026-01-06,2026-01-06 11:00:00,2026-01-06 11:05:00,OG,Backtest,AdxDiCrossBracketOG,OG_AdxDiCrossBracketOG,OG,NQ,NQ JUN26,SHORT,1,25909.25,25880.75,565.64,561.28,112.3,WIN,TARGET_HIT,25938.25,580.00,2026-05-07 09:30:58
2026-01-09,2026-01-09 10:10:00,2026-01-09 10:10:00,OG,Backtest,AdxDiCrossBracketOG,OG_AdxDiCrossBracketOG,OG,NQ,NQ JUN26,LONG,1,25921.75,25862.00,-1199.36,-1203.72,-240.7,LOSS,STOP_HIT,25862.50,1185.00,2026-05-07 09:30:58
2026-03-06,2026-03-06 11:10:00,2026-03-06 11:15:00,OG,Backtest,AdxDiCrossBracketOG,OG_AdxDiCrossBracketOG,OG,NQ,NQ JUN26,LONG,1,25101.50,25059.00,-854.36,-858.72,-171.7,LOSS,STOP_HIT,25007.25,1885.00,2026-05-07 09:30:58
2026-03-17,2026-03-17 11:15:00,2026-03-17 11:20:00,OG,Backtest,AdxDiCrossBracketOG,OG_AdxDiCrossBracketOG,OG,NQ,NQ JUN26,SHORT,1,25020.50,25056.75,-729.36,-733.72,-146.7,LOSS,STOP_HIT,25056.25,715.00,2026-05-07 09:30:58
2026-01-21,2026-01-21 11:45:00,2026-01-21 11:45:00,OG,Backtest,AdxDiCrossBracketOG,OG_AdxDiCrossBracketOG,OG,NQ,NQ JUN26,SHORT,1,25543.75,25505.75,755.64,751.28,150.3,WIN,TARGET_HIT,25582.25,770.00,2026-05-07 09:30:58
2026-04-06,2026-04-06 10:55:00,2026-04-06 11:05:00,OG,Backtest,AdxDiCrossBracketOG,OG_AdxDiCrossBracketOG,OG,NQ,NQ JUN26,SHORT,1,24269.25,24306.75,-754.36,-758.72,-151.7,LOSS,STOP_HIT,24347.00,1555.00,2026-05-07 09:30:58
2026-01-23,2026-01-23 10:10:00,2026-01-23 10:15:00,OG,Backtest,AdxDiCrossBracketOG,OG_AdxDiCrossBracketOG,OG,NQ,NQ JUN26,LONG,1,25921.00,25885.00,-724.36,-728.72,-145.7,LOSS,STOP_HIT,25885.50,710.00,2026-05-07 09:30:58
2026-02-10,2026-02-10 09:45:00,2026-02-10 09:45:00,OG,Backtest,AdxDiCrossBracketOG,OG_AdxDiCrossBracketOG,OG,NQ,NQ JUN26,SHORT,1,25535.25,25500.25,695.64,691.28,138.3,WIN,TARGET_HIT,25571.75,730.00,2026-05-07 09:30:58
2026-01-13,2026-01-13 10:10:00,2026-01-13 10:15:00,OG,Backtest,AdxDiCrossBracketOG,OG_AdxDiCrossBracketOG,OG,NQ,NQ JUN26,SHORT,1,26138.00,26121.75,320.64,316.28,63.3,WIN,STOP_HIT,26168.00,600.00,2026-05-07 09:30:58
2026-01-07,2026-01-07 10:10:00,2026-01-07 10:10:00,OG,Backtest,AdxDiCrossBracketOG,OG_AdxDiCrossBracketOG,OG,NQ,NQ JUN26,SHORT,1,26050.75,26072.75,-444.36,-448.72,-89.7,LOSS,STOP_HIT,26072.25,430.00,2026-05-07 09:30:58
2026-01-16,2026-01-16 11:30:00,2026-01-16 11:35:00,OG,Backtest,AdxDiCrossBracketOG,OG_AdxDiCrossBracketOG,OG,NQ,NQ JUN26,LONG,1,25911.50,25925.25,270.64,266.28,53.3,WIN,STOP_HIT,25857.00,1090.00,2026-05-07 09:30:58
2026-01-16,2026-01-16 11:30:00,2026-01-16 11:35:00,OG,Backtest,AdxDiCrossBracketOG,OG_AdxDiCrossBracketOG,OG,NQ,NQ JUN26,LONG,1,25911.50,25925.25,270.64,266.28,53.3,WIN,STOP_HIT,25874.75,735.00,2026-05-07 09:30:58
2026-02-03,2026-02-03 09:50:00,2026-02-03 09:50:00,OG,Backtest,AdxDiCrossBracketOG,OG_AdxDiCrossBracketOG,OG,NQ,NQ JUN26,SHORT,1,25960.75,25998.50,-759.36,-763.72,-152.7,LOSS,STOP_HIT,25998.00,745.00,2026-05-07 09:30:58
2026-04-06,2026-04-06 10:55:00,2026-04-06 11:00:00,OG,Backtest,AdxDiCrossBracketOG,OG_AdxDiCrossBracketOG,OG,NQ,NQ JUN26,SHORT,1,24269.25,24321.50,-1049.36,-1053.72,-210.7,LOSS,STOP_HIT,24321.00,1035.00,2026-05-07 09:30:58
2026-01-09,2026-01-09 10:10:00,2026-01-09 10:10:00,OG,Backtest,AdxDiCrossBracketOG,OG_AdxDiCrossBracketOG,OG,NQ,NQ JUN26,LONG,1,25921.75,25881.75,-804.36,-808.72,-161.7,LOSS,STOP_HIT,25882.25,790.00,2026-05-07 09:30:58
2026-03-03,2026-03-03 11:25:00,2026-03-03 11:40:00,OG,Backtest,AdxDiCrossBracketOG,OG_AdxDiCrossBracketOG,OG,NQ,NQ JUN26,LONG,1,24794.50,24817.25,450.64,446.28,89.3,WIN,STOP_HIT,24724.00,1410.00,2026-05-07 09:30:58
2026-01-09,2026-01-09 10:10:00,2026-01-09 10:10:00,OG,Backtest,AdxDiCrossBracketOG,OG_AdxDiCrossBracketOG,OG,NQ,NQ JUN26,LONG,1,25921.75,25862.00,-1199.36,-1203.72,-240.7,LOSS,STOP_HIT,25862.50,1185.00,2026-05-07 09:30:58
2026-02-10,2026-02-10 09:45:00,2026-02-10 09:45:00,OG,Backtest,AdxDiCrossBracketOG,OG_AdxDiCrossBracketOG,OG,NQ,NQ JUN26,SHORT,1,25535.25,25512.25,455.64,451.28,90.3,WIN,TARGET_HIT,25559.75,490.00,2026-05-07 09:30:58
2026-02-11,2026-02-11 10:20:00,2026-02-11 10:20:00,OG,Backtest,AdxDiCrossBracketOG,OG_AdxDiCrossBracketOG,OG,NQ,NQ JUN26,SHORT,1,25396.00,25345.50,1005.64,1001.28,200.3,WIN,TARGET_HIT,25448.50,1050.00,2026-05-07 09:30:58
2026-05-01,2026-05-01 11:10:00,2026-05-01 11:20:00,OG,Backtest,AdxDiCrossBracketOG,OG_AdxDiCrossBracketOG,OG,NQ,NQ JUN26,SHORT,1,27795.25,27837.25,-844.36,-848.72,-169.7,LOSS,STOP_HIT,27857.00,1235.00,2026-05-07 09:30:58
2026-04-21,2026-04-21 11:05:00,2026-04-21 11:05:00,OG,Backtest,AdxDiCrossBracketOG,OG_AdxDiCrossBracketOG,OG,NQ,NQ JUN26,SHORT,1,26737.25,26684.75,1045.64,1041.28,208.3,WIN,TARGET_HIT,26788.75,1030.00,2026-05-07 09:30:58
2026-04-10,2026-04-10 11:45:00,2026-04-10 12:00:00,OG,Backtest,AdxDiCrossBracketOG,OG_AdxDiCrossBracketOG,OG,NQ,NQ JUN26,SHORT,1,25301.50,25279.25,440.64,436.28,87.3,WIN,STOP_HIT,25334.25,655.00,2026-05-07 09:30:58
2026-04-16,2026-04-16 10:00:00,2026-04-16 10:00:00,OG,Backtest,AdxDiCrossBracketOG,OG_AdxDiCrossBracketOG,OG,NQ,NQ JUN26,SHORT,1,26282.00,26314.50,-654.36,-658.72,-131.7,LOSS,STOP_HIT,26314.00,640.00,2026-05-07 09:30:58
2026-01-07,2026-01-07 10:10:00,2026-01-07 10:10:00,OG,Backtest,AdxDiCrossBracketOG,OG_AdxDiCrossBracketOG,OG,NQ,NQ JUN26,SHORT,1,26050.75,26072.75,-444.36,-448.72,-89.7,LOSS,STOP_HIT,26072.25,430.00,2026-05-07 09:30:58
2026-03-03,2026-03-03 11:25:00,2026-03-03 11:35:00,OG,Backtest,AdxDiCrossBracketOG,OG_AdxDiCrossBracketOG,OG,NQ,NQ JUN26,LONG,1,24794.50,24819.00,485.64,481.28,96.3,WIN,STOP_HIT,24689.25,2105.00,2026-05-07 09:30:58
2026-02-10,2026-02-10 09:45:00,2026-02-10 09:45:00,OG,Backtest,AdxDiCrossBracketOG,OG_AdxDiCrossBracketOG,OG,NQ,NQ JUN26,SHORT,1,25535.25,25500.25,695.64,691.28,138.3,WIN,TARGET_HIT,25571.75,730.00,2026-05-07 09:30:58
2026-01-30,2026-01-30 10:55:00,2026-01-30 10:55:00,OG,Backtest,AdxDiCrossBracketOG,OG_AdxDiCrossBracketOG,OG,NQ,NQ JUN26,LONG,1,26117.25,26059.50,-1159.36,-1163.72,-232.7,LOSS,STOP_HIT,26060.00,1145.00,2026-05-07 09:30:58
2026-01-09,2026-01-09 10:15:00,2026-01-09 10:15:00,OG,Backtest,AdxDiCrossBracketOG,OG_AdxDiCrossBracketOG,OG,NQ,NQ JUN26,SHORT,1,25850.50,25896.25,-919.36,-923.72,-184.7,LOSS,STOP_HIT,25895.75,905.00,2026-05-07 09:30:58
2026-03-03,2026-03-03 11:25:00,2026-03-03 11:35:00,OG,Backtest,AdxDiCrossBracketOG,OG_AdxDiCrossBracketOG,OG,NQ,NQ JUN26,LONG,1,24794.50,24819.00,485.64,481.28,96.3,WIN,STOP_HIT,24689.25,2105.00,2026-05-07 09:30:58
2026-01-28,2026-01-28 10:55:00,2026-01-28 11:20:00,OG,Backtest,AdxDiCrossBracketOG,OG_AdxDiCrossBracketOG,OG,NQ,NQ JUN26,SHORT,1,26395.25,26393.00,40.64,36.28,7.3,WIN,STOP_HIT,26429.00,675.00,2026-05-07 09:30:58
2026-03-09,2026-03-09 10:45:00,2026-03-09 11:00:00,OG,Backtest,AdxDiCrossBracketOG,OG_AdxDiCrossBracketOG,OG,NQ,NQ JUN26,LONG,1,24692.00,24753.50,1225.64,1221.28,244.3,WIN,STOP_HIT,24587.25,2095.00,2026-05-07 09:30:58
2026-05-01,2026-05-01 11:10:00,2026-05-01 11:15:00,OG,Backtest,AdxDiCrossBracketOG,OG_AdxDiCrossBracketOG,OG,NQ,NQ JUN26,SHORT,1,27795.25,27837.00,-839.36,-843.72,-168.7,LOSS,STOP_HIT,27836.50,825.00,2026-05-07 09:30:58
2026-02-24,2026-02-24 10:10:00,2026-02-24 10:10:00,OG,Backtest,AdxDiCrossBracketOG,OG_AdxDiCrossBracketOG,OG,NQ,NQ JUN26,SHORT,1,25048.75,25114.00,-1309.36,-1313.72,-262.7,LOSS,STOP_HIT,25113.50,1295.00,2026-05-07 09:30:58
2026-01-12,2026-01-12 11:25:00,2026-01-12 11:30:00,OG,Backtest,AdxDiCrossBracketOG,OG_AdxDiCrossBracketOG,OG,NQ,NQ JUN26,LONG,1,26158.75,26152.25,-134.36,-138.72,-27.7,LOSS,STOP_HIT,26118.25,810.00,2026-05-07 09:30:58
2026-03-03,2026-03-03 11:25:00,2026-03-03 11:40:00,OG,Backtest,AdxDiCrossBracketOG,OG_AdxDiCrossBracketOG,OG,NQ,NQ JUN26,LONG,1,24794.50,24817.25,450.64,446.28,89.3,WIN,STOP_HIT,24724.00,1410.00,2026-05-07 09:30:58
2026-05-04,2026-05-04 11:05:00,2026-05-04 11:10:00,OG,Backtest,AdxDiCrossBracketOG,OG_AdxDiCrossBracketOG,OG,NQ,NQ JUN26,SHORT,1,27881.50,27890.00,-174.36,-178.72,-35.7,LOSS,STOP_HIT,27916.50,700.00,2026-05-07 09:30:58
2026-01-16,2026-01-16 11:30:00,2026-01-16 11:35:00,OG,Backtest,AdxDiCrossBracketOG,OG_AdxDiCrossBracketOG,OG,NQ,NQ JUN26,LONG,1,25911.50,25925.25,270.64,266.28,53.3,WIN,STOP_HIT,25857.00,1090.00,2026-05-07 09:30:58
2026-01-30,2026-01-30 10:55:00,2026-01-30 10:55:00,OG,Backtest,AdxDiCrossBracketOG,OG_AdxDiCrossBracketOG,OG,NQ,NQ JUN26,LONG,1,26117.25,26059.50,-1159.36,-1163.72,-232.7,LOSS,STOP_HIT,26060.00,1145.00,2026-05-07 09:30:58
2026-02-10,2026-02-10 09:45:00,2026-02-10 09:45:00,OG,Backtest,AdxDiCrossBracketOG,OG_AdxDiCrossBracketOG,OG,NQ,NQ JUN26,SHORT,1,25535.25,25512.25,455.64,451.28,90.3,WIN,TARGET_HIT,25559.75,490.00,2026-05-07 09:30:58
2026-02-24,2026-02-24 10:10:00,2026-02-24 10:10:00,OG,Backtest,AdxDiCrossBracketOG,OG_AdxDiCrossBracketOG,OG,NQ,NQ JUN26,SHORT,1,25048.75,25092.75,-884.36,-888.72,-177.7,LOSS,STOP_HIT,25092.25,870.00,2026-05-07 09:30:58
2026-02-24,2026-02-24 10:15:00,2026-02-24 10:15:00,OG,Backtest,AdxDiCrossBracketOG,OG_AdxDiCrossBracketOG,OG,NQ,NQ JUN26,LONG,1,25109.25,25063.75,-914.36,-918.72,-183.7,LOSS,STOP_HIT,25064.25,900.00,2026-05-07 09:30:58
2026-02-10,2026-02-10 09:45:00,2026-02-10 09:45:00,OG,Backtest,AdxDiCrossBracketOG,OG_AdxDiCrossBracketOG,OG,NQ,NQ JUN26,SHORT,1,25535.25,25500.25,695.64,691.28,138.3,WIN,TARGET_HIT,25571.75,730.00,2026-05-07 09:30:58
2026-03-09,2026-03-09 10:45:00,2026-03-09 11:00:00,OG,Backtest,AdxDiCrossBracketOG,OG_AdxDiCrossBracketOG,OG,NQ,NQ JUN26,LONG,1,24692.00,24753.50,1225.64,1221.28,244.3,WIN,STOP_HIT,24587.25,2095.00,2026-05-07 09:30:58
2026-02-10,2026-02-10 09:45:00,2026-02-10 09:45:00,OG,Backtest,AdxDiCrossBracketOG,OG_AdxDiCrossBracketOG,OG,NQ,NQ JUN26,SHORT,1,25535.25,25512.25,455.64,451.28,90.3,WIN,TARGET_HIT,25559.75,490.00,2026-05-07 09:30:58
2026-05-01,2026-05-01 11:20:00,2026-05-01 11:40:00,OG,Backtest,AdxDiCrossBracketOG,OG_AdxDiCrossBracketOG,OG,NQ,NQ JUN26,LONG,1,27837.25,27877.75,805.64,801.28,160.3,WIN,TARGET_HIT,27796.25,820.00,2026-05-07 09:30:58
2026-03-20,2026-03-20 11:30:00,2026-03-20 12:05:00,OG,Backtest,AdxDiCrossBracketOG,OG_AdxDiCrossBracketOG,OG,NQ,NQ JUN26,LONG,1,24274.25,24327.75,1065.64,1061.28,212.3,WIN,TARGET_HIT,24219.75,1090.00,2026-05-07 09:30:58
2026-02-11,2026-02-11 10:20:00,2026-02-11 10:25:00,OG,Backtest,AdxDiCrossBracketOG,OG_AdxDiCrossBracketOG,OG,NQ,NQ JUN26,SHORT,1,25396.00,25319.50,1525.64,1521.28,304.3,WIN,TARGET_HIT,25474.50,1570.00,2026-05-07 09:30:58
2026-01-09,2026-01-09 09:55:00,2026-01-09 09:55:00,OG,Backtest,AdxDiCrossBracketOG,OG_AdxDiCrossBracketOG,OG,NQ,NQ JUN26,SHORT,1,25913.25,25948.25,-704.36,-708.72,-141.7,LOSS,STOP_HIT,25947.75,690.00,2026-05-07 09:30:58
2026-01-06,2026-01-06 11:00:00,2026-01-06 11:10:00,OG,Backtest,AdxDiCrossBracketOG,OG_AdxDiCrossBracketOG,OG,NQ,NQ JUN26,SHORT,1,25909.25,25866.25,855.64,851.28,170.3,WIN,TARGET_HIT,25952.75,870.00,2026-05-07 09:30:58
2026-02-24,2026-02-24 09:50:00,2026-02-24 09:50:00,OG,Backtest,AdxDiCrossBracketOG,OG_AdxDiCrossBracketOG,OG,NQ,NQ JUN26,LONG,1,25120.50,25157.50,735.64,731.28,146.3,WIN,TARGET_HIT,25081.50,780.00,2026-05-07 09:30:58
2026-01-09,2026-01-09 10:10:00,2026-01-09 10:10:00,OG,Backtest,AdxDiCrossBracketOG,OG_AdxDiCrossBracketOG,OG,NQ,NQ JUN26,LONG,1,25921.75,25881.75,-804.36,-808.72,-161.7,LOSS,STOP_HIT,25882.25,790.00,2026-05-07 09:30:58
2026-03-17,2026-03-17 11:15:00,2026-03-17 11:20:00,OG,Backtest,AdxDiCrossBracketOG,OG_AdxDiCrossBracketOG,OG,NQ,NQ JUN26,SHORT,1,25020.50,25056.75,-729.36,-733.72,-146.7,LOSS,STOP_HIT,25056.25,715.00,2026-05-07 09:30:58
2026-02-17,2026-02-17 11:10:00,2026-02-17 11:15:00,OG,Backtest,AdxDiCrossBracketOG,OG_AdxDiCrossBracketOG,OG,NQ,NQ JUN26,LONG,1,24861.25,24960.75,1985.64,1981.28,396.3,WIN,TARGET_HIT,24760.25,2020.00,2026-05-07 09:30:58
2026-02-11,2026-02-11 11:05:00,2026-02-11 11:10:00,OG,Backtest,AdxDiCrossBracketOG,OG_AdxDiCrossBracketOG,OG,NQ,NQ JUN26,LONG,1,25453.50,25418.25,-709.36,-713.72,-142.7,LOSS,STOP_HIT,25393.00,1210.00,2026-05-07 09:30:58
2026-02-17,2026-02-17 11:10:00,2026-02-17 11:10:00,OG,Backtest,AdxDiCrossBracketOG,OG_AdxDiCrossBracketOG,OG,NQ,NQ JUN26,LONG,1,24861.25,24927.25,1315.64,1311.28,262.3,WIN,TARGET_HIT,24793.75,1350.00,2026-05-07 09:30:58
2026-03-09,2026-03-09 10:45:00,2026-03-09 10:50:00,OG,Backtest,AdxDiCrossBracketOG,OG_AdxDiCrossBracketOG,OG,NQ,NQ JUN26,LONG,1,24692.00,24762.25,1400.64,1396.28,279.3,WIN,TARGET_HIT,24622.25,1395.00,2026-05-07 09:30:58
2026-01-13,2026-01-13 10:10:00,2026-01-13 10:15:00,OG,Backtest,AdxDiCrossBracketOG,OG_AdxDiCrossBracketOG,OG,NQ,NQ JUN26,SHORT,1,26138.00,26121.75,320.64,316.28,63.3,WIN,STOP_HIT,26168.00,600.00,2026-05-07 09:30:58
2026-02-13,2026-02-13 10:35:00,2026-02-13 10:45:00,OG,Backtest,AdxDiCrossBracketOG,OG_AdxDiCrossBracketOG,OG,NQ,NQ JUN26,LONG,1,25058.00,25033.25,-499.36,-503.72,-100.7,LOSS,STOP_HIT,24952.50,2110.00,2026-05-07 09:30:58
2026-02-24,2026-02-24 10:15:00,2026-02-24 10:30:00,OG,Backtest,AdxDiCrossBracketOG,OG_AdxDiCrossBracketOG,OG,NQ,NQ JUN26,LONG,1,25109.25,25175.00,1310.64,1306.28,261.3,WIN,TARGET_HIT,25042.00,1345.00,2026-05-07 09:30:58
2026-03-25,2026-03-25 11:20:00,2026-03-25 11:20:00,OG,Backtest,AdxDiCrossBracketOG,OG_AdxDiCrossBracketOG,OG,NQ,NQ JUN26,SHORT,1,24386.00,24336.50,985.64,981.28,196.3,WIN,TARGET_HIT,24438.00,1040.00,2026-05-07 09:30:58
2026-04-10,2026-04-10 11:45:00,2026-04-10 12:00:00,OG,Backtest,AdxDiCrossBracketOG,OG_AdxDiCrossBracketOG,OG,NQ,NQ JUN26,SHORT,1,25301.50,25279.25,440.64,436.28,87.3,WIN,STOP_HIT,25334.25,655.00,2026-05-07 09:30:58
2026-01-20,2026-01-20 10:50:00,2026-01-20 10:55:00,OG,Backtest,AdxDiCrossBracketOG,OG_AdxDiCrossBracketOG,OG,NQ,NQ JUN26,LONG,1,25598.00,25559.50,-774.36,-778.72,-155.7,LOSS,STOP_HIT,25550.75,945.00,2026-05-07 09:30:58
2026-01-09,2026-01-09 09:55:00,2026-01-09 09:55:00,OG,Backtest,AdxDiCrossBracketOG,OG_AdxDiCrossBracketOG,OG,NQ,NQ JUN26,SHORT,1,25913.25,25948.25,-704.36,-708.72,-141.7,LOSS,STOP_HIT,25947.75,690.00,2026-05-07 09:30:58
2026-01-06,2026-01-06 11:00:00,2026-01-06 11:05:00,OG,Backtest,AdxDiCrossBracketOG,OG_AdxDiCrossBracketOG,OG,NQ,NQ JUN26,SHORT,1,25909.25,25880.75,565.64,561.28,112.3,WIN,TARGET_HIT,25938.25,580.00,2026-05-07 09:30:58
2026-03-09,2026-03-09 10:45:00,2026-03-09 11:00:00,OG,Backtest,AdxDiCrossBracketOG,OG_AdxDiCrossBracketOG,OG,NQ,NQ JUN26,LONG,1,24692.00,24753.50,1225.64,1221.28,244.3,WIN,STOP_HIT,24587.25,2095.00,2026-05-07 09:30:58
2026-03-19,2026-03-19 11:15:00,2026-03-19 11:25:00,OG,Backtest,AdxDiCrossBracketOG,OG_AdxDiCrossBracketOG,OG,NQ,NQ JUN26,LONG,1,24530.25,24486.25,-884.36,-888.72,-177.7,LOSS,STOP_HIT,24473.00,1145.00,2026-05-07 09:30:58
2026-04-06,2026-04-06 10:55:00,2026-04-06 11:00:00,OG,Backtest,AdxDiCrossBracketOG,OG_AdxDiCrossBracketOG,OG,NQ,NQ JUN26,SHORT,1,24269.25,24321.50,-1049.36,-1053.72,-210.7,LOSS,STOP_HIT,24321.00,1035.00,2026-05-07 09:30:58
2026-01-09,2026-01-09 10:15:00,2026-01-09 10:15:00,OG,Backtest,AdxDiCrossBracketOG,OG_AdxDiCrossBracketOG,OG,NQ,NQ JUN26,SHORT,1,25850.50,25896.25,-919.36,-923.72,-184.7,LOSS,STOP_HIT,25895.75,905.00,2026-05-07 09:30:58
2026-01-07,2026-01-07 09:50:00,2026-01-07 09:50:00,OG,Backtest,AdxDiCrossBracketOG,OG_AdxDiCrossBracketOG,OG,NQ,NQ JUN26,LONG,1,26063.75,26079.75,315.64,311.28,62.3,WIN,TARGET_HIT,26047.25,330.00,2026-05-07 09:30:58
2026-01-28,2026-01-28 10:55:00,2026-01-28 11:20:00,OG,Backtest,AdxDiCrossBracketOG,OG_AdxDiCrossBracketOG,OG,NQ,NQ JUN26,SHORT,1,26395.25,26393.00,40.64,36.28,7.3,WIN,STOP_HIT,26429.00,675.00,2026-05-07 09:30:58
2026-01-07,2026-01-07 10:10:00,2026-01-07 10:10:00,OG,Backtest,AdxDiCrossBracketOG,OG_AdxDiCrossBracketOG,OG,NQ,NQ JUN26,SHORT,1,26050.75,26072.75,-444.36,-448.72,-89.7,LOSS,STOP_HIT,26072.25,430.00,2026-05-07 09:30:58
2026-04-13,2026-04-13 10:00:00,2026-04-13 10:00:00,OG,Backtest,AdxDiCrossBracketOG,OG_AdxDiCrossBracketOG,OG,NQ,NQ JUN26,LONG,1,25271.50,25305.75,680.64,676.28,135.3,WIN,TARGET_HIT,25235.75,715.00,2026-05-07 09:30:58
2026-04-16,2026-04-16 10:15:00,2026-04-16 10:25:00,OG,Backtest,AdxDiCrossBracketOG,OG_AdxDiCrossBracketOG,OG,NQ,NQ JUN26,LONG,1,26347.25,26314.50,-659.36,-663.72,-132.7,LOSS,STOP_HIT,26294.25,1060.00,2026-05-07 09:30:58
2026-03-24,2026-03-24 11:00:00,2026-03-24 11:00:00,OG,Backtest,AdxDiCrossBracketOG,OG_AdxDiCrossBracketOG,OG,NQ,NQ JUN26,LONG,1,24281.50,24217.75,-1279.36,-1283.72,-256.7,LOSS,STOP_HIT,24218.25,1265.00,2026-05-07 09:30:58
2026-01-16,2026-01-16 11:30:00,2026-01-16 11:35:00,OG,Backtest,AdxDiCrossBracketOG,OG_AdxDiCrossBracketOG,OG,NQ,NQ JUN26,LONG,1,25911.50,25925.25,270.64,266.28,53.3,WIN,STOP_HIT,25857.00,1090.00,2026-05-07 09:30:58
2026-03-24,2026-03-24 11:00:00,2026-03-24 11:00:00,OG,Backtest,AdxDiCrossBracketOG,OG_AdxDiCrossBracketOG,OG,NQ,NQ JUN26,LONG,1,24281.50,24186.50,-1904.36,-1908.72,-381.7,LOSS,STOP_HIT,24187.00,1890.00,2026-05-07 09:30:58
2026-03-24,2026-03-24 11:00:00,2026-03-24 11:00:00,OG,Backtest,AdxDiCrossBracketOG,OG_AdxDiCrossBracketOG,OG,NQ,NQ JUN26,LONG,1,24281.50,24186.50,-1904.36,-1908.72,-381.7,LOSS,STOP_HIT,24187.00,1890.00,2026-05-07 09:30:58
2026-01-16,2026-01-16 11:40:00,2026-01-16 11:50:00,OG,Backtest,AdxDiCrossBracketOG,OG_AdxDiCrossBracketOG,OG,NQ,NQ JUN26,LONG,1,25923.75,25946.25,445.64,441.28,88.3,WIN,STOP_HIT,25871.75,1040.00,2026-05-07 09:30:58
2026-02-17,2026-02-17 11:10:00,2026-02-17 11:15:00,OG,Backtest,AdxDiCrossBracketOG,OG_AdxDiCrossBracketOG,OG,NQ,NQ JUN26,LONG,1,24861.25,24960.75,1985.64,1981.28,396.3,WIN,TARGET_HIT,24760.25,2020.00,2026-05-07 09:30:58
2026-01-07,2026-01-07 09:50:00,2026-01-07 10:00:00,OG,Backtest,AdxDiCrossBracketOG,OG_AdxDiCrossBracketOG,OG,NQ,NQ JUN26,LONG,1,26063.75,26088.00,480.64,476.28,95.3,WIN,TARGET_HIT,26039.00,495.00,2026-05-07 09:30:58
2026-01-09,2026-01-09 09:55:00,2026-01-09 09:55:00,OG,Backtest,AdxDiCrossBracketOG,OG_AdxDiCrossBracketOG,OG,NQ,NQ JUN26,SHORT,1,25913.25,25965.00,-1039.36,-1043.72,-208.7,LOSS,STOP_HIT,25964.50,1025.00,2026-05-07 09:30:58
2026-03-24,2026-03-24 11:00:00,2026-03-24 11:00:00,OG,Backtest,AdxDiCrossBracketOG,OG_AdxDiCrossBracketOG,OG,NQ,NQ JUN26,LONG,1,24281.50,24217.75,-1279.36,-1283.72,-256.7,LOSS,STOP_HIT,24218.25,1265.00,2026-05-07 09:30:58
2026-01-16,2026-01-16 11:30:00,2026-01-16 11:35:00,OG,Backtest,AdxDiCrossBracketOG,OG_AdxDiCrossBracketOG,OG,NQ,NQ JUN26,LONG,1,25911.50,25925.25,270.64,266.28,53.3,WIN,STOP_HIT,25874.75,735.00,2026-05-07 09:30:58
2026-02-24,2026-02-24 10:15:00,2026-02-24 10:30:00,OG,Backtest,AdxDiCrossBracketOG,OG_AdxDiCrossBracketOG,OG,NQ,NQ JUN26,LONG,1,25109.25,25175.00,1310.64,1306.28,261.3,WIN,TARGET_HIT,25042.00,1345.00,2026-05-07 09:30:58
2026-03-27,2026-03-27 11:40:00,2026-03-27 11:45:00,OG,Backtest,AdxDiCrossBracketOG,OG_AdxDiCrossBracketOG,OG,NQ,NQ JUN26,LONG,1,23597.00,23541.00,-1124.36,-1128.72,-225.7,LOSS,STOP_HIT,23541.50,1110.00,2026-05-07 09:30:58
2026-04-16,2026-04-16 10:00:00,2026-04-16 10:00:00,OG,Backtest,AdxDiCrossBracketOG,OG_AdxDiCrossBracketOG,OG,NQ,NQ JUN26,SHORT,1,26282.00,26314.50,-654.36,-658.72,-131.7,LOSS,STOP_HIT,26314.00,640.00,2026-05-07 09:30:58
2026-01-30,2026-01-30 10:55:00,2026-01-30 11:00:00,OG,Backtest,AdxDiCrossBracketOG,OG_AdxDiCrossBracketOG,OG,NQ,NQ JUN26,LONG,1,26117.25,26072.25,-904.36,-908.72,-181.7,LOSS,STOP_HIT,26031.75,1710.00,2026-05-07 09:30:58
2026-01-07,2026-01-07 10:10:00,2026-01-07 10:15:00,OG,Backtest,AdxDiCrossBracketOG,OG_AdxDiCrossBracketOG,OG,NQ,NQ JUN26,SHORT,1,26050.75,26065.00,-289.36,-293.72,-58.7,LOSS,STOP_HIT,26083.25,650.00,2026-05-07 09:30:58
2026-04-16,2026-04-16 10:15:00,2026-04-16 10:15:00,OG,Backtest,AdxDiCrossBracketOG,OG_AdxDiCrossBracketOG,OG,NQ,NQ JUN26,LONG,1,26347.25,26381.00,670.64,666.28,133.3,WIN,TARGET_HIT,26311.50,715.00,2026-05-07 09:30:58
2026-04-06,2026-04-06 10:55:00,2026-04-06 11:00:00,OG,Backtest,AdxDiCrossBracketOG,OG_AdxDiCrossBracketOG,OG,NQ,NQ JUN26,SHORT,1,24269.25,24321.50,-1049.36,-1053.72,-210.7,LOSS,STOP_HIT,24321.00,1035.00,2026-05-07 09:30:58
2026-01-23,2026-01-23 10:10:00,2026-01-23 10:15:00,OG,Backtest,AdxDiCrossBracketOG,OG_AdxDiCrossBracketOG,OG,NQ,NQ JUN26,LONG,1,25921.00,25885.00,-724.36,-728.72,-145.7,LOSS,STOP_HIT,25885.50,710.00,2026-05-07 09:30:58
2026-02-24,2026-02-24 10:10:00,2026-02-24 10:10:00,OG,Backtest,AdxDiCrossBracketOG,OG_AdxDiCrossBracketOG,OG,NQ,NQ JUN26,SHORT,1,25048.75,25092.75,-884.36,-888.72,-177.7,LOSS,STOP_HIT,25092.25,870.00,2026-05-07 09:30:58
2026-04-21,2026-04-21 11:05:00,2026-04-21 11:05:00,OG,Backtest,AdxDiCrossBracketOG,OG_AdxDiCrossBracketOG,OG,NQ,NQ JUN26,SHORT,1,26737.25,26702.00,700.64,696.28,139.3,WIN,TARGET_HIT,26771.50,685.00,2026-05-07 09:30:58
2026-01-28,2026-01-28 10:55:00,2026-01-28 11:20:00,OG,Backtest,AdxDiCrossBracketOG,OG_AdxDiCrossBracketOG,OG,NQ,NQ JUN26,SHORT,1,26395.25,26393.00,40.64,36.28,7.3,WIN,STOP_HIT,26429.00,675.00,2026-05-07 09:30:58
2026-05-01,2026-05-01 11:10:00,2026-05-01 11:15:00,OG,Backtest,AdxDiCrossBracketOG,OG_AdxDiCrossBracketOG,OG,NQ,NQ JUN26,SHORT,1,27795.25,27837.00,-839.36,-843.72,-168.7,LOSS,STOP_HIT,27836.50,825.00,2026-05-07 09:30:58
2026-02-11,2026-02-11 11:05:00,2026-02-11 11:10:00,OG,Backtest,AdxDiCrossBracketOG,OG_AdxDiCrossBracketOG,OG,NQ,NQ JUN26,LONG,1,25453.50,25418.25,-709.36,-713.72,-142.7,LOSS,STOP_HIT,25363.00,1810.00,2026-05-07 09:30:58
2026-02-13,2026-02-13 10:35:00,2026-02-13 10:35:00,OG,Backtest,AdxDiCrossBracketOG,OG_AdxDiCrossBracketOG,OG,NQ,NQ JUN26,LONG,1,25058.00,25127.00,1375.64,1371.28,274.3,WIN,TARGET_HIT,24987.50,1410.00,2026-05-07 09:30:58
2026-04-13,2026-04-13 10:00:00,2026-04-13 10:00:00,OG,Backtest,AdxDiCrossBracketOG,OG_AdxDiCrossBracketOG,OG,NQ,NQ JUN26,LONG,1,25271.50,25305.75,680.64,676.28,135.3,WIN,TARGET_HIT,25235.75,715.00,2026-05-07 09:30:58
2026-04-13,2026-04-13 10:00:00,2026-04-13 10:05:00,OG,Backtest,AdxDiCrossBracketOG,OG_AdxDiCrossBracketOG,OG,NQ,NQ JUN26,LONG,1,25271.50,25306.25,690.64,686.28,137.3,WIN,STOP_HIT,25218.25,1065.00,2026-05-07 09:30:58
2026-02-17,2026-02-17 11:10:00,2026-02-17 11:15:00,OG,Backtest,AdxDiCrossBracketOG,OG_AdxDiCrossBracketOG,OG,NQ,NQ JUN26,LONG,1,24861.25,24960.75,1985.64,1981.28,396.3,WIN,TARGET_HIT,24760.25,2020.00,2026-05-07 09:30:58
2026-04-16,2026-04-16 10:15:00,2026-04-16 10:25:00,OG,Backtest,AdxDiCrossBracketOG,OG_AdxDiCrossBracketOG,OG,NQ,NQ JUN26,LONG,1,26347.25,26314.50,-659.36,-663.72,-132.7,LOSS,STOP_HIT,26294.25,1060.00,2026-05-07 09:30:58
2026-01-16,2026-01-16 11:30:00,2026-01-16 11:35:00,OG,Backtest,AdxDiCrossBracketOG,OG_AdxDiCrossBracketOG,OG,NQ,NQ JUN26,LONG,1,25911.50,25925.25,270.64,266.28,53.3,WIN,STOP_HIT,25857.00,1090.00,2026-05-07 09:30:58
2026-02-11,2026-02-11 10:20:00,2026-02-11 10:20:00,OG,Backtest,AdxDiCrossBracketOG,OG_AdxDiCrossBracketOG,OG,NQ,NQ JUN26,SHORT,1,25396.00,25345.50,1005.64,1001.28,200.3,WIN,TARGET_HIT,25448.50,1050.00,2026-05-07 09:30:58
2026-02-24,2026-02-24 10:15:00,2026-02-24 10:15:00,OG,Backtest,AdxDiCrossBracketOG,OG_AdxDiCrossBracketOG,OG,NQ,NQ JUN26,LONG,1,25109.25,25063.75,-914.36,-918.72,-183.7,LOSS,STOP_HIT,25064.25,900.00,2026-05-07 09:30:58
2026-03-03,2026-03-03 11:40:00,2026-03-03 11:50:00,OG,Backtest,AdxDiCrossBracketOG,OG_AdxDiCrossBracketOG,OG,NQ,NQ JUN26,SHORT,1,24817.25,24864.25,-944.36,-948.72,-189.7,LOSS,STOP_HIT,24915.75,1970.00,2026-05-07 09:30:58
2026-01-09,2026-01-09 09:45:00,2026-01-09 09:50:00,OG,Backtest,AdxDiCrossBracketOG,OG_AdxDiCrossBracketOG,OG,NQ,NQ JUN26,LONG,1,25965.00,25937.50,-554.36,-558.72,-111.7,LOSS,STOP_HIT,25938.00,540.00,2026-05-07 09:30:58
2026-02-17,2026-02-17 11:10:00,2026-02-17 11:10:00,OG,Backtest,AdxDiCrossBracketOG,OG_AdxDiCrossBracketOG,OG,NQ,NQ JUN26,LONG,1,24861.25,24927.25,1315.64,1311.28,262.3,WIN,TARGET_HIT,24793.75,1350.00,2026-05-07 09:30:58
2026-01-06,2026-01-06 11:00:00,2026-01-06 11:05:00,OG,Backtest,AdxDiCrossBracketOG,OG_AdxDiCrossBracketOG,OG,NQ,NQ JUN26,SHORT,1,25909.25,25880.75,565.64,561.28,112.3,WIN,TARGET_HIT,25938.25,580.00,2026-05-07 09:30:58
2026-02-24,2026-02-24 09:50:00,2026-02-24 09:50:00,OG,Backtest,AdxDiCrossBracketOG,OG_AdxDiCrossBracketOG,OG,NQ,NQ JUN26,LONG,1,25120.50,25157.50,735.64,731.28,146.3,WIN,TARGET_HIT,25081.50,780.00,2026-05-07 09:30:58
2026-01-09,2026-01-09 10:15:00,2026-01-09 10:15:00,OG,Backtest,AdxDiCrossBracketOG,OG_AdxDiCrossBracketOG,OG,NQ,NQ JUN26,SHORT,1,25850.50,25918.00,-1354.36,-1358.72,-271.7,LOSS,STOP_HIT,25917.50,1340.00,2026-05-07 09:30:58
2026-01-06,2026-01-06 11:00:00,2026-01-06 11:10:00,OG,Backtest,AdxDiCrossBracketOG,OG_AdxDiCrossBracketOG,OG,NQ,NQ JUN26,SHORT,1,25909.25,25866.25,855.64,851.28,170.3,WIN,TARGET_HIT,25952.75,870.00,2026-05-07 09:30:58
2026-03-19,2026-03-19 11:15:00,2026-03-19 11:25:00,OG,Backtest,AdxDiCrossBracketOG,OG_AdxDiCrossBracketOG,OG,NQ,NQ JUN26,LONG,1,24530.25,24486.25,-884.36,-888.72,-177.7,LOSS,STOP_HIT,24444.75,1710.00,2026-05-07 09:30:58
2026-03-03,2026-03-03 11:25:00,2026-03-03 11:40:00,OG,Backtest,AdxDiCrossBracketOG,OG_AdxDiCrossBracketOG,OG,NQ,NQ JUN26,LONG,1,24794.50,24817.25,450.64,446.28,89.3,WIN,STOP_HIT,24724.00,1410.00,2026-05-07 09:30:58
2026-01-30,2026-01-30 10:55:00,2026-01-30 10:55:00,OG,Backtest,AdxDiCrossBracketOG,OG_AdxDiCrossBracketOG,OG,NQ,NQ JUN26,LONG,1,26117.25,26059.50,-1159.36,-1163.72,-232.7,LOSS,STOP_HIT,26060.00,1145.00,2026-05-07 09:30:58
2026-03-06,2026-03-06 11:10:00,2026-03-06 11:15:00,OG,Backtest,AdxDiCrossBracketOG,OG_AdxDiCrossBracketOG,OG,NQ,NQ JUN26,LONG,1,25101.50,25059.00,-854.36,-858.72,-171.7,LOSS,STOP_HIT,25038.75,1255.00,2026-05-07 09:30:58
2026-03-06,2026-03-06 11:10:00,2026-03-06 11:15:00,OG,Backtest,AdxDiCrossBracketOG,OG_AdxDiCrossBracketOG,OG,NQ,NQ JUN26,LONG,1,25101.50,25059.00,-854.36,-858.72,-171.7,LOSS,STOP_HIT,25038.75,1255.00,2026-05-07 09:30:58
2026-03-25,2026-03-25 11:20:00,2026-03-25 11:20:00,OG,Backtest,AdxDiCrossBracketOG,OG_AdxDiCrossBracketOG,OG,NQ,NQ JUN26,SHORT,1,24386.00,24311.00,1495.64,1491.28,298.3,WIN,TARGET_HIT,24463.50,1550.00,2026-05-07 09:30:58
2026-03-24,2026-03-24 11:00:00,2026-03-24 11:00:00,OG,Backtest,AdxDiCrossBracketOG,OG_AdxDiCrossBracketOG,OG,NQ,NQ JUN26,LONG,1,24281.50,24186.50,-1904.36,-1908.72,-381.7,LOSS,STOP_HIT,24187.00,1890.00,2026-05-07 09:30:58
2026-05-04,2026-05-04 11:05:00,2026-05-04 11:10:00,OG,Backtest,AdxDiCrossBracketOG,OG_AdxDiCrossBracketOG,OG,NQ,NQ JUN26,SHORT,1,27881.50,27890.00,-174.36,-178.72,-35.7,LOSS,STOP_HIT,27933.75,1045.00,2026-05-07 09:30:58
2026-03-03,2026-03-03 11:25:00,2026-03-03 11:40:00,OG,Backtest,AdxDiCrossBracketOG,OG_AdxDiCrossBracketOG,OG,NQ,NQ JUN26,LONG,1,24794.50,24817.25,450.64,446.28,89.3,WIN,STOP_HIT,24689.25,2105.00,2026-05-07 09:30:58
2026-01-09,2026-01-09 09:45:00,2026-01-09 09:50:00,OG,Backtest,AdxDiCrossBracketOG,OG_AdxDiCrossBracketOG,OG,NQ,NQ JUN26,LONG,1,25965.00,25924.25,-819.36,-823.72,-164.7,LOSS,STOP_HIT,25924.75,805.00,2026-05-07 09:30:58
2026-01-09,2026-01-09 10:10:00,2026-01-09 10:10:00,OG,Backtest,AdxDiCrossBracketOG,OG_AdxDiCrossBracketOG,OG,NQ,NQ JUN26,LONG,1,25921.75,25881.75,-804.36,-808.72,-161.7,LOSS,STOP_HIT,25882.25,790.00,2026-05-07 09:30:58
2026-01-09,2026-01-09 10:10:00,2026-01-09 10:10:00,OG,Backtest,AdxDiCrossBracketOG,OG_AdxDiCrossBracketOG,OG,NQ,NQ JUN26,LONG,1,25921.75,25881.75,-804.36,-808.72,-161.7,LOSS,STOP_HIT,25882.25,790.00,2026-05-07 09:30:58
2026-04-16,2026-04-16 10:00:00,2026-04-16 10:05:00,OG,Backtest,AdxDiCrossBracketOG,OG_AdxDiCrossBracketOG,OG,NQ,NQ JUN26,SHORT,1,26282.00,26330.25,-969.36,-973.72,-194.7,LOSS,STOP_HIT,26329.75,955.00,2026-05-07 09:30:58
2026-04-06,2026-04-06 10:55:00,2026-04-06 11:05:00,OG,Backtest,AdxDiCrossBracketOG,OG_AdxDiCrossBracketOG,OG,NQ,NQ JUN26,SHORT,1,24269.25,24306.75,-754.36,-758.72,-151.7,LOSS,STOP_HIT,24347.00,1555.00,2026-05-07 09:30:58
2026-02-24,2026-02-24 09:50:00,2026-02-24 10:05:00,OG,Backtest,AdxDiCrossBracketOG,OG_AdxDiCrossBracketOG,OG,NQ,NQ JUN26,LONG,1,25120.50,25068.25,-1049.36,-1053.72,-210.7,LOSS,STOP_HIT,25062.50,1160.00,2026-05-07 09:30:58
2026-02-11,2026-02-11 10:20:00,2026-02-11 10:25:00,OG,Backtest,AdxDiCrossBracketOG,OG_AdxDiCrossBracketOG,OG,NQ,NQ JUN26,SHORT,1,25396.00,25319.50,1525.64,1521.28,304.3,WIN,TARGET_HIT,25474.50,1570.00,2026-05-07 09:30:58
2026-03-20,2026-03-20 11:30:00,2026-03-20 12:05:00,OG,Backtest,AdxDiCrossBracketOG,OG_AdxDiCrossBracketOG,OG,NQ,NQ JUN26,LONG,1,24274.25,24327.75,1065.64,1061.28,212.3,WIN,TARGET_HIT,24219.75,1090.00,2026-05-07 09:30:58
2026-04-07,2026-04-07 11:40:00,2026-04-07 12:05:00,OG,Backtest,AdxDiCrossBracketOG,OG_AdxDiCrossBracketOG,OG,NQ,NQ JUN26,LONG,1,24071.50,24140.75,1380.64,1376.28,275.3,WIN,TARGET_HIT,24001.75,1395.00,2026-05-07 09:30:58
2026-03-17,2026-03-17 11:15:00,2026-03-17 11:25:00,OG,Backtest,AdxDiCrossBracketOG,OG_AdxDiCrossBracketOG,OG,NQ,NQ JUN26,SHORT,1,25020.50,25045.25,-499.36,-503.72,-100.7,LOSS,STOP_HIT,25074.00,1070.00,2026-05-07 09:30:58
2026-01-09,2026-01-09 09:55:00,2026-01-09 09:55:00,OG,Backtest,AdxDiCrossBracketOG,OG_AdxDiCrossBracketOG,OG,NQ,NQ JUN26,SHORT,1,25913.25,25948.25,-704.36,-708.72,-141.7,LOSS,STOP_HIT,25947.75,690.00,2026-05-07 09:30:58
2026-04-10,2026-04-10 11:45:00,2026-04-10 12:00:00,OG,Backtest,AdxDiCrossBracketOG,OG_AdxDiCrossBracketOG,OG,NQ,NQ JUN26,SHORT,1,25301.50,25279.25,440.64,436.28,87.3,WIN,STOP_HIT,25350.25,975.00,2026-05-07 09:30:58
2026-01-28,2026-01-28 10:55:00,2026-01-28 11:20:00,OG,Backtest,AdxDiCrossBracketOG,OG_AdxDiCrossBracketOG,OG,NQ,NQ JUN26,SHORT,1,26395.25,26393.00,40.64,36.28,7.3,WIN,STOP_HIT,26429.00,675.00,2026-05-07 09:30:58
2026-01-09,2026-01-09 10:10:00,2026-01-09 10:10:00,OG,Backtest,AdxDiCrossBracketOG,OG_AdxDiCrossBracketOG,OG,NQ,NQ JUN26,LONG,1,25921.75,25881.75,-804.36,-808.72,-161.7,LOSS,STOP_HIT,25882.25,790.00,2026-05-07 09:30:58
2026-03-20,2026-03-20 11:30:00,2026-03-20 12:05:00,OG,Backtest,AdxDiCrossBracketOG,OG_AdxDiCrossBracketOG,OG,NQ,NQ JUN26,LONG,1,24274.25,24354.75,1605.64,1601.28,320.3,WIN,TARGET_HIT,24192.75,1630.00,2026-05-07 09:30:58
2026-04-16,2026-04-16 10:00:00,2026-04-16 10:05:00,OG,Backtest,AdxDiCrossBracketOG,OG_AdxDiCrossBracketOG,OG,NQ,NQ JUN26,SHORT,1,26282.00,26330.25,-969.36,-973.72,-194.7,LOSS,STOP_HIT,26329.75,955.00,2026-05-07 09:30:58
2026-01-28,2026-01-28 10:55:00,2026-01-28 11:20:00,OG,Backtest,AdxDiCrossBracketOG,OG_AdxDiCrossBracketOG,OG,NQ,NQ JUN26,SHORT,1,26395.25,26393.00,40.64,36.28,7.3,WIN,STOP_HIT,26429.00,675.00,2026-05-07 09:30:58
2026-01-28,2026-01-28 10:55:00,2026-01-28 11:20:00,OG,Backtest,AdxDiCrossBracketOG,OG_AdxDiCrossBracketOG,OG,NQ,NQ JUN26,SHORT,1,26395.25,26393.00,40.64,36.28,7.3,WIN,STOP_HIT,26429.00,675.00,2026-05-07 09:30:58
2026-01-12,2026-01-12 11:25:00,2026-01-12 11:30:00,OG,Backtest,AdxDiCrossBracketOG,OG_AdxDiCrossBracketOG,OG,NQ,NQ JUN26,LONG,1,26158.75,26152.25,-134.36,-138.72,-27.7,LOSS,STOP_HIT,26131.75,540.00,2026-05-07 09:30:58
2026-04-16,2026-04-16 10:15:00,2026-04-16 10:15:00,OG,Backtest,AdxDiCrossBracketOG,OG_AdxDiCrossBracketOG,OG,NQ,NQ JUN26,LONG,1,26347.25,26381.00,670.64,666.28,133.3,WIN,TARGET_HIT,26311.50,715.00,2026-05-07 09:30:58
2026-04-16,2026-04-16 10:00:00,2026-04-16 10:00:00,OG,Backtest,AdxDiCrossBracketOG,OG_AdxDiCrossBracketOG,OG,NQ,NQ JUN26,SHORT,1,26282.00,26314.50,-654.36,-658.72,-131.7,LOSS,STOP_HIT,26314.00,640.00,2026-05-07 09:30:58
2026-01-23,2026-01-23 10:10:00,2026-01-23 10:20:00,OG,Backtest,AdxDiCrossBracketOG,OG_AdxDiCrossBracketOG,OG,NQ,NQ JUN26,LONG,1,25921.00,25883.25,-759.36,-763.72,-152.7,LOSS,STOP_HIT,25868.00,1060.00,2026-05-07 09:30:58
2026-03-20,2026-03-20 11:30:00,2026-03-20 12:05:00,OG,Backtest,AdxDiCrossBracketOG,OG_AdxDiCrossBracketOG,OG,NQ,NQ JUN26,LONG,1,24274.25,24354.75,1605.64,1601.28,320.3,WIN,TARGET_HIT,24192.75,1630.00,2026-05-07 09:30:58
2026-04-10,2026-04-10 11:45:00,2026-04-10 12:00:00,OG,Backtest,AdxDiCrossBracketOG,OG_AdxDiCrossBracketOG,OG,NQ,NQ JUN26,SHORT,1,25301.50,25279.25,440.64,436.28,87.3,WIN,STOP_HIT,25350.25,975.00,2026-05-07 09:30:58
2026-02-03,2026-02-03 09:50:00,2026-02-03 09:50:00,OG,Backtest,AdxDiCrossBracketOG,OG_AdxDiCrossBracketOG,OG,NQ,NQ JUN26,SHORT,1,25960.75,26016.50,-1119.36,-1123.72,-224.7,LOSS,STOP_HIT,26016.00,1105.00,2026-05-07 09:30:58
2026-03-06,2026-03-06 11:10:00,2026-03-06 11:15:00,OG,Backtest,AdxDiCrossBracketOG,OG_AdxDiCrossBracketOG,OG,NQ,NQ JUN26,LONG,1,25101.50,25059.00,-854.36,-858.72,-171.7,LOSS,STOP_HIT,25007.25,1885.00,2026-05-07 09:30:58
2026-02-11,2026-02-11 11:05:00,2026-02-11 11:10:00,OG,Backtest,AdxDiCrossBracketOG,OG_AdxDiCrossBracketOG,OG,NQ,NQ JUN26,LONG,1,25453.50,25418.25,-709.36,-713.72,-142.7,LOSS,STOP_HIT,25393.00,1210.00,2026-05-07 09:30:58
2026-02-05,2026-02-05 11:40:00,2026-02-05 11:50:00,OG,Backtest,AdxDiCrossBracketOG,OG_AdxDiCrossBracketOG,OG,NQ,NQ JUN26,LONG,1,25025.50,24992.25,-669.36,-673.72,-134.7,LOSS,STOP_HIT,24938.00,1750.00,2026-05-07 09:30:58
2026-03-12,2026-03-12 11:50:00,2026-03-12 11:50:00,OG,Backtest,AdxDiCrossBracketOG,OG_AdxDiCrossBracketOG,OG,NQ,NQ JUN26,LONG,1,24898.00,24844.00,-1084.36,-1088.72,-217.7,LOSS,STOP_HIT,24844.50,1070.00,2026-05-07 09:30:58
2026-04-13,2026-04-13 10:00:00,2026-04-13 10:00:00,OG,Backtest,AdxDiCrossBracketOG,OG_AdxDiCrossBracketOG,OG,NQ,NQ JUN26,LONG,1,25271.50,25305.75,680.64,676.28,135.3,WIN,TARGET_HIT,25235.75,715.00,2026-05-07 09:30:58
2026-02-13,2026-02-13 10:50:00,2026-02-13 11:00:00,OG,Backtest,AdxDiCrossBracketOG,OG_AdxDiCrossBracketOG,OG,NQ,NQ JUN26,SHORT,1,24983.00,25027.00,-884.36,-888.72,-177.7,LOSS,STOP_HIT,25055.00,1440.00,2026-05-07 09:30:59
2026-03-17,2026-03-17 11:15:00,2026-03-17 11:25:00,OG,Backtest,AdxDiCrossBracketOG,OG_AdxDiCrossBracketOG,OG,NQ,NQ JUN26,SHORT,1,25020.50,25045.25,-499.36,-503.72,-100.7,LOSS,STOP_HIT,25074.00,1070.00,2026-05-07 09:30:59
2026-01-07,2026-01-07 10:10:00,2026-01-07 10:15:00,OG,Backtest,AdxDiCrossBracketOG,OG_AdxDiCrossBracketOG,OG,NQ,NQ JUN26,SHORT,1,26050.75,26065.00,-289.36,-293.72,-58.7,LOSS,STOP_HIT,26083.25,650.00,2026-05-07 09:30:59
2026-02-17,2026-02-17 11:10:00,2026-02-17 11:10:00,OG,Backtest,AdxDiCrossBracketOG,OG_AdxDiCrossBracketOG,OG,NQ,NQ JUN26,LONG,1,24861.25,24927.25,1315.64,1311.28,262.3,WIN,TARGET_HIT,24793.75,1350.00,2026-05-07 09:30:59
2026-02-13,2026-02-13 10:35:00,2026-02-13 10:35:00,OG,Backtest,AdxDiCrossBracketOG,OG_AdxDiCrossBracketOG,OG,NQ,NQ JUN26,LONG,1,25058.00,25127.00,1375.64,1371.28,274.3,WIN,TARGET_HIT,24987.50,1410.00,2026-05-07 09:30:59
2026-03-24,2026-03-24 11:00:00,2026-03-24 11:00:00,OG,Backtest,AdxDiCrossBracketOG,OG_AdxDiCrossBracketOG,OG,NQ,NQ JUN26,LONG,1,24281.50,24186.50,-1904.36,-1908.72,-381.7,LOSS,STOP_HIT,24187.00,1890.00,2026-05-07 09:30:59
2026-03-25,2026-03-25 11:20:00,2026-03-25 11:20:00,OG,Backtest,AdxDiCrossBracketOG,OG_AdxDiCrossBracketOG,OG,NQ,NQ JUN26,SHORT,1,24386.00,24336.50,985.64,981.28,196.3,WIN,TARGET_HIT,24438.00,1040.00,2026-05-07 09:30:59
2026-02-24,2026-02-24 10:10:00,2026-02-24 10:10:00,OG,Backtest,AdxDiCrossBracketOG,OG_AdxDiCrossBracketOG,OG,NQ,NQ JUN26,SHORT,1,25048.75,25114.00,-1309.36,-1313.72,-262.7,LOSS,STOP_HIT,25113.50,1295.00,2026-05-07 09:30:59
2026-02-13,2026-02-13 10:50:00,2026-02-13 11:00:00,OG,Backtest,AdxDiCrossBracketOG,OG_AdxDiCrossBracketOG,OG,NQ,NQ JUN26,SHORT,1,24983.00,25027.00,-884.36,-888.72,-177.7,LOSS,STOP_HIT,25091.50,2170.00,2026-05-07 09:30:59
2026-03-27,2026-03-27 11:40:00,2026-03-27 12:00:00,OG,Backtest,AdxDiCrossBracketOG,OG_AdxDiCrossBracketOG,OG,NQ,NQ JUN26,LONG,1,23597.00,23550.75,-929.36,-933.72,-186.7,LOSS,STOP_HIT,23514.00,1660.00,2026-05-07 09:30:59
2026-03-03,2026-03-03 11:25:00,2026-03-03 11:40:00,OG,Backtest,AdxDiCrossBracketOG,OG_AdxDiCrossBracketOG,OG,NQ,NQ JUN26,LONG,1,24794.50,24817.25,450.64,446.28,89.3,WIN,STOP_HIT,24724.00,1410.00,2026-05-07 09:30:59
2026-03-06,2026-03-06 11:10:00,2026-03-06 11:15:00,OG,Backtest,AdxDiCrossBracketOG,OG_AdxDiCrossBracketOG,OG,NQ,NQ JUN26,LONG,1,25101.50,25059.00,-854.36,-858.72,-171.7,LOSS,STOP_HIT,25007.25,1885.00,2026-05-07 09:30:59
2026-02-11,2026-02-11 10:20:00,2026-02-11 10:25:00,OG,Backtest,AdxDiCrossBracketOG,OG_AdxDiCrossBracketOG,OG,NQ,NQ JUN26,SHORT,1,25396.00,25319.50,1525.64,1521.28,304.3,WIN,TARGET_HIT,25474.50,1570.00,2026-05-07 09:30:59
2026-02-24,2026-02-24 10:15:00,2026-02-24 10:15:00,OG,Backtest,AdxDiCrossBracketOG,OG_AdxDiCrossBracketOG,OG,NQ,NQ JUN26,LONG,1,25109.25,25063.75,-914.36,-918.72,-183.7,LOSS,STOP_HIT,25064.25,900.00,2026-05-07 09:30:59
2026-03-20,2026-03-20 11:30:00,2026-03-20 12:05:00,OG,Backtest,AdxDiCrossBracketOG,OG_AdxDiCrossBracketOG,OG,NQ,NQ JUN26,LONG,1,24274.25,24327.75,1065.64,1061.28,212.3,WIN,TARGET_HIT,24219.75,1090.00,2026-05-07 09:30:59
2026-01-16,2026-01-16 11:40:00,2026-01-16 11:50:00,OG,Backtest,AdxDiCrossBracketOG,OG_AdxDiCrossBracketOG,OG,NQ,NQ JUN26,LONG,1,25923.75,25946.25,445.64,441.28,88.3,WIN,STOP_HIT,25871.75,1040.00,2026-05-07 09:30:59
2026-04-13,2026-04-13 10:00:00,2026-04-13 10:05:00,OG,Backtest,AdxDiCrossBracketOG,OG_AdxDiCrossBracketOG,OG,NQ,NQ JUN26,LONG,1,25271.50,25306.25,690.64,686.28,137.3,WIN,STOP_HIT,25218.25,1065.00,2026-05-07 09:30:59
2026-02-24,2026-02-24 10:15:00,2026-02-24 10:30:00,OG,Backtest,AdxDiCrossBracketOG,OG_AdxDiCrossBracketOG,OG,NQ,NQ JUN26,LONG,1,25109.25,25175.00,1310.64,1306.28,261.3,WIN,TARGET_HIT,25042.00,1345.00,2026-05-07 09:30:59
2026-03-06,2026-03-06 11:10:00,2026-03-06 11:15:00,OG,Backtest,AdxDiCrossBracketOG,OG_AdxDiCrossBracketOG,OG,NQ,NQ JUN26,LONG,1,25101.50,25059.00,-854.36,-858.72,-171.7,LOSS,STOP_HIT,25038.75,1255.00,2026-05-07 09:30:59
2026-02-05,2026-02-05 11:40:00,2026-02-05 11:50:00,OG,Backtest,AdxDiCrossBracketOG,OG_AdxDiCrossBracketOG,OG,NQ,NQ JUN26,LONG,1,25025.50,24992.25,-669.36,-673.72,-134.7,LOSS,STOP_HIT,24895.00,2610.00,2026-05-07 09:30:59
2026-01-13,2026-01-13 10:10:00,2026-01-13 10:15:00,OG,Backtest,AdxDiCrossBracketOG,OG_AdxDiCrossBracketOG,OG,NQ,NQ JUN26,SHORT,1,26138.00,26121.75,320.64,316.28,63.3,WIN,STOP_HIT,26183.00,900.00,2026-05-07 09:30:59
2026-01-20,2026-01-20 10:50:00,2026-01-20 10:55:00,OG,Backtest,AdxDiCrossBracketOG,OG_AdxDiCrossBracketOG,OG,NQ,NQ JUN26,LONG,1,25598.00,25559.50,-774.36,-778.72,-155.7,LOSS,STOP_HIT,25527.25,1415.00,2026-05-07 09:30:59
2026-04-06,2026-04-06 11:05:00,2026-04-06 11:25:00,OG,Backtest,AdxDiCrossBracketOG,OG_AdxDiCrossBracketOG,OG,NQ,NQ JUN26,LONG,1,24306.75,24291.50,-309.36,-313.72,-62.7,LOSS,STOP_HIT,24255.50,1025.00,2026-05-07 09:30:59
2026-03-20,2026-03-20 11:30:00,2026-03-20 12:05:00,OG,Backtest,AdxDiCrossBracketOG,OG_AdxDiCrossBracketOG,OG,NQ,NQ JUN26,LONG,1,24274.25,24354.75,1605.64,1601.28,320.3,WIN,TARGET_HIT,24192.75,1630.00,2026-05-07 09:30:59
2026-03-09,2026-03-09 10:45:00,2026-03-09 10:50:00,OG,Backtest,AdxDiCrossBracketOG,OG_AdxDiCrossBracketOG,OG,NQ,NQ JUN26,LONG,1,24692.00,24762.25,1400.64,1396.28,279.3,WIN,TARGET_HIT,24622.25,1395.00,2026-05-07 09:30:59
2026-01-16,2026-01-16 11:30:00,2026-01-16 11:35:00,OG,Backtest,AdxDiCrossBracketOG,OG_AdxDiCrossBracketOG,OG,NQ,NQ JUN26,LONG,1,25911.50,25925.25,270.64,266.28,53.3,WIN,STOP_HIT,25857.00,1090.00,2026-05-07 09:30:59
2026-03-12,2026-03-12 11:50:00,2026-03-12 11:50:00,OG,Backtest,AdxDiCrossBracketOG,OG_AdxDiCrossBracketOG,OG,NQ,NQ JUN26,LONG,1,24898.00,24844.00,-1084.36,-1088.72,-217.7,LOSS,STOP_HIT,24844.50,1070.00,2026-05-07 09:30:59
2026-01-09,2026-01-09 09:45:00,2026-01-09 09:50:00,OG,Backtest,AdxDiCrossBracketOG,OG_AdxDiCrossBracketOG,OG,NQ,NQ JUN26,LONG,1,25965.00,25937.50,-554.36,-558.72,-111.7,LOSS,STOP_HIT,25938.00,540.00,2026-05-07 09:30:59
2026-01-23,2026-01-23 10:10:00,2026-01-23 10:25:00,OG,Backtest,AdxDiCrossBracketOG,OG_AdxDiCrossBracketOG,OG,NQ,NQ JUN26,LONG,1,25921.00,25890.75,-609.36,-613.72,-122.7,LOSS,STOP_HIT,25868.00,1060.00,2026-05-07 09:30:59
2026-01-13,2026-01-13 10:10:00,2026-01-13 10:15:00,OG,Backtest,AdxDiCrossBracketOG,OG_AdxDiCrossBracketOG,OG,NQ,NQ JUN26,SHORT,1,26138.00,26121.75,320.64,316.28,63.3,WIN,STOP_HIT,26183.00,900.00,2026-05-07 09:30:59
2026-04-06,2026-04-06 11:05:00,2026-04-06 11:30:00,OG,Backtest,AdxDiCrossBracketOG,OG_AdxDiCrossBracketOG,OG,NQ,NQ JUN26,LONG,1,24306.75,24279.50,-549.36,-553.72,-110.7,LOSS,STOP_HIT,24255.50,1025.00,2026-05-07 09:30:59
2026-03-24,2026-03-24 11:00:00,2026-03-24 11:00:00,OG,Backtest,AdxDiCrossBracketOG,OG_AdxDiCrossBracketOG,OG,NQ,NQ JUN26,LONG,1,24281.50,24217.75,-1279.36,-1283.72,-256.7,LOSS,STOP_HIT,24218.25,1265.00,2026-05-07 09:30:59
2026-01-09,2026-01-09 10:15:00,2026-01-09 10:15:00,OG,Backtest,AdxDiCrossBracketOG,OG_AdxDiCrossBracketOG,OG,NQ,NQ JUN26,SHORT,1,25850.50,25896.25,-919.36,-923.72,-184.7,LOSS,STOP_HIT,25895.75,905.00,2026-05-07 09:30:59
2026-03-19,2026-03-19 11:15:00,2026-03-19 11:25:00,OG,Backtest,AdxDiCrossBracketOG,OG_AdxDiCrossBracketOG,OG,NQ,NQ JUN26,LONG,1,24530.25,24486.25,-884.36,-888.72,-177.7,LOSS,STOP_HIT,24444.75,1710.00,2026-05-07 09:30:59
2026-05-01,2026-05-01 11:20:00,2026-05-01 11:40:00,OG,Backtest,AdxDiCrossBracketOG,OG_AdxDiCrossBracketOG,OG,NQ,NQ JUN26,LONG,1,27837.25,27877.75,805.64,801.28,160.3,WIN,TARGET_HIT,27796.25,820.00,2026-05-07 09:30:59
2026-03-06,2026-03-06 11:10:00,2026-03-06 11:15:00,OG,Backtest,AdxDiCrossBracketOG,OG_AdxDiCrossBracketOG,OG,NQ,NQ JUN26,LONG,1,25101.50,25059.00,-854.36,-858.72,-171.7,LOSS,STOP_HIT,25007.25,1885.00,2026-05-07 09:30:59
2026-02-03,2026-02-03 09:50:00,2026-02-03 09:50:00,OG,Backtest,AdxDiCrossBracketOG,OG_AdxDiCrossBracketOG,OG,NQ,NQ JUN26,SHORT,1,25960.75,26016.50,-1119.36,-1123.72,-224.7,LOSS,STOP_HIT,26016.00,1105.00,2026-05-07 09:30:59
2026-02-11,2026-02-11 11:05:00,2026-02-11 11:10:00,OG,Backtest,AdxDiCrossBracketOG,OG_AdxDiCrossBracketOG,OG,NQ,NQ JUN26,LONG,1,25453.50,25418.25,-709.36,-713.72,-142.7,LOSS,STOP_HIT,25363.00,1810.00,2026-05-07 09:30:59
2026-02-24,2026-02-24 09:50:00,2026-02-24 10:05:00,OG,Backtest,AdxDiCrossBracketOG,OG_AdxDiCrossBracketOG,OG,NQ,NQ JUN26,LONG,1,25120.50,25068.25,-1049.36,-1053.72,-210.7,LOSS,STOP_HIT,25062.50,1160.00,2026-05-07 09:30:59
2026-04-07,2026-04-07 11:40:00,2026-04-07 12:00:00,OG,Backtest,AdxDiCrossBracketOG,OG_AdxDiCrossBracketOG,OG,NQ,NQ JUN26,LONG,1,24071.50,24117.50,915.64,911.28,182.3,WIN,TARGET_HIT,24025.00,930.00,2026-05-07 09:30:59
2026-04-16,2026-04-16 10:00:00,2026-04-16 10:05:00,OG,Backtest,AdxDiCrossBracketOG,OG_AdxDiCrossBracketOG,OG,NQ,NQ JUN26,SHORT,1,26282.00,26330.25,-969.36,-973.72,-194.7,LOSS,STOP_HIT,26329.75,955.00,2026-05-07 09:30:59
2026-04-06,2026-04-06 10:55:00,2026-04-06 11:00:00,OG,Backtest,AdxDiCrossBracketOG,OG_AdxDiCrossBracketOG,OG,NQ,NQ JUN26,SHORT,1,24269.25,24321.50,-1049.36,-1053.72,-210.7,LOSS,STOP_HIT,24321.00,1035.00,2026-05-07 09:30:59
2026-02-17,2026-02-17 11:10:00,2026-02-17 11:15:00,OG,Backtest,AdxDiCrossBracketOG,OG_AdxDiCrossBracketOG,OG,NQ,NQ JUN26,LONG,1,24861.25,24960.75,1985.64,1981.28,396.3,WIN,TARGET_HIT,24760.25,2020.00,2026-05-07 09:30:59
2026-04-07,2026-04-07 11:40:00,2026-04-07 12:00:00,OG,Backtest,AdxDiCrossBracketOG,OG_AdxDiCrossBracketOG,OG,NQ,NQ JUN26,LONG,1,24071.50,24117.50,915.64,911.28,182.3,WIN,TARGET_HIT,24025.00,930.00,2026-05-07 09:30:59
2026-01-06,2026-01-06 11:00:00,2026-01-06 11:10:00,OG,Backtest,AdxDiCrossBracketOG,OG_AdxDiCrossBracketOG,OG,NQ,NQ JUN26,SHORT,1,25909.25,25866.25,855.64,851.28,170.3,WIN,TARGET_HIT,25952.75,870.00,2026-05-07 09:30:59
2026-02-24,2026-02-24 10:15:00,2026-02-24 10:30:00,OG,Backtest,AdxDiCrossBracketOG,OG_AdxDiCrossBracketOG,OG,NQ,NQ JUN26,LONG,1,25109.25,25175.00,1310.64,1306.28,261.3,WIN,TARGET_HIT,25042.00,1345.00,2026-05-07 09:30:59
2026-01-20,2026-01-20 10:50:00,2026-01-20 10:55:00,OG,Backtest,AdxDiCrossBracketOG,OG_AdxDiCrossBracketOG,OG,NQ,NQ JUN26,LONG,1,25598.00,25559.50,-774.36,-778.72,-155.7,LOSS,STOP_HIT,25527.25,1415.00,2026-05-07 09:30:59
2026-03-25,2026-03-25 11:20:00,2026-03-25 11:20:00,OG,Backtest,AdxDiCrossBracketOG,OG_AdxDiCrossBracketOG,OG,NQ,NQ JUN26,SHORT,1,24386.00,24311.00,1495.64,1491.28,298.3,WIN,TARGET_HIT,24463.50,1550.00,2026-05-07 09:30:59
2026-04-16,2026-04-16 10:00:00,2026-04-16 10:00:00,OG,Backtest,AdxDiCrossBracketOG,OG_AdxDiCrossBracketOG,OG,NQ,NQ JUN26,SHORT,1,26282.00,26314.50,-654.36,-658.72,-131.7,LOSS,STOP_HIT,26314.00,640.00,2026-05-07 09:30:59
2026-04-21,2026-04-21 11:05:00,2026-04-21 11:05:00,OG,Backtest,AdxDiCrossBracketOG,OG_AdxDiCrossBracketOG,OG,NQ,NQ JUN26,SHORT,1,26737.25,26702.00,700.64,696.28,139.3,WIN,TARGET_HIT,26771.50,685.00,2026-05-07 09:30:59
2026-03-03,2026-03-03 11:25:00,2026-03-03 11:35:00,OG,Backtest,AdxDiCrossBracketOG,OG_AdxDiCrossBracketOG,OG,NQ,NQ JUN26,LONG,1,24794.50,24819.00,485.64,481.28,96.3,WIN,STOP_HIT,24689.25,2105.00,2026-05-07 09:30:59
2026-01-23,2026-01-23 10:10:00,2026-01-23 10:25:00,OG,Backtest,AdxDiCrossBracketOG,OG_AdxDiCrossBracketOG,OG,NQ,NQ JUN26,LONG,1,25921.00,25890.75,-609.36,-613.72,-122.7,LOSS,STOP_HIT,25868.00,1060.00,2026-05-07 09:30:59
2026-01-12,2026-01-12 11:25:00,2026-01-12 11:30:00,OG,Backtest,AdxDiCrossBracketOG,OG_AdxDiCrossBracketOG,OG,NQ,NQ JUN26,LONG,1,26158.75,26152.25,-134.36,-138.72,-27.7,LOSS,STOP_HIT,26118.25,810.00,2026-05-07 09:30:59
2026-02-10,2026-02-10 09:45:00,2026-02-10 09:45:00,OG,Backtest,AdxDiCrossBracketOG,OG_AdxDiCrossBracketOG,OG,NQ,NQ JUN26,SHORT,1,25535.25,25512.25,455.64,451.28,90.3,WIN,TARGET_HIT,25559.75,490.00,2026-05-07 09:30:59
2026-01-23,2026-01-23 10:10:00,2026-01-23 10:25:00,OG,Backtest,AdxDiCrossBracketOG,OG_AdxDiCrossBracketOG,OG,NQ,NQ JUN26,LONG,1,25921.00,25890.75,-609.36,-613.72,-122.7,LOSS,STOP_HIT,25868.00,1060.00,2026-05-07 09:30:59
2026-05-01,2026-05-01 11:10:00,2026-05-01 11:15:00,OG,Backtest,AdxDiCrossBracketOG,OG_AdxDiCrossBracketOG,OG,NQ,NQ JUN26,SHORT,1,27795.25,27837.00,-839.36,-843.72,-168.7,LOSS,STOP_HIT,27836.50,825.00,2026-05-07 09:30:59
2026-01-09,2026-01-09 10:10:00,2026-01-09 10:10:00,OG,Backtest,AdxDiCrossBracketOG,OG_AdxDiCrossBracketOG,OG,NQ,NQ JUN26,LONG,1,25921.75,25862.00,-1199.36,-1203.72,-240.7,LOSS,STOP_HIT,25862.50,1185.00,2026-05-07 09:30:59
2026-04-21,2026-04-21 11:05:00,2026-04-21 11:05:00,OG,Backtest,AdxDiCrossBracketOG,OG_AdxDiCrossBracketOG,OG,NQ,NQ JUN26,SHORT,1,26737.25,26684.75,1045.64,1041.28,208.3,WIN,TARGET_HIT,26788.75,1030.00,2026-05-07 09:30:59
2026-01-16,2026-01-16 11:40:00,2026-01-16 11:50:00,OG,Backtest,AdxDiCrossBracketOG,OG_AdxDiCrossBracketOG,OG,NQ,NQ JUN26,LONG,1,25923.75,25946.25,445.64,441.28,88.3,WIN,STOP_HIT,25871.75,1040.00,2026-05-07 09:30:59
2026-05-01,2026-05-01 11:20:00,2026-05-01 11:40:00,OG,Backtest,AdxDiCrossBracketOG,OG_AdxDiCrossBracketOG,OG,NQ,NQ JUN26,LONG,1,27837.25,27877.75,805.64,801.28,160.3,WIN,TARGET_HIT,27796.25,820.00,2026-05-07 09:30:59
2026-03-25,2026-03-25 11:20:00,2026-03-25 11:20:00,OG,Backtest,AdxDiCrossBracketOG,OG_AdxDiCrossBracketOG,OG,NQ,NQ JUN26,SHORT,1,24386.00,24311.00,1495.64,1491.28,298.3,WIN,TARGET_HIT,24463.50,1550.00,2026-05-07 09:30:59
2026-05-04,2026-05-04 11:05:00,2026-05-04 11:10:00,OG,Backtest,AdxDiCrossBracketOG,OG_AdxDiCrossBracketOG,OG,NQ,NQ JUN26,SHORT,1,27881.50,27890.00,-174.36,-178.72,-35.7,LOSS,STOP_HIT,27916.50,700.00,2026-05-07 09:30:59
2026-01-09,2026-01-09 09:55:00,2026-01-09 09:55:00,OG,Backtest,AdxDiCrossBracketOG,OG_AdxDiCrossBracketOG,OG,NQ,NQ JUN26,SHORT,1,25913.25,25965.00,-1039.36,-1043.72,-208.7,LOSS,STOP_HIT,25964.50,1025.00,2026-05-07 09:30:59
2026-01-07,2026-01-07 09:50:00,2026-01-07 10:00:00,OG,Backtest,AdxDiCrossBracketOG,OG_AdxDiCrossBracketOG,OG,NQ,NQ JUN26,LONG,1,26063.75,26088.00,480.64,476.28,95.3,WIN,TARGET_HIT,26039.00,495.00,2026-05-07 09:30:59
2026-01-09,2026-01-09 09:55:00,2026-01-09 09:55:00,OG,Backtest,AdxDiCrossBracketOG,OG_AdxDiCrossBracketOG,OG,NQ,NQ JUN26,SHORT,1,25913.25,25948.25,-704.36,-708.72,-141.7,LOSS,STOP_HIT,25947.75,690.00,2026-05-07 09:30:59
2026-01-30,2026-01-30 10:55:00,2026-01-30 11:00:00,OG,Backtest,AdxDiCrossBracketOG,OG_AdxDiCrossBracketOG,OG,NQ,NQ JUN26,LONG,1,26117.25,26072.25,-904.36,-908.72,-181.7,LOSS,STOP_HIT,26031.75,1710.00,2026-05-07 09:30:59
2026-05-01,2026-05-01 11:10:00,2026-05-01 11:20:00,OG,Backtest,AdxDiCrossBracketOG,OG_AdxDiCrossBracketOG,OG,NQ,NQ JUN26,SHORT,1,27795.25,27837.25,-844.36,-848.72,-169.7,LOSS,STOP_HIT,27857.00,1235.00,2026-05-07 09:30:59
2026-02-13,2026-02-13 10:35:00,2026-02-13 10:50:00,OG,Backtest,AdxDiCrossBracketOG,OG_AdxDiCrossBracketOG,OG,NQ,NQ JUN26,LONG,1,25058.00,24983.00,-1504.36,-1508.72,-301.7,LOSS,STOP_HIT,24952.50,2110.00,2026-05-07 09:30:59
2026-01-09,2026-01-09 10:10:00,2026-01-09 10:10:00,OG,Backtest,AdxDiCrossBracketOG,OG_AdxDiCrossBracketOG,OG,NQ,NQ JUN26,LONG,1,25921.75,25881.75,-804.36,-808.72,-161.7,LOSS,STOP_HIT,25882.25,790.00,2026-05-07 09:30:59
2026-01-12,2026-01-12 11:25:00,2026-01-12 11:30:00,OG,Backtest,AdxDiCrossBracketOG,OG_AdxDiCrossBracketOG,OG,NQ,NQ JUN26,LONG,1,26158.75,26152.25,-134.36,-138.72,-27.7,LOSS,STOP_HIT,26118.25,810.00,2026-05-07 09:30:59
2026-02-17,2026-02-17 11:10:00,2026-02-17 11:15:00,OG,Backtest,AdxDiCrossBracketOG,OG_AdxDiCrossBracketOG,OG,NQ,NQ JUN26,LONG,1,24861.25,24960.75,1985.64,1981.28,396.3,WIN,TARGET_HIT,24760.25,2020.00,2026-05-07 09:30:59
2026-02-17,2026-02-17 11:10:00,2026-02-17 11:15:00,OG,Backtest,AdxDiCrossBracketOG,OG_AdxDiCrossBracketOG,OG,NQ,NQ JUN26,LONG,1,24861.25,24960.75,1985.64,1981.28,396.3,WIN,TARGET_HIT,24760.25,2020.00,2026-05-07 09:30:59
2026-01-09,2026-01-09 10:10:00,2026-01-09 10:10:00,OG,Backtest,AdxDiCrossBracketOG,OG_AdxDiCrossBracketOG,OG,NQ,NQ JUN26,LONG,1,25921.75,25862.00,-1199.36,-1203.72,-240.7,LOSS,STOP_HIT,25862.50,1185.00,2026-05-07 09:30:59
2026-01-16,2026-01-16 11:40:00,2026-01-16 11:50:00,OG,Backtest,AdxDiCrossBracketOG,OG_AdxDiCrossBracketOG,OG,NQ,NQ JUN26,LONG,1,25923.75,25946.25,445.64,441.28,88.3,WIN,STOP_HIT,25871.75,1040.00,2026-05-07 09:30:59
2026-01-09,2026-01-09 10:15:00,2026-01-09 10:15:00,OG,Backtest,AdxDiCrossBracketOG,OG_AdxDiCrossBracketOG,OG,NQ,NQ JUN26,SHORT,1,25850.50,25918.00,-1354.36,-1358.72,-271.7,LOSS,STOP_HIT,25917.50,1340.00,2026-05-07 09:30:59
2026-01-20,2026-01-20 10:50:00,2026-01-20 10:55:00,OG,Backtest,AdxDiCrossBracketOG,OG_AdxDiCrossBracketOG,OG,NQ,NQ JUN26,LONG,1,25598.00,25559.50,-774.36,-778.72,-155.7,LOSS,STOP_HIT,25550.75,945.00,2026-05-07 09:30:59
2026-03-17,2026-03-17 11:15:00,2026-03-17 11:20:00,OG,Backtest,AdxDiCrossBracketOG,OG_AdxDiCrossBracketOG,OG,NQ,NQ JUN26,SHORT,1,25020.50,25056.75,-729.36,-733.72,-146.7,LOSS,STOP_HIT,25056.25,715.00,2026-05-07 09:30:59
2026-02-13,2026-02-13 10:35:00,2026-02-13 10:50:00,OG,Backtest,AdxDiCrossBracketOG,OG_AdxDiCrossBracketOG,OG,NQ,NQ JUN26,LONG,1,25058.00,24983.00,-1504.36,-1508.72,-301.7,LOSS,STOP_HIT,24952.50,2110.00,2026-05-07 09:30:59
2026-03-03,2026-03-03 11:25:00,2026-03-03 11:35:00,OG,Backtest,AdxDiCrossBracketOG,OG_AdxDiCrossBracketOG,OG,NQ,NQ JUN26,LONG,1,24794.50,24819.00,485.64,481.28,96.3,WIN,STOP_HIT,24689.25,2105.00,2026-05-07 09:30:59
2026-03-06,2026-03-06 11:10:00,2026-03-06 11:15:00,OG,Backtest,AdxDiCrossBracketOG,OG_AdxDiCrossBracketOG,OG,NQ,NQ JUN26,LONG,1,25101.50,25059.00,-854.36,-858.72,-171.7,LOSS,STOP_HIT,25007.25,1885.00,2026-05-07 09:30:59
2026-04-13,2026-04-13 10:00:00,2026-04-13 10:05:00,OG,Backtest,AdxDiCrossBracketOG,OG_AdxDiCrossBracketOG,OG,NQ,NQ JUN26,LONG,1,25271.50,25306.25,690.64,686.28,137.3,WIN,STOP_HIT,25218.25,1065.00,2026-05-07 09:30:59
2026-01-06,2026-01-06 11:00:00,2026-01-06 11:05:00,OG,Backtest,AdxDiCrossBracketOG,OG_AdxDiCrossBracketOG,OG,NQ,NQ JUN26,SHORT,1,25909.25,25880.75,565.64,561.28,112.3,WIN,TARGET_HIT,25938.25,580.00,2026-05-07 09:30:59
2026-01-20,2026-01-20 10:50:00,2026-01-20 10:55:00,OG,Backtest,AdxDiCrossBracketOG,OG_AdxDiCrossBracketOG,OG,NQ,NQ JUN26,LONG,1,25598.00,25559.50,-774.36,-778.72,-155.7,LOSS,STOP_HIT,25527.25,1415.00,2026-05-07 09:30:59
2026-01-16,2026-01-16 11:30:00,2026-01-16 11:35:00,OG,Backtest,AdxDiCrossBracketOG,OG_AdxDiCrossBracketOG,OG,NQ,NQ JUN26,LONG,1,25911.50,25925.25,270.64,266.28,53.3,WIN,STOP_HIT,25857.00,1090.00,2026-05-07 09:30:59
2026-01-23,2026-01-23 10:10:00,2026-01-23 10:20:00,OG,Backtest,AdxDiCrossBracketOG,OG_AdxDiCrossBracketOG,OG,NQ,NQ JUN26,LONG,1,25921.00,25883.25,-759.36,-763.72,-152.7,LOSS,STOP_HIT,25868.00,1060.00,2026-05-07 09:30:59
2026-03-19,2026-03-19 11:15:00,2026-03-19 11:25:00,OG,Backtest,AdxDiCrossBracketOG,OG_AdxDiCrossBracketOG,OG,NQ,NQ JUN26,LONG,1,24530.25,24486.25,-884.36,-888.72,-177.7,LOSS,STOP_HIT,24444.75,1710.00,2026-05-07 09:30:59
2026-01-09,2026-01-09 09:45:00,2026-01-09 09:50:00,OG,Backtest,AdxDiCrossBracketOG,OG_AdxDiCrossBracketOG,OG,NQ,NQ JUN26,LONG,1,25965.00,25937.50,-554.36,-558.72,-111.7,LOSS,STOP_HIT,25938.00,540.00,2026-05-07 09:30:59
2026-01-06,2026-01-06 11:00:00,2026-01-06 11:05:00,OG,Backtest,AdxDiCrossBracketOG,OG_AdxDiCrossBracketOG,OG,NQ,NQ JUN26,SHORT,1,25909.25,25880.75,565.64,561.28,112.3,WIN,TARGET_HIT,25938.25,580.00,2026-05-07 09:30:59
2026-01-28,2026-01-28 10:55:00,2026-01-28 11:10:00,OG,Backtest,AdxDiCrossBracketOG,OG_AdxDiCrossBracketOG,OG,NQ,NQ JUN26,SHORT,1,26395.25,26395.25,-4.36,-8.72,-1.7,LOSS,STOP_HIT,26445.25,1000.00,2026-05-07 09:30:59
2026-05-01,2026-05-01 11:10:00,2026-05-01 11:20:00,OG,Backtest,AdxDiCrossBracketOG,OG_AdxDiCrossBracketOG,OG,NQ,NQ JUN26,SHORT,1,27795.25,27837.25,-844.36,-848.72,-169.7,LOSS,STOP_HIT,27857.00,1235.00,2026-05-07 09:30:59
2026-02-24,2026-02-24 10:10:00,2026-02-24 10:10:00,OG,Backtest,AdxDiCrossBracketOG,OG_AdxDiCrossBracketOG,OG,NQ,NQ JUN26,SHORT,1,25048.75,25114.00,-1309.36,-1313.72,-262.7,LOSS,STOP_HIT,25113.50,1295.00,2026-05-07 09:30:59
2026-01-09,2026-01-09 10:15:00,2026-01-09 10:15:00,OG,Backtest,AdxDiCrossBracketOG,OG_AdxDiCrossBracketOG,OG,NQ,NQ JUN26,SHORT,1,25850.50,25896.25,-919.36,-923.72,-184.7,LOSS,STOP_HIT,25895.75,905.00,2026-05-07 09:30:59
2026-02-24,2026-02-24 10:15:00,2026-02-24 10:30:00,OG,Backtest,AdxDiCrossBracketOG,OG_AdxDiCrossBracketOG,OG,NQ,NQ JUN26,LONG,1,25109.25,25175.00,1310.64,1306.28,261.3,WIN,TARGET_HIT,25042.00,1345.00,2026-05-07 09:30:59
2026-01-09,2026-01-09 09:45:00,2026-01-09 09:50:00,OG,Backtest,AdxDiCrossBracketOG,OG_AdxDiCrossBracketOG,OG,NQ,NQ JUN26,LONG,1,25965.00,25924.25,-819.36,-823.72,-164.7,LOSS,STOP_HIT,25924.75,805.00,2026-05-07 09:30:59
2026-01-13,2026-01-13 10:10:00,2026-01-13 10:15:00,OG,Backtest,AdxDiCrossBracketOG,OG_AdxDiCrossBracketOG,OG,NQ,NQ JUN26,SHORT,1,26138.00,26121.75,320.64,316.28,63.3,WIN,STOP_HIT,26168.00,600.00,2026-05-07 09:30:59
2026-03-24,2026-03-24 11:00:00,2026-03-24 11:00:00,OG,Backtest,AdxDiCrossBracketOG,OG_AdxDiCrossBracketOG,OG,NQ,NQ JUN26,LONG,1,24281.50,24186.50,-1904.36,-1908.72,-381.7,LOSS,STOP_HIT,24187.00,1890.00,2026-05-07 09:30:59
2026-02-11,2026-02-11 10:20:00,2026-02-11 10:25:00,OG,Backtest,AdxDiCrossBracketOG,OG_AdxDiCrossBracketOG,OG,NQ,NQ JUN26,SHORT,1,25396.00,25319.50,1525.64,1521.28,304.3,WIN,TARGET_HIT,25474.50,1570.00,2026-05-07 09:30:59
2026-01-09,2026-01-09 10:15:00,2026-01-09 10:15:00,OG,Backtest,AdxDiCrossBracketOG,OG_AdxDiCrossBracketOG,OG,NQ,NQ JUN26,SHORT,1,25850.50,25896.25,-919.36,-923.72,-184.7,LOSS,STOP_HIT,25895.75,905.00,2026-05-07 09:30:59
2026-04-06,2026-04-06 10:55:00,2026-04-06 11:05:00,OG,Backtest,AdxDiCrossBracketOG,OG_AdxDiCrossBracketOG,OG,NQ,NQ JUN26,SHORT,1,24269.25,24306.75,-754.36,-758.72,-151.7,LOSS,STOP_HIT,24347.00,1555.00,2026-05-07 09:30:59
2026-01-20,2026-01-20 10:50:00,2026-01-20 10:55:00,OG,Backtest,AdxDiCrossBracketOG,OG_AdxDiCrossBracketOG,OG,NQ,NQ JUN26,LONG,1,25598.00,25559.50,-774.36,-778.72,-155.7,LOSS,STOP_HIT,25550.75,945.00,2026-05-07 09:30:59
2026-04-07,2026-04-07 11:40:00,2026-04-07 12:05:00,OG,Backtest,AdxDiCrossBracketOG,OG_AdxDiCrossBracketOG,OG,NQ,NQ JUN26,LONG,1,24071.50,24140.75,1380.64,1376.28,275.3,WIN,TARGET_HIT,24001.75,1395.00,2026-05-07 09:30:59
2026-01-13,2026-01-13 10:10:00,2026-01-13 10:15:00,OG,Backtest,AdxDiCrossBracketOG,OG_AdxDiCrossBracketOG,OG,NQ,NQ JUN26,SHORT,1,26138.00,26121.75,320.64,316.28,63.3,WIN,STOP_HIT,26168.00,600.00,2026-05-07 09:30:59
2026-02-17,2026-02-17 11:10:00,2026-02-17 11:15:00,OG,Backtest,AdxDiCrossBracketOG,OG_AdxDiCrossBracketOG,OG,NQ,NQ JUN26,LONG,1,24861.25,24960.75,1985.64,1981.28,396.3,WIN,TARGET_HIT,24760.25,2020.00,2026-05-07 09:30:59
2026-01-16,2026-01-16 11:40:00,2026-01-16 11:50:00,OG,Backtest,AdxDiCrossBracketOG,OG_AdxDiCrossBracketOG,OG,NQ,NQ JUN26,LONG,1,25923.75,25946.25,445.64,441.28,88.3,WIN,STOP_HIT,25871.75,1040.00,2026-05-07 09:30:59
2026-01-09,2026-01-09 10:15:00,2026-01-09 10:15:00,OG,Backtest,AdxDiCrossBracketOG,OG_AdxDiCrossBracketOG,OG,NQ,NQ JUN26,SHORT,1,25850.50,25918.00,-1354.36,-1358.72,-271.7,LOSS,STOP_HIT,25917.50,1340.00,2026-05-07 09:30:59
2026-02-24,2026-02-24 10:10:00,2026-02-24 10:10:00,OG,Backtest,AdxDiCrossBracketOG,OG_AdxDiCrossBracketOG,OG,NQ,NQ JUN26,SHORT,1,25048.75,25114.00,-1309.36,-1313.72,-262.7,LOSS,STOP_HIT,25113.50,1295.00,2026-05-07 09:30:59
2026-01-07,2026-01-07 09:50:00,2026-01-07 10:00:00,OG,Backtest,AdxDiCrossBracketOG,OG_AdxDiCrossBracketOG,OG,NQ,NQ JUN26,LONG,1,26063.75,26088.00,480.64,476.28,95.3,WIN,TARGET_HIT,26039.00,495.00,2026-05-07 09:30:59
2026-02-13,2026-02-13 10:50:00,2026-02-13 11:00:00,OG,Backtest,AdxDiCrossBracketOG,OG_AdxDiCrossBracketOG,OG,NQ,NQ JUN26,SHORT,1,24983.00,25027.00,-884.36,-888.72,-177.7,LOSS,STOP_HIT,25091.50,2170.00,2026-05-07 09:30:59
2026-01-09,2026-01-09 09:55:00,2026-01-09 09:55:00,OG,Backtest,AdxDiCrossBracketOG,OG_AdxDiCrossBracketOG,OG,NQ,NQ JUN26,SHORT,1,25913.25,25965.00,-1039.36,-1043.72,-208.7,LOSS,STOP_HIT,25964.50,1025.00,2026-05-07 09:30:59
2026-01-09,2026-01-09 09:55:00,2026-01-09 09:55:00,OG,Backtest,AdxDiCrossBracketOG,OG_AdxDiCrossBracketOG,OG,NQ,NQ JUN26,SHORT,1,25913.25,25965.00,-1039.36,-1043.72,-208.7,LOSS,STOP_HIT,25964.50,1025.00,2026-05-07 09:30:59
2026-02-03,2026-02-03 09:50:00,2026-02-03 09:50:00,OG,Backtest,AdxDiCrossBracketOG,OG_AdxDiCrossBracketOG,OG,NQ,NQ JUN26,SHORT,1,25960.75,25998.50,-759.36,-763.72,-152.7,LOSS,STOP_HIT,25998.00,745.00,2026-05-07 09:30:59
2026-01-09,2026-01-09 10:15:00,2026-01-09 10:15:00,OG,Backtest,AdxDiCrossBracketOG,OG_AdxDiCrossBracketOG,OG,NQ,NQ JUN26,SHORT,1,25850.50,25918.00,-1354.36,-1358.72,-271.7,LOSS,STOP_HIT,25917.50,1340.00,2026-05-07 09:30:59
2026-02-05,2026-02-05 11:40:00,2026-02-05 11:50:00,OG,Backtest,AdxDiCrossBracketOG,OG_AdxDiCrossBracketOG,OG,NQ,NQ JUN26,LONG,1,25025.50,24992.25,-669.36,-673.72,-134.7,LOSS,STOP_HIT,24938.00,1750.00,2026-05-07 09:30:59
2026-02-05,2026-02-05 11:40:00,2026-02-05 11:50:00,OG,Backtest,AdxDiCrossBracketOG,OG_AdxDiCrossBracketOG,OG,NQ,NQ JUN26,LONG,1,25025.50,24992.25,-669.36,-673.72,-134.7,LOSS,STOP_HIT,24938.00,1750.00,2026-05-07 09:30:59
2026-01-12,2026-01-12 11:25:00,2026-01-12 11:30:00,OG,Backtest,AdxDiCrossBracketOG,OG_AdxDiCrossBracketOG,OG,NQ,NQ JUN26,LONG,1,26158.75,26152.25,-134.36,-138.72,-27.7,LOSS,STOP_HIT,26118.25,810.00,2026-05-07 09:30:59
2026-04-21,2026-04-21 11:05:00,2026-04-21 11:05:00,OG,Backtest,AdxDiCrossBracketOG,OG_AdxDiCrossBracketOG,OG,NQ,NQ JUN26,SHORT,1,26737.25,26684.75,1045.64,1041.28,208.3,WIN,TARGET_HIT,26788.75,1030.00,2026-05-07 09:30:59
2026-03-03,2026-03-03 11:25:00,2026-03-03 11:35:00,OG,Backtest,AdxDiCrossBracketOG,OG_AdxDiCrossBracketOG,OG,NQ,NQ JUN26,LONG,1,24794.50,24819.00,485.64,481.28,96.3,WIN,STOP_HIT,24689.25,2105.00,2026-05-07 09:30:59
2026-02-11,2026-02-11 10:20:00,2026-02-11 10:20:00,OG,Backtest,AdxDiCrossBracketOG,OG_AdxDiCrossBracketOG,OG,NQ,NQ JUN26,SHORT,1,25396.00,25345.50,1005.64,1001.28,200.3,WIN,TARGET_HIT,25448.50,1050.00,2026-05-07 09:30:59
2026-03-27,2026-03-27 11:40:00,2026-03-27 11:45:00,OG,Backtest,AdxDiCrossBracketOG,OG_AdxDiCrossBracketOG,OG,NQ,NQ JUN26,LONG,1,23597.00,23541.00,-1124.36,-1128.72,-225.7,LOSS,STOP_HIT,23541.50,1110.00,2026-05-07 09:30:59
2026-01-20,2026-01-20 10:50:00,2026-01-20 10:55:00,OG,Backtest,AdxDiCrossBracketOG,OG_AdxDiCrossBracketOG,OG,NQ,NQ JUN26,LONG,1,25598.00,25559.50,-774.36,-778.72,-155.7,LOSS,STOP_HIT,25527.25,1415.00,2026-05-07 09:30:59
2026-02-11,2026-02-11 10:20:00,2026-02-11 10:20:00,OG,Backtest,AdxDiCrossBracketOG,OG_AdxDiCrossBracketOG,OG,NQ,NQ JUN26,SHORT,1,25396.00,25345.50,1005.64,1001.28,200.3,WIN,TARGET_HIT,25448.50,1050.00,2026-05-07 09:30:59
2026-01-16,2026-01-16 11:40:00,2026-01-16 11:50:00,OG,Backtest,AdxDiCrossBracketOG,OG_AdxDiCrossBracketOG,OG,NQ,NQ JUN26,LONG,1,25923.75,25946.25,445.64,441.28,88.3,WIN,STOP_HIT,25871.75,1040.00,2026-05-07 09:30:59
2026-01-20,2026-01-20 10:50:00,2026-01-20 10:55:00,OG,Backtest,AdxDiCrossBracketOG,OG_AdxDiCrossBracketOG,OG,NQ,NQ JUN26,LONG,1,25598.00,25559.50,-774.36,-778.72,-155.7,LOSS,STOP_HIT,25527.25,1415.00,2026-05-07 09:30:59
2026-01-16,2026-01-16 11:40:00,2026-01-16 11:50:00,OG,Backtest,AdxDiCrossBracketOG,OG_AdxDiCrossBracketOG,OG,NQ,NQ JUN26,LONG,1,25923.75,25946.25,445.64,441.28,88.3,WIN,STOP_HIT,25871.75,1040.00,2026-05-07 09:30:59
2026-04-06,2026-04-06 10:55:00,2026-04-06 11:00:00,OG,Backtest,AdxDiCrossBracketOG,OG_AdxDiCrossBracketOG,OG,NQ,NQ JUN26,SHORT,1,24269.25,24321.50,-1049.36,-1053.72,-210.7,LOSS,STOP_HIT,24321.00,1035.00,2026-05-07 09:30:59
2026-01-16,2026-01-16 11:30:00,2026-01-16 11:35:00,OG,Backtest,AdxDiCrossBracketOG,OG_AdxDiCrossBracketOG,OG,NQ,NQ JUN26,LONG,1,25911.50,25925.25,270.64,266.28,53.3,WIN,STOP_HIT,25857.00,1090.00,2026-05-07 09:30:59
2026-03-17,2026-03-17 11:15:00,2026-03-17 11:25:00,OG,Backtest,AdxDiCrossBracketOG,OG_AdxDiCrossBracketOG,OG,NQ,NQ JUN26,SHORT,1,25020.50,25045.25,-499.36,-503.72,-100.7,LOSS,STOP_HIT,25074.00,1070.00,2026-05-07 09:30:59
2026-03-06,2026-03-06 11:10:00,2026-03-06 11:15:00,OG,Backtest,AdxDiCrossBracketOG,OG_AdxDiCrossBracketOG,OG,NQ,NQ JUN26,LONG,1,25101.50,25059.00,-854.36,-858.72,-171.7,LOSS,STOP_HIT,25038.75,1255.00,2026-05-07 09:30:59
2026-01-23,2026-01-23 10:10:00,2026-01-23 10:25:00,OG,Backtest,AdxDiCrossBracketOG,OG_AdxDiCrossBracketOG,OG,NQ,NQ JUN26,LONG,1,25921.00,25890.75,-609.36,-613.72,-122.7,LOSS,STOP_HIT,25868.00,1060.00,2026-05-07 09:30:59
2026-01-09,2026-01-09 09:45:00,2026-01-09 09:50:00,OG,Backtest,AdxDiCrossBracketOG,OG_AdxDiCrossBracketOG,OG,NQ,NQ JUN26,LONG,1,25965.00,25924.25,-819.36,-823.72,-164.7,LOSS,STOP_HIT,25924.75,805.00,2026-05-07 09:30:59
2026-02-05,2026-02-05 11:40:00,2026-02-05 11:50:00,OG,Backtest,AdxDiCrossBracketOG,OG_AdxDiCrossBracketOG,OG,NQ,NQ JUN26,LONG,1,25025.50,24992.25,-669.36,-673.72,-134.7,LOSS,STOP_HIT,24895.00,2610.00,2026-05-07 09:30:59
2026-04-13,2026-04-13 10:00:00,2026-04-13 10:00:00,OG,Backtest,AdxDiCrossBracketOG,OG_AdxDiCrossBracketOG,OG,NQ,NQ JUN26,LONG,1,25271.50,25305.75,680.64,676.28,135.3,WIN,TARGET_HIT,25235.75,715.00,2026-05-07 09:30:59
2026-03-19,2026-03-19 11:15:00,2026-03-19 11:25:00,OG,Backtest,AdxDiCrossBracketOG,OG_AdxDiCrossBracketOG,OG,NQ,NQ JUN26,LONG,1,24530.25,24486.25,-884.36,-888.72,-177.7,LOSS,STOP_HIT,24444.75,1710.00,2026-05-07 09:30:59
2026-04-07,2026-04-07 11:40:00,2026-04-07 12:05:00,OG,Backtest,AdxDiCrossBracketOG,OG_AdxDiCrossBracketOG,OG,NQ,NQ JUN26,LONG,1,24071.50,24140.75,1380.64,1376.28,275.3,WIN,TARGET_HIT,24001.75,1395.00,2026-05-07 09:30:59
2026-02-10,2026-02-10 09:45:00,2026-02-10 09:45:00,OG,Backtest,AdxDiCrossBracketOG,OG_AdxDiCrossBracketOG,OG,NQ,NQ JUN26,SHORT,1,25535.25,25500.25,695.64,691.28,138.3,WIN,TARGET_HIT,25571.75,730.00,2026-05-07 09:30:59
2026-01-09,2026-01-09 09:45:00,2026-01-09 09:50:00,OG,Backtest,AdxDiCrossBracketOG,OG_AdxDiCrossBracketOG,OG,NQ,NQ JUN26,LONG,1,25965.00,25924.25,-819.36,-823.72,-164.7,LOSS,STOP_HIT,25924.75,805.00,2026-05-07 09:30:59
2026-01-21,2026-01-21 11:45:00,2026-01-21 11:50:00,OG,Backtest,AdxDiCrossBracketOG,OG_AdxDiCrossBracketOG,OG,NQ,NQ JUN26,SHORT,1,25543.75,25486.50,1140.64,1136.28,227.3,WIN,TARGET_HIT,25601.50,1155.00,2026-05-07 09:30:59
2026-01-06,2026-01-06 11:00:00,2026-01-06 11:10:00,OG,Backtest,AdxDiCrossBracketOG,OG_AdxDiCrossBracketOG,OG,NQ,NQ JUN26,SHORT,1,25909.25,25866.25,855.64,851.28,170.3,WIN,TARGET_HIT,25952.75,870.00,2026-05-07 09:30:59
2026-04-06,2026-04-06 10:55:00,2026-04-06 11:05:00,OG,Backtest,AdxDiCrossBracketOG,OG_AdxDiCrossBracketOG,OG,NQ,NQ JUN26,SHORT,1,24269.25,24306.75,-754.36,-758.72,-151.7,LOSS,STOP_HIT,24347.00,1555.00,2026-05-07 09:30:59
2026-02-05,2026-02-05 11:40:00,2026-02-05 11:50:00,OG,Backtest,AdxDiCrossBracketOG,OG_AdxDiCrossBracketOG,OG,NQ,NQ JUN26,LONG,1,25025.50,24992.25,-669.36,-673.72,-134.7,LOSS,STOP_HIT,24895.00,2610.00,2026-05-07 09:30:59
2026-02-24,2026-02-24 09:50:00,2026-02-24 10:05:00,OG,Backtest,AdxDiCrossBracketOG,OG_AdxDiCrossBracketOG,OG,NQ,NQ JUN26,LONG,1,25120.50,25068.25,-1049.36,-1053.72,-210.7,LOSS,STOP_HIT,25062.50,1160.00,2026-05-07 09:30:59
2026-05-04,2026-05-04 11:05:00,2026-05-04 11:10:00,OG,Backtest,AdxDiCrossBracketOG,OG_AdxDiCrossBracketOG,OG,NQ,NQ JUN26,SHORT,1,27881.50,27890.00,-174.36,-178.72,-35.7,LOSS,STOP_HIT,27933.75,1045.00,2026-05-07 09:30:59
2026-03-24,2026-03-24 11:00:00,2026-03-24 11:00:00,OG,Backtest,AdxDiCrossBracketOG,OG_AdxDiCrossBracketOG,OG,NQ,NQ JUN26,LONG,1,24281.50,24217.75,-1279.36,-1283.72,-256.7,LOSS,STOP_HIT,24218.25,1265.00,2026-05-07 09:30:59
2026-02-24,2026-02-24 10:15:00,2026-02-24 10:30:00,OG,Backtest,AdxDiCrossBracketOG,OG_AdxDiCrossBracketOG,OG,NQ,NQ JUN26,LONG,1,25109.25,25175.00,1310.64,1306.28,261.3,WIN,TARGET_HIT,25042.00,1345.00,2026-05-07 09:30:59
2026-01-12,2026-01-12 11:25:00,2026-01-12 11:30:00,OG,Backtest,AdxDiCrossBracketOG,OG_AdxDiCrossBracketOG,OG,NQ,NQ JUN26,LONG,1,26158.75,26152.25,-134.36,-138.72,-27.7,LOSS,STOP_HIT,26118.25,810.00,2026-05-07 09:30:59
2026-03-27,2026-03-27 11:40:00,2026-03-27 12:05:00,OG,Backtest,AdxDiCrossBracketOG,OG_AdxDiCrossBracketOG,OG,NQ,NQ JUN26,LONG,1,23597.00,23550.00,-944.36,-948.72,-189.7,LOSS,STOP_HIT,23514.00,1660.00,2026-05-07 09:30:59
2026-05-01,2026-05-01 11:10:00,2026-05-01 11:20:00,OG,Backtest,AdxDiCrossBracketOG,OG_AdxDiCrossBracketOG,OG,NQ,NQ JUN26,SHORT,1,27795.25,27837.25,-844.36,-848.72,-169.7,LOSS,STOP_HIT,27857.00,1235.00,2026-05-07 09:30:59
2026-02-24,2026-02-24 10:10:00,2026-02-24 10:10:00,OG,Backtest,AdxDiCrossBracketOG,OG_AdxDiCrossBracketOG,OG,NQ,NQ JUN26,SHORT,1,25048.75,25114.00,-1309.36,-1313.72,-262.7,LOSS,STOP_HIT,25113.50,1295.00,2026-05-07 09:30:59
2026-02-13,2026-02-13 10:35:00,2026-02-13 10:50:00,OG,Backtest,AdxDiCrossBracketOG,OG_AdxDiCrossBracketOG,OG,NQ,NQ JUN26,LONG,1,25058.00,24983.00,-1504.36,-1508.72,-301.7,LOSS,STOP_HIT,24952.50,2110.00,2026-05-07 09:30:59
2026-01-21,2026-01-21 11:45:00,2026-01-21 11:50:00,OG,Backtest,AdxDiCrossBracketOG,OG_AdxDiCrossBracketOG,OG,NQ,NQ JUN26,SHORT,1,25543.75,25486.50,1140.64,1136.28,227.3,WIN,TARGET_HIT,25601.50,1155.00,2026-05-07 09:30:59
2026-01-09,2026-01-09 10:10:00,2026-01-09 10:10:00,OG,Backtest,AdxDiCrossBracketOG,OG_AdxDiCrossBracketOG,OG,NQ,NQ JUN26,LONG,1,25921.75,25862.00,-1199.36,-1203.72,-240.7,LOSS,STOP_HIT,25862.50,1185.00,2026-05-07 09:30:59
2026-03-09,2026-03-09 10:45:00,2026-03-09 11:05:00,OG,Backtest,AdxDiCrossBracketOG,OG_AdxDiCrossBracketOG,OG,NQ,NQ JUN26,LONG,1,24692.00,24797.25,2100.64,2096.28,419.3,WIN,TARGET_HIT,24587.25,2095.00,2026-05-07 09:30:59
2026-01-09,2026-01-09 10:15:00,2026-01-09 10:15:00,OG,Backtest,AdxDiCrossBracketOG,OG_AdxDiCrossBracketOG,OG,NQ,NQ JUN26,SHORT,1,25850.50,25918.00,-1354.36,-1358.72,-271.7,LOSS,STOP_HIT,25917.50,1340.00,2026-05-07 09:30:59
2026-01-30,2026-01-30 10:55:00,2026-01-30 11:00:00,OG,Backtest,AdxDiCrossBracketOG,OG_AdxDiCrossBracketOG,OG,NQ,NQ JUN26,LONG,1,26117.25,26072.25,-904.36,-908.72,-181.7,LOSS,STOP_HIT,26031.75,1710.00,2026-05-07 09:30:59
2026-03-09,2026-03-09 10:45:00,2026-03-09 11:05:00,OG,Backtest,AdxDiCrossBracketOG,OG_AdxDiCrossBracketOG,OG,NQ,NQ JUN26,LONG,1,24692.00,24797.25,2100.64,2096.28,419.3,WIN,TARGET_HIT,24587.25,2095.00,2026-05-07 09:30:59
2026-01-12,2026-01-12 11:25:00,2026-01-12 11:30:00,OG,Backtest,AdxDiCrossBracketOG,OG_AdxDiCrossBracketOG,OG,NQ,NQ JUN26,LONG,1,26158.75,26152.25,-134.36,-138.72,-27.7,LOSS,STOP_HIT,26118.25,810.00,2026-05-07 09:30:59
2026-04-06,2026-04-06 10:55:00,2026-04-06 11:00:00,OG,Backtest,AdxDiCrossBracketOG,OG_AdxDiCrossBracketOG,OG,NQ,NQ JUN26,SHORT,1,24269.25,24321.50,-1049.36,-1053.72,-210.7,LOSS,STOP_HIT,24321.00,1035.00,2026-05-07 09:30:59
2026-02-03,2026-02-03 09:50:00,2026-02-03 09:50:00,OG,Backtest,AdxDiCrossBracketOG,OG_AdxDiCrossBracketOG,OG,NQ,NQ JUN26,SHORT,1,25960.75,26016.50,-1119.36,-1123.72,-224.7,LOSS,STOP_HIT,26016.00,1105.00,2026-05-07 09:30:59
2026-04-16,2026-04-16 10:15:00,2026-04-16 10:50:00,OG,Backtest,AdxDiCrossBracketOG,OG_AdxDiCrossBracketOG,OG,NQ,NQ JUN26,LONG,1,26347.25,26398.25,1015.64,1011.28,202.3,WIN,TARGET_HIT,26294.25,1060.00,2026-05-07 09:30:59
2026-03-24,2026-03-24 11:00:00,2026-03-24 11:00:00,OG,Backtest,AdxDiCrossBracketOG,OG_AdxDiCrossBracketOG,OG,NQ,NQ JUN26,LONG,1,24281.50,24186.50,-1904.36,-1908.72,-381.7,LOSS,STOP_HIT,24187.00,1890.00,2026-05-07 09:31:00
2026-02-24,2026-02-24 09:50:00,2026-02-24 10:00:00,OG,Backtest,AdxDiCrossBracketOG,OG_AdxDiCrossBracketOG,OG,NQ,NQ JUN26,LONG,1,25120.50,25108.50,-244.36,-248.72,-49.7,LOSS,STOP_HIT,25062.50,1160.00,2026-05-07 09:31:00
2026-03-24,2026-03-24 11:00:00,2026-03-24 11:00:00,OG,Backtest,AdxDiCrossBracketOG,OG_AdxDiCrossBracketOG,OG,NQ,NQ JUN26,LONG,1,24281.50,24186.50,-1904.36,-1908.72,-381.7,LOSS,STOP_HIT,24187.00,1890.00,2026-05-07 09:31:00
2026-01-28,2026-01-28 10:55:00,2026-01-28 11:15:00,OG,Backtest,AdxDiCrossBracketOG,OG_AdxDiCrossBracketOG,OG,NQ,NQ JUN26,SHORT,1,26395.25,26406.25,-224.36,-228.72,-45.7,LOSS,STOP_HIT,26445.25,1000.00,2026-05-07 09:31:00
2026-01-09,2026-01-09 09:45:00,2026-01-09 09:50:00,OG,Backtest,AdxDiCrossBracketOG,OG_AdxDiCrossBracketOG,OG,NQ,NQ JUN26,LONG,1,25965.00,25924.25,-819.36,-823.72,-164.7,LOSS,STOP_HIT,25924.75,805.00,2026-05-07 09:31:00
2026-03-17,2026-03-17 11:15:00,2026-03-17 11:25:00,OG,Backtest,AdxDiCrossBracketOG,OG_AdxDiCrossBracketOG,OG,NQ,NQ JUN26,SHORT,1,25020.50,25045.25,-499.36,-503.72,-100.7,LOSS,STOP_HIT,25074.00,1070.00,2026-05-07 09:31:00
2026-01-09,2026-01-09 09:55:00,2026-01-09 09:55:00,OG,Backtest,AdxDiCrossBracketOG,OG_AdxDiCrossBracketOG,OG,NQ,NQ JUN26,SHORT,1,25913.25,25965.00,-1039.36,-1043.72,-208.7,LOSS,STOP_HIT,25964.50,1025.00,2026-05-07 09:31:00
2026-01-06,2026-01-06 11:00:00,2026-01-06 11:10:00,OG,Backtest,AdxDiCrossBracketOG,OG_AdxDiCrossBracketOG,OG,NQ,NQ JUN26,SHORT,1,25909.25,25866.25,855.64,851.28,170.3,WIN,TARGET_HIT,25952.75,870.00,2026-05-07 09:31:00
2026-02-05,2026-02-05 11:40:00,2026-02-05 11:50:00,OG,Backtest,AdxDiCrossBracketOG,OG_AdxDiCrossBracketOG,OG,NQ,NQ JUN26,LONG,1,25025.50,24992.25,-669.36,-673.72,-134.7,LOSS,STOP_HIT,24895.00,2610.00,2026-05-07 09:31:00
2026-02-24,2026-02-24 10:10:00,2026-02-24 10:10:00,OG,Backtest,AdxDiCrossBracketOG,OG_AdxDiCrossBracketOG,OG,NQ,NQ JUN26,SHORT,1,25048.75,25114.00,-1309.36,-1313.72,-262.7,LOSS,STOP_HIT,25113.50,1295.00,2026-05-07 09:31:00
2026-02-17,2026-02-17 11:10:00,2026-02-17 11:15:00,OG,Backtest,AdxDiCrossBracketOG,OG_AdxDiCrossBracketOG,OG,NQ,NQ JUN26,LONG,1,24861.25,24960.75,1985.64,1981.28,396.3,WIN,TARGET_HIT,24760.25,2020.00,2026-05-07 09:31:00
2026-02-11,2026-02-11 10:20:00,2026-02-11 10:25:00,OG,Backtest,AdxDiCrossBracketOG,OG_AdxDiCrossBracketOG,OG,NQ,NQ JUN26,SHORT,1,25396.00,25319.50,1525.64,1521.28,304.3,WIN,TARGET_HIT,25474.50,1570.00,2026-05-07 09:31:00
2026-01-16,2026-01-16 11:40:00,2026-01-16 11:50:00,OG,Backtest,AdxDiCrossBracketOG,OG_AdxDiCrossBracketOG,OG,NQ,NQ JUN26,LONG,1,25923.75,25946.25,445.64,441.28,88.3,WIN,STOP_HIT,25871.75,1040.00,2026-05-07 09:31:00
2026-01-09,2026-01-09 09:55:00,2026-01-09 09:55:00,OG,Backtest,AdxDiCrossBracketOG,OG_AdxDiCrossBracketOG,OG,NQ,NQ JUN26,SHORT,1,25913.25,25965.00,-1039.36,-1043.72,-208.7,LOSS,STOP_HIT,25964.50,1025.00,2026-05-07 09:31:00
2026-01-09,2026-01-09 10:10:00,2026-01-09 10:10:00,OG,Backtest,AdxDiCrossBracketOG,OG_AdxDiCrossBracketOG,OG,NQ,NQ JUN26,LONG,1,25921.75,25862.00,-1199.36,-1203.72,-240.7,LOSS,STOP_HIT,25862.50,1185.00,2026-05-07 09:31:00
2026-04-16,2026-04-16 10:00:00,2026-04-16 10:05:00,OG,Backtest,AdxDiCrossBracketOG,OG_AdxDiCrossBracketOG,OG,NQ,NQ JUN26,SHORT,1,26282.00,26330.25,-969.36,-973.72,-194.7,LOSS,STOP_HIT,26329.75,955.00,2026-05-07 09:31:00
2026-01-20,2026-01-20 10:50:00,2026-01-20 10:55:00,OG,Backtest,AdxDiCrossBracketOG,OG_AdxDiCrossBracketOG,OG,NQ,NQ JUN26,LONG,1,25598.00,25559.50,-774.36,-778.72,-155.7,LOSS,STOP_HIT,25527.25,1415.00,2026-05-07 09:31:00
2026-04-16,2026-04-16 10:15:00,2026-04-16 10:50:00,OG,Backtest,AdxDiCrossBracketOG,OG_AdxDiCrossBracketOG,OG,NQ,NQ JUN26,LONG,1,26347.25,26398.25,1015.64,1011.28,202.3,WIN,TARGET_HIT,26294.25,1060.00,2026-05-07 09:31:00
2026-01-21,2026-01-21 11:45:00,2026-01-21 11:50:00,OG,Backtest,AdxDiCrossBracketOG,OG_AdxDiCrossBracketOG,OG,NQ,NQ JUN26,SHORT,1,25543.75,25486.50,1140.64,1136.28,227.3,WIN,TARGET_HIT,25601.50,1155.00,2026-05-07 09:31:00
2026-03-06,2026-03-06 11:10:00,2026-03-06 11:15:00,OG,Backtest,AdxDiCrossBracketOG,OG_AdxDiCrossBracketOG,OG,NQ,NQ JUN26,LONG,1,25101.50,25059.00,-854.36,-858.72,-171.7,LOSS,STOP_HIT,25007.25,1885.00,2026-05-07 09:31:00
2026-02-24,2026-02-24 09:50:00,2026-02-24 10:05:00,OG,Backtest,AdxDiCrossBracketOG,OG_AdxDiCrossBracketOG,OG,NQ,NQ JUN26,LONG,1,25120.50,25062.00,-1174.36,-1178.72,-235.7,LOSS,STOP_HIT,25062.50,1160.00,2026-05-07 09:31:00
2026-01-23,2026-01-23 10:10:00,2026-01-23 10:20:00,OG,Backtest,AdxDiCrossBracketOG,OG_AdxDiCrossBracketOG,OG,NQ,NQ JUN26,LONG,1,25921.00,25883.25,-759.36,-763.72,-152.7,LOSS,STOP_HIT,25868.00,1060.00,2026-05-07 09:31:00
2026-01-13,2026-01-13 10:10:00,2026-01-13 10:15:00,OG,Backtest,AdxDiCrossBracketOG,OG_AdxDiCrossBracketOG,OG,NQ,NQ JUN26,SHORT,1,26138.00,26121.75,320.64,316.28,63.3,WIN,STOP_HIT,26183.00,900.00,2026-05-07 09:31:00
2026-02-24,2026-02-24 10:15:00,2026-02-24 10:30:00,OG,Backtest,AdxDiCrossBracketOG,OG_AdxDiCrossBracketOG,OG,NQ,NQ JUN26,LONG,1,25109.25,25175.00,1310.64,1306.28,261.3,WIN,TARGET_HIT,25042.00,1345.00,2026-05-07 09:31:00
2026-03-20,2026-03-20 11:30:00,2026-03-20 12:05:00,OG,Backtest,AdxDiCrossBracketOG,OG_AdxDiCrossBracketOG,OG,NQ,NQ JUN26,LONG,1,24274.25,24354.75,1605.64,1601.28,320.3,WIN,TARGET_HIT,24192.75,1630.00,2026-05-07 09:31:00
2026-01-20,2026-01-20 10:50:00,2026-01-20 10:55:00,OG,Backtest,AdxDiCrossBracketOG,OG_AdxDiCrossBracketOG,OG,NQ,NQ JUN26,LONG,1,25598.00,25559.50,-774.36,-778.72,-155.7,LOSS,STOP_HIT,25527.25,1415.00,2026-05-07 09:31:00
2026-01-09,2026-01-09 09:55:00,2026-01-09 09:55:00,OG,Backtest,AdxDiCrossBracketOG,OG_AdxDiCrossBracketOG,OG,NQ,NQ JUN26,SHORT,1,25913.25,25965.00,-1039.36,-1043.72,-208.7,LOSS,STOP_HIT,25964.50,1025.00,2026-05-07 09:31:00
2026-02-05,2026-02-05 11:40:00,2026-02-05 11:50:00,OG,Backtest,AdxDiCrossBracketOG,OG_AdxDiCrossBracketOG,OG,NQ,NQ JUN26,LONG,1,25025.50,24992.25,-669.36,-673.72,-134.7,LOSS,STOP_HIT,24895.00,2610.00,2026-05-07 09:31:00
2026-01-07,2026-01-07 09:50:00,2026-01-07 10:00:00,OG,Backtest,AdxDiCrossBracketOG,OG_AdxDiCrossBracketOG,OG,NQ,NQ JUN26,LONG,1,26063.75,26088.00,480.64,476.28,95.3,WIN,TARGET_HIT,26039.00,495.00,2026-05-07 09:31:00
2026-04-02,2026-04-02 10:45:00,2026-04-02 10:55:00,OG,Backtest,AdxDiCrossBracketOG,OG_AdxDiCrossBracketOG,OG,NQ,NQ JUN26,LONG,1,24210.25,24114.75,-1914.36,-1918.72,-383.7,LOSS,STOP_HIT,24096.75,2270.00,2026-05-07 09:31:00
2026-03-24,2026-03-24 11:00:00,2026-03-24 11:00:00,OG,Backtest,AdxDiCrossBracketOG,OG_AdxDiCrossBracketOG,OG,NQ,NQ JUN26,LONG,1,24281.50,24186.50,-1904.36,-1908.72,-381.7,LOSS,STOP_HIT,24187.00,1890.00,2026-05-07 09:31:00
2026-03-12,2026-03-12 11:50:00,2026-03-12 11:55:00,OG,Backtest,AdxDiCrossBracketOG,OG_AdxDiCrossBracketOG,OG,NQ,NQ JUN26,LONG,1,24898.00,24865.50,-654.36,-658.72,-131.7,LOSS,STOP_HIT,24818.25,1595.00,2026-05-07 09:31:00
2026-01-06,2026-01-06 11:00:00,2026-01-06 11:10:00,OG,Backtest,AdxDiCrossBracketOG,OG_AdxDiCrossBracketOG,OG,NQ,NQ JUN26,SHORT,1,25909.25,25866.25,855.64,851.28,170.3,WIN,TARGET_HIT,25952.75,870.00,2026-05-07 09:31:00
2026-03-17,2026-03-17 11:15:00,2026-03-17 11:25:00,OG,Backtest,AdxDiCrossBracketOG,OG_AdxDiCrossBracketOG,OG,NQ,NQ JUN26,SHORT,1,25020.50,25045.25,-499.36,-503.72,-100.7,LOSS,STOP_HIT,25074.00,1070.00,2026-05-07 09:31:00
2026-01-09,2026-01-09 10:10:00,2026-01-09 10:10:00,OG,Backtest,AdxDiCrossBracketOG,OG_AdxDiCrossBracketOG,OG,NQ,NQ JUN26,LONG,1,25921.75,25862.00,-1199.36,-1203.72,-240.7,LOSS,STOP_HIT,25862.50,1185.00,2026-05-07 09:31:00
2026-01-09,2026-01-09 09:55:00,2026-01-09 09:55:00,OG,Backtest,AdxDiCrossBracketOG,OG_AdxDiCrossBracketOG,OG,NQ,NQ JUN26,SHORT,1,25913.25,25965.00,-1039.36,-1043.72,-208.7,LOSS,STOP_HIT,25964.50,1025.00,2026-05-07 09:31:00
2026-03-19,2026-03-19 11:15:00,2026-03-19 11:25:00,OG,Backtest,AdxDiCrossBracketOG,OG_AdxDiCrossBracketOG,OG,NQ,NQ JUN26,LONG,1,24530.25,24486.25,-884.36,-888.72,-177.7,LOSS,STOP_HIT,24444.75,1710.00,2026-05-07 09:31:00
2026-02-17,2026-02-17 11:10:00,2026-02-17 11:15:00,OG,Backtest,AdxDiCrossBracketOG,OG_AdxDiCrossBracketOG,OG,NQ,NQ JUN26,LONG,1,24861.25,24960.75,1985.64,1981.28,396.3,WIN,TARGET_HIT,24760.25,2020.00,2026-05-07 09:31:00
2026-02-05,2026-02-05 11:40:00,2026-02-05 11:50:00,OG,Backtest,AdxDiCrossBracketOG,OG_AdxDiCrossBracketOG,OG,NQ,NQ JUN26,LONG,1,25025.50,24992.25,-669.36,-673.72,-134.7,LOSS,STOP_HIT,24895.00,2610.00,2026-05-07 09:31:00
2026-02-24,2026-02-24 09:50:00,2026-02-24 10:05:00,OG,Backtest,AdxDiCrossBracketOG,OG_AdxDiCrossBracketOG,OG,NQ,NQ JUN26,LONG,1,25120.50,25062.00,-1174.36,-1178.72,-235.7,LOSS,STOP_HIT,25062.50,1160.00,2026-05-07 09:31:00
2026-04-07,2026-04-07 11:40:00,2026-04-07 12:05:00,OG,Backtest,AdxDiCrossBracketOG,OG_AdxDiCrossBracketOG,OG,NQ,NQ JUN26,LONG,1,24071.50,24140.75,1380.64,1376.28,275.3,WIN,TARGET_HIT,24001.75,1395.00,2026-05-07 09:31:00
2026-02-11,2026-02-11 11:05:00,2026-02-11 11:10:00,OG,Backtest,AdxDiCrossBracketOG,OG_AdxDiCrossBracketOG,OG,NQ,NQ JUN26,LONG,1,25453.50,25418.25,-709.36,-713.72,-142.7,LOSS,STOP_HIT,25363.00,1810.00,2026-05-07 09:31:00
2026-02-24,2026-02-24 10:10:00,2026-02-24 10:10:00,OG,Backtest,AdxDiCrossBracketOG,OG_AdxDiCrossBracketOG,OG,NQ,NQ JUN26,SHORT,1,25048.75,25114.00,-1309.36,-1313.72,-262.7,LOSS,STOP_HIT,25113.50,1295.00,2026-05-07 09:31:00
2026-02-24,2026-02-24 09:50:00,2026-02-24 10:00:00,OG,Backtest,AdxDiCrossBracketOG,OG_AdxDiCrossBracketOG,OG,NQ,NQ JUN26,LONG,1,25120.50,25108.50,-244.36,-248.72,-49.7,LOSS,STOP_HIT,25062.50,1160.00,2026-05-07 09:31:00
2026-04-10,2026-04-10 11:45:00,2026-04-10 12:00:00,OG,Backtest,AdxDiCrossBracketOG,OG_AdxDiCrossBracketOG,OG,NQ,NQ JUN26,SHORT,1,25301.50,25279.25,440.64,436.28,87.3,WIN,STOP_HIT,25350.25,975.00,2026-05-07 09:31:00
2026-04-06,2026-04-06 10:55:00,2026-04-06 11:05:00,OG,Backtest,AdxDiCrossBracketOG,OG_AdxDiCrossBracketOG,OG,NQ,NQ JUN26,SHORT,1,24269.25,24306.75,-754.36,-758.72,-151.7,LOSS,STOP_HIT,24347.00,1555.00,2026-05-07 09:31:00
2026-04-13,2026-04-13 10:00:00,2026-04-13 10:05:00,OG,Backtest,AdxDiCrossBracketOG,OG_AdxDiCrossBracketOG,OG,NQ,NQ JUN26,LONG,1,25271.50,25306.25,690.64,686.28,137.3,WIN,STOP_HIT,25218.25,1065.00,2026-05-07 09:31:00
2026-02-17,2026-02-17 11:10:00,2026-02-17 11:15:00,OG,Backtest,AdxDiCrossBracketOG,OG_AdxDiCrossBracketOG,OG,NQ,NQ JUN26,LONG,1,24861.25,24960.75,1985.64,1981.28,396.3,WIN,TARGET_HIT,24760.25,2020.00,2026-05-07 09:31:00
2026-01-21,2026-01-21 11:45:00,2026-01-21 11:50:00,OG,Backtest,AdxDiCrossBracketOG,OG_AdxDiCrossBracketOG,OG,NQ,NQ JUN26,SHORT,1,25543.75,25486.50,1140.64,1136.28,227.3,WIN,TARGET_HIT,25601.50,1155.00,2026-05-07 09:31:00
2026-01-09,2026-01-09 09:55:00,2026-01-09 09:55:00,OG,Backtest,AdxDiCrossBracketOG,OG_AdxDiCrossBracketOG,OG,NQ,NQ JUN26,SHORT,1,25913.25,25965.00,-1039.36,-1043.72,-208.7,LOSS,STOP_HIT,25964.50,1025.00,2026-05-07 09:31:00
2026-04-06,2026-04-06 10:55:00,2026-04-06 11:05:00,OG,Backtest,AdxDiCrossBracketOG,OG_AdxDiCrossBracketOG,OG,NQ,NQ JUN26,SHORT,1,24269.25,24306.75,-754.36,-758.72,-151.7,LOSS,STOP_HIT,24347.00,1555.00,2026-05-07 09:31:00
2026-01-21,2026-01-21 11:45:00,2026-01-21 11:50:00,OG,Backtest,AdxDiCrossBracketOG,OG_AdxDiCrossBracketOG,OG,NQ,NQ JUN26,SHORT,1,25543.75,25486.50,1140.64,1136.28,227.3,WIN,TARGET_HIT,25601.50,1155.00,2026-05-07 09:31:00
2026-01-09,2026-01-09 09:55:00,2026-01-09 09:55:00,OG,Backtest,AdxDiCrossBracketOG,OG_AdxDiCrossBracketOG,OG,NQ,NQ JUN26,SHORT,1,25913.25,25965.00,-1039.36,-1043.72,-208.7,LOSS,STOP_HIT,25964.50,1025.00,2026-05-07 09:31:00
2026-04-10,2026-04-10 11:45:00,2026-04-10 12:00:00,OG,Backtest,AdxDiCrossBracketOG,OG_AdxDiCrossBracketOG,OG,NQ,NQ JUN26,SHORT,1,25301.50,25279.25,440.64,436.28,87.3,WIN,STOP_HIT,25350.25,975.00,2026-05-07 09:31:00
2026-03-17,2026-03-17 11:15:00,2026-03-17 11:25:00,OG,Backtest,AdxDiCrossBracketOG,OG_AdxDiCrossBracketOG,OG,NQ,NQ JUN26,SHORT,1,25020.50,25045.25,-499.36,-503.72,-100.7,LOSS,STOP_HIT,25074.00,1070.00,2026-05-07 09:31:00
2026-01-13,2026-01-13 10:10:00,2026-01-13 10:15:00,OG,Backtest,AdxDiCrossBracketOG,OG_AdxDiCrossBracketOG,OG,NQ,NQ JUN26,SHORT,1,26138.00,26121.75,320.64,316.28,63.3,WIN,STOP_HIT,26183.00,900.00,2026-05-07 09:31:00
2026-02-10,2026-02-10 09:45:00,2026-02-10 09:45:00,OG,Backtest,AdxDiCrossBracketOG,OG_AdxDiCrossBracketOG,OG,NQ,NQ JUN26,SHORT,1,25535.25,25500.25,695.64,691.28,138.3,WIN,TARGET_HIT,25571.75,730.00,2026-05-07 09:31:00
2026-03-17,2026-03-17 11:15:00,2026-03-17 11:25:00,OG,Backtest,AdxDiCrossBracketOG,OG_AdxDiCrossBracketOG,OG,NQ,NQ JUN26,SHORT,1,25020.50,25045.25,-499.36,-503.72,-100.7,LOSS,STOP_HIT,25074.00,1070.00,2026-05-07 09:31:00
2026-02-03,2026-02-03 09:50:00,2026-02-03 09:50:00,OG,Backtest,AdxDiCrossBracketOG,OG_AdxDiCrossBracketOG,OG,NQ,NQ JUN26,SHORT,1,25960.75,26016.50,-1119.36,-1123.72,-224.7,LOSS,STOP_HIT,26016.00,1105.00,2026-05-07 09:31:00
2026-04-16,2026-04-16 10:00:00,2026-04-16 10:05:00,OG,Backtest,AdxDiCrossBracketOG,OG_AdxDiCrossBracketOG,OG,NQ,NQ JUN26,SHORT,1,26282.00,26330.25,-969.36,-973.72,-194.7,LOSS,STOP_HIT,26329.75,955.00,2026-05-07 09:31:00
2026-02-10,2026-02-10 09:45:00,2026-02-10 09:45:00,OG,Backtest,AdxDiCrossBracketOG,OG_AdxDiCrossBracketOG,OG,NQ,NQ JUN26,SHORT,1,25535.25,25500.25,695.64,691.28,138.3,WIN,TARGET_HIT,25571.75,730.00,2026-05-07 09:31:00
2026-01-13,2026-01-13 10:10:00,2026-01-13 10:15:00,OG,Backtest,AdxDiCrossBracketOG,OG_AdxDiCrossBracketOG,OG,NQ,NQ JUN26,SHORT,1,26138.00,26121.75,320.64,316.28,63.3,WIN,STOP_HIT,26183.00,900.00,2026-05-07 09:31:00
2026-03-12,2026-03-12 11:50:00,2026-03-12 11:55:00,OG,Backtest,AdxDiCrossBracketOG,OG_AdxDiCrossBracketOG,OG,NQ,NQ JUN26,LONG,1,24898.00,24865.50,-654.36,-658.72,-131.7,LOSS,STOP_HIT,24818.25,1595.00,2026-05-07 09:31:00
2026-02-10,2026-02-10 09:45:00,2026-02-10 09:45:00,OG,Backtest,AdxDiCrossBracketOG,OG_AdxDiCrossBracketOG,OG,NQ,NQ JUN26,SHORT,1,25535.25,25500.25,695.64,691.28,138.3,WIN,TARGET_HIT,25571.75,730.00,2026-05-07 09:31:00
2026-01-09,2026-01-09 10:10:00,2026-01-09 10:10:00,OG,Backtest,AdxDiCrossBracketOG,OG_AdxDiCrossBracketOG,OG,NQ,NQ JUN26,LONG,1,25921.75,25862.00,-1199.36,-1203.72,-240.7,LOSS,STOP_HIT,25862.50,1185.00,2026-05-07 09:31:00
2026-02-11,2026-02-11 10:20:00,2026-02-11 10:25:00,OG,Backtest,AdxDiCrossBracketOG,OG_AdxDiCrossBracketOG,OG,NQ,NQ JUN26,SHORT,1,25396.00,25319.50,1525.64,1521.28,304.3,WIN,TARGET_HIT,25474.50,1570.00,2026-05-07 09:31:00
2026-05-01,2026-05-01 11:10:00,2026-05-01 11:20:00,OG,Backtest,AdxDiCrossBracketOG,OG_AdxDiCrossBracketOG,OG,NQ,NQ JUN26,SHORT,1,27795.25,27837.25,-844.36,-848.72,-169.7,LOSS,STOP_HIT,27857.00,1235.00,2026-05-07 09:31:00
2026-01-21,2026-01-21 11:45:00,2026-01-21 11:50:00,OG,Backtest,AdxDiCrossBracketOG,OG_AdxDiCrossBracketOG,OG,NQ,NQ JUN26,SHORT,1,25543.75,25486.50,1140.64,1136.28,227.3,WIN,TARGET_HIT,25601.50,1155.00,2026-05-07 09:31:00
2026-02-11,2026-02-11 11:05:00,2026-02-11 11:10:00,OG,Backtest,AdxDiCrossBracketOG,OG_AdxDiCrossBracketOG,OG,NQ,NQ JUN26,LONG,1,25453.50,25418.25,-709.36,-713.72,-142.7,LOSS,STOP_HIT,25363.00,1810.00,2026-05-07 09:31:00
2026-02-10,2026-02-10 09:45:00,2026-02-10 09:45:00,OG,Backtest,AdxDiCrossBracketOG,OG_AdxDiCrossBracketOG,OG,NQ,NQ JUN26,SHORT,1,25535.25,25500.25,695.64,691.28,138.3,WIN,TARGET_HIT,25571.75,730.00,2026-05-07 09:31:00
2026-02-03,2026-02-03 09:50:00,2026-02-03 09:50:00,OG,Backtest,AdxDiCrossBracketOG,OG_AdxDiCrossBracketOG,OG,NQ,NQ JUN26,SHORT,1,25960.75,26016.50,-1119.36,-1123.72,-224.7,LOSS,STOP_HIT,26016.00,1105.00,2026-05-07 09:31:00
2026-01-28,2026-01-28 10:55:00,2026-01-28 11:15:00,OG,Backtest,AdxDiCrossBracketOG,OG_AdxDiCrossBracketOG,OG,NQ,NQ JUN26,SHORT,1,26395.25,26406.25,-224.36,-228.72,-45.7,LOSS,STOP_HIT,26445.25,1000.00,2026-05-07 09:31:00
2026-01-16,2026-01-16 11:30:00,2026-01-16 11:35:00,OG,Backtest,AdxDiCrossBracketOG,OG_AdxDiCrossBracketOG,OG,NQ,NQ JUN26,LONG,1,25911.50,25925.25,270.64,266.28,53.3,WIN,STOP_HIT,25857.00,1090.00,2026-05-07 09:31:00
2026-02-24,2026-02-24 10:15:00,2026-02-24 10:30:00,OG,Backtest,AdxDiCrossBracketOG,OG_AdxDiCrossBracketOG,OG,NQ,NQ JUN26,LONG,1,25109.25,25175.00,1310.64,1306.28,261.3,WIN,TARGET_HIT,25042.00,1345.00,2026-05-07 09:31:00
2026-03-25,2026-03-25 11:20:00,2026-03-25 11:20:00,OG,Backtest,AdxDiCrossBracketOG,OG_AdxDiCrossBracketOG,OG,NQ,NQ JUN26,SHORT,1,24386.00,24311.00,1495.64,1491.28,298.3,WIN,TARGET_HIT,24463.50,1550.00,2026-05-07 09:31:00
2026-02-03,2026-02-03 09:50:00,2026-02-03 09:50:00,OG,Backtest,AdxDiCrossBracketOG,OG_AdxDiCrossBracketOG,OG,NQ,NQ JUN26,SHORT,1,25960.75,26016.50,-1119.36,-1123.72,-224.7,LOSS,STOP_HIT,26016.00,1105.00,2026-05-07 09:31:00
2026-02-24,2026-02-24 10:15:00,2026-02-24 10:30:00,OG,Backtest,AdxDiCrossBracketOG,OG_AdxDiCrossBracketOG,OG,NQ,NQ JUN26,LONG,1,25109.25,25175.00,1310.64,1306.28,261.3,WIN,TARGET_HIT,25042.00,1345.00,2026-05-07 09:31:00
2026-03-03,2026-03-03 11:40:00,2026-03-03 11:50:00,OG,Backtest,AdxDiCrossBracketOG,OG_AdxDiCrossBracketOG,OG,NQ,NQ JUN26,SHORT,1,24817.25,24864.25,-944.36,-948.72,-189.7,LOSS,STOP_HIT,24915.75,1970.00,2026-05-07 09:31:00
2026-03-12,2026-03-12 11:50:00,2026-03-12 11:55:00,OG,Backtest,AdxDiCrossBracketOG,OG_AdxDiCrossBracketOG,OG,NQ,NQ JUN26,LONG,1,24898.00,24865.50,-654.36,-658.72,-131.7,LOSS,STOP_HIT,24818.25,1595.00,2026-05-07 09:31:00
2026-04-07,2026-04-07 11:40:00,2026-04-07 12:05:00,OG,Backtest,AdxDiCrossBracketOG,OG_AdxDiCrossBracketOG,OG,NQ,NQ JUN26,LONG,1,24071.50,24140.75,1380.64,1376.28,275.3,WIN,TARGET_HIT,24001.75,1395.00,2026-05-07 09:31:00
2026-02-24,2026-02-24 10:10:00,2026-02-24 10:10:00,OG,Backtest,AdxDiCrossBracketOG,OG_AdxDiCrossBracketOG,OG,NQ,NQ JUN26,SHORT,1,25048.75,25114.00,-1309.36,-1313.72,-262.7,LOSS,STOP_HIT,25113.50,1295.00,2026-05-07 09:31:00
2026-01-28,2026-01-28 10:55:00,2026-01-28 11:15:00,OG,Backtest,AdxDiCrossBracketOG,OG_AdxDiCrossBracketOG,OG,NQ,NQ JUN26,SHORT,1,26395.25,26406.25,-224.36,-228.72,-45.7,LOSS,STOP_HIT,26445.25,1000.00,2026-05-07 09:31:00
2026-01-09,2026-01-09 09:45:00,2026-01-09 09:50:00,OG,Backtest,AdxDiCrossBracketOG,OG_AdxDiCrossBracketOG,OG,NQ,NQ JUN26,LONG,1,25965.00,25924.25,-819.36,-823.72,-164.7,LOSS,STOP_HIT,25924.75,805.00,2026-05-07 09:31:00
2026-04-16,2026-04-16 10:00:00,2026-04-16 10:05:00,OG,Backtest,AdxDiCrossBracketOG,OG_AdxDiCrossBracketOG,OG,NQ,NQ JUN26,SHORT,1,26282.00,26330.25,-969.36,-973.72,-194.7,LOSS,STOP_HIT,26329.75,955.00,2026-05-07 09:31:00
2026-02-24,2026-02-24 10:15:00,2026-02-24 10:30:00,OG,Backtest,AdxDiCrossBracketOG,OG_AdxDiCrossBracketOG,OG,NQ,NQ JUN26,LONG,1,25109.25,25175.00,1310.64,1306.28,261.3,WIN,TARGET_HIT,25042.00,1345.00,2026-05-07 09:31:00
2026-02-17,2026-02-17 11:10:00,2026-02-17 11:15:00,OG,Backtest,AdxDiCrossBracketOG,OG_AdxDiCrossBracketOG,OG,NQ,NQ JUN26,LONG,1,24861.25,24960.75,1985.64,1981.28,396.3,WIN,TARGET_HIT,24760.25,2020.00,2026-05-07 09:31:00
2026-02-24,2026-02-24 10:15:00,2026-02-24 10:30:00,OG,Backtest,AdxDiCrossBracketOG,OG_AdxDiCrossBracketOG,OG,NQ,NQ JUN26,LONG,1,25109.25,25175.00,1310.64,1306.28,261.3,WIN,TARGET_HIT,25042.00,1345.00,2026-05-07 09:31:00
2026-03-25,2026-03-25 11:20:00,2026-03-25 11:20:00,OG,Backtest,AdxDiCrossBracketOG,OG_AdxDiCrossBracketOG,OG,NQ,NQ JUN26,SHORT,1,24386.00,24311.00,1495.64,1491.28,298.3,WIN,TARGET_HIT,24463.50,1550.00,2026-05-07 09:31:00
2026-01-09,2026-01-09 10:15:00,2026-01-09 10:15:00,OG,Backtest,AdxDiCrossBracketOG,OG_AdxDiCrossBracketOG,OG,NQ,NQ JUN26,SHORT,1,25850.50,25918.00,-1354.36,-1358.72,-271.7,LOSS,STOP_HIT,25917.50,1340.00,2026-05-07 09:31:00
2026-02-24,2026-02-24 10:10:00,2026-02-24 10:10:00,OG,Backtest,AdxDiCrossBracketOG,OG_AdxDiCrossBracketOG,OG,NQ,NQ JUN26,SHORT,1,25048.75,25114.00,-1309.36,-1313.72,-262.7,LOSS,STOP_HIT,25113.50,1295.00,2026-05-07 09:31:00
2026-01-12,2026-01-12 11:25:00,2026-01-12 11:30:00,OG,Backtest,AdxDiCrossBracketOG,OG_AdxDiCrossBracketOG,OG,NQ,NQ JUN26,LONG,1,26158.75,26152.25,-134.36,-138.72,-27.7,LOSS,STOP_HIT,26118.25,810.00,2026-05-07 09:31:00
2026-01-13,2026-01-13 10:10:00,2026-01-13 10:15:00,OG,Backtest,AdxDiCrossBracketOG,OG_AdxDiCrossBracketOG,OG,NQ,NQ JUN26,SHORT,1,26138.00,26121.75,320.64,316.28,63.3,WIN,STOP_HIT,26183.00,900.00,2026-05-07 09:31:00
2026-03-12,2026-03-12 11:50:00,2026-03-12 11:55:00,OG,Backtest,AdxDiCrossBracketOG,OG_AdxDiCrossBracketOG,OG,NQ,NQ JUN26,LONG,1,24898.00,24865.50,-654.36,-658.72,-131.7,LOSS,STOP_HIT,24818.25,1595.00,2026-05-07 09:31:00
2026-02-11,2026-02-11 10:20:00,2026-02-11 10:25:00,OG,Backtest,AdxDiCrossBracketOG,OG_AdxDiCrossBracketOG,OG,NQ,NQ JUN26,SHORT,1,25396.00,25319.50,1525.64,1521.28,304.3,WIN,TARGET_HIT,25474.50,1570.00,2026-05-07 09:31:00
2026-03-17,2026-03-17 11:15:00,2026-03-17 11:25:00,OG,Backtest,AdxDiCrossBracketOG,OG_AdxDiCrossBracketOG,OG,NQ,NQ JUN26,SHORT,1,25020.50,25045.25,-499.36,-503.72,-100.7,LOSS,STOP_HIT,25074.00,1070.00,2026-05-07 09:31:00
2026-03-03,2026-03-03 11:40:00,2026-03-03 11:50:00,OG,Backtest,AdxDiCrossBracketOG,OG_AdxDiCrossBracketOG,OG,NQ,NQ JUN26,SHORT,1,24817.25,24864.25,-944.36,-948.72,-189.7,LOSS,STOP_HIT,24915.75,1970.00,2026-05-07 09:31:00
2026-01-16,2026-01-16 11:30:00,2026-01-16 11:35:00,OG,Backtest,AdxDiCrossBracketOG,OG_AdxDiCrossBracketOG,OG,NQ,NQ JUN26,LONG,1,25911.50,25925.25,270.64,266.28,53.3,WIN,STOP_HIT,25857.00,1090.00,2026-05-07 09:31:00
2026-04-16,2026-04-16 10:00:00,2026-04-16 10:05:00,OG,Backtest,AdxDiCrossBracketOG,OG_AdxDiCrossBracketOG,OG,NQ,NQ JUN26,SHORT,1,26282.00,26330.25,-969.36,-973.72,-194.7,LOSS,STOP_HIT,26329.75,955.00,2026-05-07 09:31:00
2026-01-30,2026-01-30 10:55:00,2026-01-30 11:00:00,OG,Backtest,AdxDiCrossBracketOG,OG_AdxDiCrossBracketOG,OG,NQ,NQ JUN26,LONG,1,26117.25,26072.25,-904.36,-908.72,-181.7,LOSS,STOP_HIT,26031.75,1710.00,2026-05-07 09:31:00
2026-01-16,2026-01-16 11:30:00,2026-01-16 11:35:00,OG,Backtest,AdxDiCrossBracketOG,OG_AdxDiCrossBracketOG,OG,NQ,NQ JUN26,LONG,1,25911.50,25925.25,270.64,266.28,53.3,WIN,STOP_HIT,25857.00,1090.00,2026-05-07 09:31:00
2026-03-24,2026-03-24 11:00:00,2026-03-24 11:00:00,OG,Backtest,AdxDiCrossBracketOG,OG_AdxDiCrossBracketOG,OG,NQ,NQ JUN26,LONG,1,24281.50,24186.50,-1904.36,-1908.72,-381.7,LOSS,STOP_HIT,24187.00,1890.00,2026-05-07 09:31:00
2026-01-09,2026-01-09 10:10:00,2026-01-09 10:10:00,OG,Backtest,AdxDiCrossBracketOG,OG_AdxDiCrossBracketOG,OG,NQ,NQ JUN26,LONG,1,25921.75,25862.00,-1199.36,-1203.72,-240.7,LOSS,STOP_HIT,25862.50,1185.00,2026-05-07 09:31:00
2026-02-10,2026-02-10 09:45:00,2026-02-10 09:45:00,OG,Backtest,AdxDiCrossBracketOG,OG_AdxDiCrossBracketOG,OG,NQ,NQ JUN26,SHORT,1,25535.25,25500.25,695.64,691.28,138.3,WIN,TARGET_HIT,25571.75,730.00,2026-05-07 09:31:00
2026-03-20,2026-03-20 11:30:00,2026-03-20 12:05:00,OG,Backtest,AdxDiCrossBracketOG,OG_AdxDiCrossBracketOG,OG,NQ,NQ JUN26,LONG,1,24274.25,24354.75,1605.64,1601.28,320.3,WIN,TARGET_HIT,24192.75,1630.00,2026-05-07 09:31:00
2026-03-25,2026-03-25 11:20:00,2026-03-25 11:20:00,OG,Backtest,AdxDiCrossBracketOG,OG_AdxDiCrossBracketOG,OG,NQ,NQ JUN26,SHORT,1,24386.00,24311.00,1495.64,1491.28,298.3,WIN,TARGET_HIT,24463.50,1550.00,2026-05-07 09:31:00
2026-01-23,2026-01-23 10:10:00,2026-01-23 10:25:00,OG,Backtest,AdxDiCrossBracketOG,OG_AdxDiCrossBracketOG,OG,NQ,NQ JUN26,LONG,1,25921.00,25890.75,-609.36,-613.72,-122.7,LOSS,STOP_HIT,25868.00,1060.00,2026-05-07 09:31:00
2026-04-06,2026-04-06 10:55:00,2026-04-06 11:05:00,OG,Backtest,AdxDiCrossBracketOG,OG_AdxDiCrossBracketOG,OG,NQ,NQ JUN26,SHORT,1,24269.25,24306.75,-754.36,-758.72,-151.7,LOSS,STOP_HIT,24347.00,1555.00,2026-05-07 09:31:00
2026-05-04,2026-05-04 11:05:00,2026-05-04 11:10:00,OG,Backtest,AdxDiCrossBracketOG,OG_AdxDiCrossBracketOG,OG,NQ,NQ JUN26,SHORT,1,27881.50,27890.00,-174.36,-178.72,-35.7,LOSS,STOP_HIT,27933.75,1045.00,2026-05-07 09:31:00
2026-04-02,2026-04-02 10:45:00,2026-04-02 10:55:00,OG,Backtest,AdxDiCrossBracketOG,OG_AdxDiCrossBracketOG,OG,NQ,NQ JUN26,LONG,1,24210.25,24096.25,-2284.36,-2288.72,-457.7,LOSS,STOP_HIT,24096.75,2270.00,2026-05-07 09:31:00
2026-03-27,2026-03-27 11:40:00,2026-03-27 12:05:00,OG,Backtest,AdxDiCrossBracketOG,OG_AdxDiCrossBracketOG,OG,NQ,NQ JUN26,LONG,1,23597.00,23550.00,-944.36,-948.72,-189.7,LOSS,STOP_HIT,23514.00,1660.00,2026-05-07 09:31:00
2026-04-10,2026-04-10 11:45:00,2026-04-10 12:00:00,OG,Backtest,AdxDiCrossBracketOG,OG_AdxDiCrossBracketOG,OG,NQ,NQ JUN26,SHORT,1,25301.50,25279.25,440.64,436.28,87.3,WIN,STOP_HIT,25350.25,975.00,2026-05-07 09:31:00
2026-02-17,2026-02-17 11:10:00,2026-02-17 11:15:00,OG,Backtest,AdxDiCrossBracketOG,OG_AdxDiCrossBracketOG,OG,NQ,NQ JUN26,LONG,1,24861.25,24960.75,1985.64,1981.28,396.3,WIN,TARGET_HIT,24760.25,2020.00,2026-05-07 09:31:00
2026-03-27,2026-03-27 11:40:00,2026-03-27 12:00:00,OG,Backtest,AdxDiCrossBracketOG,OG_AdxDiCrossBracketOG,OG,NQ,NQ JUN26,LONG,1,23597.00,23550.75,-929.36,-933.72,-186.7,LOSS,STOP_HIT,23514.00,1660.00,2026-05-07 09:31:00
2026-01-12,2026-01-12 11:25:00,2026-01-12 11:30:00,OG,Backtest,AdxDiCrossBracketOG,OG_AdxDiCrossBracketOG,OG,NQ,NQ JUN26,LONG,1,26158.75,26152.25,-134.36,-138.72,-27.7,LOSS,STOP_HIT,26118.25,810.00,2026-05-07 09:31:00
2026-02-11,2026-02-11 10:20:00,2026-02-11 10:25:00,OG,Backtest,AdxDiCrossBracketOG,OG_AdxDiCrossBracketOG,OG,NQ,NQ JUN26,SHORT,1,25396.00,25319.50,1525.64,1521.28,304.3,WIN,TARGET_HIT,25474.50,1570.00,2026-05-07 09:31:00
2026-01-09,2026-01-09 10:15:00,2026-01-09 10:15:00,OG,Backtest,AdxDiCrossBracketOG,OG_AdxDiCrossBracketOG,OG,NQ,NQ JUN26,SHORT,1,25850.50,25918.00,-1354.36,-1358.72,-271.7,LOSS,STOP_HIT,25917.50,1340.00,2026-05-07 09:31:00
2026-03-25,2026-03-25 11:20:00,2026-03-25 11:20:00,OG,Backtest,AdxDiCrossBracketOG,OG_AdxDiCrossBracketOG,OG,NQ,NQ JUN26,SHORT,1,24386.00,24311.00,1495.64,1491.28,298.3,WIN,TARGET_HIT,24463.50,1550.00,2026-05-07 09:31:00
2026-01-09,2026-01-09 10:15:00,2026-01-09 10:15:00,OG,Backtest,AdxDiCrossBracketOG,OG_AdxDiCrossBracketOG,OG,NQ,NQ JUN26,SHORT,1,25850.50,25918.00,-1354.36,-1358.72,-271.7,LOSS,STOP_HIT,25917.50,1340.00,2026-05-07 09:31:00
2026-04-06,2026-04-06 10:55:00,2026-04-06 11:05:00,OG,Backtest,AdxDiCrossBracketOG,OG_AdxDiCrossBracketOG,OG,NQ,NQ JUN26,SHORT,1,24269.25,24306.75,-754.36,-758.72,-151.7,LOSS,STOP_HIT,24347.00,1555.00,2026-05-07 09:31:00
2026-01-12,2026-01-12 11:25:00,2026-01-12 11:30:00,OG,Backtest,AdxDiCrossBracketOG,OG_AdxDiCrossBracketOG,OG,NQ,NQ JUN26,LONG,1,26158.75,26152.25,-134.36,-138.72,-27.7,LOSS,STOP_HIT,26118.25,810.00,2026-05-07 09:31:00
2026-04-21,2026-04-21 11:05:00,2026-04-21 11:05:00,OG,Backtest,AdxDiCrossBracketOG,OG_AdxDiCrossBracketOG,OG,NQ,NQ JUN26,SHORT,1,26737.25,26684.75,1045.64,1041.28,208.3,WIN,TARGET_HIT,26788.75,1030.00,2026-05-07 09:31:00
2026-05-01,2026-05-01 11:10:00,2026-05-01 11:20:00,OG,Backtest,AdxDiCrossBracketOG,OG_AdxDiCrossBracketOG,OG,NQ,NQ JUN26,SHORT,1,27795.25,27837.25,-844.36,-848.72,-169.7,LOSS,STOP_HIT,27857.00,1235.00,2026-05-07 09:31:00
2026-04-21,2026-04-21 11:05:00,2026-04-21 11:05:00,OG,Backtest,AdxDiCrossBracketOG,OG_AdxDiCrossBracketOG,OG,NQ,NQ JUN26,SHORT,1,26737.25,26684.75,1045.64,1041.28,208.3,WIN,TARGET_HIT,26788.75,1030.00,2026-05-07 09:31:00
2026-03-17,2026-03-17 11:15:00,2026-03-17 11:25:00,OG,Backtest,AdxDiCrossBracketOG,OG_AdxDiCrossBracketOG,OG,NQ,NQ JUN26,SHORT,1,25020.50,25045.25,-499.36,-503.72,-100.7,LOSS,STOP_HIT,25074.00,1070.00,2026-05-07 09:31:00
2026-02-10,2026-02-10 09:45:00,2026-02-10 09:45:00,OG,Backtest,AdxDiCrossBracketOG,OG_AdxDiCrossBracketOG,OG,NQ,NQ JUN26,SHORT,1,25535.25,25500.25,695.64,691.28,138.3,WIN,TARGET_HIT,25571.75,730.00,2026-05-07 09:31:00
2026-04-16,2026-04-16 10:00:00,2026-04-16 10:05:00,OG,Backtest,AdxDiCrossBracketOG,OG_AdxDiCrossBracketOG,OG,NQ,NQ JUN26,SHORT,1,26282.00,26330.25,-969.36,-973.72,-194.7,LOSS,STOP_HIT,26329.75,955.00,2026-05-07 09:31:00
2026-05-01,2026-05-01 11:10:00,2026-05-01 11:20:00,OG,Backtest,AdxDiCrossBracketOG,OG_AdxDiCrossBracketOG,OG,NQ,NQ JUN26,SHORT,1,27795.25,27837.25,-844.36,-848.72,-169.7,LOSS,STOP_HIT,27857.00,1235.00,2026-05-07 09:31:00
2026-04-16,2026-04-16 10:15:00,2026-04-16 10:25:00,OG,Backtest,AdxDiCrossBracketOG,OG_AdxDiCrossBracketOG,OG,NQ,NQ JUN26,LONG,1,26347.25,26314.50,-659.36,-663.72,-132.7,LOSS,STOP_HIT,26294.25,1060.00,2026-05-07 09:31:00
2026-02-11,2026-02-11 11:05:00,2026-02-11 11:10:00,OG,Backtest,AdxDiCrossBracketOG,OG_AdxDiCrossBracketOG,OG,NQ,NQ JUN26,LONG,1,25453.50,25418.25,-709.36,-713.72,-142.7,LOSS,STOP_HIT,25363.00,1810.00,2026-05-07 09:31:00
2026-01-23,2026-01-23 10:10:00,2026-01-23 10:25:00,OG,Backtest,AdxDiCrossBracketOG,OG_AdxDiCrossBracketOG,OG,NQ,NQ JUN26,LONG,1,25921.00,25890.75,-609.36,-613.72,-122.7,LOSS,STOP_HIT,25868.00,1060.00,2026-05-07 09:31:00
2026-01-09,2026-01-09 10:10:00,2026-01-09 10:10:00,OG,Backtest,AdxDiCrossBracketOG,OG_AdxDiCrossBracketOG,OG,NQ,NQ JUN26,LONG,1,25921.75,25862.00,-1199.36,-1203.72,-240.7,LOSS,STOP_HIT,25862.50,1185.00,2026-05-07 09:31:00
2026-04-21,2026-04-21 11:05:00,2026-04-21 11:05:00,OG,Backtest,AdxDiCrossBracketOG,OG_AdxDiCrossBracketOG,OG,NQ,NQ JUN26,SHORT,1,26737.25,26684.75,1045.64,1041.28,208.3,WIN,TARGET_HIT,26788.75,1030.00,2026-05-07 09:31:00
2026-01-09,2026-01-09 10:15:00,2026-01-09 10:15:00,OG,Backtest,AdxDiCrossBracketOG,OG_AdxDiCrossBracketOG,OG,NQ,NQ JUN26,SHORT,1,25850.50,25918.00,-1354.36,-1358.72,-271.7,LOSS,STOP_HIT,25917.50,1340.00,2026-05-07 09:31:00
2026-03-06,2026-03-06 11:10:00,2026-03-06 11:15:00,OG,Backtest,AdxDiCrossBracketOG,OG_AdxDiCrossBracketOG,OG,NQ,NQ JUN26,LONG,1,25101.50,25059.00,-854.36,-858.72,-171.7,LOSS,STOP_HIT,25007.25,1885.00,2026-05-07 09:31:00
2026-01-06,2026-01-06 11:00:00,2026-01-06 11:10:00,OG,Backtest,AdxDiCrossBracketOG,OG_AdxDiCrossBracketOG,OG,NQ,NQ JUN26,SHORT,1,25909.25,25866.25,855.64,851.28,170.3,WIN,TARGET_HIT,25952.75,870.00,2026-05-07 09:31:00
2026-03-17,2026-03-17 11:15:00,2026-03-17 11:25:00,OG,Backtest,AdxDiCrossBracketOG,OG_AdxDiCrossBracketOG,OG,NQ,NQ JUN26,SHORT,1,25020.50,25045.25,-499.36,-503.72,-100.7,LOSS,STOP_HIT,25074.00,1070.00,2026-05-07 09:31:00
2026-04-21,2026-04-21 11:05:00,2026-04-21 11:05:00,OG,Backtest,AdxDiCrossBracketOG,OG_AdxDiCrossBracketOG,OG,NQ,NQ JUN26,SHORT,1,26737.25,26684.75,1045.64,1041.28,208.3,WIN,TARGET_HIT,26788.75,1030.00,2026-05-07 09:31:00
2026-03-03,2026-03-03 11:25:00,2026-03-03 11:40:00,OG,Backtest,AdxDiCrossBracketOG,OG_AdxDiCrossBracketOG,OG,NQ,NQ JUN26,LONG,1,24794.50,24817.25,450.64,446.28,89.3,WIN,STOP_HIT,24689.25,2105.00,2026-05-07 09:31:00
2026-03-20,2026-03-20 11:30:00,2026-03-20 12:05:00,OG,Backtest,AdxDiCrossBracketOG,OG_AdxDiCrossBracketOG,OG,NQ,NQ JUN26,LONG,1,24274.25,24354.75,1605.64,1601.28,320.3,WIN,TARGET_HIT,24192.75,1630.00,2026-05-07 09:31:00
2026-03-20,2026-03-20 11:30:00,2026-03-20 12:05:00,OG,Backtest,AdxDiCrossBracketOG,OG_AdxDiCrossBracketOG,OG,NQ,NQ JUN26,LONG,1,24274.25,24354.75,1605.64,1601.28,320.3,WIN,TARGET_HIT,24192.75,1630.00,2026-05-07 09:31:00
2026-03-19,2026-03-19 11:15:00,2026-03-19 11:25:00,OG,Backtest,AdxDiCrossBracketOG,OG_AdxDiCrossBracketOG,OG,NQ,NQ JUN26,LONG,1,24530.25,24486.25,-884.36,-888.72,-177.7,LOSS,STOP_HIT,24444.75,1710.00,2026-05-07 09:31:00
2026-04-13,2026-04-13 10:00:00,2026-04-13 10:05:00,OG,Backtest,AdxDiCrossBracketOG,OG_AdxDiCrossBracketOG,OG,NQ,NQ JUN26,LONG,1,25271.50,25306.25,690.64,686.28,137.3,WIN,STOP_HIT,25218.25,1065.00,2026-05-07 09:31:00
2026-01-09,2026-01-09 10:10:00,2026-01-09 10:10:00,OG,Backtest,AdxDiCrossBracketOG,OG_AdxDiCrossBracketOG,OG,NQ,NQ JUN26,LONG,1,25921.75,25862.00,-1199.36,-1203.72,-240.7,LOSS,STOP_HIT,25862.50,1185.00,2026-05-07 09:31:00
2026-04-07,2026-04-07 11:40:00,2026-04-07 12:05:00,OG,Backtest,AdxDiCrossBracketOG,OG_AdxDiCrossBracketOG,OG,NQ,NQ JUN26,LONG,1,24071.50,24140.75,1380.64,1376.28,275.3,WIN,TARGET_HIT,24001.75,1395.00,2026-05-07 09:31:00
2026-01-06,2026-01-06 11:00:00,2026-01-06 11:10:00,OG,Backtest,AdxDiCrossBracketOG,OG_AdxDiCrossBracketOG,OG,NQ,NQ JUN26,SHORT,1,25909.25,25852.00,1140.64,1136.28,227.3,WIN,TARGET_HIT,25967.00,1155.00,2026-05-07 09:31:00
2026-03-25,2026-03-25 11:20:00,2026-03-25 11:20:00,OG,Backtest,AdxDiCrossBracketOG,OG_AdxDiCrossBracketOG,OG,NQ,NQ JUN26,SHORT,1,24386.00,24311.00,1495.64,1491.28,298.3,WIN,TARGET_HIT,24463.50,1550.00,2026-05-07 09:31:00
2026-01-09,2026-01-09 10:10:00,2026-01-09 10:10:00,OG,Backtest,AdxDiCrossBracketOG,OG_AdxDiCrossBracketOG,OG,NQ,NQ JUN26,LONG,1,25921.75,25862.00,-1199.36,-1203.72,-240.7,LOSS,STOP_HIT,25862.50,1185.00,2026-05-07 09:31:00
2026-01-13,2026-01-13 10:10:00,2026-01-13 10:15:00,OG,Backtest,AdxDiCrossBracketOG,OG_AdxDiCrossBracketOG,OG,NQ,NQ JUN26,SHORT,1,26138.00,26121.75,320.64,316.28,63.3,WIN,STOP_HIT,26183.00,900.00,2026-05-07 09:31:00
2026-04-06,2026-04-06 10:55:00,2026-04-06 11:05:00,OG,Backtest,AdxDiCrossBracketOG,OG_AdxDiCrossBracketOG,OG,NQ,NQ JUN26,SHORT,1,24269.25,24306.75,-754.36,-758.72,-151.7,LOSS,STOP_HIT,24347.00,1555.00,2026-05-07 09:31:00
2026-03-03,2026-03-03 11:25:00,2026-03-03 11:40:00,OG,Backtest,AdxDiCrossBracketOG,OG_AdxDiCrossBracketOG,OG,NQ,NQ JUN26,LONG,1,24794.50,24817.25,450.64,446.28,89.3,WIN,STOP_HIT,24689.25,2105.00,2026-05-07 09:31:00
2026-02-24,2026-02-24 10:10:00,2026-02-24 10:10:00,OG,Backtest,AdxDiCrossBracketOG,OG_AdxDiCrossBracketOG,OG,NQ,NQ JUN26,SHORT,1,25048.75,25114.00,-1309.36,-1313.72,-262.7,LOSS,STOP_HIT,25113.50,1295.00,2026-05-07 09:31:00
2026-05-01,2026-05-01 11:10:00,2026-05-01 11:20:00,OG,Backtest,AdxDiCrossBracketOG,OG_AdxDiCrossBracketOG,OG,NQ,NQ JUN26,SHORT,1,27795.25,27837.25,-844.36,-848.72,-169.7,LOSS,STOP_HIT,27857.00,1235.00,2026-05-07 09:31:00
2026-01-20,2026-01-20 10:50:00,2026-01-20 10:55:00,OG,Backtest,AdxDiCrossBracketOG,OG_AdxDiCrossBracketOG,OG,NQ,NQ JUN26,LONG,1,25598.00,25559.50,-774.36,-778.72,-155.7,LOSS,STOP_HIT,25527.25,1415.00,2026-05-07 09:31:00
2026-01-07,2026-01-07 10:10:00,2026-01-07 10:15:00,OG,Backtest,AdxDiCrossBracketOG,OG_AdxDiCrossBracketOG,OG,NQ,NQ JUN26,SHORT,1,26050.75,26065.00,-289.36,-293.72,-58.7,LOSS,STOP_HIT,26083.25,650.00,2026-05-07 09:31:00
2026-04-06,2026-04-06 10:55:00,2026-04-06 11:05:00,OG,Backtest,AdxDiCrossBracketOG,OG_AdxDiCrossBracketOG,OG,NQ,NQ JUN26,SHORT,1,24269.25,24306.75,-754.36,-758.72,-151.7,LOSS,STOP_HIT,24347.00,1555.00,2026-05-07 09:31:00
2026-01-21,2026-01-21 11:45:00,2026-01-21 11:50:00,OG,Backtest,AdxDiCrossBracketOG,OG_AdxDiCrossBracketOG,OG,NQ,NQ JUN26,SHORT,1,25543.75,25486.50,1140.64,1136.28,227.3,WIN,TARGET_HIT,25601.50,1155.00,2026-05-07 09:31:00
2026-03-09,2026-03-09 10:45:00,2026-03-09 11:05:00,OG,Backtest,AdxDiCrossBracketOG,OG_AdxDiCrossBracketOG,OG,NQ,NQ JUN26,LONG,1,24692.00,24797.25,2100.64,2096.28,419.3,WIN,TARGET_HIT,24587.25,2095.00,2026-05-07 09:31:00
2026-03-09,2026-03-09 10:45:00,2026-03-09 11:05:00,OG,Backtest,AdxDiCrossBracketOG,OG_AdxDiCrossBracketOG,OG,NQ,NQ JUN26,LONG,1,24692.00,24797.25,2100.64,2096.28,419.3,WIN,TARGET_HIT,24587.25,2095.00,2026-05-07 09:31:01
2026-02-10,2026-02-10 09:45:00,2026-02-10 09:45:00,OG,Backtest,AdxDiCrossBracketOG,OG_AdxDiCrossBracketOG,OG,NQ,NQ JUN26,SHORT,1,25535.25,25488.50,930.64,926.28,185.3,WIN,TARGET_HIT,25583.50,965.00,2026-05-07 09:31:01
2026-01-28,2026-01-28 10:55:00,2026-01-28 11:20:00,OG,Backtest,AdxDiCrossBracketOG,OG_AdxDiCrossBracketOG,OG,NQ,NQ JUN26,SHORT,1,26395.25,26393.00,40.64,36.28,7.3,WIN,STOP_HIT,26445.25,1000.00,2026-05-07 09:31:01
2026-04-21,2026-04-21 11:05:00,2026-04-21 11:05:00,OG,Backtest,AdxDiCrossBracketOG,OG_AdxDiCrossBracketOG,OG,NQ,NQ JUN26,SHORT,1,26737.25,26684.75,1045.64,1041.28,208.3,WIN,TARGET_HIT,26788.75,1030.00,2026-05-07 09:31:01
2026-01-09,2026-01-09 10:15:00,2026-01-09 10:15:00,OG,Backtest,AdxDiCrossBracketOG,OG_AdxDiCrossBracketOG,OG,NQ,NQ JUN26,SHORT,1,25850.50,25918.00,-1354.36,-1358.72,-271.7,LOSS,STOP_HIT,25917.50,1340.00,2026-05-07 09:31:01
2026-01-12,2026-01-12 11:25:00,2026-01-12 11:30:00,OG,Backtest,AdxDiCrossBracketOG,OG_AdxDiCrossBracketOG,OG,NQ,NQ JUN26,LONG,1,26158.75,26152.25,-134.36,-138.72,-27.7,LOSS,STOP_HIT,26118.25,810.00,2026-05-07 09:31:01
2026-05-01,2026-05-01 11:10:00,2026-05-01 11:20:00,OG,Backtest,AdxDiCrossBracketOG,OG_AdxDiCrossBracketOG,OG,NQ,NQ JUN26,SHORT,1,27795.25,27837.25,-844.36,-848.72,-169.7,LOSS,STOP_HIT,27857.00,1235.00,2026-05-07 09:31:01
2026-01-07,2026-01-07 09:50:00,2026-01-07 10:00:00,OG,Backtest,AdxDiCrossBracketOG,OG_AdxDiCrossBracketOG,OG,NQ,NQ JUN26,LONG,1,26063.75,26088.00,480.64,476.28,95.3,WIN,TARGET_HIT,26039.00,495.00,2026-05-07 09:31:01
2026-02-13,2026-02-13 10:35:00,2026-02-13 10:45:00,OG,Backtest,AdxDiCrossBracketOG,OG_AdxDiCrossBracketOG,OG,NQ,NQ JUN26,LONG,1,25058.00,25033.25,-499.36,-503.72,-100.7,LOSS,STOP_HIT,24917.50,2810.00,2026-05-07 09:31:01
2026-01-28,2026-01-28 10:55:00,2026-01-28 11:05:00,OG,Backtest,AdxDiCrossBracketOG,OG_AdxDiCrossBracketOG,OG,NQ,NQ JUN26,SHORT,1,26395.25,26393.25,35.64,31.28,6.3,WIN,STOP_HIT,26445.25,1000.00,2026-05-07 09:31:01
2026-03-24,2026-03-24 11:00:00,2026-03-24 11:00:00,OG,Backtest,AdxDiCrossBracketOG,OG_AdxDiCrossBracketOG,OG,NQ,NQ JUN26,LONG,1,24281.50,24186.50,-1904.36,-1908.72,-381.7,LOSS,STOP_HIT,24187.00,1890.00,2026-05-07 09:31:01
2026-01-09,2026-01-09 10:15:00,2026-01-09 10:15:00,OG,Backtest,AdxDiCrossBracketOG,OG_AdxDiCrossBracketOG,OG,NQ,NQ JUN26,SHORT,1,25850.50,25918.00,-1354.36,-1358.72,-271.7,LOSS,STOP_HIT,25917.50,1340.00,2026-05-07 09:31:01
2026-03-24,2026-03-24 11:00:00,2026-03-24 11:00:00,OG,Backtest,AdxDiCrossBracketOG,OG_AdxDiCrossBracketOG,OG,NQ,NQ JUN26,LONG,1,24281.50,24186.50,-1904.36,-1908.72,-381.7,LOSS,STOP_HIT,24187.00,1890.00,2026-05-07 09:31:01
2026-01-20,2026-01-20 10:50:00,2026-01-20 10:55:00,OG,Backtest,AdxDiCrossBracketOG,OG_AdxDiCrossBracketOG,OG,NQ,NQ JUN26,LONG,1,25598.00,25559.50,-774.36,-778.72,-155.7,LOSS,STOP_HIT,25527.25,1415.00,2026-05-07 09:31:01
2026-01-21,2026-01-21 11:45:00,2026-01-21 11:50:00,OG,Backtest,AdxDiCrossBracketOG,OG_AdxDiCrossBracketOG,OG,NQ,NQ JUN26,SHORT,1,25543.75,25486.50,1140.64,1136.28,227.3,WIN,TARGET_HIT,25601.50,1155.00,2026-05-07 09:31:01
2026-04-07,2026-04-07 11:40:00,2026-04-07 12:05:00,OG,Backtest,AdxDiCrossBracketOG,OG_AdxDiCrossBracketOG,OG,NQ,NQ JUN26,LONG,1,24071.50,24140.75,1380.64,1376.28,275.3,WIN,TARGET_HIT,24001.75,1395.00,2026-05-07 09:31:01
2026-01-07,2026-01-07 09:50:00,2026-01-07 10:05:00,OG,Backtest,AdxDiCrossBracketOG,OG_AdxDiCrossBracketOG,OG,NQ,NQ JUN26,LONG,1,26063.75,26060.25,-74.36,-78.72,-15.7,LOSS,STOP_HIT,26030.75,660.00,2026-05-07 09:31:01
2026-04-06,2026-04-06 10:55:00,2026-04-06 11:05:00,OG,Backtest,AdxDiCrossBracketOG,OG_AdxDiCrossBracketOG,OG,NQ,NQ JUN26,SHORT,1,24269.25,24306.75,-754.36,-758.72,-151.7,LOSS,STOP_HIT,24347.00,1555.00,2026-05-07 09:31:01
2026-04-10,2026-04-10 11:45:00,2026-04-10 12:00:00,OG,Backtest,AdxDiCrossBracketOG,OG_AdxDiCrossBracketOG,OG,NQ,NQ JUN26,SHORT,1,25301.50,25279.25,440.64,436.28,87.3,WIN,STOP_HIT,25350.25,975.00,2026-05-07 09:31:01
2026-01-23,2026-01-23 10:10:00,2026-01-23 10:25:00,OG,Backtest,AdxDiCrossBracketOG,OG_AdxDiCrossBracketOG,OG,NQ,NQ JUN26,LONG,1,25921.00,25890.75,-609.36,-613.72,-122.7,LOSS,STOP_HIT,25868.00,1060.00,2026-05-07 09:31:01
2026-04-07,2026-04-07 11:40:00,2026-04-07 12:05:00,OG,Backtest,AdxDiCrossBracketOG,OG_AdxDiCrossBracketOG,OG,NQ,NQ JUN26,LONG,1,24071.50,24140.75,1380.64,1376.28,275.3,WIN,TARGET_HIT,24001.75,1395.00,2026-05-07 09:31:01
2026-01-07,2026-01-07 09:50:00,2026-01-07 10:00:00,OG,Backtest,AdxDiCrossBracketOG,OG_AdxDiCrossBracketOG,OG,NQ,NQ JUN26,LONG,1,26063.75,26088.00,480.64,476.28,95.3,WIN,TARGET_HIT,26039.00,495.00,2026-05-07 09:31:01
2026-04-07,2026-04-07 11:40:00,2026-04-07 12:05:00,OG,Backtest,AdxDiCrossBracketOG,OG_AdxDiCrossBracketOG,OG,NQ,NQ JUN26,LONG,1,24071.50,24140.75,1380.64,1376.28,275.3,WIN,TARGET_HIT,24001.75,1395.00,2026-05-07 09:31:01
2026-03-12,2026-03-12 11:50:00,2026-03-12 11:55:00,OG,Backtest,AdxDiCrossBracketOG,OG_AdxDiCrossBracketOG,OG,NQ,NQ JUN26,LONG,1,24898.00,24865.50,-654.36,-658.72,-131.7,LOSS,STOP_HIT,24792.00,2120.00,2026-05-07 09:31:01
2026-02-11,2026-02-11 11:05:00,2026-02-11 11:10:00,OG,Backtest,AdxDiCrossBracketOG,OG_AdxDiCrossBracketOG,OG,NQ,NQ JUN26,LONG,1,25453.50,25418.25,-709.36,-713.72,-142.7,LOSS,STOP_HIT,25333.00,2410.00,2026-05-07 09:31:01
2026-01-06,2026-01-06 11:00:00,2026-01-06 11:10:00,OG,Backtest,AdxDiCrossBracketOG,OG_AdxDiCrossBracketOG,OG,NQ,NQ JUN26,SHORT,1,25909.25,25866.25,855.64,851.28,170.3,WIN,TARGET_HIT,25952.75,870.00,2026-05-07 09:31:01
2026-04-13,2026-04-13 10:00:00,2026-04-13 10:05:00,OG,Backtest,AdxDiCrossBracketOG,OG_AdxDiCrossBracketOG,OG,NQ,NQ JUN26,LONG,1,25271.50,25306.25,690.64,686.28,137.3,WIN,STOP_HIT,25218.25,1065.00,2026-05-07 09:31:01
2026-01-06,2026-01-06 11:00:00,2026-01-06 11:10:00,OG,Backtest,AdxDiCrossBracketOG,OG_AdxDiCrossBracketOG,OG,NQ,NQ JUN26,SHORT,1,25909.25,25866.25,855.64,851.28,170.3,WIN,TARGET_HIT,25952.75,870.00,2026-05-07 09:31:01
2026-03-12,2026-03-12 11:50:00,2026-03-12 11:55:00,OG,Backtest,AdxDiCrossBracketOG,OG_AdxDiCrossBracketOG,OG,NQ,NQ JUN26,LONG,1,24898.00,24865.50,-654.36,-658.72,-131.7,LOSS,STOP_HIT,24818.25,1595.00,2026-05-07 09:31:01
2026-02-24,2026-02-24 10:10:00,2026-02-24 10:10:00,OG,Backtest,AdxDiCrossBracketOG,OG_AdxDiCrossBracketOG,OG,NQ,NQ JUN26,SHORT,1,25048.75,25114.00,-1309.36,-1313.72,-262.7,LOSS,STOP_HIT,25113.50,1295.00,2026-05-07 09:31:01
2026-04-16,2026-04-16 10:15:00,2026-04-16 10:50:00,OG,Backtest,AdxDiCrossBracketOG,OG_AdxDiCrossBracketOG,OG,NQ,NQ JUN26,LONG,1,26347.25,26398.25,1015.64,1011.28,202.3,WIN,TARGET_HIT,26294.25,1060.00,2026-05-07 09:31:01
2026-02-24,2026-02-24 09:50:00,2026-02-24 10:00:00,OG,Backtest,AdxDiCrossBracketOG,OG_AdxDiCrossBracketOG,OG,NQ,NQ JUN26,LONG,1,25120.50,25108.50,-244.36,-248.72,-49.7,LOSS,STOP_HIT,25043.75,1535.00,2026-05-07 09:31:01
2026-04-07,2026-04-07 11:40:00,2026-04-07 12:05:00,OG,Backtest,AdxDiCrossBracketOG,OG_AdxDiCrossBracketOG,OG,NQ,NQ JUN26,LONG,1,24071.50,24140.75,1380.64,1376.28,275.3,WIN,TARGET_HIT,24001.75,1395.00,2026-05-07 09:31:01
2026-03-03,2026-03-03 11:25:00,2026-03-03 11:40:00,OG,Backtest,AdxDiCrossBracketOG,OG_AdxDiCrossBracketOG,OG,NQ,NQ JUN26,LONG,1,24794.50,24817.25,450.64,446.28,89.3,WIN,STOP_HIT,24689.25,2105.00,2026-05-07 09:31:01
2026-02-05,2026-02-05 11:40:00,2026-02-05 11:50:00,OG,Backtest,AdxDiCrossBracketOG,OG_AdxDiCrossBracketOG,OG,NQ,NQ JUN26,LONG,1,25025.50,24992.25,-669.36,-673.72,-134.7,LOSS,STOP_HIT,24895.00,2610.00,2026-05-07 09:31:01
2026-02-24,2026-02-24 10:10:00,2026-02-24 10:10:00,OG,Backtest,AdxDiCrossBracketOG,OG_AdxDiCrossBracketOG,OG,NQ,NQ JUN26,SHORT,1,25048.75,25114.00,-1309.36,-1313.72,-262.7,LOSS,STOP_HIT,25113.50,1295.00,2026-05-07 09:31:01
2026-01-12,2026-01-12 11:25:00,2026-01-12 11:30:00,OG,Backtest,AdxDiCrossBracketOG,OG_AdxDiCrossBracketOG,OG,NQ,NQ JUN26,LONG,1,26158.75,26152.25,-134.36,-138.72,-27.7,LOSS,STOP_HIT,26118.25,810.00,2026-05-07 09:31:01
2026-03-06,2026-03-06 11:10:00,2026-03-06 11:15:00,OG,Backtest,AdxDiCrossBracketOG,OG_AdxDiCrossBracketOG,OG,NQ,NQ JUN26,LONG,1,25101.50,25059.00,-854.36,-858.72,-171.7,LOSS,STOP_HIT,25007.25,1885.00,2026-05-07 09:31:01
2026-03-03,2026-03-03 11:25:00,2026-03-03 11:40:00,OG,Backtest,AdxDiCrossBracketOG,OG_AdxDiCrossBracketOG,OG,NQ,NQ JUN26,LONG,1,24794.50,24817.25,450.64,446.28,89.3,WIN,STOP_HIT,24689.25,2105.00,2026-05-07 09:31:01
2026-01-13,2026-01-13 10:10:00,2026-01-13 10:15:00,OG,Backtest,AdxDiCrossBracketOG,OG_AdxDiCrossBracketOG,OG,NQ,NQ JUN26,SHORT,1,26138.00,26121.75,320.64,316.28,63.3,WIN,STOP_HIT,26183.00,900.00,2026-05-07 09:31:01
2026-01-16,2026-01-16 11:30:00,2026-01-16 11:35:00,OG,Backtest,AdxDiCrossBracketOG,OG_AdxDiCrossBracketOG,OG,NQ,NQ JUN26,LONG,1,25911.50,25925.25,270.64,266.28,53.3,WIN,STOP_HIT,25857.00,1090.00,2026-05-07 09:31:01
2026-01-23,2026-01-23 10:10:00,2026-01-23 10:25:00,OG,Backtest,AdxDiCrossBracketOG,OG_AdxDiCrossBracketOG,OG,NQ,NQ JUN26,LONG,1,25921.00,25890.75,-609.36,-613.72,-122.7,LOSS,STOP_HIT,25868.00,1060.00,2026-05-07 09:31:01
2026-03-03,2026-03-03 11:40:00,2026-03-03 11:50:00,OG,Backtest,AdxDiCrossBracketOG,OG_AdxDiCrossBracketOG,OG,NQ,NQ JUN26,SHORT,1,24817.25,24864.25,-944.36,-948.72,-189.7,LOSS,STOP_HIT,24948.50,2625.00,2026-05-07 09:31:01
2026-03-03,2026-03-03 11:25:00,2026-03-03 11:40:00,OG,Backtest,AdxDiCrossBracketOG,OG_AdxDiCrossBracketOG,OG,NQ,NQ JUN26,LONG,1,24794.50,24817.25,450.64,446.28,89.3,WIN,STOP_HIT,24689.25,2105.00,2026-05-07 09:31:01
2026-01-20,2026-01-20 10:50:00,2026-01-20 10:55:00,OG,Backtest,AdxDiCrossBracketOG,OG_AdxDiCrossBracketOG,OG,NQ,NQ JUN26,LONG,1,25598.00,25559.50,-774.36,-778.72,-155.7,LOSS,STOP_HIT,25527.25,1415.00,2026-05-07 09:31:01
2026-01-07,2026-01-07 10:10:00,2026-01-07 10:15:00,OG,Backtest,AdxDiCrossBracketOG,OG_AdxDiCrossBracketOG,OG,NQ,NQ JUN26,SHORT,1,26050.75,26065.00,-289.36,-293.72,-58.7,LOSS,STOP_HIT,26094.00,865.00,2026-05-07 09:31:01
2026-02-17,2026-02-17 11:10:00,2026-02-17 11:15:00,OG,Backtest,AdxDiCrossBracketOG,OG_AdxDiCrossBracketOG,OG,NQ,NQ JUN26,LONG,1,24861.25,24960.75,1985.64,1981.28,396.3,WIN,TARGET_HIT,24760.25,2020.00,2026-05-07 09:31:01
2026-01-16,2026-01-16 11:40:00,2026-01-16 11:50:00,OG,Backtest,AdxDiCrossBracketOG,OG_AdxDiCrossBracketOG,OG,NQ,NQ JUN26,LONG,1,25923.75,25946.25,445.64,441.28,88.3,WIN,STOP_HIT,25871.75,1040.00,2026-05-07 09:31:01
2026-01-13,2026-01-13 10:10:00,2026-01-13 10:15:00,OG,Backtest,AdxDiCrossBracketOG,OG_AdxDiCrossBracketOG,OG,NQ,NQ JUN26,SHORT,1,26138.00,26121.75,320.64,316.28,63.3,WIN,STOP_HIT,26197.75,1195.00,2026-05-07 09:31:01
2026-02-11,2026-02-11 11:05:00,2026-02-11 11:10:00,OG,Backtest,AdxDiCrossBracketOG,OG_AdxDiCrossBracketOG,OG,NQ,NQ JUN26,LONG,1,25453.50,25418.25,-709.36,-713.72,-142.7,LOSS,STOP_HIT,25333.00,2410.00,2026-05-07 09:31:01
2026-01-09,2026-01-09 09:55:00,2026-01-09 10:05:00,OG,Backtest,AdxDiCrossBracketOG,OG_AdxDiCrossBracketOG,OG,NQ,NQ JUN26,SHORT,1,25913.25,25956.50,-869.36,-873.72,-174.7,LOSS,STOP_HIT,25981.00,1355.00,2026-05-07 09:31:01
2026-03-24,2026-03-24 11:00:00,2026-03-24 11:15:00,OG,Backtest,AdxDiCrossBracketOG,OG_AdxDiCrossBracketOG,OG,NQ,NQ JUN26,LONG,1,24281.50,24278.25,-69.36,-73.72,-14.7,LOSS,STOP_HIT,24156.00,2510.00,2026-05-07 09:31:01
2026-02-24,2026-02-24 10:10:00,2026-02-24 10:10:00,OG,Backtest,AdxDiCrossBracketOG,OG_AdxDiCrossBracketOG,OG,NQ,NQ JUN26,SHORT,1,25048.75,25114.00,-1309.36,-1313.72,-262.7,LOSS,STOP_HIT,25113.50,1295.00,2026-05-07 09:31:01
2026-02-10,2026-02-10 09:45:00,2026-02-10 09:45:00,OG,Backtest,AdxDiCrossBracketOG,OG_AdxDiCrossBracketOG,OG,NQ,NQ JUN26,SHORT,1,25535.25,25488.50,930.64,926.28,185.3,WIN,TARGET_HIT,25583.50,965.00,2026-05-07 09:31:01
2026-03-24,2026-03-24 11:00:00,2026-03-24 11:15:00,OG,Backtest,AdxDiCrossBracketOG,OG_AdxDiCrossBracketOG,OG,NQ,NQ JUN26,LONG,1,24281.50,24278.25,-69.36,-73.72,-14.7,LOSS,STOP_HIT,24156.00,2510.00,2026-05-07 09:31:01
2026-03-25,2026-03-25 11:20:00,2026-03-25 11:20:00,OG,Backtest,AdxDiCrossBracketOG,OG_AdxDiCrossBracketOG,OG,NQ,NQ JUN26,SHORT,1,24386.00,24311.00,1495.64,1491.28,298.3,WIN,TARGET_HIT,24463.50,1550.00,2026-05-07 09:31:01
2026-01-07,2026-01-07 10:10:00,2026-01-07 10:15:00,OG,Backtest,AdxDiCrossBracketOG,OG_AdxDiCrossBracketOG,OG,NQ,NQ JUN26,SHORT,1,26050.75,26065.00,-289.36,-293.72,-58.7,LOSS,STOP_HIT,26083.25,650.00,2026-05-07 09:31:01
2026-03-09,2026-03-09 10:45:00,2026-03-09 11:05:00,OG,Backtest,AdxDiCrossBracketOG,OG_AdxDiCrossBracketOG,OG,NQ,NQ JUN26,LONG,1,24692.00,24797.25,2100.64,2096.28,419.3,WIN,TARGET_HIT,24587.25,2095.00,2026-05-07 09:31:01
2026-02-03,2026-02-03 09:50:00,2026-02-03 10:00:00,OG,Backtest,AdxDiCrossBracketOG,OG_AdxDiCrossBracketOG,OG,NQ,NQ JUN26,SHORT,1,25960.75,25888.75,1435.64,1431.28,286.3,WIN,TARGET_HIT,26034.25,1470.00,2026-05-07 09:31:01
2026-02-11,2026-02-11 11:05:00,2026-02-11 11:10:00,OG,Backtest,AdxDiCrossBracketOG,OG_AdxDiCrossBracketOG,OG,NQ,NQ JUN26,LONG,1,25453.50,25418.25,-709.36,-713.72,-142.7,LOSS,STOP_HIT,25363.00,1810.00,2026-05-07 09:31:01
2026-04-10,2026-04-10 11:45:00,2026-04-10 12:00:00,OG,Backtest,AdxDiCrossBracketOG,OG_AdxDiCrossBracketOG,OG,NQ,NQ JUN26,SHORT,1,25301.50,25279.25,440.64,436.28,87.3,WIN,STOP_HIT,25350.25,975.00,2026-05-07 09:31:01
2026-04-10,2026-04-10 11:45:00,2026-04-10 12:00:00,OG,Backtest,AdxDiCrossBracketOG,OG_AdxDiCrossBracketOG,OG,NQ,NQ JUN26,SHORT,1,25301.50,25279.25,440.64,436.28,87.3,WIN,STOP_HIT,25350.25,975.00,2026-05-07 09:31:01
2026-02-10,2026-02-10 09:45:00,2026-02-10 09:45:00,OG,Backtest,AdxDiCrossBracketOG,OG_AdxDiCrossBracketOG,OG,NQ,NQ JUN26,SHORT,1,25535.25,25500.25,695.64,691.28,138.3,WIN,TARGET_HIT,25571.75,730.00,2026-05-07 09:31:01
2026-03-20,2026-03-20 11:30:00,2026-03-20 12:05:00,OG,Backtest,AdxDiCrossBracketOG,OG_AdxDiCrossBracketOG,OG,NQ,NQ JUN26,LONG,1,24274.25,24354.75,1605.64,1601.28,320.3,WIN,TARGET_HIT,24192.75,1630.00,2026-05-07 09:31:01
2026-03-12,2026-03-12 11:50:00,2026-03-12 11:55:00,OG,Backtest,AdxDiCrossBracketOG,OG_AdxDiCrossBracketOG,OG,NQ,NQ JUN26,LONG,1,24898.00,24865.50,-654.36,-658.72,-131.7,LOSS,STOP_HIT,24818.25,1595.00,2026-05-07 09:31:01
2026-01-21,2026-01-21 11:45:00,2026-01-21 11:55:00,OG,Backtest,AdxDiCrossBracketOG,OG_AdxDiCrossBracketOG,OG,NQ,NQ JUN26,SHORT,1,25543.75,25467.25,1525.64,1521.28,304.3,WIN,TARGET_HIT,25620.75,1540.00,2026-05-07 09:31:01
2026-03-17,2026-03-17 11:15:00,2026-03-17 11:25:00,OG,Backtest,AdxDiCrossBracketOG,OG_AdxDiCrossBracketOG,OG,NQ,NQ JUN26,SHORT,1,25020.50,25045.25,-499.36,-503.72,-100.7,LOSS,STOP_HIT,25074.00,1070.00,2026-05-07 09:31:01
2026-04-16,2026-04-16 10:00:00,2026-04-16 10:05:00,OG,Backtest,AdxDiCrossBracketOG,OG_AdxDiCrossBracketOG,OG,NQ,NQ JUN26,SHORT,1,26282.00,26330.25,-969.36,-973.72,-194.7,LOSS,STOP_HIT,26329.75,955.00,2026-05-07 09:31:01
2026-01-07,2026-01-07 10:10:00,2026-01-07 10:15:00,OG,Backtest,AdxDiCrossBracketOG,OG_AdxDiCrossBracketOG,OG,NQ,NQ JUN26,SHORT,1,26050.75,26065.00,-289.36,-293.72,-58.7,LOSS,STOP_HIT,26094.00,865.00,2026-05-07 09:31:01
2026-04-16,2026-04-16 10:00:00,2026-04-16 10:05:00,OG,Backtest,AdxDiCrossBracketOG,OG_AdxDiCrossBracketOG,OG,NQ,NQ JUN26,SHORT,1,26282.00,26330.25,-969.36,-973.72,-194.7,LOSS,STOP_HIT,26329.75,955.00,2026-05-07 09:31:01
2026-02-24,2026-02-24 09:50:00,2026-02-24 10:05:00,OG,Backtest,AdxDiCrossBracketOG,OG_AdxDiCrossBracketOG,OG,NQ,NQ JUN26,LONG,1,25120.50,25062.00,-1174.36,-1178.72,-235.7,LOSS,STOP_HIT,25062.50,1160.00,2026-05-07 09:31:01
2026-04-16,2026-04-16 10:15:00,2026-04-16 10:50:00,OG,Backtest,AdxDiCrossBracketOG,OG_AdxDiCrossBracketOG,OG,NQ,NQ JUN26,LONG,1,26347.25,26398.25,1015.64,1011.28,202.3,WIN,TARGET_HIT,26294.25,1060.00,2026-05-07 09:31:01
2026-05-04,2026-05-04 11:05:00,2026-05-04 11:10:00,OG,Backtest,AdxDiCrossBracketOG,OG_AdxDiCrossBracketOG,OG,NQ,NQ JUN26,SHORT,1,27881.50,27890.00,-174.36,-178.72,-35.7,LOSS,STOP_HIT,27933.75,1045.00,2026-05-07 09:31:01
2026-01-09,2026-01-09 09:45:00,2026-01-09 09:50:00,OG,Backtest,AdxDiCrossBracketOG,OG_AdxDiCrossBracketOG,OG,NQ,NQ JUN26,LONG,1,25965.00,25924.25,-819.36,-823.72,-164.7,LOSS,STOP_HIT,25924.75,805.00,2026-05-07 09:31:01
2026-05-04,2026-05-04 11:05:00,2026-05-04 11:10:00,OG,Backtest,AdxDiCrossBracketOG,OG_AdxDiCrossBracketOG,OG,NQ,NQ JUN26,SHORT,1,27881.50,27890.00,-174.36,-178.72,-35.7,LOSS,STOP_HIT,27951.00,1390.00,2026-05-07 09:31:01
2026-03-03,2026-03-03 11:25:00,2026-03-03 11:35:00,OG,Backtest,AdxDiCrossBracketOG,OG_AdxDiCrossBracketOG,OG,NQ,NQ JUN26,LONG,1,24794.50,24819.00,485.64,481.28,96.3,WIN,STOP_HIT,24654.75,2795.00,2026-05-07 09:31:01
2026-03-19,2026-03-19 11:15:00,2026-03-19 11:25:00,OG,Backtest,AdxDiCrossBracketOG,OG_AdxDiCrossBracketOG,OG,NQ,NQ JUN26,LONG,1,24530.25,24486.25,-884.36,-888.72,-177.7,LOSS,STOP_HIT,24444.75,1710.00,2026-05-07 09:31:01
2026-03-17,2026-03-17 11:15:00,2026-03-17 11:25:00,OG,Backtest,AdxDiCrossBracketOG,OG_AdxDiCrossBracketOG,OG,NQ,NQ JUN26,SHORT,1,25020.50,25045.25,-499.36,-503.72,-100.7,LOSS,STOP_HIT,25074.00,1070.00,2026-05-07 09:31:01
2026-01-13,2026-01-13 10:10:00,2026-01-13 10:15:00,OG,Backtest,AdxDiCrossBracketOG,OG_AdxDiCrossBracketOG,OG,NQ,NQ JUN26,SHORT,1,26138.00,26121.75,320.64,316.28,63.3,WIN,STOP_HIT,26197.75,1195.00,2026-05-07 09:31:01
2026-03-06,2026-03-06 11:10:00,2026-03-06 11:15:00,OG,Backtest,AdxDiCrossBracketOG,OG_AdxDiCrossBracketOG,OG,NQ,NQ JUN26,LONG,1,25101.50,25059.00,-854.36,-858.72,-171.7,LOSS,STOP_HIT,24975.75,2515.00,2026-05-07 09:31:01
2026-03-24,2026-03-24 11:00:00,2026-03-24 11:15:00,OG,Backtest,AdxDiCrossBracketOG,OG_AdxDiCrossBracketOG,OG,NQ,NQ JUN26,LONG,1,24281.50,24278.25,-69.36,-73.72,-14.7,LOSS,STOP_HIT,24156.00,2510.00,2026-05-07 09:31:01
2026-02-03,2026-02-03 09:50:00,2026-02-03 10:00:00,OG,Backtest,AdxDiCrossBracketOG,OG_AdxDiCrossBracketOG,OG,NQ,NQ JUN26,SHORT,1,25960.75,25888.75,1435.64,1431.28,286.3,WIN,TARGET_HIT,26034.25,1470.00,2026-05-07 09:31:01
2026-03-27,2026-03-27 11:40:00,2026-03-27 12:05:00,OG,Backtest,AdxDiCrossBracketOG,OG_AdxDiCrossBracketOG,OG,NQ,NQ JUN26,LONG,1,23597.00,23550.00,-944.36,-948.72,-189.7,LOSS,STOP_HIT,23514.00,1660.00,2026-05-07 09:31:01
2026-05-04,2026-05-04 11:05:00,2026-05-04 11:10:00,OG,Backtest,AdxDiCrossBracketOG,OG_AdxDiCrossBracketOG,OG,NQ,NQ JUN26,SHORT,1,27881.50,27890.00,-174.36,-178.72,-35.7,LOSS,STOP_HIT,27933.75,1045.00,2026-05-07 09:31:01
2026-03-19,2026-03-19 11:15:00,2026-03-19 11:25:00,OG,Backtest,AdxDiCrossBracketOG,OG_AdxDiCrossBracketOG,OG,NQ,NQ JUN26,LONG,1,24530.25,24486.25,-884.36,-888.72,-177.7,LOSS,STOP_HIT,24444.75,1710.00,2026-05-07 09:31:01
2026-02-24,2026-02-24 10:10:00,2026-02-24 10:15:00,OG,Backtest,AdxDiCrossBracketOG,OG_AdxDiCrossBracketOG,OG,NQ,NQ JUN26,SHORT,1,25048.75,25109.25,-1214.36,-1218.72,-243.7,LOSS,STOP_HIT,25134.75,1720.00,2026-05-07 09:31:01
2026-04-06,2026-04-06 10:55:00,2026-04-06 11:05:00,OG,Backtest,AdxDiCrossBracketOG,OG_AdxDiCrossBracketOG,OG,NQ,NQ JUN26,SHORT,1,24269.25,24306.75,-754.36,-758.72,-151.7,LOSS,STOP_HIT,24372.75,2070.00,2026-05-07 09:31:01
2026-03-27,2026-03-27 11:40:00,2026-03-27 12:05:00,OG,Backtest,AdxDiCrossBracketOG,OG_AdxDiCrossBracketOG,OG,NQ,NQ JUN26,LONG,1,23597.00,23550.00,-944.36,-948.72,-189.7,LOSS,STOP_HIT,23514.00,1660.00,2026-05-07 09:31:01
2026-04-07,2026-04-07 11:40:00,2026-04-07 12:05:00,OG,Backtest,AdxDiCrossBracketOG,OG_AdxDiCrossBracketOG,OG,NQ,NQ JUN26,LONG,1,24071.50,24163.75,1840.64,1836.28,367.3,WIN,TARGET_HIT,23978.75,1855.00,2026-05-07 09:31:01
2026-01-12,2026-01-12 11:25:00,2026-01-12 11:30:00,OG,Backtest,AdxDiCrossBracketOG,OG_AdxDiCrossBracketOG,OG,NQ,NQ JUN26,LONG,1,26158.75,26152.25,-134.36,-138.72,-27.7,LOSS,STOP_HIT,26118.25,810.00,2026-05-07 09:31:01
2026-01-09,2026-01-09 10:15:00,2026-01-09 10:15:00,OG,Backtest,AdxDiCrossBracketOG,OG_AdxDiCrossBracketOG,OG,NQ,NQ JUN26,SHORT,1,25850.50,25939.75,-1789.36,-1793.72,-358.7,LOSS,STOP_HIT,25939.25,1775.00,2026-05-07 09:31:01
2026-04-16,2026-04-16 10:00:00,2026-04-16 10:05:00,OG,Backtest,AdxDiCrossBracketOG,OG_AdxDiCrossBracketOG,OG,NQ,NQ JUN26,SHORT,1,26282.00,26330.25,-969.36,-973.72,-194.7,LOSS,STOP_HIT,26329.75,955.00,2026-05-07 09:31:01
2026-04-02,2026-04-02 10:45:00,2026-04-02 10:55:00,OG,Backtest,AdxDiCrossBracketOG,OG_AdxDiCrossBracketOG,OG,NQ,NQ JUN26,LONG,1,24210.25,24114.75,-1914.36,-1918.72,-383.7,LOSS,STOP_HIT,24059.00,3025.00,2026-05-07 09:31:01
2026-01-13,2026-01-13 10:10:00,2026-01-13 10:15:00,OG,Backtest,AdxDiCrossBracketOG,OG_AdxDiCrossBracketOG,OG,NQ,NQ JUN26,SHORT,1,26138.00,26121.75,320.64,316.28,63.3,WIN,STOP_HIT,26197.75,1195.00,2026-05-07 09:31:01
2026-04-16,2026-04-16 10:15:00,2026-04-16 10:50:00,OG,Backtest,AdxDiCrossBracketOG,OG_AdxDiCrossBracketOG,OG,NQ,NQ JUN26,LONG,1,26347.25,26398.25,1015.64,1011.28,202.3,WIN,TARGET_HIT,26294.25,1060.00,2026-05-07 09:31:01
2026-04-16,2026-04-16 10:15:00,2026-04-16 10:25:00,OG,Backtest,AdxDiCrossBracketOG,OG_AdxDiCrossBracketOG,OG,NQ,NQ JUN26,LONG,1,26347.25,26314.50,-659.36,-663.72,-132.7,LOSS,STOP_HIT,26277.00,1405.00,2026-05-07 09:31:01
2026-01-07,2026-01-07 09:50:00,2026-01-07 10:00:00,OG,Backtest,AdxDiCrossBracketOG,OG_AdxDiCrossBracketOG,OG,NQ,NQ JUN26,LONG,1,26063.75,26088.00,480.64,476.28,95.3,WIN,TARGET_HIT,26039.00,495.00,2026-05-07 09:31:01
2026-04-06,2026-04-06 10:55:00,2026-04-06 11:05:00,OG,Backtest,AdxDiCrossBracketOG,OG_AdxDiCrossBracketOG,OG,NQ,NQ JUN26,SHORT,1,24269.25,24306.75,-754.36,-758.72,-151.7,LOSS,STOP_HIT,24372.75,2070.00,2026-05-07 09:31:01
2026-01-06,2026-01-06 11:00:00,2026-01-06 11:10:00,OG,Backtest,AdxDiCrossBracketOG,OG_AdxDiCrossBracketOG,OG,NQ,NQ JUN26,SHORT,1,25909.25,25852.00,1140.64,1136.28,227.3,WIN,TARGET_HIT,25967.00,1155.00,2026-05-07 09:31:01
2026-01-07,2026-01-07 10:10:00,2026-01-07 10:15:00,OG,Backtest,AdxDiCrossBracketOG,OG_AdxDiCrossBracketOG,OG,NQ,NQ JUN26,SHORT,1,26050.75,26065.00,-289.36,-293.72,-58.7,LOSS,STOP_HIT,26083.25,650.00,2026-05-07 09:31:01
2026-01-07,2026-01-07 09:50:00,2026-01-07 10:05:00,OG,Backtest,AdxDiCrossBracketOG,OG_AdxDiCrossBracketOG,OG,NQ,NQ JUN26,LONG,1,26063.75,26052.75,-224.36,-228.72,-45.7,LOSS,STOP_HIT,26030.75,660.00,2026-05-07 09:31:01
2026-02-13,2026-02-13 10:35:00,2026-02-13 10:45:00,OG,Backtest,AdxDiCrossBracketOG,OG_AdxDiCrossBracketOG,OG,NQ,NQ JUN26,LONG,1,25058.00,25033.25,-499.36,-503.72,-100.7,LOSS,STOP_HIT,24917.50,2810.00,2026-05-07 09:31:01
2026-04-16,2026-04-16 10:00:00,2026-04-16 10:05:00,OG,Backtest,AdxDiCrossBracketOG,OG_AdxDiCrossBracketOG,OG,NQ,NQ JUN26,SHORT,1,26282.00,26330.25,-969.36,-973.72,-194.7,LOSS,STOP_HIT,26329.75,955.00,2026-05-07 09:31:01
2026-03-25,2026-03-25 11:20:00,2026-03-25 11:30:00,OG,Backtest,AdxDiCrossBracketOG,OG_AdxDiCrossBracketOG,OG,NQ,NQ JUN26,SHORT,1,24386.00,24410.75,-499.36,-503.72,-100.7,LOSS,STOP_HIT,24488.75,2055.00,2026-05-07 09:31:01
2026-04-16,2026-04-16 10:15:00,2026-04-16 10:50:00,OG,Backtest,AdxDiCrossBracketOG,OG_AdxDiCrossBracketOG,OG,NQ,NQ JUN26,LONG,1,26347.25,26398.25,1015.64,1011.28,202.3,WIN,TARGET_HIT,26294.25,1060.00,2026-05-07 09:31:01
2026-02-17,2026-02-17 11:10:00,2026-02-17 11:15:00,OG,Backtest,AdxDiCrossBracketOG,OG_AdxDiCrossBracketOG,OG,NQ,NQ JUN26,LONG,1,24861.25,24960.75,1985.64,1981.28,396.3,WIN,TARGET_HIT,24760.25,2020.00,2026-05-07 09:31:01
2026-01-07,2026-01-07 09:50:00,2026-01-07 10:00:00,OG,Backtest,AdxDiCrossBracketOG,OG_AdxDiCrossBracketOG,OG,NQ,NQ JUN26,LONG,1,26063.75,26088.00,480.64,476.28,95.3,WIN,TARGET_HIT,26039.00,495.00,2026-05-07 09:31:01
2026-03-27,2026-03-27 11:40:00,2026-03-27 12:05:00,OG,Backtest,AdxDiCrossBracketOG,OG_AdxDiCrossBracketOG,OG,NQ,NQ JUN26,LONG,1,23597.00,23550.00,-944.36,-948.72,-189.7,LOSS,STOP_HIT,23514.00,1660.00,2026-05-07 09:31:01
2026-01-13,2026-01-13 10:10:00,2026-01-13 10:15:00,OG,Backtest,AdxDiCrossBracketOG,OG_AdxDiCrossBracketOG,OG,NQ,NQ JUN26,SHORT,1,26138.00,26121.75,320.64,316.28,63.3,WIN,STOP_HIT,26197.75,1195.00,2026-05-07 09:31:01
2026-02-24,2026-02-24 10:10:00,2026-02-24 10:10:00,OG,Backtest,AdxDiCrossBracketOG,OG_AdxDiCrossBracketOG,OG,NQ,NQ JUN26,SHORT,1,25048.75,25114.00,-1309.36,-1313.72,-262.7,LOSS,STOP_HIT,25113.50,1295.00,2026-05-07 09:31:01
2026-02-03,2026-02-03 09:50:00,2026-02-03 10:00:00,OG,Backtest,AdxDiCrossBracketOG,OG_AdxDiCrossBracketOG,OG,NQ,NQ JUN26,SHORT,1,25960.75,25888.75,1435.64,1431.28,286.3,WIN,TARGET_HIT,26034.25,1470.00,2026-05-07 09:31:01
2026-01-06,2026-01-06 11:00:00,2026-01-06 11:10:00,OG,Backtest,AdxDiCrossBracketOG,OG_AdxDiCrossBracketOG,OG,NQ,NQ JUN26,SHORT,1,25909.25,25866.25,855.64,851.28,170.3,WIN,TARGET_HIT,25952.75,870.00,2026-05-07 09:31:01
2026-01-09,2026-01-09 10:10:00,2026-01-09 10:10:00,OG,Backtest,AdxDiCrossBracketOG,OG_AdxDiCrossBracketOG,OG,NQ,NQ JUN26,LONG,1,25921.75,25862.00,-1199.36,-1203.72,-240.7,LOSS,STOP_HIT,25862.50,1185.00,2026-05-07 09:31:01
2026-01-16,2026-01-16 11:40:00,2026-01-16 11:50:00,OG,Backtest,AdxDiCrossBracketOG,OG_AdxDiCrossBracketOG,OG,NQ,NQ JUN26,LONG,1,25923.75,25946.25,445.64,441.28,88.3,WIN,STOP_HIT,25871.75,1040.00,2026-05-07 09:31:01
2026-02-10,2026-02-10 09:45:00,2026-02-10 09:45:00,OG,Backtest,AdxDiCrossBracketOG,OG_AdxDiCrossBracketOG,OG,NQ,NQ JUN26,SHORT,1,25535.25,25488.50,930.64,926.28,185.3,WIN,TARGET_HIT,25583.50,965.00,2026-05-07 09:31:01
2026-04-06,2026-04-06 10:55:00,2026-04-06 11:05:00,OG,Backtest,AdxDiCrossBracketOG,OG_AdxDiCrossBracketOG,OG,NQ,NQ JUN26,SHORT,1,24269.25,24306.75,-754.36,-758.72,-151.7,LOSS,STOP_HIT,24347.00,1555.00,2026-05-07 09:31:01
2026-01-12,2026-01-12 11:25:00,2026-01-12 11:30:00,OG,Backtest,AdxDiCrossBracketOG,OG_AdxDiCrossBracketOG,OG,NQ,NQ JUN26,LONG,1,26158.75,26152.25,-134.36,-138.72,-27.7,LOSS,STOP_HIT,26104.75,1080.00,2026-05-07 09:31:01
2026-01-12,2026-01-12 11:25:00,2026-01-12 11:30:00,OG,Backtest,AdxDiCrossBracketOG,OG_AdxDiCrossBracketOG,OG,NQ,NQ JUN26,LONG,1,26158.75,26152.25,-134.36,-138.72,-27.7,LOSS,STOP_HIT,26118.25,810.00,2026-05-07 09:31:01
2026-01-13,2026-01-13 10:10:00,2026-01-13 10:15:00,OG,Backtest,AdxDiCrossBracketOG,OG_AdxDiCrossBracketOG,OG,NQ,NQ JUN26,SHORT,1,26138.00,26121.75,320.64,316.28,63.3,WIN,STOP_HIT,26183.00,900.00,2026-05-07 09:31:01
2026-01-09,2026-01-09 10:15:00,2026-01-09 10:15:00,OG,Backtest,AdxDiCrossBracketOG,OG_AdxDiCrossBracketOG,OG,NQ,NQ JUN26,SHORT,1,25850.50,25918.00,-1354.36,-1358.72,-271.7,LOSS,STOP_HIT,25917.50,1340.00,2026-05-07 09:31:01
2026-01-13,2026-01-13 10:10:00,2026-01-13 10:15:00,OG,Backtest,AdxDiCrossBracketOG,OG_AdxDiCrossBracketOG,OG,NQ,NQ JUN26,SHORT,1,26138.00,26121.75,320.64,316.28,63.3,WIN,STOP_HIT,26183.00,900.00,2026-05-07 09:31:01
2026-02-13,2026-02-13 10:50:00,2026-02-13 11:00:00,OG,Backtest,AdxDiCrossBracketOG,OG_AdxDiCrossBracketOG,OG,NQ,NQ JUN26,SHORT,1,24983.00,25027.00,-884.36,-888.72,-177.7,LOSS,STOP_HIT,25128.00,2900.00,2026-05-07 09:31:01
2026-01-16,2026-01-16 11:30:00,2026-01-16 11:35:00,OG,Backtest,AdxDiCrossBracketOG,OG_AdxDiCrossBracketOG,OG,NQ,NQ JUN26,LONG,1,25911.50,25925.25,270.64,266.28,53.3,WIN,STOP_HIT,25857.00,1090.00,2026-05-07 09:31:01
2026-01-09,2026-01-09 09:55:00,2026-01-09 09:55:00,OG,Backtest,AdxDiCrossBracketOG,OG_AdxDiCrossBracketOG,OG,NQ,NQ JUN26,SHORT,1,25913.25,25965.00,-1039.36,-1043.72,-208.7,LOSS,STOP_HIT,25964.50,1025.00,2026-05-07 09:31:01
2026-01-23,2026-01-23 10:10:00,2026-01-23 10:25:00,OG,Backtest,AdxDiCrossBracketOG,OG_AdxDiCrossBracketOG,OG,NQ,NQ JUN26,LONG,1,25921.00,25890.75,-609.36,-613.72,-122.7,LOSS,STOP_HIT,25868.00,1060.00,2026-05-07 09:31:01
2026-02-10,2026-02-10 09:45:00,2026-02-10 09:45:00,OG,Backtest,AdxDiCrossBracketOG,OG_AdxDiCrossBracketOG,OG,NQ,NQ JUN26,SHORT,1,25535.25,25488.50,930.64,926.28,185.3,WIN,TARGET_HIT,25583.50,965.00,2026-05-07 09:31:01
2026-01-21,2026-01-21 11:45:00,2026-01-21 11:55:00,OG,Backtest,AdxDiCrossBracketOG,OG_AdxDiCrossBracketOG,OG,NQ,NQ JUN26,SHORT,1,25543.75,25467.25,1525.64,1521.28,304.3,WIN,TARGET_HIT,25620.75,1540.00,2026-05-07 09:31:01
2026-01-12,2026-01-12 11:25:00,2026-01-12 11:30:00,OG,Backtest,AdxDiCrossBracketOG,OG_AdxDiCrossBracketOG,OG,NQ,NQ JUN26,LONG,1,26158.75,26152.25,-134.36,-138.72,-27.7,LOSS,STOP_HIT,26104.75,1080.00,2026-05-07 09:31:01
2026-02-03,2026-02-03 09:50:00,2026-02-03 10:00:00,OG,Backtest,AdxDiCrossBracketOG,OG_AdxDiCrossBracketOG,OG,NQ,NQ JUN26,SHORT,1,25960.75,25888.75,1435.64,1431.28,286.3,WIN,TARGET_HIT,26034.25,1470.00,2026-05-07 09:31:01
2026-01-23,2026-01-23 10:10:00,2026-01-23 10:25:00,OG,Backtest,AdxDiCrossBracketOG,OG_AdxDiCrossBracketOG,OG,NQ,NQ JUN26,LONG,1,25921.00,25890.75,-609.36,-613.72,-122.7,LOSS,STOP_HIT,25868.00,1060.00,2026-05-07 09:31:01
2026-02-11,2026-02-11 11:05:00,2026-02-11 11:10:00,OG,Backtest,AdxDiCrossBracketOG,OG_AdxDiCrossBracketOG,OG,NQ,NQ JUN26,LONG,1,25453.50,25418.25,-709.36,-713.72,-142.7,LOSS,STOP_HIT,25333.00,2410.00,2026-05-07 09:31:01
2026-02-11,2026-02-11 10:20:00,2026-02-11 10:25:00,OG,Backtest,AdxDiCrossBracketOG,OG_AdxDiCrossBracketOG,OG,NQ,NQ JUN26,SHORT,1,25396.00,25293.75,2040.64,2036.28,407.3,WIN,TARGET_HIT,25500.25,2085.00,2026-05-07 09:31:01
2026-05-04,2026-05-04 11:05:00,2026-05-04 11:10:00,OG,Backtest,AdxDiCrossBracketOG,OG_AdxDiCrossBracketOG,OG,NQ,NQ JUN26,SHORT,1,27881.50,27890.00,-174.36,-178.72,-35.7,LOSS,STOP_HIT,27933.75,1045.00,2026-05-07 09:31:01
2026-02-11,2026-02-11 11:05:00,2026-02-11 11:10:00,OG,Backtest,AdxDiCrossBracketOG,OG_AdxDiCrossBracketOG,OG,NQ,NQ JUN26,LONG,1,25453.50,25418.25,-709.36,-713.72,-142.7,LOSS,STOP_HIT,25363.00,1810.00,2026-05-07 09:31:01
2026-01-09,2026-01-09 10:10:00,2026-01-09 10:10:00,OG,Backtest,AdxDiCrossBracketOG,OG_AdxDiCrossBracketOG,OG,NQ,NQ JUN26,LONG,1,25921.75,25842.50,-1589.36,-1593.72,-318.7,LOSS,STOP_HIT,25843.00,1575.00,2026-05-07 09:31:01
2026-02-13,2026-02-13 10:35:00,2026-02-13 10:50:00,OG,Backtest,AdxDiCrossBracketOG,OG_AdxDiCrossBracketOG,OG,NQ,NQ JUN26,LONG,1,25058.00,24983.00,-1504.36,-1508.72,-301.7,LOSS,STOP_HIT,24952.50,2110.00,2026-05-07 09:31:01
2026-02-11,2026-02-11 11:05:00,2026-02-11 11:10:00,OG,Backtest,AdxDiCrossBracketOG,OG_AdxDiCrossBracketOG,OG,NQ,NQ JUN26,LONG,1,25453.50,25418.25,-709.36,-713.72,-142.7,LOSS,STOP_HIT,25333.00,2410.00,2026-05-07 09:31:01
2026-01-07,2026-01-07 09:50:00,2026-01-07 10:05:00,OG,Backtest,AdxDiCrossBracketOG,OG_AdxDiCrossBracketOG,OG,NQ,NQ JUN26,LONG,1,26063.75,26052.75,-224.36,-228.72,-45.7,LOSS,STOP_HIT,26030.75,660.00,2026-05-07 09:31:01
2026-02-05,2026-02-05 11:40:00,2026-02-05 11:50:00,OG,Backtest,AdxDiCrossBracketOG,OG_AdxDiCrossBracketOG,OG,NQ,NQ JUN26,LONG,1,25025.50,24992.25,-669.36,-673.72,-134.7,LOSS,STOP_HIT,24851.75,3475.00,2026-05-07 09:31:01
2026-02-10,2026-02-10 09:45:00,2026-02-10 09:45:00,OG,Backtest,AdxDiCrossBracketOG,OG_AdxDiCrossBracketOG,OG,NQ,NQ JUN26,SHORT,1,25535.25,25500.25,695.64,691.28,138.3,WIN,TARGET_HIT,25571.75,730.00,2026-05-07 09:31:01
2026-01-07,2026-01-07 10:10:00,2026-01-07 10:15:00,OG,Backtest,AdxDiCrossBracketOG,OG_AdxDiCrossBracketOG,OG,NQ,NQ JUN26,SHORT,1,26050.75,26065.00,-289.36,-293.72,-58.7,LOSS,STOP_HIT,26083.25,650.00,2026-05-07 09:31:01
2026-04-10,2026-04-10 11:45:00,2026-04-10 12:00:00,OG,Backtest,AdxDiCrossBracketOG,OG_AdxDiCrossBracketOG,OG,NQ,NQ JUN26,SHORT,1,25301.50,25279.25,440.64,436.28,87.3,WIN,STOP_HIT,25350.25,975.00,2026-05-07 09:31:01
2026-01-23,2026-01-23 10:10:00,2026-01-23 10:25:00,OG,Backtest,AdxDiCrossBracketOG,OG_AdxDiCrossBracketOG,OG,NQ,NQ JUN26,LONG,1,25921.00,25890.75,-609.36,-613.72,-122.7,LOSS,STOP_HIT,25868.00,1060.00,2026-05-07 09:31:01
2026-03-20,2026-03-20 11:30:00,2026-03-20 12:20:00,OG,Backtest,AdxDiCrossBracketOG,OG_AdxDiCrossBracketOG,OG,NQ,NQ JUN26,LONG,1,24274.25,24320.00,910.64,906.28,181.3,WIN,STOP_HIT,24165.75,2170.00,2026-05-07 09:31:01
2026-01-28,2026-01-28 10:55:00,2026-01-28 11:10:00,OG,Backtest,AdxDiCrossBracketOG,OG_AdxDiCrossBracketOG,OG,NQ,NQ JUN26,SHORT,1,26395.25,26395.25,-4.36,-8.72,-1.7,LOSS,STOP_HIT,26445.25,1000.00,2026-05-07 09:31:01
2026-01-07,2026-01-07 10:10:00,2026-01-07 10:15:00,OG,Backtest,AdxDiCrossBracketOG,OG_AdxDiCrossBracketOG,OG,NQ,NQ JUN26,SHORT,1,26050.75,26065.00,-289.36,-293.72,-58.7,LOSS,STOP_HIT,26094.00,865.00,2026-05-07 09:31:01
2026-03-09,2026-03-09 10:45:00,2026-03-09 11:00:00,OG,Backtest,AdxDiCrossBracketOG,OG_AdxDiCrossBracketOG,OG,NQ,NQ JUN26,LONG,1,24692.00,24753.50,1225.64,1221.28,244.3,WIN,STOP_HIT,24552.25,2795.00,2026-05-07 09:31:01
2026-01-30,2026-01-30 10:55:00,2026-01-30 11:00:00,OG,Backtest,AdxDiCrossBracketOG,OG_AdxDiCrossBracketOG,OG,NQ,NQ JUN26,LONG,1,26117.25,26072.25,-904.36,-908.72,-181.7,LOSS,STOP_HIT,26031.75,1710.00,2026-05-07 09:31:01
2026-03-09,2026-03-09 10:45:00,2026-03-09 11:05:00,OG,Backtest,AdxDiCrossBracketOG,OG_AdxDiCrossBracketOG,OG,NQ,NQ JUN26,LONG,1,24692.00,24797.25,2100.64,2096.28,419.3,WIN,TARGET_HIT,24587.25,2095.00,2026-05-07 09:31:01
2026-02-03,2026-02-03 09:50:00,2026-02-03 09:50:00,OG,Backtest,AdxDiCrossBracketOG,OG_AdxDiCrossBracketOG,OG,NQ,NQ JUN26,SHORT,1,25960.75,26016.50,-1119.36,-1123.72,-224.7,LOSS,STOP_HIT,26016.00,1105.00,2026-05-07 09:31:01
2026-01-07,2026-01-07 10:10:00,2026-01-07 10:15:00,OG,Backtest,AdxDiCrossBracketOG,OG_AdxDiCrossBracketOG,OG,NQ,NQ JUN26,SHORT,1,26050.75,26065.00,-289.36,-293.72,-58.7,LOSS,STOP_HIT,26094.00,865.00,2026-05-07 09:31:01
2026-01-16,2026-01-16 11:30:00,2026-01-16 11:35:00,OG,Backtest,AdxDiCrossBracketOG,OG_AdxDiCrossBracketOG,OG,NQ,NQ JUN26,LONG,1,25911.50,25925.25,270.64,266.28,53.3,WIN,STOP_HIT,25857.00,1090.00,2026-05-07 09:31:01
2026-03-19,2026-03-19 11:15:00,2026-03-19 11:25:00,OG,Backtest,AdxDiCrossBracketOG,OG_AdxDiCrossBracketOG,OG,NQ,NQ JUN26,LONG,1,24530.25,24486.25,-884.36,-888.72,-177.7,LOSS,STOP_HIT,24416.25,2280.00,2026-05-07 09:31:01
2026-02-24,2026-02-24 10:10:00,2026-02-24 10:15:00,OG,Backtest,AdxDiCrossBracketOG,OG_AdxDiCrossBracketOG,OG,NQ,NQ JUN26,SHORT,1,25048.75,25109.25,-1214.36,-1218.72,-243.7,LOSS,STOP_HIT,25134.75,1720.00,2026-05-07 09:31:01
2026-03-25,2026-03-25 11:20:00,2026-03-25 11:35:00,OG,Backtest,AdxDiCrossBracketOG,OG_AdxDiCrossBracketOG,OG,NQ,NQ JUN26,SHORT,1,24386.00,24430.00,-884.36,-888.72,-177.7,LOSS,STOP_HIT,24488.75,2055.00,2026-05-07 09:31:01
2026-01-07,2026-01-07 09:50:00,2026-01-07 10:05:00,OG,Backtest,AdxDiCrossBracketOG,OG_AdxDiCrossBracketOG,OG,NQ,NQ JUN26,LONG,1,26063.75,26052.75,-224.36,-228.72,-45.7,LOSS,STOP_HIT,26030.75,660.00,2026-05-07 09:31:01
2026-04-21,2026-04-21 11:05:00,2026-04-21 11:05:00,OG,Backtest,AdxDiCrossBracketOG,OG_AdxDiCrossBracketOG,OG,NQ,NQ JUN26,SHORT,1,26737.25,26684.75,1045.64,1041.28,208.3,WIN,TARGET_HIT,26788.75,1030.00,2026-05-07 09:31:01
2026-02-11,2026-02-11 11:05:00,2026-02-11 11:10:00,OG,Backtest,AdxDiCrossBracketOG,OG_AdxDiCrossBracketOG,OG,NQ,NQ JUN26,LONG,1,25453.50,25418.25,-709.36,-713.72,-142.7,LOSS,STOP_HIT,25363.00,1810.00,2026-05-07 09:31:01
2026-03-25,2026-03-25 11:20:00,2026-03-25 11:30:00,OG,Backtest,AdxDiCrossBracketOG,OG_AdxDiCrossBracketOG,OG,NQ,NQ JUN26,SHORT,1,24386.00,24410.75,-499.36,-503.72,-100.7,LOSS,STOP_HIT,24488.75,2055.00,2026-05-07 09:31:01
2026-03-12,2026-03-12 11:50:00,2026-03-12 11:55:00,OG,Backtest,AdxDiCrossBracketOG,OG_AdxDiCrossBracketOG,OG,NQ,NQ JUN26,LONG,1,24898.00,24865.50,-654.36,-658.72,-131.7,LOSS,STOP_HIT,24818.25,1595.00,2026-05-07 09:31:01
2026-01-09,2026-01-09 09:45:00,2026-01-09 09:50:00,OG,Backtest,AdxDiCrossBracketOG,OG_AdxDiCrossBracketOG,OG,NQ,NQ JUN26,LONG,1,25965.00,25910.75,-1089.36,-1093.72,-218.7,LOSS,STOP_HIT,25911.25,1075.00,2026-05-07 09:31:01
2026-02-17,2026-02-17 11:10:00,2026-02-17 11:15:00,OG,Backtest,AdxDiCrossBracketOG,OG_AdxDiCrossBracketOG,OG,NQ,NQ JUN26,LONG,1,24861.25,24960.75,1985.64,1981.28,396.3,WIN,TARGET_HIT,24760.25,2020.00,2026-05-07 09:31:01
2026-01-28,2026-01-28 10:55:00,2026-01-28 11:20:00,OG,Backtest,AdxDiCrossBracketOG,OG_AdxDiCrossBracketOG,OG,NQ,NQ JUN26,SHORT,1,26395.25,26393.00,40.64,36.28,7.3,WIN,STOP_HIT,26445.25,1000.00,2026-05-07 09:31:01
2026-03-09,2026-03-09 10:45:00,2026-03-09 11:05:00,OG,Backtest,AdxDiCrossBracketOG,OG_AdxDiCrossBracketOG,OG,NQ,NQ JUN26,LONG,1,24692.00,24797.25,2100.64,2096.28,419.3,WIN,TARGET_HIT,24587.25,2095.00,2026-05-07 09:31:01
2026-03-27,2026-03-27 11:40:00,2026-03-27 12:05:00,OG,Backtest,AdxDiCrossBracketOG,OG_AdxDiCrossBracketOG,OG,NQ,NQ JUN26,LONG,1,23597.00,23550.00,-944.36,-948.72,-189.7,LOSS,STOP_HIT,23486.50,2210.00,2026-05-07 09:31:01
2026-01-12,2026-01-12 11:25:00,2026-01-12 11:30:00,OG,Backtest,AdxDiCrossBracketOG,OG_AdxDiCrossBracketOG,OG,NQ,NQ JUN26,LONG,1,26158.75,26152.25,-134.36,-138.72,-27.7,LOSS,STOP_HIT,26104.75,1080.00,2026-05-07 09:31:01
2026-02-11,2026-02-11 10:20:00,2026-02-11 10:25:00,OG,Backtest,AdxDiCrossBracketOG,OG_AdxDiCrossBracketOG,OG,NQ,NQ JUN26,SHORT,1,25396.00,25293.75,2040.64,2036.28,407.3,WIN,TARGET_HIT,25500.25,2085.00,2026-05-07 09:31:01
2026-03-25,2026-03-25 11:20:00,2026-03-25 11:20:00,OG,Backtest,AdxDiCrossBracketOG,OG_AdxDiCrossBracketOG,OG,NQ,NQ JUN26,SHORT,1,24386.00,24311.00,1495.64,1491.28,298.3,WIN,TARGET_HIT,24463.50,1550.00,2026-05-07 09:31:01
2026-04-13,2026-04-13 10:00:00,2026-04-13 10:05:00,OG,Backtest,AdxDiCrossBracketOG,OG_AdxDiCrossBracketOG,OG,NQ,NQ JUN26,LONG,1,25271.50,25306.25,690.64,686.28,137.3,WIN,STOP_HIT,25200.75,1415.00,2026-05-07 09:31:02
2026-03-25,2026-03-25 11:20:00,2026-03-25 11:20:00,OG,Backtest,AdxDiCrossBracketOG,OG_AdxDiCrossBracketOG,OG,NQ,NQ JUN26,SHORT,1,24386.00,24311.00,1495.64,1491.28,298.3,WIN,TARGET_HIT,24463.50,1550.00,2026-05-07 09:31:02
2026-04-16,2026-04-16 10:15:00,2026-04-16 10:50:00,OG,Backtest,AdxDiCrossBracketOG,OG_AdxDiCrossBracketOG,OG,NQ,NQ JUN26,LONG,1,26347.25,26415.50,1360.64,1356.28,271.3,WIN,TARGET_HIT,26277.00,1405.00,2026-05-07 09:31:02
2026-04-06,2026-04-06 10:55:00,2026-04-06 11:05:00,OG,Backtest,AdxDiCrossBracketOG,OG_AdxDiCrossBracketOG,OG,NQ,NQ JUN26,SHORT,1,24269.25,24306.75,-754.36,-758.72,-151.7,LOSS,STOP_HIT,24347.00,1555.00,2026-05-07 09:31:02
2026-02-03,2026-02-03 09:50:00,2026-02-03 10:00:00,OG,Backtest,AdxDiCrossBracketOG,OG_AdxDiCrossBracketOG,OG,NQ,NQ JUN26,SHORT,1,25960.75,25888.75,1435.64,1431.28,286.3,WIN,TARGET_HIT,26034.25,1470.00,2026-05-07 09:31:02
2026-03-06,2026-03-06 11:10:00,2026-03-06 11:15:00,OG,Backtest,AdxDiCrossBracketOG,OG_AdxDiCrossBracketOG,OG,NQ,NQ JUN26,LONG,1,25101.50,25059.00,-854.36,-858.72,-171.7,LOSS,STOP_HIT,24975.75,2515.00,2026-05-07 09:31:02
2026-04-07,2026-04-07 11:40:00,2026-04-07 12:05:00,OG,Backtest,AdxDiCrossBracketOG,OG_AdxDiCrossBracketOG,OG,NQ,NQ JUN26,LONG,1,24071.50,24140.75,1380.64,1376.28,275.3,WIN,TARGET_HIT,24001.75,1395.00,2026-05-07 09:31:02
2026-03-19,2026-03-19 11:15:00,2026-03-19 11:25:00,OG,Backtest,AdxDiCrossBracketOG,OG_AdxDiCrossBracketOG,OG,NQ,NQ JUN26,LONG,1,24530.25,24486.25,-884.36,-888.72,-177.7,LOSS,STOP_HIT,24416.25,2280.00,2026-05-07 09:31:02
2026-04-16,2026-04-16 10:15:00,2026-04-16 10:50:00,OG,Backtest,AdxDiCrossBracketOG,OG_AdxDiCrossBracketOG,OG,NQ,NQ JUN26,LONG,1,26347.25,26415.50,1360.64,1356.28,271.3,WIN,TARGET_HIT,26277.00,1405.00,2026-05-07 09:31:02
2026-04-06,2026-04-06 10:55:00,2026-04-06 11:05:00,OG,Backtest,AdxDiCrossBracketOG,OG_AdxDiCrossBracketOG,OG,NQ,NQ JUN26,SHORT,1,24269.25,24306.75,-754.36,-758.72,-151.7,LOSS,STOP_HIT,24347.00,1555.00,2026-05-07 09:31:02
2026-01-30,2026-01-30 10:55:00,2026-01-30 11:00:00,OG,Backtest,AdxDiCrossBracketOG,OG_AdxDiCrossBracketOG,OG,NQ,NQ JUN26,LONG,1,26117.25,26072.25,-904.36,-908.72,-181.7,LOSS,STOP_HIT,26031.75,1710.00,2026-05-07 09:31:02
2026-01-07,2026-01-07 10:10:00,2026-01-07 10:15:00,OG,Backtest,AdxDiCrossBracketOG,OG_AdxDiCrossBracketOG,OG,NQ,NQ JUN26,SHORT,1,26050.75,26065.00,-289.36,-293.72,-58.7,LOSS,STOP_HIT,26094.00,865.00,2026-05-07 09:31:02
2026-03-20,2026-03-20 11:30:00,2026-03-20 12:05:00,OG,Backtest,AdxDiCrossBracketOG,OG_AdxDiCrossBracketOG,OG,NQ,NQ JUN26,LONG,1,24274.25,24354.75,1605.64,1601.28,320.3,WIN,TARGET_HIT,24192.75,1630.00,2026-05-07 09:31:02
2026-02-24,2026-02-24 10:10:00,2026-02-24 10:10:00,OG,Backtest,AdxDiCrossBracketOG,OG_AdxDiCrossBracketOG,OG,NQ,NQ JUN26,SHORT,1,25048.75,25114.00,-1309.36,-1313.72,-262.7,LOSS,STOP_HIT,25113.50,1295.00,2026-05-07 09:31:02
2026-04-16,2026-04-16 10:15:00,2026-04-16 10:50:00,OG,Backtest,AdxDiCrossBracketOG,OG_AdxDiCrossBracketOG,OG,NQ,NQ JUN26,LONG,1,26347.25,26398.25,1015.64,1011.28,202.3,WIN,TARGET_HIT,26294.25,1060.00,2026-05-07 09:31:02
2026-04-06,2026-04-06 10:55:00,2026-04-06 11:05:00,OG,Backtest,AdxDiCrossBracketOG,OG_AdxDiCrossBracketOG,OG,NQ,NQ JUN26,SHORT,1,24269.25,24306.75,-754.36,-758.72,-151.7,LOSS,STOP_HIT,24372.75,2070.00,2026-05-07 09:31:02
2026-02-17,2026-02-17 11:10:00,2026-02-17 11:15:00,OG,Backtest,AdxDiCrossBracketOG,OG_AdxDiCrossBracketOG,OG,NQ,NQ JUN26,LONG,1,24861.25,24994.25,2655.64,2651.28,530.3,WIN,TARGET_HIT,24726.75,2690.00,2026-05-07 09:31:02
2026-01-07,2026-01-07 09:50:00,2026-01-07 10:05:00,OG,Backtest,AdxDiCrossBracketOG,OG_AdxDiCrossBracketOG,OG,NQ,NQ JUN26,LONG,1,26063.75,26030.25,-674.36,-678.72,-135.7,LOSS,STOP_HIT,26030.75,660.00,2026-05-07 09:31:02
2026-03-17,2026-03-17 11:15:00,2026-03-17 11:25:00,OG,Backtest,AdxDiCrossBracketOG,OG_AdxDiCrossBracketOG,OG,NQ,NQ JUN26,SHORT,1,25020.50,25045.25,-499.36,-503.72,-100.7,LOSS,STOP_HIT,25091.50,1420.00,2026-05-07 09:31:02
2026-03-09,2026-03-09 10:45:00,2026-03-09 11:05:00,OG,Backtest,AdxDiCrossBracketOG,OG_AdxDiCrossBracketOG,OG,NQ,NQ JUN26,LONG,1,24692.00,24797.25,2100.64,2096.28,419.3,WIN,TARGET_HIT,24587.25,2095.00,2026-05-07 09:31:02
2026-01-09,2026-01-09 10:15:00,2026-01-09 10:15:00,OG,Backtest,AdxDiCrossBracketOG,OG_AdxDiCrossBracketOG,OG,NQ,NQ JUN26,SHORT,1,25850.50,25939.75,-1789.36,-1793.72,-358.7,LOSS,STOP_HIT,25939.25,1775.00,2026-05-07 09:31:02
2026-03-12,2026-03-12 11:50:00,2026-03-12 11:55:00,OG,Backtest,AdxDiCrossBracketOG,OG_AdxDiCrossBracketOG,OG,NQ,NQ JUN26,LONG,1,24898.00,24865.50,-654.36,-658.72,-131.7,LOSS,STOP_HIT,24818.25,1595.00,2026-05-07 09:31:02
2026-01-13,2026-01-13 10:10:00,2026-01-13 10:15:00,OG,Backtest,AdxDiCrossBracketOG,OG_AdxDiCrossBracketOG,OG,NQ,NQ JUN26,SHORT,1,26138.00,26121.75,320.64,316.28,63.3,WIN,STOP_HIT,26183.00,900.00,2026-05-07 09:31:02
2026-03-17,2026-03-17 11:15:00,2026-03-17 11:25:00,OG,Backtest,AdxDiCrossBracketOG,OG_AdxDiCrossBracketOG,OG,NQ,NQ JUN26,SHORT,1,25020.50,25045.25,-499.36,-503.72,-100.7,LOSS,STOP_HIT,25074.00,1070.00,2026-05-07 09:31:02
2026-04-02,2026-04-02 10:45:00,2026-04-02 10:55:00,OG,Backtest,AdxDiCrossBracketOG,OG_AdxDiCrossBracketOG,OG,NQ,NQ JUN26,LONG,1,24210.25,24114.75,-1914.36,-1918.72,-383.7,LOSS,STOP_HIT,24059.00,3025.00,2026-05-07 09:31:02
2026-04-07,2026-04-07 11:40:00,2026-04-07 12:05:00,OG,Backtest,AdxDiCrossBracketOG,OG_AdxDiCrossBracketOG,OG,NQ,NQ JUN26,LONG,1,24071.50,24140.75,1380.64,1376.28,275.3,WIN,TARGET_HIT,24001.75,1395.00,2026-05-07 09:31:02
2026-01-13,2026-01-13 10:10:00,2026-01-13 10:15:00,OG,Backtest,AdxDiCrossBracketOG,OG_AdxDiCrossBracketOG,OG,NQ,NQ JUN26,SHORT,1,26138.00,26121.75,320.64,316.28,63.3,WIN,STOP_HIT,26197.75,1195.00,2026-05-07 09:31:02
2026-04-07,2026-04-07 11:40:00,2026-04-07 12:05:00,OG,Backtest,AdxDiCrossBracketOG,OG_AdxDiCrossBracketOG,OG,NQ,NQ JUN26,LONG,1,24071.50,24140.75,1380.64,1376.28,275.3,WIN,TARGET_HIT,24001.75,1395.00,2026-05-07 09:31:02
2026-01-07,2026-01-07 09:50:00,2026-01-07 10:05:00,OG,Backtest,AdxDiCrossBracketOG,OG_AdxDiCrossBracketOG,OG,NQ,NQ JUN26,LONG,1,26063.75,26052.75,-224.36,-228.72,-45.7,LOSS,STOP_HIT,26030.75,660.00,2026-05-07 09:31:02
2026-05-04,2026-05-04 11:05:00,2026-05-04 11:10:00,OG,Backtest,AdxDiCrossBracketOG,OG_AdxDiCrossBracketOG,OG,NQ,NQ JUN26,SHORT,1,27881.50,27890.00,-174.36,-178.72,-35.7,LOSS,STOP_HIT,27933.75,1045.00,2026-05-07 09:31:02
2026-04-02,2026-04-02 10:45:00,2026-04-02 11:25:00,OG,Backtest,AdxDiCrossBracketOG,OG_AdxDiCrossBracketOG,OG,NQ,NQ JUN26,LONG,1,24210.25,24151.25,-1184.36,-1188.72,-237.7,LOSS,STOP_HIT,24059.00,3025.00,2026-05-07 09:31:02
2026-03-25,2026-03-25 11:20:00,2026-03-25 11:20:00,OG,Backtest,AdxDiCrossBracketOG,OG_AdxDiCrossBracketOG,OG,NQ,NQ JUN26,SHORT,1,24386.00,24311.00,1495.64,1491.28,298.3,WIN,TARGET_HIT,24463.50,1550.00,2026-05-07 09:31:02
2026-01-21,2026-01-21 11:45:00,2026-01-21 11:50:00,OG,Backtest,AdxDiCrossBracketOG,OG_AdxDiCrossBracketOG,OG,NQ,NQ JUN26,SHORT,1,25543.75,25486.50,1140.64,1136.28,227.3,WIN,TARGET_HIT,25601.50,1155.00,2026-05-07 09:31:02
2026-04-13,2026-04-13 10:00:00,2026-04-13 10:05:00,OG,Backtest,AdxDiCrossBracketOG,OG_AdxDiCrossBracketOG,OG,NQ,NQ JUN26,LONG,1,25271.50,25306.25,690.64,686.28,137.3,WIN,STOP_HIT,25200.75,1415.00,2026-05-07 09:31:02
2026-03-06,2026-03-06 11:10:00,2026-03-06 11:15:00,OG,Backtest,AdxDiCrossBracketOG,OG_AdxDiCrossBracketOG,OG,NQ,NQ JUN26,LONG,1,25101.50,25059.00,-854.36,-858.72,-171.7,LOSS,STOP_HIT,25007.25,1885.00,2026-05-07 09:31:02
2026-01-07,2026-01-07 10:10:00,2026-01-07 10:15:00,OG,Backtest,AdxDiCrossBracketOG,OG_AdxDiCrossBracketOG,OG,NQ,NQ JUN26,SHORT,1,26050.75,26065.00,-289.36,-293.72,-58.7,LOSS,STOP_HIT,26094.00,865.00,2026-05-07 09:31:02
2026-05-04,2026-05-04 11:05:00,2026-05-04 11:10:00,OG,Backtest,AdxDiCrossBracketOG,OG_AdxDiCrossBracketOG,OG,NQ,NQ JUN26,SHORT,1,27881.50,27890.00,-174.36,-178.72,-35.7,LOSS,STOP_HIT,27951.00,1390.00,2026-05-07 09:31:02
2026-01-07,2026-01-07 10:10:00,2026-01-07 10:15:00,OG,Backtest,AdxDiCrossBracketOG,OG_AdxDiCrossBracketOG,OG,NQ,NQ JUN26,SHORT,1,26050.75,26065.00,-289.36,-293.72,-58.7,LOSS,STOP_HIT,26083.25,650.00,2026-05-07 09:31:02
2026-04-07,2026-04-07 11:40:00,2026-04-07 12:05:00,OG,Backtest,AdxDiCrossBracketOG,OG_AdxDiCrossBracketOG,OG,NQ,NQ JUN26,LONG,1,24071.50,24140.75,1380.64,1376.28,275.3,WIN,TARGET_HIT,24001.75,1395.00,2026-05-07 09:31:02
2026-04-10,2026-04-10 11:45:00,2026-04-10 12:00:00,OG,Backtest,AdxDiCrossBracketOG,OG_AdxDiCrossBracketOG,OG,NQ,NQ JUN26,SHORT,1,25301.50,25279.25,440.64,436.28,87.3,WIN,STOP_HIT,25366.25,1295.00,2026-05-07 09:31:02
2026-01-09,2026-01-09 09:45:00,2026-01-09 09:50:00,OG,Backtest,AdxDiCrossBracketOG,OG_AdxDiCrossBracketOG,OG,NQ,NQ JUN26,LONG,1,25965.00,25924.25,-819.36,-823.72,-164.7,LOSS,STOP_HIT,25924.75,805.00,2026-05-07 09:31:02
2026-02-05,2026-02-05 11:40:00,2026-02-05 11:50:00,OG,Backtest,AdxDiCrossBracketOG,OG_AdxDiCrossBracketOG,OG,NQ,NQ JUN26,LONG,1,25025.50,24992.25,-669.36,-673.72,-134.7,LOSS,STOP_HIT,24851.75,3475.00,2026-05-07 09:31:02
2026-01-13,2026-01-13 10:10:00,2026-01-13 10:15:00,OG,Backtest,AdxDiCrossBracketOG,OG_AdxDiCrossBracketOG,OG,NQ,NQ JUN26,SHORT,1,26138.00,26121.75,320.64,316.28,63.3,WIN,STOP_HIT,26197.75,1195.00,2026-05-07 09:31:02
2026-03-19,2026-03-19 11:15:00,2026-03-19 11:25:00,OG,Backtest,AdxDiCrossBracketOG,OG_AdxDiCrossBracketOG,OG,NQ,NQ JUN26,LONG,1,24530.25,24486.25,-884.36,-888.72,-177.7,LOSS,STOP_HIT,24444.75,1710.00,2026-05-07 09:31:02
2026-05-04,2026-05-04 11:05:00,2026-05-04 11:10:00,OG,Backtest,AdxDiCrossBracketOG,OG_AdxDiCrossBracketOG,OG,NQ,NQ JUN26,SHORT,1,27881.50,27890.00,-174.36,-178.72,-35.7,LOSS,STOP_HIT,27951.00,1390.00,2026-05-07 09:31:02
2026-04-02,2026-04-02 10:45:00,2026-04-02 11:25:00,OG,Backtest,AdxDiCrossBracketOG,OG_AdxDiCrossBracketOG,OG,NQ,NQ JUN26,LONG,1,24210.25,24151.25,-1184.36,-1188.72,-237.7,LOSS,STOP_HIT,24059.00,3025.00,2026-05-07 09:31:02
2026-04-13,2026-04-13 10:00:00,2026-04-13 10:05:00,OG,Backtest,AdxDiCrossBracketOG,OG_AdxDiCrossBracketOG,OG,NQ,NQ JUN26,LONG,1,25271.50,25306.25,690.64,686.28,137.3,WIN,STOP_HIT,25218.25,1065.00,2026-05-07 09:31:02
2026-01-20,2026-01-20 10:50:00,2026-01-20 10:55:00,OG,Backtest,AdxDiCrossBracketOG,OG_AdxDiCrossBracketOG,OG,NQ,NQ JUN26,LONG,1,25598.00,25559.50,-774.36,-778.72,-155.7,LOSS,STOP_HIT,25503.75,1885.00,2026-05-07 09:31:02
2026-01-09,2026-01-09 10:10:00,2026-01-09 10:10:00,OG,Backtest,AdxDiCrossBracketOG,OG_AdxDiCrossBracketOG,OG,NQ,NQ JUN26,LONG,1,25921.75,25842.50,-1589.36,-1593.72,-318.7,LOSS,STOP_HIT,25843.00,1575.00,2026-05-07 09:31:02
2026-01-30,2026-01-30 10:55:00,2026-01-30 11:00:00,OG,Backtest,AdxDiCrossBracketOG,OG_AdxDiCrossBracketOG,OG,NQ,NQ JUN26,LONG,1,26117.25,26072.25,-904.36,-908.72,-181.7,LOSS,STOP_HIT,26003.25,2280.00,2026-05-07 09:31:02
2026-01-20,2026-01-20 10:50:00,2026-01-20 10:55:00,OG,Backtest,AdxDiCrossBracketOG,OG_AdxDiCrossBracketOG,OG,NQ,NQ JUN26,LONG,1,25598.00,25559.50,-774.36,-778.72,-155.7,LOSS,STOP_HIT,25503.75,1885.00,2026-05-07 09:31:02
2026-05-04,2026-05-04 11:05:00,2026-05-04 11:10:00,OG,Backtest,AdxDiCrossBracketOG,OG_AdxDiCrossBracketOG,OG,NQ,NQ JUN26,SHORT,1,27881.50,27890.00,-174.36,-178.72,-35.7,LOSS,STOP_HIT,27933.75,1045.00,2026-05-07 09:31:02
2026-02-13,2026-02-13 10:50:00,2026-02-13 11:00:00,OG,Backtest,AdxDiCrossBracketOG,OG_AdxDiCrossBracketOG,OG,NQ,NQ JUN26,SHORT,1,24983.00,25027.00,-884.36,-888.72,-177.7,LOSS,STOP_HIT,25128.00,2900.00,2026-05-07 09:31:02
2026-02-10,2026-02-10 09:45:00,2026-02-10 09:45:00,OG,Backtest,AdxDiCrossBracketOG,OG_AdxDiCrossBracketOG,OG,NQ,NQ JUN26,SHORT,1,25535.25,25500.25,695.64,691.28,138.3,WIN,TARGET_HIT,25571.75,730.00,2026-05-07 09:31:02
2026-01-09,2026-01-09 10:15:00,2026-01-09 10:15:00,OG,Backtest,AdxDiCrossBracketOG,OG_AdxDiCrossBracketOG,OG,NQ,NQ JUN26,SHORT,1,25850.50,25918.00,-1354.36,-1358.72,-271.7,LOSS,STOP_HIT,25917.50,1340.00,2026-05-07 09:31:02
2026-01-09,2026-01-09 09:45:00,2026-01-09 09:50:00,OG,Backtest,AdxDiCrossBracketOG,OG_AdxDiCrossBracketOG,OG,NQ,NQ JUN26,LONG,1,25965.00,25924.25,-819.36,-823.72,-164.7,LOSS,STOP_HIT,25924.75,805.00,2026-05-07 09:31:02
2026-05-01,2026-05-01 11:10:00,2026-05-01 11:20:00,OG,Backtest,AdxDiCrossBracketOG,OG_AdxDiCrossBracketOG,OG,NQ,NQ JUN26,SHORT,1,27795.25,27837.25,-844.36,-848.72,-169.7,LOSS,STOP_HIT,27857.00,1235.00,2026-05-07 09:31:02
2026-01-23,2026-01-23 10:10:00,2026-01-23 10:25:00,OG,Backtest,AdxDiCrossBracketOG,OG_AdxDiCrossBracketOG,OG,NQ,NQ JUN26,LONG,1,25921.00,25890.75,-609.36,-613.72,-122.7,LOSS,STOP_HIT,25850.75,1405.00,2026-05-07 09:31:02
2026-01-12,2026-01-12 11:25:00,2026-01-12 11:30:00,OG,Backtest,AdxDiCrossBracketOG,OG_AdxDiCrossBracketOG,OG,NQ,NQ JUN26,LONG,1,26158.75,26152.25,-134.36,-138.72,-27.7,LOSS,STOP_HIT,26104.75,1080.00,2026-05-07 09:31:02
2026-01-16,2026-01-16 11:40:00,2026-01-16 11:50:00,OG,Backtest,AdxDiCrossBracketOG,OG_AdxDiCrossBracketOG,OG,NQ,NQ JUN26,LONG,1,25923.75,25946.25,445.64,441.28,88.3,WIN,STOP_HIT,25854.75,1380.00,2026-05-07 09:31:02
2026-03-03,2026-03-03 11:25:00,2026-03-03 11:35:00,OG,Backtest,AdxDiCrossBracketOG,OG_AdxDiCrossBracketOG,OG,NQ,NQ JUN26,LONG,1,24794.50,24819.00,485.64,481.28,96.3,WIN,STOP_HIT,24654.75,2795.00,2026-05-07 09:31:02
2026-03-09,2026-03-09 10:45:00,2026-03-09 11:20:00,OG,Backtest,AdxDiCrossBracketOG,OG_AdxDiCrossBracketOG,OG,NQ,NQ JUN26,LONG,1,24692.00,24832.25,2800.64,2796.28,559.3,WIN,TARGET_HIT,24552.25,2795.00,2026-05-07 09:31:02
2026-03-03,2026-03-03 11:40:00,2026-03-03 11:50:00,OG,Backtest,AdxDiCrossBracketOG,OG_AdxDiCrossBracketOG,OG,NQ,NQ JUN26,SHORT,1,24817.25,24864.25,-944.36,-948.72,-189.7,LOSS,STOP_HIT,24948.50,2625.00,2026-05-07 09:31:02
2026-02-03,2026-02-03 09:50:00,2026-02-03 10:00:00,OG,Backtest,AdxDiCrossBracketOG,OG_AdxDiCrossBracketOG,OG,NQ,NQ JUN26,SHORT,1,25960.75,25888.75,1435.64,1431.28,286.3,WIN,TARGET_HIT,26034.25,1470.00,2026-05-07 09:31:02
2026-01-20,2026-01-20 10:50:00,2026-01-20 10:55:00,OG,Backtest,AdxDiCrossBracketOG,OG_AdxDiCrossBracketOG,OG,NQ,NQ JUN26,LONG,1,25598.00,25559.50,-774.36,-778.72,-155.7,LOSS,STOP_HIT,25527.25,1415.00,2026-05-07 09:31:02
2026-01-16,2026-01-16 11:40:00,2026-01-16 11:50:00,OG,Backtest,AdxDiCrossBracketOG,OG_AdxDiCrossBracketOG,OG,NQ,NQ JUN26,LONG,1,25923.75,25946.25,445.64,441.28,88.3,WIN,STOP_HIT,25871.75,1040.00,2026-05-07 09:31:02
2026-01-20,2026-01-20 10:50:00,2026-01-20 10:55:00,OG,Backtest,AdxDiCrossBracketOG,OG_AdxDiCrossBracketOG,OG,NQ,NQ JUN26,LONG,1,25598.00,25559.50,-774.36,-778.72,-155.7,LOSS,STOP_HIT,25503.75,1885.00,2026-05-07 09:31:02
2026-05-01,2026-05-01 11:10:00,2026-05-01 11:20:00,OG,Backtest,AdxDiCrossBracketOG,OG_AdxDiCrossBracketOG,OG,NQ,NQ JUN26,SHORT,1,27795.25,27837.25,-844.36,-848.72,-169.7,LOSS,STOP_HIT,27857.00,1235.00,2026-05-07 09:31:02
2026-01-12,2026-01-12 11:25:00,2026-01-12 11:30:00,OG,Backtest,AdxDiCrossBracketOG,OG_AdxDiCrossBracketOG,OG,NQ,NQ JUN26,LONG,1,26158.75,26152.25,-134.36,-138.72,-27.7,LOSS,STOP_HIT,26118.25,810.00,2026-05-07 09:31:02
2026-02-13,2026-02-13 10:35:00,2026-02-13 10:50:00,OG,Backtest,AdxDiCrossBracketOG,OG_AdxDiCrossBracketOG,OG,NQ,NQ JUN26,LONG,1,25058.00,24983.00,-1504.36,-1508.72,-301.7,LOSS,STOP_HIT,24917.50,2810.00,2026-05-07 09:31:02
2026-01-13,2026-01-13 10:10:00,2026-01-13 10:15:00,OG,Backtest,AdxDiCrossBracketOG,OG_AdxDiCrossBracketOG,OG,NQ,NQ JUN26,SHORT,1,26138.00,26121.75,320.64,316.28,63.3,WIN,STOP_HIT,26183.00,900.00,2026-05-07 09:31:02
2026-01-21,2026-01-21 11:45:00,2026-01-21 11:55:00,OG,Backtest,AdxDiCrossBracketOG,OG_AdxDiCrossBracketOG,OG,NQ,NQ JUN26,SHORT,1,25543.75,25467.25,1525.64,1521.28,304.3,WIN,TARGET_HIT,25620.75,1540.00,2026-05-07 09:31:02
2026-01-23,2026-01-23 10:10:00,2026-01-23 10:25:00,OG,Backtest,AdxDiCrossBracketOG,OG_AdxDiCrossBracketOG,OG,NQ,NQ JUN26,LONG,1,25921.00,25890.75,-609.36,-613.72,-122.7,LOSS,STOP_HIT,25868.00,1060.00,2026-05-07 09:31:02
2026-02-17,2026-02-17 11:10:00,2026-02-17 11:15:00,OG,Backtest,AdxDiCrossBracketOG,OG_AdxDiCrossBracketOG,OG,NQ,NQ JUN26,LONG,1,24861.25,24994.25,2655.64,2651.28,530.3,WIN,TARGET_HIT,24726.75,2690.00,2026-05-07 09:31:02
2026-01-16,2026-01-16 11:40:00,2026-01-16 11:50:00,OG,Backtest,AdxDiCrossBracketOG,OG_AdxDiCrossBracketOG,OG,NQ,NQ JUN26,LONG,1,25923.75,25946.25,445.64,441.28,88.3,WIN,STOP_HIT,25854.75,1380.00,2026-05-07 09:31:02
2026-01-06,2026-01-06 11:00:00,2026-01-06 11:10:00,OG,Backtest,AdxDiCrossBracketOG,OG_AdxDiCrossBracketOG,OG,NQ,NQ JUN26,SHORT,1,25909.25,25852.00,1140.64,1136.28,227.3,WIN,TARGET_HIT,25967.00,1155.00,2026-05-07 09:31:02
2026-01-09,2026-01-09 09:55:00,2026-01-09 09:55:00,OG,Backtest,AdxDiCrossBracketOG,OG_AdxDiCrossBracketOG,OG,NQ,NQ JUN26,SHORT,1,25913.25,25965.00,-1039.36,-1043.72,-208.7,LOSS,STOP_HIT,25964.50,1025.00,2026-05-07 09:31:02
2026-02-11,2026-02-11 11:05:00,2026-02-11 11:10:00,OG,Backtest,AdxDiCrossBracketOG,OG_AdxDiCrossBracketOG,OG,NQ,NQ JUN26,LONG,1,25453.50,25418.25,-709.36,-713.72,-142.7,LOSS,STOP_HIT,25333.00,2410.00,2026-05-07 09:31:02
2026-01-20,2026-01-20 10:50:00,2026-01-20 10:55:00,OG,Backtest,AdxDiCrossBracketOG,OG_AdxDiCrossBracketOG,OG,NQ,NQ JUN26,LONG,1,25598.00,25559.50,-774.36,-778.72,-155.7,LOSS,STOP_HIT,25503.75,1885.00,2026-05-07 09:31:02
2026-02-10,2026-02-10 09:45:00,2026-02-10 09:45:00,OG,Backtest,AdxDiCrossBracketOG,OG_AdxDiCrossBracketOG,OG,NQ,NQ JUN26,SHORT,1,25535.25,25500.25,695.64,691.28,138.3,WIN,TARGET_HIT,25571.75,730.00,2026-05-07 09:31:02
2026-01-16,2026-01-16 11:40:00,2026-01-16 11:50:00,OG,Backtest,AdxDiCrossBracketOG,OG_AdxDiCrossBracketOG,OG,NQ,NQ JUN26,LONG,1,25923.75,25946.25,445.64,441.28,88.3,WIN,STOP_HIT,25871.75,1040.00,2026-05-07 09:31:02
2026-02-10,2026-02-10 09:45:00,2026-02-10 09:45:00,OG,Backtest,AdxDiCrossBracketOG,OG_AdxDiCrossBracketOG,OG,NQ,NQ JUN26,SHORT,1,25535.25,25488.50,930.64,926.28,185.3,WIN,TARGET_HIT,25583.50,965.00,2026-05-07 09:31:02
2026-01-20,2026-01-20 10:50:00,2026-01-20 10:55:00,OG,Backtest,AdxDiCrossBracketOG,OG_AdxDiCrossBracketOG,OG,NQ,NQ JUN26,LONG,1,25598.00,25559.50,-774.36,-778.72,-155.7,LOSS,STOP_HIT,25527.25,1415.00,2026-05-07 09:31:02
2026-02-11,2026-02-11 10:20:00,2026-02-11 10:25:00,OG,Backtest,AdxDiCrossBracketOG,OG_AdxDiCrossBracketOG,OG,NQ,NQ JUN26,SHORT,1,25396.00,25319.50,1525.64,1521.28,304.3,WIN,TARGET_HIT,25474.50,1570.00,2026-05-07 09:31:02
2026-02-17,2026-02-17 11:10:00,2026-02-17 11:15:00,OG,Backtest,AdxDiCrossBracketOG,OG_AdxDiCrossBracketOG,OG,NQ,NQ JUN26,LONG,1,24861.25,24960.75,1985.64,1981.28,396.3,WIN,TARGET_HIT,24760.25,2020.00,2026-05-07 09:31:02
2026-03-20,2026-03-20 11:30:00,2026-03-20 12:30:00,OG,Backtest,AdxDiCrossBracketOG,OG_AdxDiCrossBracketOG,OG,NQ,NQ JUN26,LONG,1,24274.25,24312.00,750.64,746.28,149.3,WIN,STOP_HIT,24165.75,2170.00,2026-05-07 09:31:02
2026-03-24,2026-03-24 11:00:00,2026-03-24 11:35:00,OG,Backtest,AdxDiCrossBracketOG,OG_AdxDiCrossBracketOG,OG,NQ,NQ JUN26,LONG,1,24281.50,24304.75,460.64,456.28,91.3,WIN,STOP_HIT,24156.00,2510.00,2026-05-07 09:31:02
2026-02-17,2026-02-17 11:10:00,2026-02-17 11:15:00,OG,Backtest,AdxDiCrossBracketOG,OG_AdxDiCrossBracketOG,OG,NQ,NQ JUN26,LONG,1,24861.25,24994.25,2655.64,2651.28,530.3,WIN,TARGET_HIT,24726.75,2690.00,2026-05-07 09:31:02
2026-04-16,2026-04-16 10:00:00,2026-04-16 10:10:00,OG,Backtest,AdxDiCrossBracketOG,OG_AdxDiCrossBracketOG,OG,NQ,NQ JUN26,SHORT,1,26282.00,26336.75,-1099.36,-1103.72,-220.7,LOSS,STOP_HIT,26345.50,1270.00,2026-05-07 09:31:02
2026-03-19,2026-03-19 11:15:00,2026-03-19 11:25:00,OG,Backtest,AdxDiCrossBracketOG,OG_AdxDiCrossBracketOG,OG,NQ,NQ JUN26,LONG,1,24530.25,24486.25,-884.36,-888.72,-177.7,LOSS,STOP_HIT,24444.75,1710.00,2026-05-07 09:31:02
2026-04-06,2026-04-06 10:55:00,2026-04-06 11:05:00,OG,Backtest,AdxDiCrossBracketOG,OG_AdxDiCrossBracketOG,OG,NQ,NQ JUN26,SHORT,1,24269.25,24306.75,-754.36,-758.72,-151.7,LOSS,STOP_HIT,24372.75,2070.00,2026-05-07 09:31:02
2026-03-20,2026-03-20 11:30:00,2026-03-20 12:30:00,OG,Backtest,AdxDiCrossBracketOG,OG_AdxDiCrossBracketOG,OG,NQ,NQ JUN26,LONG,1,24274.25,24312.00,750.64,746.28,149.3,WIN,STOP_HIT,24165.75,2170.00,2026-05-07 09:31:02
2026-02-13,2026-02-13 10:35:00,2026-02-13 10:50:00,OG,Backtest,AdxDiCrossBracketOG,OG_AdxDiCrossBracketOG,OG,NQ,NQ JUN26,LONG,1,25058.00,24983.00,-1504.36,-1508.72,-301.7,LOSS,STOP_HIT,24952.50,2110.00,2026-05-07 09:31:02
2026-03-24,2026-03-24 11:00:00,2026-03-24 11:35:00,OG,Backtest,AdxDiCrossBracketOG,OG_AdxDiCrossBracketOG,OG,NQ,NQ JUN26,LONG,1,24281.50,24311.75,600.64,596.28,119.3,WIN,STOP_HIT,24156.00,2510.00,2026-05-07 09:31:02
2026-02-24,2026-02-24 10:15:00,2026-02-24 10:30:00,OG,Backtest,AdxDiCrossBracketOG,OG_AdxDiCrossBracketOG,OG,NQ,NQ JUN26,LONG,1,25109.25,25175.00,1310.64,1306.28,261.3,WIN,TARGET_HIT,25042.00,1345.00,2026-05-07 09:31:02
2026-03-27,2026-03-27 11:40:00,2026-03-27 12:05:00,OG,Backtest,AdxDiCrossBracketOG,OG_AdxDiCrossBracketOG,OG,NQ,NQ JUN26,LONG,1,23597.00,23550.00,-944.36,-948.72,-189.7,LOSS,STOP_HIT,23486.50,2210.00,2026-05-07 09:31:02
2026-02-11,2026-02-11 10:20:00,2026-02-11 10:25:00,OG,Backtest,AdxDiCrossBracketOG,OG_AdxDiCrossBracketOG,OG,NQ,NQ JUN26,SHORT,1,25396.00,25319.50,1525.64,1521.28,304.3,WIN,TARGET_HIT,25474.50,1570.00,2026-05-07 09:31:02
2026-02-24,2026-02-24 10:10:00,2026-02-24 10:15:00,OG,Backtest,AdxDiCrossBracketOG,OG_AdxDiCrossBracketOG,OG,NQ,NQ JUN26,SHORT,1,25048.75,25109.25,-1214.36,-1218.72,-243.7,LOSS,STOP_HIT,25134.75,1720.00,2026-05-07 09:31:02
2026-02-24,2026-02-24 10:10:00,2026-02-24 10:10:00,OG,Backtest,AdxDiCrossBracketOG,OG_AdxDiCrossBracketOG,OG,NQ,NQ JUN26,SHORT,1,25048.75,25114.00,-1309.36,-1313.72,-262.7,LOSS,STOP_HIT,25113.50,1295.00,2026-05-07 09:31:02
2026-03-12,2026-03-12 11:50:00,2026-03-12 11:55:00,OG,Backtest,AdxDiCrossBracketOG,OG_AdxDiCrossBracketOG,OG,NQ,NQ JUN26,LONG,1,24898.00,24865.50,-654.36,-658.72,-131.7,LOSS,STOP_HIT,24792.00,2120.00,2026-05-07 09:31:02
2026-04-10,2026-04-10 11:45:00,2026-04-10 12:00:00,OG,Backtest,AdxDiCrossBracketOG,OG_AdxDiCrossBracketOG,OG,NQ,NQ JUN26,SHORT,1,25301.50,25279.25,440.64,436.28,87.3,WIN,STOP_HIT,25366.25,1295.00,2026-05-07 09:31:02
2026-04-13,2026-04-13 10:00:00,2026-04-13 10:05:00,OG,Backtest,AdxDiCrossBracketOG,OG_AdxDiCrossBracketOG,OG,NQ,NQ JUN26,LONG,1,25271.50,25306.25,690.64,686.28,137.3,WIN,STOP_HIT,25200.75,1415.00,2026-05-07 09:31:02
2026-03-17,2026-03-17 11:15:00,2026-03-17 11:25:00,OG,Backtest,AdxDiCrossBracketOG,OG_AdxDiCrossBracketOG,OG,NQ,NQ JUN26,SHORT,1,25020.50,25045.25,-499.36,-503.72,-100.7,LOSS,STOP_HIT,25074.00,1070.00,2026-05-07 09:31:02
2026-03-20,2026-03-20 11:30:00,2026-03-20 12:20:00,OG,Backtest,AdxDiCrossBracketOG,OG_AdxDiCrossBracketOG,OG,NQ,NQ JUN26,LONG,1,24274.25,24320.00,910.64,906.28,181.3,WIN,STOP_HIT,24165.75,2170.00,2026-05-07 09:31:02
2026-02-11,2026-02-11 11:05:00,2026-02-11 11:10:00,OG,Backtest,AdxDiCrossBracketOG,OG_AdxDiCrossBracketOG,OG,NQ,NQ JUN26,LONG,1,25453.50,25418.25,-709.36,-713.72,-142.7,LOSS,STOP_HIT,25363.00,1810.00,2026-05-07 09:31:02
2026-03-20,2026-03-20 11:30:00,2026-03-20 12:30:00,OG,Backtest,AdxDiCrossBracketOG,OG_AdxDiCrossBracketOG,OG,NQ,NQ JUN26,LONG,1,24274.25,24312.00,750.64,746.28,149.3,WIN,STOP_HIT,24165.75,2170.00,2026-05-07 09:31:02
2026-02-24,2026-02-24 09:50:00,2026-02-24 10:05:00,OG,Backtest,AdxDiCrossBracketOG,OG_AdxDiCrossBracketOG,OG,NQ,NQ JUN26,LONG,1,25120.50,25062.00,-1174.36,-1178.72,-235.7,LOSS,STOP_HIT,25062.50,1160.00,2026-05-07 09:31:02
2026-02-11,2026-02-11 11:05:00,2026-02-11 11:10:00,OG,Backtest,AdxDiCrossBracketOG,OG_AdxDiCrossBracketOG,OG,NQ,NQ JUN26,LONG,1,25453.50,25418.25,-709.36,-713.72,-142.7,LOSS,STOP_HIT,25333.00,2410.00,2026-05-07 09:31:02
2026-04-21,2026-04-21 11:05:00,2026-04-21 11:10:00,OG,Backtest,AdxDiCrossBracketOG,OG_AdxDiCrossBracketOG,OG,NQ,NQ JUN26,SHORT,1,26737.25,26667.50,1390.64,1386.28,277.3,WIN,TARGET_HIT,26806.00,1375.00,2026-05-07 09:31:02
2026-03-24,2026-03-24 11:00:00,2026-03-24 11:35:00,OG,Backtest,AdxDiCrossBracketOG,OG_AdxDiCrossBracketOG,OG,NQ,NQ JUN26,LONG,1,24281.50,24311.75,600.64,596.28,119.3,WIN,STOP_HIT,24156.00,2510.00,2026-05-07 09:31:02
2026-01-16,2026-01-16 11:40:00,2026-01-16 11:50:00,OG,Backtest,AdxDiCrossBracketOG,OG_AdxDiCrossBracketOG,OG,NQ,NQ JUN26,LONG,1,25923.75,25946.25,445.64,441.28,88.3,WIN,STOP_HIT,25854.75,1380.00,2026-05-07 09:31:02
2026-03-12,2026-03-12 11:50:00,2026-03-12 11:55:00,OG,Backtest,AdxDiCrossBracketOG,OG_AdxDiCrossBracketOG,OG,NQ,NQ JUN26,LONG,1,24898.00,24865.50,-654.36,-658.72,-131.7,LOSS,STOP_HIT,24818.25,1595.00,2026-05-07 09:31:02
2026-03-24,2026-03-24 11:00:00,2026-03-24 11:00:00,OG,Backtest,AdxDiCrossBracketOG,OG_AdxDiCrossBracketOG,OG,NQ,NQ JUN26,LONG,1,24281.50,24186.50,-1904.36,-1908.72,-381.7,LOSS,STOP_HIT,24187.00,1890.00,2026-05-07 09:31:02
2026-02-17,2026-02-17 11:10:00,2026-02-17 11:15:00,OG,Backtest,AdxDiCrossBracketOG,OG_AdxDiCrossBracketOG,OG,NQ,NQ JUN26,LONG,1,24861.25,24994.25,2655.64,2651.28,530.3,WIN,TARGET_HIT,24726.75,2690.00,2026-05-07 09:31:02
2026-03-19,2026-03-19 11:15:00,2026-03-19 11:25:00,OG,Backtest,AdxDiCrossBracketOG,OG_AdxDiCrossBracketOG,OG,NQ,NQ JUN26,LONG,1,24530.25,24486.25,-884.36,-888.72,-177.7,LOSS,STOP_HIT,24416.25,2280.00,2026-05-07 09:31:02
2026-03-19,2026-03-19 11:15:00,2026-03-19 11:25:00,OG,Backtest,AdxDiCrossBracketOG,OG_AdxDiCrossBracketOG,OG,NQ,NQ JUN26,LONG,1,24530.25,24486.25,-884.36,-888.72,-177.7,LOSS,STOP_HIT,24444.75,1710.00,2026-05-07 09:31:02
2026-04-07,2026-04-07 11:40:00,2026-04-07 12:05:00,OG,Backtest,AdxDiCrossBracketOG,OG_AdxDiCrossBracketOG,OG,NQ,NQ JUN26,LONG,1,24071.50,24163.75,1840.64,1836.28,367.3,WIN,TARGET_HIT,23978.75,1855.00,2026-05-07 09:31:02
2026-05-04,2026-05-04 11:05:00,2026-05-04 11:10:00,OG,Backtest,AdxDiCrossBracketOG,OG_AdxDiCrossBracketOG,OG,NQ,NQ JUN26,SHORT,1,27881.50,27890.00,-174.36,-178.72,-35.7,LOSS,STOP_HIT,27951.00,1390.00,2026-05-07 09:31:02
2026-04-10,2026-04-10 11:45:00,2026-04-10 12:00:00,OG,Backtest,AdxDiCrossBracketOG,OG_AdxDiCrossBracketOG,OG,NQ,NQ JUN26,SHORT,1,25301.50,25279.25,440.64,436.28,87.3,WIN,STOP_HIT,25366.25,1295.00,2026-05-07 09:31:02
2026-04-02,2026-04-02 10:45:00,2026-04-02 11:25:00,OG,Backtest,AdxDiCrossBracketOG,OG_AdxDiCrossBracketOG,OG,NQ,NQ JUN26,LONG,1,24210.25,24151.25,-1184.36,-1188.72,-237.7,LOSS,STOP_HIT,24059.00,3025.00,2026-05-07 09:31:02
2026-04-10,2026-04-10 11:45:00,2026-04-10 12:00:00,OG,Backtest,AdxDiCrossBracketOG,OG_AdxDiCrossBracketOG,OG,NQ,NQ JUN26,SHORT,1,25301.50,25279.25,440.64,436.28,87.3,WIN,STOP_HIT,25350.25,975.00,2026-05-07 09:31:02
2026-02-11,2026-02-11 10:20:00,2026-02-11 10:25:00,OG,Backtest,AdxDiCrossBracketOG,OG_AdxDiCrossBracketOG,OG,NQ,NQ JUN26,SHORT,1,25396.00,25293.75,2040.64,2036.28,407.3,WIN,TARGET_HIT,25500.25,2085.00,2026-05-07 09:31:02
2026-02-13,2026-02-13 10:35:00,2026-02-13 10:45:00,OG,Backtest,AdxDiCrossBracketOG,OG_AdxDiCrossBracketOG,OG,NQ,NQ JUN26,LONG,1,25058.00,25033.25,-499.36,-503.72,-100.7,LOSS,STOP_HIT,24917.50,2810.00,2026-05-07 09:31:02
2026-02-11,2026-02-11 11:05:00,2026-02-11 11:10:00,OG,Backtest,AdxDiCrossBracketOG,OG_AdxDiCrossBracketOG,OG,NQ,NQ JUN26,LONG,1,25453.50,25418.25,-709.36,-713.72,-142.7,LOSS,STOP_HIT,25333.00,2410.00,2026-05-07 09:31:02
2026-01-06,2026-01-06 11:00:00,2026-01-06 11:10:00,OG,Backtest,AdxDiCrossBracketOG,OG_AdxDiCrossBracketOG,OG,NQ,NQ JUN26,SHORT,1,25909.25,25852.00,1140.64,1136.28,227.3,WIN,TARGET_HIT,25967.00,1155.00,2026-05-07 09:31:02
2026-03-12,2026-03-12 11:50:00,2026-03-12 11:55:00,OG,Backtest,AdxDiCrossBracketOG,OG_AdxDiCrossBracketOG,OG,NQ,NQ JUN26,LONG,1,24898.00,24865.50,-654.36,-658.72,-131.7,LOSS,STOP_HIT,24792.00,2120.00,2026-05-07 09:31:02
2026-04-16,2026-04-16 10:00:00,2026-04-16 10:10:00,OG,Backtest,AdxDiCrossBracketOG,OG_AdxDiCrossBracketOG,OG,NQ,NQ JUN26,SHORT,1,26282.00,26336.75,-1099.36,-1103.72,-220.7,LOSS,STOP_HIT,26345.50,1270.00,2026-05-07 09:31:02
2026-03-20,2026-03-20 11:30:00,2026-03-20 12:05:00,OG,Backtest,AdxDiCrossBracketOG,OG_AdxDiCrossBracketOG,OG,NQ,NQ JUN26,LONG,1,24274.25,24354.75,1605.64,1601.28,320.3,WIN,TARGET_HIT,24192.75,1630.00,2026-05-07 09:31:02
2026-01-06,2026-01-06 11:00:00,2026-01-06 11:10:00,OG,Backtest,AdxDiCrossBracketOG,OG_AdxDiCrossBracketOG,OG,NQ,NQ JUN26,SHORT,1,25909.25,25852.00,1140.64,1136.28,227.3,WIN,TARGET_HIT,25967.00,1155.00,2026-05-07 09:31:02
2026-02-24,2026-02-24 09:50:00,2026-02-24 10:05:00,OG,Backtest,AdxDiCrossBracketOG,OG_AdxDiCrossBracketOG,OG,NQ,NQ JUN26,LONG,1,25120.50,25068.25,-1049.36,-1053.72,-210.7,LOSS,STOP_HIT,25043.75,1535.00,2026-05-07 09:31:02
2026-02-13,2026-02-13 10:35:00,2026-02-13 10:45:00,OG,Backtest,AdxDiCrossBracketOG,OG_AdxDiCrossBracketOG,OG,NQ,NQ JUN26,LONG,1,25058.00,25033.25,-499.36,-503.72,-100.7,LOSS,STOP_HIT,24917.50,2810.00,2026-05-07 09:31:02
2026-03-20,2026-03-20 11:30:00,2026-03-20 12:20:00,OG,Backtest,AdxDiCrossBracketOG,OG_AdxDiCrossBracketOG,OG,NQ,NQ JUN26,LONG,1,24274.25,24320.00,910.64,906.28,181.3,WIN,STOP_HIT,24165.75,2170.00,2026-05-07 09:31:02
2026-04-02,2026-04-02 10:45:00,2026-04-02 11:25:00,OG,Backtest,AdxDiCrossBracketOG,OG_AdxDiCrossBracketOG,OG,NQ,NQ JUN26,LONG,1,24210.25,24151.25,-1184.36,-1188.72,-237.7,LOSS,STOP_HIT,24059.00,3025.00,2026-05-07 09:31:02
2026-03-24,2026-03-24 11:00:00,2026-03-24 11:15:00,OG,Backtest,AdxDiCrossBracketOG,OG_AdxDiCrossBracketOG,OG,NQ,NQ JUN26,LONG,1,24281.50,24278.25,-69.36,-73.72,-14.7,LOSS,STOP_HIT,24156.00,2510.00,2026-05-07 09:31:02
2026-05-04,2026-05-04 11:05:00,2026-05-04 11:10:00,OG,Backtest,AdxDiCrossBracketOG,OG_AdxDiCrossBracketOG,OG,NQ,NQ JUN26,SHORT,1,27881.50,27890.00,-174.36,-178.72,-35.7,LOSS,STOP_HIT,27951.00,1390.00,2026-05-07 09:31:02
2026-03-25,2026-03-25 11:20:00,2026-03-25 12:00:00,OG,Backtest,AdxDiCrossBracketOG,OG_AdxDiCrossBracketOG,OG,NQ,NQ JUN26,SHORT,1,24386.00,24392.50,-134.36,-138.72,-27.7,LOSS,STOP_HIT,24488.75,2055.00,2026-05-07 09:31:02
2026-02-05,2026-02-05 11:40:00,2026-02-05 11:50:00,OG,Backtest,AdxDiCrossBracketOG,OG_AdxDiCrossBracketOG,OG,NQ,NQ JUN26,LONG,1,25025.50,24992.25,-669.36,-673.72,-134.7,LOSS,STOP_HIT,24851.75,3475.00,2026-05-07 09:31:02
2026-03-27,2026-03-27 11:40:00,2026-03-27 12:00:00,OG,Backtest,AdxDiCrossBracketOG,OG_AdxDiCrossBracketOG,OG,NQ,NQ JUN26,LONG,1,23597.00,23550.75,-929.36,-933.72,-186.7,LOSS,STOP_HIT,23486.50,2210.00,2026-05-07 09:31:02
2026-04-13,2026-04-13 10:00:00,2026-04-13 10:05:00,OG,Backtest,AdxDiCrossBracketOG,OG_AdxDiCrossBracketOG,OG,NQ,NQ JUN26,LONG,1,25271.50,25306.25,690.64,686.28,137.3,WIN,STOP_HIT,25218.25,1065.00,2026-05-07 09:31:02
2026-04-02,2026-04-02 10:45:00,2026-04-02 10:55:00,OG,Backtest,AdxDiCrossBracketOG,OG_AdxDiCrossBracketOG,OG,NQ,NQ JUN26,LONG,1,24210.25,24114.75,-1914.36,-1918.72,-383.7,LOSS,STOP_HIT,24059.00,3025.00,2026-05-07 09:31:02
2026-04-02,2026-04-02 10:45:00,2026-04-02 11:25:00,OG,Backtest,AdxDiCrossBracketOG,OG_AdxDiCrossBracketOG,OG,NQ,NQ JUN26,LONG,1,24210.25,24121.00,-1789.36,-1793.72,-358.7,LOSS,STOP_HIT,24059.00,3025.00,2026-05-07 09:31:02
2026-04-10,2026-04-10 11:45:00,2026-04-10 12:00:00,OG,Backtest,AdxDiCrossBracketOG,OG_AdxDiCrossBracketOG,OG,NQ,NQ JUN26,SHORT,1,25301.50,25279.25,440.64,436.28,87.3,WIN,STOP_HIT,25350.25,975.00,2026-05-07 09:31:02
2026-03-20,2026-03-20 11:30:00,2026-03-20 12:05:00,OG,Backtest,AdxDiCrossBracketOG,OG_AdxDiCrossBracketOG,OG,NQ,NQ JUN26,LONG,1,24274.25,24354.75,1605.64,1601.28,320.3,WIN,TARGET_HIT,24192.75,1630.00,2026-05-07 09:31:02
2026-02-03,2026-02-03 09:50:00,2026-02-03 10:00:00,OG,Backtest,AdxDiCrossBracketOG,OG_AdxDiCrossBracketOG,OG,NQ,NQ JUN26,SHORT,1,25960.75,25888.75,1435.64,1431.28,286.3,WIN,TARGET_HIT,26034.25,1470.00,2026-05-07 09:31:02
2026-01-28,2026-01-28 10:55:00,2026-01-28 11:10:00,OG,Backtest,AdxDiCrossBracketOG,OG_AdxDiCrossBracketOG,OG,NQ,NQ JUN26,SHORT,1,26395.25,26395.25,-4.36,-8.72,-1.7,LOSS,STOP_HIT,26461.50,1325.00,2026-05-07 09:31:02
2026-03-20,2026-03-20 11:30:00,2026-03-20 12:30:00,OG,Backtest,AdxDiCrossBracketOG,OG_AdxDiCrossBracketOG,OG,NQ,NQ JUN26,LONG,1,24274.25,24312.00,750.64,746.28,149.3,WIN,STOP_HIT,24165.75,2170.00,2026-05-07 09:31:02
2026-01-09,2026-01-09 09:55:00,2026-01-09 10:10:00,OG,Backtest,AdxDiCrossBracketOG,OG_AdxDiCrossBracketOG,OG,NQ,NQ JUN26,SHORT,1,25913.25,25921.75,-174.36,-178.72,-35.7,LOSS,STOP_HIT,25981.00,1355.00,2026-05-07 09:31:02
2026-03-25,2026-03-25 11:20:00,2026-03-25 11:35:00,OG,Backtest,AdxDiCrossBracketOG,OG_AdxDiCrossBracketOG,OG,NQ,NQ JUN26,SHORT,1,24386.00,24430.00,-884.36,-888.72,-177.7,LOSS,STOP_HIT,24488.75,2055.00,2026-05-07 09:31:02
2026-01-06,2026-01-06 11:00:00,2026-01-06 11:10:00,OG,Backtest,AdxDiCrossBracketOG,OG_AdxDiCrossBracketOG,OG,NQ,NQ JUN26,SHORT,1,25909.25,25852.00,1140.64,1136.28,227.3,WIN,TARGET_HIT,25967.00,1155.00,2026-05-07 09:31:02
2026-01-12,2026-01-12 11:25:00,2026-01-12 11:30:00,OG,Backtest,AdxDiCrossBracketOG,OG_AdxDiCrossBracketOG,OG,NQ,NQ JUN26,LONG,1,26158.75,26152.25,-134.36,-138.72,-27.7,LOSS,STOP_HIT,26104.75,1080.00,2026-05-07 09:31:02
2026-03-27,2026-03-27 11:40:00,2026-03-27 12:05:00,OG,Backtest,AdxDiCrossBracketOG,OG_AdxDiCrossBracketOG,OG,NQ,NQ JUN26,LONG,1,23597.00,23550.00,-944.36,-948.72,-189.7,LOSS,STOP_HIT,23486.50,2210.00,2026-05-07 09:31:02
2026-02-11,2026-02-11 10:20:00,2026-02-11 10:25:00,OG,Backtest,AdxDiCrossBracketOG,OG_AdxDiCrossBracketOG,OG,NQ,NQ JUN26,SHORT,1,25396.00,25293.75,2040.64,2036.28,407.3,WIN,TARGET_HIT,25500.25,2085.00,2026-05-07 09:31:02
2026-01-16,2026-01-16 11:30:00,2026-01-16 11:35:00,OG,Backtest,AdxDiCrossBracketOG,OG_AdxDiCrossBracketOG,OG,NQ,NQ JUN26,LONG,1,25911.50,25925.25,270.64,266.28,53.3,WIN,STOP_HIT,25839.25,1445.00,2026-05-07 09:31:02
2026-03-09,2026-03-09 10:45:00,2026-03-09 11:20:00,OG,Backtest,AdxDiCrossBracketOG,OG_AdxDiCrossBracketOG,OG,NQ,NQ JUN26,LONG,1,24692.00,24832.25,2800.64,2796.28,559.3,WIN,TARGET_HIT,24552.25,2795.00,2026-05-07 09:31:02
2026-01-16,2026-01-16 11:30:00,2026-01-16 11:35:00,OG,Backtest,AdxDiCrossBracketOG,OG_AdxDiCrossBracketOG,OG,NQ,NQ JUN26,LONG,1,25911.50,25925.25,270.64,266.28,53.3,WIN,STOP_HIT,25839.25,1445.00,2026-05-07 09:31:02
2026-01-07,2026-01-07 10:10:00,2026-01-07 10:15:00,OG,Backtest,AdxDiCrossBracketOG,OG_AdxDiCrossBracketOG,OG,NQ,NQ JUN26,SHORT,1,26050.75,26065.00,-289.36,-293.72,-58.7,LOSS,STOP_HIT,26094.00,865.00,2026-05-07 09:31:02
2026-04-07,2026-04-07 11:40:00,2026-04-07 12:05:00,OG,Backtest,AdxDiCrossBracketOG,OG_AdxDiCrossBracketOG,OG,NQ,NQ JUN26,LONG,1,24071.50,24163.75,1840.64,1836.28,367.3,WIN,TARGET_HIT,23978.75,1855.00,2026-05-07 09:31:02
2026-04-16,2026-04-16 10:00:00,2026-04-16 10:05:00,OG,Backtest,AdxDiCrossBracketOG,OG_AdxDiCrossBracketOG,OG,NQ,NQ JUN26,SHORT,1,26282.00,26330.25,-969.36,-973.72,-194.7,LOSS,STOP_HIT,26329.75,955.00,2026-05-07 09:31:02
2026-01-07,2026-01-07 10:10:00,2026-01-07 10:15:00,OG,Backtest,AdxDiCrossBracketOG,OG_AdxDiCrossBracketOG,OG,NQ,NQ JUN26,SHORT,1,26050.75,26065.00,-289.36,-293.72,-58.7,LOSS,STOP_HIT,26094.00,865.00,2026-05-07 09:31:02
2026-01-20,2026-01-20 10:50:00,2026-01-20 10:55:00,OG,Backtest,AdxDiCrossBracketOG,OG_AdxDiCrossBracketOG,OG,NQ,NQ JUN26,LONG,1,25598.00,25559.50,-774.36,-778.72,-155.7,LOSS,STOP_HIT,25503.75,1885.00,2026-05-07 09:31:02
2026-03-03,2026-03-03 11:40:00,2026-03-03 11:50:00,OG,Backtest,AdxDiCrossBracketOG,OG_AdxDiCrossBracketOG,OG,NQ,NQ JUN26,SHORT,1,24817.25,24864.25,-944.36,-948.72,-189.7,LOSS,STOP_HIT,24948.50,2625.00,2026-05-07 09:31:02
2026-01-20,2026-01-20 10:50:00,2026-01-20 10:55:00,OG,Backtest,AdxDiCrossBracketOG,OG_AdxDiCrossBracketOG,OG,NQ,NQ JUN26,LONG,1,25598.00,25559.50,-774.36,-778.72,-155.7,LOSS,STOP_HIT,25503.75,1885.00,2026-05-07 09:31:02
2026-04-21,2026-04-21 11:05:00,2026-04-21 11:10:00,OG,Backtest,AdxDiCrossBracketOG,OG_AdxDiCrossBracketOG,OG,NQ,NQ JUN26,SHORT,1,26737.25,26667.50,1390.64,1386.28,277.3,WIN,TARGET_HIT,26806.00,1375.00,2026-05-07 09:31:03
2026-01-09,2026-01-09 10:15:00,2026-01-09 10:15:00,OG,Backtest,AdxDiCrossBracketOG,OG_AdxDiCrossBracketOG,OG,NQ,NQ JUN26,SHORT,1,25850.50,25918.00,-1354.36,-1358.72,-271.7,LOSS,STOP_HIT,25917.50,1340.00,2026-05-07 09:31:03
2026-01-09,2026-01-09 09:55:00,2026-01-09 10:10:00,OG,Backtest,AdxDiCrossBracketOG,OG_AdxDiCrossBracketOG,OG,NQ,NQ JUN26,SHORT,1,25913.25,25921.75,-174.36,-178.72,-35.7,LOSS,STOP_HIT,25981.00,1355.00,2026-05-07 09:31:03
2026-04-16,2026-04-16 10:15:00,2026-04-16 10:50:00,OG,Backtest,AdxDiCrossBracketOG,OG_AdxDiCrossBracketOG,OG,NQ,NQ JUN26,LONG,1,26347.25,26398.25,1015.64,1011.28,202.3,WIN,TARGET_HIT,26294.25,1060.00,2026-05-07 09:31:03
2026-01-23,2026-01-23 10:10:00,2026-01-23 10:25:00,OG,Backtest,AdxDiCrossBracketOG,OG_AdxDiCrossBracketOG,OG,NQ,NQ JUN26,LONG,1,25921.00,25890.75,-609.36,-613.72,-122.7,LOSS,STOP_HIT,25850.75,1405.00,2026-05-07 09:31:03
2026-05-04,2026-05-04 11:05:00,2026-05-04 11:10:00,OG,Backtest,AdxDiCrossBracketOG,OG_AdxDiCrossBracketOG,OG,NQ,NQ JUN26,SHORT,1,27881.50,27890.00,-174.36,-178.72,-35.7,LOSS,STOP_HIT,27951.00,1390.00,2026-05-07 09:31:03
2026-01-16,2026-01-16 11:30:00,2026-01-16 11:35:00,OG,Backtest,AdxDiCrossBracketOG,OG_AdxDiCrossBracketOG,OG,NQ,NQ JUN26,LONG,1,25911.50,25925.25,270.64,266.28,53.3,WIN,STOP_HIT,25839.25,1445.00,2026-05-07 09:31:03
2026-01-13,2026-01-13 10:10:00,2026-01-13 10:15:00,OG,Backtest,AdxDiCrossBracketOG,OG_AdxDiCrossBracketOG,OG,NQ,NQ JUN26,SHORT,1,26138.00,26121.75,320.64,316.28,63.3,WIN,STOP_HIT,26197.75,1195.00,2026-05-07 09:31:03
2026-01-06,2026-01-06 11:00:00,2026-01-06 11:10:00,OG,Backtest,AdxDiCrossBracketOG,OG_AdxDiCrossBracketOG,OG,NQ,NQ JUN26,SHORT,1,25909.25,25866.25,855.64,851.28,170.3,WIN,TARGET_HIT,25952.75,870.00,2026-05-07 09:31:03
2026-02-24,2026-02-24 10:10:00,2026-02-24 10:15:00,OG,Backtest,AdxDiCrossBracketOG,OG_AdxDiCrossBracketOG,OG,NQ,NQ JUN26,SHORT,1,25048.75,25109.25,-1214.36,-1218.72,-243.7,LOSS,STOP_HIT,25134.75,1720.00,2026-05-07 09:31:03
2026-02-11,2026-02-11 11:05:00,2026-02-11 11:10:00,OG,Backtest,AdxDiCrossBracketOG,OG_AdxDiCrossBracketOG,OG,NQ,NQ JUN26,LONG,1,25453.50,25418.25,-709.36,-713.72,-142.7,LOSS,STOP_HIT,25363.00,1810.00,2026-05-07 09:31:03
2026-02-11,2026-02-11 11:05:00,2026-02-11 11:10:00,OG,Backtest,AdxDiCrossBracketOG,OG_AdxDiCrossBracketOG,OG,NQ,NQ JUN26,LONG,1,25453.50,25418.25,-709.36,-713.72,-142.7,LOSS,STOP_HIT,25333.00,2410.00,2026-05-07 09:31:03
2026-05-01,2026-05-01 11:10:00,2026-05-01 11:20:00,OG,Backtest,AdxDiCrossBracketOG,OG_AdxDiCrossBracketOG,OG,NQ,NQ JUN26,SHORT,1,27795.25,27837.25,-844.36,-848.72,-169.7,LOSS,STOP_HIT,27877.50,1645.00,2026-05-07 09:31:03
2026-01-20,2026-01-20 10:50:00,2026-01-20 10:55:00,OG,Backtest,AdxDiCrossBracketOG,OG_AdxDiCrossBracketOG,OG,NQ,NQ JUN26,LONG,1,25598.00,25559.50,-774.36,-778.72,-155.7,LOSS,STOP_HIT,25527.25,1415.00,2026-05-07 09:31:03
2026-01-23,2026-01-23 10:10:00,2026-01-23 10:25:00,OG,Backtest,AdxDiCrossBracketOG,OG_AdxDiCrossBracketOG,OG,NQ,NQ JUN26,LONG,1,25921.00,25890.75,-609.36,-613.72,-122.7,LOSS,STOP_HIT,25850.75,1405.00,2026-05-07 09:31:03
2026-02-10,2026-02-10 09:45:00,2026-02-10 09:45:00,OG,Backtest,AdxDiCrossBracketOG,OG_AdxDiCrossBracketOG,OG,NQ,NQ JUN26,SHORT,1,25535.25,25488.50,930.64,926.28,185.3,WIN,TARGET_HIT,25583.50,965.00,2026-05-07 09:31:03
2026-02-17,2026-02-17 11:10:00,2026-02-17 11:15:00,OG,Backtest,AdxDiCrossBracketOG,OG_AdxDiCrossBracketOG,OG,NQ,NQ JUN26,LONG,1,24861.25,24994.25,2655.64,2651.28,530.3,WIN,TARGET_HIT,24726.75,2690.00,2026-05-07 09:31:03
2026-01-23,2026-01-23 10:10:00,2026-01-23 10:25:00,OG,Backtest,AdxDiCrossBracketOG,OG_AdxDiCrossBracketOG,OG,NQ,NQ JUN26,LONG,1,25921.00,25890.75,-609.36,-613.72,-122.7,LOSS,STOP_HIT,25868.00,1060.00,2026-05-07 09:31:03
2026-04-02,2026-04-02 10:45:00,2026-04-02 11:25:00,OG,Backtest,AdxDiCrossBracketOG,OG_AdxDiCrossBracketOG,OG,NQ,NQ JUN26,LONG,1,24210.25,24151.25,-1184.36,-1188.72,-237.7,LOSS,STOP_HIT,24059.00,3025.00,2026-05-07 09:31:03
2026-02-11,2026-02-11 11:05:00,2026-02-11 11:10:00,OG,Backtest,AdxDiCrossBracketOG,OG_AdxDiCrossBracketOG,OG,NQ,NQ JUN26,LONG,1,25453.50,25418.25,-709.36,-713.72,-142.7,LOSS,STOP_HIT,25333.00,2410.00,2026-05-07 09:31:03
2026-02-10,2026-02-10 09:45:00,2026-02-10 09:45:00,OG,Backtest,AdxDiCrossBracketOG,OG_AdxDiCrossBracketOG,OG,NQ,NQ JUN26,SHORT,1,25535.25,25488.50,930.64,926.28,185.3,WIN,TARGET_HIT,25583.50,965.00,2026-05-07 09:31:03
2026-01-09,2026-01-09 09:45:00,2026-01-09 09:50:00,OG,Backtest,AdxDiCrossBracketOG,OG_AdxDiCrossBracketOG,OG,NQ,NQ JUN26,LONG,1,25965.00,25910.75,-1089.36,-1093.72,-218.7,LOSS,STOP_HIT,25911.25,1075.00,2026-05-07 09:31:03
2026-01-09,2026-01-09 09:55:00,2026-01-09 10:05:00,OG,Backtest,AdxDiCrossBracketOG,OG_AdxDiCrossBracketOG,OG,NQ,NQ JUN26,SHORT,1,25913.25,25956.50,-869.36,-873.72,-174.7,LOSS,STOP_HIT,25981.00,1355.00,2026-05-07 09:31:03
2026-01-13,2026-01-13 10:10:00,2026-01-13 10:15:00,OG,Backtest,AdxDiCrossBracketOG,OG_AdxDiCrossBracketOG,OG,NQ,NQ JUN26,SHORT,1,26138.00,26121.75,320.64,316.28,63.3,WIN,STOP_HIT,26183.00,900.00,2026-05-07 09:31:03
2026-05-04,2026-05-04 11:05:00,2026-05-04 11:10:00,OG,Backtest,AdxDiCrossBracketOG,OG_AdxDiCrossBracketOG,OG,NQ,NQ JUN26,SHORT,1,27881.50,27890.00,-174.36,-178.72,-35.7,LOSS,STOP_HIT,27951.00,1390.00,2026-05-07 09:31:03
2026-01-16,2026-01-16 11:30:00,2026-01-16 11:35:00,OG,Backtest,AdxDiCrossBracketOG,OG_AdxDiCrossBracketOG,OG,NQ,NQ JUN26,LONG,1,25911.50,25925.25,270.64,266.28,53.3,WIN,STOP_HIT,25839.25,1445.00,2026-05-07 09:31:03
2026-04-16,2026-04-16 10:00:00,2026-04-16 10:10:00,OG,Backtest,AdxDiCrossBracketOG,OG_AdxDiCrossBracketOG,OG,NQ,NQ JUN26,SHORT,1,26282.00,26336.75,-1099.36,-1103.72,-220.7,LOSS,STOP_HIT,26345.50,1270.00,2026-05-07 09:31:03
2026-03-09,2026-03-09 10:45:00,2026-03-09 11:20:00,OG,Backtest,AdxDiCrossBracketOG,OG_AdxDiCrossBracketOG,OG,NQ,NQ JUN26,LONG,1,24692.00,24832.25,2800.64,2796.28,559.3,WIN,TARGET_HIT,24552.25,2795.00,2026-05-07 09:31:03
2026-03-25,2026-03-25 11:20:00,2026-03-25 11:30:00,OG,Backtest,AdxDiCrossBracketOG,OG_AdxDiCrossBracketOG,OG,NQ,NQ JUN26,SHORT,1,24386.00,24410.75,-499.36,-503.72,-100.7,LOSS,STOP_HIT,24488.75,2055.00,2026-05-07 09:31:03
2026-03-06,2026-03-06 11:10:00,2026-03-06 11:15:00,OG,Backtest,AdxDiCrossBracketOG,OG_AdxDiCrossBracketOG,OG,NQ,NQ JUN26,LONG,1,25101.50,25059.00,-854.36,-858.72,-171.7,LOSS,STOP_HIT,24975.75,2515.00,2026-05-07 09:31:03
2026-01-13,2026-01-13 10:10:00,2026-01-13 10:15:00,OG,Backtest,AdxDiCrossBracketOG,OG_AdxDiCrossBracketOG,OG,NQ,NQ JUN26,SHORT,1,26138.00,26121.75,320.64,316.28,63.3,WIN,STOP_HIT,26197.75,1195.00,2026-05-07 09:31:03
2026-03-09,2026-03-09 10:45:00,2026-03-09 11:20:00,OG,Backtest,AdxDiCrossBracketOG,OG_AdxDiCrossBracketOG,OG,NQ,NQ JUN26,LONG,1,24692.00,24832.25,2800.64,2796.28,559.3,WIN,TARGET_HIT,24552.25,2795.00,2026-05-07 09:31:03
2026-02-24,2026-02-24 10:10:00,2026-02-24 10:15:00,OG,Backtest,AdxDiCrossBracketOG,OG_AdxDiCrossBracketOG,OG,NQ,NQ JUN26,SHORT,1,25048.75,25109.25,-1214.36,-1218.72,-243.7,LOSS,STOP_HIT,25134.75,1720.00,2026-05-07 09:31:03
2026-05-04,2026-05-04 11:05:00,2026-05-04 11:10:00,OG,Backtest,AdxDiCrossBracketOG,OG_AdxDiCrossBracketOG,OG,NQ,NQ JUN26,SHORT,1,27881.50,27890.00,-174.36,-178.72,-35.7,LOSS,STOP_HIT,27951.00,1390.00,2026-05-07 09:31:03
2026-03-03,2026-03-03 11:25:00,2026-03-03 11:40:00,OG,Backtest,AdxDiCrossBracketOG,OG_AdxDiCrossBracketOG,OG,NQ,NQ JUN26,LONG,1,24794.50,24817.25,450.64,446.28,89.3,WIN,STOP_HIT,24654.75,2795.00,2026-05-07 09:31:03
2026-05-01,2026-05-01 11:10:00,2026-05-01 11:20:00,OG,Backtest,AdxDiCrossBracketOG,OG_AdxDiCrossBracketOG,OG,NQ,NQ JUN26,SHORT,1,27795.25,27837.25,-844.36,-848.72,-169.7,LOSS,STOP_HIT,27877.50,1645.00,2026-05-07 09:31:03
2026-02-24,2026-02-24 09:50:00,2026-02-24 10:05:00,OG,Backtest,AdxDiCrossBracketOG,OG_AdxDiCrossBracketOG,OG,NQ,NQ JUN26,LONG,1,25120.50,25043.25,-1549.36,-1553.72,-310.7,LOSS,STOP_HIT,25043.75,1535.00,2026-05-07 09:31:03
2026-02-05,2026-02-05 11:40:00,2026-02-05 11:50:00,OG,Backtest,AdxDiCrossBracketOG,OG_AdxDiCrossBracketOG,OG,NQ,NQ JUN26,LONG,1,25025.50,24992.25,-669.36,-673.72,-134.7,LOSS,STOP_HIT,24851.75,3475.00,2026-05-07 09:31:03
2026-01-09,2026-01-09 09:55:00,2026-01-09 10:10:00,OG,Backtest,AdxDiCrossBracketOG,OG_AdxDiCrossBracketOG,OG,NQ,NQ JUN26,SHORT,1,25913.25,25921.75,-174.36,-178.72,-35.7,LOSS,STOP_HIT,25981.00,1355.00,2026-05-07 09:31:03
2026-02-24,2026-02-24 10:10:00,2026-02-24 10:15:00,OG,Backtest,AdxDiCrossBracketOG,OG_AdxDiCrossBracketOG,OG,NQ,NQ JUN26,SHORT,1,25048.75,25109.25,-1214.36,-1218.72,-243.7,LOSS,STOP_HIT,25134.75,1720.00,2026-05-07 09:31:03
2026-01-06,2026-01-06 11:00:00,2026-01-06 11:10:00,OG,Backtest,AdxDiCrossBracketOG,OG_AdxDiCrossBracketOG,OG,NQ,NQ JUN26,SHORT,1,25909.25,25852.00,1140.64,1136.28,227.3,WIN,TARGET_HIT,25967.00,1155.00,2026-05-07 09:31:03
2026-03-03,2026-03-03 11:25:00,2026-03-03 11:40:00,OG,Backtest,AdxDiCrossBracketOG,OG_AdxDiCrossBracketOG,OG,NQ,NQ JUN26,LONG,1,24794.50,24817.25,450.64,446.28,89.3,WIN,STOP_HIT,24654.75,2795.00,2026-05-07 09:31:03
2026-03-17,2026-03-17 11:15:00,2026-03-17 11:25:00,OG,Backtest,AdxDiCrossBracketOG,OG_AdxDiCrossBracketOG,OG,NQ,NQ JUN26,SHORT,1,25020.50,25045.25,-499.36,-503.72,-100.7,LOSS,STOP_HIT,25091.50,1420.00,2026-05-07 09:31:03
2026-01-16,2026-01-16 11:30:00,2026-01-16 11:35:00,OG,Backtest,AdxDiCrossBracketOG,OG_AdxDiCrossBracketOG,OG,NQ,NQ JUN26,LONG,1,25911.50,25925.25,270.64,266.28,53.3,WIN,STOP_HIT,25839.25,1445.00,2026-05-07 09:31:03
2026-03-19,2026-03-19 11:15:00,2026-03-19 11:25:00,OG,Backtest,AdxDiCrossBracketOG,OG_AdxDiCrossBracketOG,OG,NQ,NQ JUN26,LONG,1,24530.25,24486.25,-884.36,-888.72,-177.7,LOSS,STOP_HIT,24416.25,2280.00,2026-05-07 09:31:03
2026-04-07,2026-04-07 11:40:00,2026-04-07 12:05:00,OG,Backtest,AdxDiCrossBracketOG,OG_AdxDiCrossBracketOG,OG,NQ,NQ JUN26,LONG,1,24071.50,24163.75,1840.64,1836.28,367.3,WIN,TARGET_HIT,23978.75,1855.00,2026-05-07 09:31:03
2026-01-07,2026-01-07 09:50:00,2026-01-07 10:05:00,OG,Backtest,AdxDiCrossBracketOG,OG_AdxDiCrossBracketOG,OG,NQ,NQ JUN26,LONG,1,26063.75,26030.25,-674.36,-678.72,-135.7,LOSS,STOP_HIT,26030.75,660.00,2026-05-07 09:31:03
2026-03-09,2026-03-09 10:45:00,2026-03-09 11:05:00,OG,Backtest,AdxDiCrossBracketOG,OG_AdxDiCrossBracketOG,OG,NQ,NQ JUN26,LONG,1,24692.00,24797.25,2100.64,2096.28,419.3,WIN,TARGET_HIT,24587.25,2095.00,2026-05-07 09:31:03
2026-04-06,2026-04-06 10:55:00,2026-04-06 11:05:00,OG,Backtest,AdxDiCrossBracketOG,OG_AdxDiCrossBracketOG,OG,NQ,NQ JUN26,SHORT,1,24269.25,24306.75,-754.36,-758.72,-151.7,LOSS,STOP_HIT,24372.75,2070.00,2026-05-07 09:31:03
2026-03-19,2026-03-19 11:15:00,2026-03-19 11:25:00,OG,Backtest,AdxDiCrossBracketOG,OG_AdxDiCrossBracketOG,OG,NQ,NQ JUN26,LONG,1,24530.25,24486.25,-884.36,-888.72,-177.7,LOSS,STOP_HIT,24416.25,2280.00,2026-05-07 09:31:03
2026-03-25,2026-03-25 11:20:00,2026-03-25 12:00:00,OG,Backtest,AdxDiCrossBracketOG,OG_AdxDiCrossBracketOG,OG,NQ,NQ JUN26,SHORT,1,24386.00,24392.50,-134.36,-138.72,-27.7,LOSS,STOP_HIT,24488.75,2055.00,2026-05-07 09:31:03
2026-02-05,2026-02-05 11:40:00,2026-02-05 11:50:00,OG,Backtest,AdxDiCrossBracketOG,OG_AdxDiCrossBracketOG,OG,NQ,NQ JUN26,LONG,1,25025.50,24992.25,-669.36,-673.72,-134.7,LOSS,STOP_HIT,24851.75,3475.00,2026-05-07 09:31:03
2026-04-10,2026-04-10 11:45:00,2026-04-10 12:00:00,OG,Backtest,AdxDiCrossBracketOG,OG_AdxDiCrossBracketOG,OG,NQ,NQ JUN26,SHORT,1,25301.50,25279.25,440.64,436.28,87.3,WIN,STOP_HIT,25366.25,1295.00,2026-05-07 09:31:03
2026-02-24,2026-02-24 10:10:00,2026-02-24 10:10:00,OG,Backtest,AdxDiCrossBracketOG,OG_AdxDiCrossBracketOG,OG,NQ,NQ JUN26,SHORT,1,25048.75,25114.00,-1309.36,-1313.72,-262.7,LOSS,STOP_HIT,25113.50,1295.00,2026-05-07 09:31:03
2026-03-19,2026-03-19 11:15:00,2026-03-19 11:25:00,OG,Backtest,AdxDiCrossBracketOG,OG_AdxDiCrossBracketOG,OG,NQ,NQ JUN26,LONG,1,24530.25,24486.25,-884.36,-888.72,-177.7,LOSS,STOP_HIT,24444.75,1710.00,2026-05-07 09:31:03
2026-04-06,2026-04-06 10:55:00,2026-04-06 11:05:00,OG,Backtest,AdxDiCrossBracketOG,OG_AdxDiCrossBracketOG,OG,NQ,NQ JUN26,SHORT,1,24269.25,24306.75,-754.36,-758.72,-151.7,LOSS,STOP_HIT,24372.75,2070.00,2026-05-07 09:31:03
2026-04-02,2026-04-02 10:45:00,2026-04-02 10:55:00,OG,Backtest,AdxDiCrossBracketOG,OG_AdxDiCrossBracketOG,OG,NQ,NQ JUN26,LONG,1,24210.25,24096.25,-2284.36,-2288.72,-457.7,LOSS,STOP_HIT,24096.75,2270.00,2026-05-07 09:31:03
2026-04-16,2026-04-16 10:00:00,2026-04-16 10:10:00,OG,Backtest,AdxDiCrossBracketOG,OG_AdxDiCrossBracketOG,OG,NQ,NQ JUN26,SHORT,1,26282.00,26346.00,-1284.36,-1288.72,-257.7,LOSS,STOP_HIT,26345.50,1270.00,2026-05-07 09:31:03
2026-04-16,2026-04-16 10:15:00,2026-04-16 10:50:00,OG,Backtest,AdxDiCrossBracketOG,OG_AdxDiCrossBracketOG,OG,NQ,NQ JUN26,LONG,1,26347.25,26415.50,1360.64,1356.28,271.3,WIN,TARGET_HIT,26277.00,1405.00,2026-05-07 09:31:03
2026-03-12,2026-03-12 11:50:00,2026-03-12 11:55:00,OG,Backtest,AdxDiCrossBracketOG,OG_AdxDiCrossBracketOG,OG,NQ,NQ JUN26,LONG,1,24898.00,24865.50,-654.36,-658.72,-131.7,LOSS,STOP_HIT,24792.00,2120.00,2026-05-07 09:31:03
2026-03-20,2026-03-20 11:30:00,2026-03-20 12:30:00,OG,Backtest,AdxDiCrossBracketOG,OG_AdxDiCrossBracketOG,OG,NQ,NQ JUN26,LONG,1,24274.25,24312.00,750.64,746.28,149.3,WIN,STOP_HIT,24165.75,2170.00,2026-05-07 09:31:03
2026-03-27,2026-03-27 11:40:00,2026-03-27 12:05:00,OG,Backtest,AdxDiCrossBracketOG,OG_AdxDiCrossBracketOG,OG,NQ,NQ JUN26,LONG,1,23597.00,23550.00,-944.36,-948.72,-189.7,LOSS,STOP_HIT,23514.00,1660.00,2026-05-07 09:31:03
2026-03-19,2026-03-19 11:15:00,2026-03-19 11:25:00,OG,Backtest,AdxDiCrossBracketOG,OG_AdxDiCrossBracketOG,OG,NQ,NQ JUN26,LONG,1,24530.25,24486.25,-884.36,-888.72,-177.7,LOSS,STOP_HIT,24416.25,2280.00,2026-05-07 09:31:03
2026-02-13,2026-02-13 10:35:00,2026-02-13 10:50:00,OG,Backtest,AdxDiCrossBracketOG,OG_AdxDiCrossBracketOG,OG,NQ,NQ JUN26,LONG,1,25058.00,24983.00,-1504.36,-1508.72,-301.7,LOSS,STOP_HIT,24917.50,2810.00,2026-05-07 09:31:03
2026-04-21,2026-04-21 11:05:00,2026-04-21 11:10:00,OG,Backtest,AdxDiCrossBracketOG,OG_AdxDiCrossBracketOG,OG,NQ,NQ JUN26,SHORT,1,26737.25,26667.50,1390.64,1386.28,277.3,WIN,TARGET_HIT,26806.00,1375.00,2026-05-07 09:31:03
2026-01-13,2026-01-13 10:10:00,2026-01-13 10:15:00,OG,Backtest,AdxDiCrossBracketOG,OG_AdxDiCrossBracketOG,OG,NQ,NQ JUN26,SHORT,1,26138.00,26121.75,320.64,316.28,63.3,WIN,STOP_HIT,26197.75,1195.00,2026-05-07 09:31:03
2026-04-16,2026-04-16 10:00:00,2026-04-16 10:10:00,OG,Backtest,AdxDiCrossBracketOG,OG_AdxDiCrossBracketOG,OG,NQ,NQ JUN26,SHORT,1,26282.00,26346.00,-1284.36,-1288.72,-257.7,LOSS,STOP_HIT,26345.50,1270.00,2026-05-07 09:31:03
2026-04-07,2026-04-07 11:40:00,2026-04-07 12:05:00,OG,Backtest,AdxDiCrossBracketOG,OG_AdxDiCrossBracketOG,OG,NQ,NQ JUN26,LONG,1,24071.50,24163.75,1840.64,1836.28,367.3,WIN,TARGET_HIT,23978.75,1855.00,2026-05-07 09:31:03
2026-02-11,2026-02-11 10:20:00,2026-02-11 10:25:00,OG,Backtest,AdxDiCrossBracketOG,OG_AdxDiCrossBracketOG,OG,NQ,NQ JUN26,SHORT,1,25396.00,25293.75,2040.64,2036.28,407.3,WIN,TARGET_HIT,25500.25,2085.00,2026-05-07 09:31:03
2026-02-13,2026-02-13 10:35:00,2026-02-13 10:45:00,OG,Backtest,AdxDiCrossBracketOG,OG_AdxDiCrossBracketOG,OG,NQ,NQ JUN26,LONG,1,25058.00,25033.25,-499.36,-503.72,-100.7,LOSS,STOP_HIT,24917.50,2810.00,2026-05-07 09:31:03
2026-04-21,2026-04-21 11:05:00,2026-04-21 11:10:00,OG,Backtest,AdxDiCrossBracketOG,OG_AdxDiCrossBracketOG,OG,NQ,NQ JUN26,SHORT,1,26737.25,26667.50,1390.64,1386.28,277.3,WIN,TARGET_HIT,26806.00,1375.00,2026-05-07 09:31:03
2026-03-03,2026-03-03 11:25:00,2026-03-03 11:35:00,OG,Backtest,AdxDiCrossBracketOG,OG_AdxDiCrossBracketOG,OG,NQ,NQ JUN26,LONG,1,24794.50,24819.00,485.64,481.28,96.3,WIN,STOP_HIT,24654.75,2795.00,2026-05-07 09:31:03
2026-01-21,2026-01-21 11:45:00,2026-01-21 11:55:00,OG,Backtest,AdxDiCrossBracketOG,OG_AdxDiCrossBracketOG,OG,NQ,NQ JUN26,SHORT,1,25543.75,25467.25,1525.64,1521.28,304.3,WIN,TARGET_HIT,25620.75,1540.00,2026-05-07 09:31:03
2026-03-06,2026-03-06 11:10:00,2026-03-06 11:15:00,OG,Backtest,AdxDiCrossBracketOG,OG_AdxDiCrossBracketOG,OG,NQ,NQ JUN26,LONG,1,25101.50,25059.00,-854.36,-858.72,-171.7,LOSS,STOP_HIT,24975.75,2515.00,2026-05-07 09:31:03
2026-01-21,2026-01-21 11:45:00,2026-01-21 11:55:00,OG,Backtest,AdxDiCrossBracketOG,OG_AdxDiCrossBracketOG,OG,NQ,NQ JUN26,SHORT,1,25543.75,25467.25,1525.64,1521.28,304.3,WIN,TARGET_HIT,25620.75,1540.00,2026-05-07 09:31:03
2026-04-21,2026-04-21 11:05:00,2026-04-21 11:05:00,OG,Backtest,AdxDiCrossBracketOG,OG_AdxDiCrossBracketOG,OG,NQ,NQ JUN26,SHORT,1,26737.25,26684.75,1045.64,1041.28,208.3,WIN,TARGET_HIT,26788.75,1030.00,2026-05-07 09:31:03
2026-03-24,2026-03-24 11:00:00,2026-03-24 11:35:00,OG,Backtest,AdxDiCrossBracketOG,OG_AdxDiCrossBracketOG,OG,NQ,NQ JUN26,LONG,1,24281.50,24304.75,460.64,456.28,91.3,WIN,STOP_HIT,24156.00,2510.00,2026-05-07 09:31:03
2026-03-24,2026-03-24 11:00:00,2026-03-24 11:15:00,OG,Backtest,AdxDiCrossBracketOG,OG_AdxDiCrossBracketOG,OG,NQ,NQ JUN26,LONG,1,24281.50,24278.25,-69.36,-73.72,-14.7,LOSS,STOP_HIT,24156.00,2510.00,2026-05-07 09:31:03
2026-04-16,2026-04-16 10:15:00,2026-04-16 10:50:00,OG,Backtest,AdxDiCrossBracketOG,OG_AdxDiCrossBracketOG,OG,NQ,NQ JUN26,LONG,1,26347.25,26415.50,1360.64,1356.28,271.3,WIN,TARGET_HIT,26277.00,1405.00,2026-05-07 09:31:03
2026-03-03,2026-03-03 11:40:00,2026-03-03 11:50:00,OG,Backtest,AdxDiCrossBracketOG,OG_AdxDiCrossBracketOG,OG,NQ,NQ JUN26,SHORT,1,24817.25,24864.25,-944.36,-948.72,-189.7,LOSS,STOP_HIT,24948.50,2625.00,2026-05-07 09:31:03
2026-04-16,2026-04-16 10:00:00,2026-04-16 10:10:00,OG,Backtest,AdxDiCrossBracketOG,OG_AdxDiCrossBracketOG,OG,NQ,NQ JUN26,SHORT,1,26282.00,26346.00,-1284.36,-1288.72,-257.7,LOSS,STOP_HIT,26345.50,1270.00,2026-05-07 09:31:03
2026-04-21,2026-04-21 11:05:00,2026-04-21 11:10:00,OG,Backtest,AdxDiCrossBracketOG,OG_AdxDiCrossBracketOG,OG,NQ,NQ JUN26,SHORT,1,26737.25,26667.50,1390.64,1386.28,277.3,WIN,TARGET_HIT,26806.00,1375.00,2026-05-07 09:31:03
2026-01-09,2026-01-09 09:45:00,2026-01-09 09:50:00,OG,Backtest,AdxDiCrossBracketOG,OG_AdxDiCrossBracketOG,OG,NQ,NQ JUN26,LONG,1,25965.00,25910.75,-1089.36,-1093.72,-218.7,LOSS,STOP_HIT,25911.25,1075.00,2026-05-07 09:31:03
2026-01-13,2026-01-13 10:10:00,2026-01-13 10:15:00,OG,Backtest,AdxDiCrossBracketOG,OG_AdxDiCrossBracketOG,OG,NQ,NQ JUN26,SHORT,1,26138.00,26121.75,320.64,316.28,63.3,WIN,STOP_HIT,26197.75,1195.00,2026-05-07 09:31:03
2026-01-12,2026-01-12 11:25:00,2026-01-12 11:30:00,OG,Backtest,AdxDiCrossBracketOG,OG_AdxDiCrossBracketOG,OG,NQ,NQ JUN26,LONG,1,26158.75,26152.25,-134.36,-138.72,-27.7,LOSS,STOP_HIT,26104.75,1080.00,2026-05-07 09:31:03
2026-02-11,2026-02-11 11:05:00,2026-02-11 11:10:00,OG,Backtest,AdxDiCrossBracketOG,OG_AdxDiCrossBracketOG,OG,NQ,NQ JUN26,LONG,1,25453.50,25418.25,-709.36,-713.72,-142.7,LOSS,STOP_HIT,25333.00,2410.00,2026-05-07 09:31:03
2026-01-13,2026-01-13 10:10:00,2026-01-13 10:15:00,OG,Backtest,AdxDiCrossBracketOG,OG_AdxDiCrossBracketOG,OG,NQ,NQ JUN26,SHORT,1,26138.00,26121.75,320.64,316.28,63.3,WIN,STOP_HIT,26197.75,1195.00,2026-05-07 09:31:03
2026-01-16,2026-01-16 11:40:00,2026-01-16 11:50:00,OG,Backtest,AdxDiCrossBracketOG,OG_AdxDiCrossBracketOG,OG,NQ,NQ JUN26,LONG,1,25923.75,25946.25,445.64,441.28,88.3,WIN,STOP_HIT,25854.75,1380.00,2026-05-07 09:31:03
2026-05-04,2026-05-04 11:05:00,2026-05-04 11:10:00,OG,Backtest,AdxDiCrossBracketOG,OG_AdxDiCrossBracketOG,OG,NQ,NQ JUN26,SHORT,1,27881.50,27890.00,-174.36,-178.72,-35.7,LOSS,STOP_HIT,27951.00,1390.00,2026-05-07 09:31:03
2026-02-17,2026-02-17 11:10:00,2026-02-17 11:15:00,OG,Backtest,AdxDiCrossBracketOG,OG_AdxDiCrossBracketOG,OG,NQ,NQ JUN26,LONG,1,24861.25,24994.25,2655.64,2651.28,530.3,WIN,TARGET_HIT,24726.75,2690.00,2026-05-07 09:31:03
2026-04-07,2026-04-07 11:40:00,2026-04-07 12:05:00,OG,Backtest,AdxDiCrossBracketOG,OG_AdxDiCrossBracketOG,OG,NQ,NQ JUN26,LONG,1,24071.50,24163.75,1840.64,1836.28,367.3,WIN,TARGET_HIT,23978.75,1855.00,2026-05-07 09:31:03
2026-01-06,2026-01-06 11:00:00,2026-01-06 11:10:00,OG,Backtest,AdxDiCrossBracketOG,OG_AdxDiCrossBracketOG,OG,NQ,NQ JUN26,SHORT,1,25909.25,25852.00,1140.64,1136.28,227.3,WIN,TARGET_HIT,25967.00,1155.00,2026-05-07 09:31:03
2026-01-20,2026-01-20 10:50:00,2026-01-20 10:55:00,OG,Backtest,AdxDiCrossBracketOG,OG_AdxDiCrossBracketOG,OG,NQ,NQ JUN26,LONG,1,25598.00,25559.50,-774.36,-778.72,-155.7,LOSS,STOP_HIT,25503.75,1885.00,2026-05-07 09:31:03
2026-01-28,2026-01-28 10:55:00,2026-01-28 11:20:00,OG,Backtest,AdxDiCrossBracketOG,OG_AdxDiCrossBracketOG,OG,NQ,NQ JUN26,SHORT,1,26395.25,26393.00,40.64,36.28,7.3,WIN,STOP_HIT,26461.50,1325.00,2026-05-07 09:31:03
2026-04-10,2026-04-10 11:45:00,2026-04-10 12:00:00,OG,Backtest,AdxDiCrossBracketOG,OG_AdxDiCrossBracketOG,OG,NQ,NQ JUN26,SHORT,1,25301.50,25279.25,440.64,436.28,87.3,WIN,STOP_HIT,25366.25,1295.00,2026-05-07 09:31:03
2026-01-21,2026-01-21 11:45:00,2026-01-21 11:55:00,OG,Backtest,AdxDiCrossBracketOG,OG_AdxDiCrossBracketOG,OG,NQ,NQ JUN26,SHORT,1,25543.75,25467.25,1525.64,1521.28,304.3,WIN,TARGET_HIT,25620.75,1540.00,2026-05-07 09:31:03
2026-01-09,2026-01-09 09:55:00,2026-01-09 10:10:00,OG,Backtest,AdxDiCrossBracketOG,OG_AdxDiCrossBracketOG,OG,NQ,NQ JUN26,SHORT,1,25913.25,25921.75,-174.36,-178.72,-35.7,LOSS,STOP_HIT,25981.00,1355.00,2026-05-07 09:31:03
2026-01-23,2026-01-23 10:10:00,2026-01-23 10:25:00,OG,Backtest,AdxDiCrossBracketOG,OG_AdxDiCrossBracketOG,OG,NQ,NQ JUN26,LONG,1,25921.00,25890.75,-609.36,-613.72,-122.7,LOSS,STOP_HIT,25850.75,1405.00,2026-05-07 09:31:03
2026-03-27,2026-03-27 11:40:00,2026-03-27 12:05:00,OG,Backtest,AdxDiCrossBracketOG,OG_AdxDiCrossBracketOG,OG,NQ,NQ JUN26,LONG,1,23597.00,23550.00,-944.36,-948.72,-189.7,LOSS,STOP_HIT,23486.50,2210.00,2026-05-07 09:31:03
2026-01-09,2026-01-09 09:55:00,2026-01-09 10:05:00,OG,Backtest,AdxDiCrossBracketOG,OG_AdxDiCrossBracketOG,OG,NQ,NQ JUN26,SHORT,1,25913.25,25956.50,-869.36,-873.72,-174.7,LOSS,STOP_HIT,25981.00,1355.00,2026-05-07 09:31:03
2026-01-09,2026-01-09 10:10:00,2026-01-09 10:10:00,OG,Backtest,AdxDiCrossBracketOG,OG_AdxDiCrossBracketOG,OG,NQ,NQ JUN26,LONG,1,25921.75,25842.50,-1589.36,-1593.72,-318.7,LOSS,STOP_HIT,25843.00,1575.00,2026-05-07 09:31:03
2026-01-30,2026-01-30 10:55:00,2026-01-30 11:00:00,OG,Backtest,AdxDiCrossBracketOG,OG_AdxDiCrossBracketOG,OG,NQ,NQ JUN26,LONG,1,26117.25,26072.25,-904.36,-908.72,-181.7,LOSS,STOP_HIT,26003.25,2280.00,2026-05-07 09:31:03
2026-01-07,2026-01-07 09:50:00,2026-01-07 10:05:00,OG,Backtest,AdxDiCrossBracketOG,OG_AdxDiCrossBracketOG,OG,NQ,NQ JUN26,LONG,1,26063.75,26060.25,-74.36,-78.72,-15.7,LOSS,STOP_HIT,26030.75,660.00,2026-05-07 09:31:03
2026-04-10,2026-04-10 11:45:00,2026-04-10 12:00:00,OG,Backtest,AdxDiCrossBracketOG,OG_AdxDiCrossBracketOG,OG,NQ,NQ JUN26,SHORT,1,25301.50,25279.25,440.64,436.28,87.3,WIN,STOP_HIT,25366.25,1295.00,2026-05-07 09:31:03
2026-02-11,2026-02-11 11:05:00,2026-02-11 11:10:00,OG,Backtest,AdxDiCrossBracketOG,OG_AdxDiCrossBracketOG,OG,NQ,NQ JUN26,LONG,1,25453.50,25418.25,-709.36,-713.72,-142.7,LOSS,STOP_HIT,25333.00,2410.00,2026-05-07 09:31:03
2026-01-12,2026-01-12 11:25:00,2026-01-12 11:30:00,OG,Backtest,AdxDiCrossBracketOG,OG_AdxDiCrossBracketOG,OG,NQ,NQ JUN26,LONG,1,26158.75,26152.25,-134.36,-138.72,-27.7,LOSS,STOP_HIT,26104.75,1080.00,2026-05-07 09:31:03
2026-02-17,2026-02-17 11:10:00,2026-02-17 11:15:00,OG,Backtest,AdxDiCrossBracketOG,OG_AdxDiCrossBracketOG,OG,NQ,NQ JUN26,LONG,1,24861.25,24994.25,2655.64,2651.28,530.3,WIN,TARGET_HIT,24726.75,2690.00,2026-05-07 09:31:03
2026-01-21,2026-01-21 11:45:00,2026-01-21 11:55:00,OG,Backtest,AdxDiCrossBracketOG,OG_AdxDiCrossBracketOG,OG,NQ,NQ JUN26,SHORT,1,25543.75,25467.25,1525.64,1521.28,304.3,WIN,TARGET_HIT,25620.75,1540.00,2026-05-07 09:31:03
2026-02-10,2026-02-10 09:45:00,2026-02-10 09:45:00,OG,Backtest,AdxDiCrossBracketOG,OG_AdxDiCrossBracketOG,OG,NQ,NQ JUN26,SHORT,1,25535.25,25488.50,930.64,926.28,185.3,WIN,TARGET_HIT,25583.50,965.00,2026-05-07 09:31:03
2026-04-13,2026-04-13 10:00:00,2026-04-13 10:05:00,OG,Backtest,AdxDiCrossBracketOG,OG_AdxDiCrossBracketOG,OG,NQ,NQ JUN26,LONG,1,25271.50,25306.25,690.64,686.28,137.3,WIN,STOP_HIT,25200.75,1415.00,2026-05-07 09:31:03
2026-01-12,2026-01-12 11:25:00,2026-01-12 11:30:00,OG,Backtest,AdxDiCrossBracketOG,OG_AdxDiCrossBracketOG,OG,NQ,NQ JUN26,LONG,1,26158.75,26152.25,-134.36,-138.72,-27.7,LOSS,STOP_HIT,26104.75,1080.00,2026-05-07 09:31:03
2026-01-23,2026-01-23 10:10:00,2026-01-23 10:25:00,OG,Backtest,AdxDiCrossBracketOG,OG_AdxDiCrossBracketOG,OG,NQ,NQ JUN26,LONG,1,25921.00,25890.75,-609.36,-613.72,-122.7,LOSS,STOP_HIT,25850.75,1405.00,2026-05-07 09:31:03
2026-01-20,2026-01-20 10:50:00,2026-01-20 10:55:00,OG,Backtest,AdxDiCrossBracketOG,OG_AdxDiCrossBracketOG,OG,NQ,NQ JUN26,LONG,1,25598.00,25559.50,-774.36,-778.72,-155.7,LOSS,STOP_HIT,25503.75,1885.00,2026-05-07 09:31:03
2026-01-21,2026-01-21 11:45:00,2026-01-21 11:55:00,OG,Backtest,AdxDiCrossBracketOG,OG_AdxDiCrossBracketOG,OG,NQ,NQ JUN26,SHORT,1,25543.75,25467.25,1525.64,1521.28,304.3,WIN,TARGET_HIT,25620.75,1540.00,2026-05-07 09:31:03
2026-01-21,2026-01-21 11:45:00,2026-01-21 11:55:00,OG,Backtest,AdxDiCrossBracketOG,OG_AdxDiCrossBracketOG,OG,NQ,NQ JUN26,SHORT,1,25543.75,25467.25,1525.64,1521.28,304.3,WIN,TARGET_HIT,25620.75,1540.00,2026-05-07 09:31:03
2026-03-03,2026-03-03 11:25:00,2026-03-03 11:40:00,OG,Backtest,AdxDiCrossBracketOG,OG_AdxDiCrossBracketOG,OG,NQ,NQ JUN26,LONG,1,24794.50,24817.25,450.64,446.28,89.3,WIN,STOP_HIT,24654.75,2795.00,2026-05-07 09:31:03
2026-02-05,2026-02-05 11:40:00,2026-02-05 11:50:00,OG,Backtest,AdxDiCrossBracketOG,OG_AdxDiCrossBracketOG,OG,NQ,NQ JUN26,LONG,1,25025.50,24992.25,-669.36,-673.72,-134.7,LOSS,STOP_HIT,24851.75,3475.00,2026-05-07 09:31:03
2026-03-06,2026-03-06 11:10:00,2026-03-06 11:15:00,OG,Backtest,AdxDiCrossBracketOG,OG_AdxDiCrossBracketOG,OG,NQ,NQ JUN26,LONG,1,25101.50,25059.00,-854.36,-858.72,-171.7,LOSS,STOP_HIT,24975.75,2515.00,2026-05-07 09:31:03
2026-02-10,2026-02-10 09:45:00,2026-02-10 09:45:00,OG,Backtest,AdxDiCrossBracketOG,OG_AdxDiCrossBracketOG,OG,NQ,NQ JUN26,SHORT,1,25535.25,25488.50,930.64,926.28,185.3,WIN,TARGET_HIT,25583.50,965.00,2026-05-07 09:31:03
2026-03-12,2026-03-12 11:50:00,2026-03-12 11:55:00,OG,Backtest,AdxDiCrossBracketOG,OG_AdxDiCrossBracketOG,OG,NQ,NQ JUN26,LONG,1,24898.00,24865.50,-654.36,-658.72,-131.7,LOSS,STOP_HIT,24792.00,2120.00,2026-05-07 09:31:03
2026-03-09,2026-03-09 10:45:00,2026-03-09 11:20:00,OG,Backtest,AdxDiCrossBracketOG,OG_AdxDiCrossBracketOG,OG,NQ,NQ JUN26,LONG,1,24692.00,24832.25,2800.64,2796.28,559.3,WIN,TARGET_HIT,24552.25,2795.00,2026-05-07 09:31:03
2026-01-23,2026-01-23 10:10:00,2026-01-23 10:25:00,OG,Backtest,AdxDiCrossBracketOG,OG_AdxDiCrossBracketOG,OG,NQ,NQ JUN26,LONG,1,25921.00,25890.75,-609.36,-613.72,-122.7,LOSS,STOP_HIT,25850.75,1405.00,2026-05-07 09:31:03
2026-03-20,2026-03-20 11:30:00,2026-03-20 12:30:00,OG,Backtest,AdxDiCrossBracketOG,OG_AdxDiCrossBracketOG,OG,NQ,NQ JUN26,LONG,1,24274.25,24309.75,705.64,701.28,140.3,WIN,STOP_HIT,24165.75,2170.00,2026-05-07 09:31:03
2026-03-12,2026-03-12 11:50:00,2026-03-12 11:55:00,OG,Backtest,AdxDiCrossBracketOG,OG_AdxDiCrossBracketOG,OG,NQ,NQ JUN26,LONG,1,24898.00,24865.50,-654.36,-658.72,-131.7,LOSS,STOP_HIT,24792.00,2120.00,2026-05-07 09:31:03
2026-03-17,2026-03-17 11:15:00,2026-03-17 11:25:00,OG,Backtest,AdxDiCrossBracketOG,OG_AdxDiCrossBracketOG,OG,NQ,NQ JUN26,SHORT,1,25020.50,25045.25,-499.36,-503.72,-100.7,LOSS,STOP_HIT,25091.50,1420.00,2026-05-07 09:31:03
2026-01-09,2026-01-09 09:45:00,2026-01-09 09:50:00,OG,Backtest,AdxDiCrossBracketOG,OG_AdxDiCrossBracketOG,OG,NQ,NQ JUN26,LONG,1,25965.00,25910.75,-1089.36,-1093.72,-218.7,LOSS,STOP_HIT,25911.25,1075.00,2026-05-07 09:31:03
2026-03-19,2026-03-19 11:15:00,2026-03-19 11:25:00,OG,Backtest,AdxDiCrossBracketOG,OG_AdxDiCrossBracketOG,OG,NQ,NQ JUN26,LONG,1,24530.25,24486.25,-884.36,-888.72,-177.7,LOSS,STOP_HIT,24416.25,2280.00,2026-05-07 09:31:03
2026-03-24,2026-03-24 11:00:00,2026-03-24 11:15:00,OG,Backtest,AdxDiCrossBracketOG,OG_AdxDiCrossBracketOG,OG,NQ,NQ JUN26,LONG,1,24281.50,24278.25,-69.36,-73.72,-14.7,LOSS,STOP_HIT,24156.00,2510.00,2026-05-07 09:31:03
2026-02-11,2026-02-11 11:05:00,2026-02-11 11:10:00,OG,Backtest,AdxDiCrossBracketOG,OG_AdxDiCrossBracketOG,OG,NQ,NQ JUN26,LONG,1,25453.50,25418.25,-709.36,-713.72,-142.7,LOSS,STOP_HIT,25333.00,2410.00,2026-05-07 09:31:03
2026-02-13,2026-02-13 10:35:00,2026-02-13 10:50:00,OG,Backtest,AdxDiCrossBracketOG,OG_AdxDiCrossBracketOG,OG,NQ,NQ JUN26,LONG,1,25058.00,24983.00,-1504.36,-1508.72,-301.7,LOSS,STOP_HIT,24917.50,2810.00,2026-05-07 09:31:03
2026-03-25,2026-03-25 11:20:00,2026-03-25 12:00:00,OG,Backtest,AdxDiCrossBracketOG,OG_AdxDiCrossBracketOG,OG,NQ,NQ JUN26,SHORT,1,24386.00,24392.50,-134.36,-138.72,-27.7,LOSS,STOP_HIT,24488.75,2055.00,2026-05-07 09:31:03
2026-02-11,2026-02-11 10:20:00,2026-02-11 10:25:00,OG,Backtest,AdxDiCrossBracketOG,OG_AdxDiCrossBracketOG,OG,NQ,NQ JUN26,SHORT,1,25396.00,25293.75,2040.64,2036.28,407.3,WIN,TARGET_HIT,25500.25,2085.00,2026-05-07 09:31:03
2026-02-17,2026-02-17 11:10:00,2026-02-17 11:15:00,OG,Backtest,AdxDiCrossBracketOG,OG_AdxDiCrossBracketOG,OG,NQ,NQ JUN26,LONG,1,24861.25,24994.25,2655.64,2651.28,530.3,WIN,TARGET_HIT,24726.75,2690.00,2026-05-07 09:31:03
2026-02-24,2026-02-24 09:50:00,2026-02-24 10:05:00,OG,Backtest,AdxDiCrossBracketOG,OG_AdxDiCrossBracketOG,OG,NQ,NQ JUN26,LONG,1,25120.50,25043.25,-1549.36,-1553.72,-310.7,LOSS,STOP_HIT,25043.75,1535.00,2026-05-07 09:31:03
2026-02-03,2026-02-03 09:50:00,2026-02-03 10:00:00,OG,Backtest,AdxDiCrossBracketOG,OG_AdxDiCrossBracketOG,OG,NQ,NQ JUN26,SHORT,1,25960.75,25888.75,1435.64,1431.28,286.3,WIN,TARGET_HIT,26034.25,1470.00,2026-05-07 09:31:03
2026-02-11,2026-02-11 11:05:00,2026-02-11 11:10:00,OG,Backtest,AdxDiCrossBracketOG,OG_AdxDiCrossBracketOG,OG,NQ,NQ JUN26,LONG,1,25453.50,25418.25,-709.36,-713.72,-142.7,LOSS,STOP_HIT,25333.00,2410.00,2026-05-07 09:31:03
2026-02-10,2026-02-10 09:45:00,2026-02-10 09:45:00,OG,Backtest,AdxDiCrossBracketOG,OG_AdxDiCrossBracketOG,OG,NQ,NQ JUN26,SHORT,1,25535.25,25488.50,930.64,926.28,185.3,WIN,TARGET_HIT,25583.50,965.00,2026-05-07 09:31:03
2026-01-20,2026-01-20 10:50:00,2026-01-20 10:55:00,OG,Backtest,AdxDiCrossBracketOG,OG_AdxDiCrossBracketOG,OG,NQ,NQ JUN26,LONG,1,25598.00,25559.50,-774.36,-778.72,-155.7,LOSS,STOP_HIT,25550.75,945.00,2026-05-07 09:31:03
2026-04-07,2026-04-07 11:40:00,2026-04-07 12:05:00,OG,Backtest,AdxDiCrossBracketOG,OG_AdxDiCrossBracketOG,OG,NQ,NQ JUN26,LONG,1,24071.50,24163.75,1840.64,1836.28,367.3,WIN,TARGET_HIT,23978.75,1855.00,2026-05-07 09:31:03
2026-02-13,2026-02-13 10:50:00,2026-02-13 11:00:00,OG,Backtest,AdxDiCrossBracketOG,OG_AdxDiCrossBracketOG,OG,NQ,NQ JUN26,SHORT,1,24983.00,25027.00,-884.36,-888.72,-177.7,LOSS,STOP_HIT,25128.00,2900.00,2026-05-07 09:31:03
2026-03-09,2026-03-09 10:45:00,2026-03-09 11:20:00,OG,Backtest,AdxDiCrossBracketOG,OG_AdxDiCrossBracketOG,OG,NQ,NQ JUN26,LONG,1,24692.00,24832.25,2800.64,2796.28,559.3,WIN,TARGET_HIT,24552.25,2795.00,2026-05-07 09:31:03
2026-04-16,2026-04-16 10:15:00,2026-04-16 10:50:00,OG,Backtest,AdxDiCrossBracketOG,OG_AdxDiCrossBracketOG,OG,NQ,NQ JUN26,LONG,1,26347.25,26415.50,1360.64,1356.28,271.3,WIN,TARGET_HIT,26277.00,1405.00,2026-05-07 09:31:03
2026-04-13,2026-04-13 10:00:00,2026-04-13 10:05:00,OG,Backtest,AdxDiCrossBracketOG,OG_AdxDiCrossBracketOG,OG,NQ,NQ JUN26,LONG,1,25271.50,25306.25,690.64,686.28,137.3,WIN,STOP_HIT,25200.75,1415.00,2026-05-07 09:31:03
2026-04-16,2026-04-16 10:00:00,2026-04-16 10:10:00,OG,Backtest,AdxDiCrossBracketOG,OG_AdxDiCrossBracketOG,OG,NQ,NQ JUN26,SHORT,1,26282.00,26346.00,-1284.36,-1288.72,-257.7,LOSS,STOP_HIT,26345.50,1270.00,2026-05-07 09:31:03
2026-02-11,2026-02-11 11:05:00,2026-02-11 11:10:00,OG,Backtest,AdxDiCrossBracketOG,OG_AdxDiCrossBracketOG,OG,NQ,NQ JUN26,LONG,1,25453.50,25418.25,-709.36,-713.72,-142.7,LOSS,STOP_HIT,25333.00,2410.00,2026-05-07 09:31:03
2026-03-24,2026-03-24 11:00:00,2026-03-24 12:00:00,OG,Backtest,AdxDiCrossBracketOG,OG_AdxDiCrossBracketOG,OG,NQ,NQ JUN26,LONG,1,24281.50,24320.75,780.64,776.28,155.3,WIN,STOP_HIT,24156.00,2510.00,2026-05-07 09:31:03
2026-04-16,2026-04-16 10:15:00,2026-04-16 10:50:00,OG,Backtest,AdxDiCrossBracketOG,OG_AdxDiCrossBracketOG,OG,NQ,NQ JUN26,LONG,1,26347.25,26415.50,1360.64,1356.28,271.3,WIN,TARGET_HIT,26277.00,1405.00,2026-05-07 09:31:03
2026-02-05,2026-02-05 11:40:00,2026-02-05 11:50:00,OG,Backtest,AdxDiCrossBracketOG,OG_AdxDiCrossBracketOG,OG,NQ,NQ JUN26,LONG,1,25025.50,24992.25,-669.36,-673.72,-134.7,LOSS,STOP_HIT,24851.75,3475.00,2026-05-07 09:31:03
2026-03-19,2026-03-19 11:15:00,2026-03-19 11:25:00,OG,Backtest,AdxDiCrossBracketOG,OG_AdxDiCrossBracketOG,OG,NQ,NQ JUN26,LONG,1,24530.25,24486.25,-884.36,-888.72,-177.7,LOSS,STOP_HIT,24416.25,2280.00,2026-05-07 09:31:03
2026-04-21,2026-04-21 11:05:00,2026-04-21 11:10:00,OG,Backtest,AdxDiCrossBracketOG,OG_AdxDiCrossBracketOG,OG,NQ,NQ JUN26,SHORT,1,26737.25,26667.50,1390.64,1386.28,277.3,WIN,TARGET_HIT,26806.00,1375.00,2026-05-07 09:31:03
2026-02-24,2026-02-24 10:10:00,2026-02-24 10:15:00,OG,Backtest,AdxDiCrossBracketOG,OG_AdxDiCrossBracketOG,OG,NQ,NQ JUN26,SHORT,1,25048.75,25109.25,-1214.36,-1218.72,-243.7,LOSS,STOP_HIT,25134.75,1720.00,2026-05-07 09:31:03
2026-05-01,2026-05-01 11:10:00,2026-05-01 11:20:00,OG,Backtest,AdxDiCrossBracketOG,OG_AdxDiCrossBracketOG,OG,NQ,NQ JUN26,SHORT,1,27795.25,27837.25,-844.36,-848.72,-169.7,LOSS,STOP_HIT,27877.50,1645.00,2026-05-07 09:31:03
2026-03-24,2026-03-24 11:00:00,2026-03-24 11:35:00,OG,Backtest,AdxDiCrossBracketOG,OG_AdxDiCrossBracketOG,OG,NQ,NQ JUN26,LONG,1,24281.50,24304.75,460.64,456.28,91.3,WIN,STOP_HIT,24156.00,2510.00,2026-05-07 09:31:03
2026-02-13,2026-02-13 10:35:00,2026-02-13 10:35:00,OG,Backtest,AdxDiCrossBracketOG,OG_AdxDiCrossBracketOG,OG,NQ,NQ JUN26,LONG,1,25058.00,25127.00,1375.64,1371.28,274.3,WIN,TARGET_HIT,24987.50,1410.00,2026-05-07 09:31:03
2026-04-07,2026-04-07 11:40:00,2026-04-07 12:05:00,OG,Backtest,AdxDiCrossBracketOG,OG_AdxDiCrossBracketOG,OG,NQ,NQ JUN26,LONG,1,24071.50,24163.75,1840.64,1836.28,367.3,WIN,TARGET_HIT,23978.75,1855.00,2026-05-07 09:31:03
2026-02-17,2026-02-17 11:10:00,2026-02-17 11:15:00,OG,Backtest,AdxDiCrossBracketOG,OG_AdxDiCrossBracketOG,OG,NQ,NQ JUN26,LONG,1,24861.25,24994.25,2655.64,2651.28,530.3,WIN,TARGET_HIT,24726.75,2690.00,2026-05-07 09:31:03
2026-01-07,2026-01-07 10:10:00,2026-01-07 10:15:00,OG,Backtest,AdxDiCrossBracketOG,OG_AdxDiCrossBracketOG,OG,NQ,NQ JUN26,SHORT,1,26050.75,26065.00,-289.36,-293.72,-58.7,LOSS,STOP_HIT,26094.00,865.00,2026-05-07 09:31:03
2026-04-07,2026-04-07 11:40:00,2026-04-07 12:05:00,OG,Backtest,AdxDiCrossBracketOG,OG_AdxDiCrossBracketOG,OG,NQ,NQ JUN26,LONG,1,24071.50,24163.75,1840.64,1836.28,367.3,WIN,TARGET_HIT,23978.75,1855.00,2026-05-07 09:31:03
2026-02-11,2026-02-11 11:05:00,2026-02-11 11:10:00,OG,Backtest,AdxDiCrossBracketOG,OG_AdxDiCrossBracketOG,OG,NQ,NQ JUN26,LONG,1,25453.50,25418.25,-709.36,-713.72,-142.7,LOSS,STOP_HIT,25333.00,2410.00,2026-05-07 09:31:04
2026-02-17,2026-02-17 11:10:00,2026-02-17 11:15:00,OG,Backtest,AdxDiCrossBracketOG,OG_AdxDiCrossBracketOG,OG,NQ,NQ JUN26,LONG,1,24861.25,24994.25,2655.64,2651.28,530.3,WIN,TARGET_HIT,24726.75,2690.00,2026-05-07 09:31:04
2026-04-07,2026-04-07 11:40:00,2026-04-07 12:05:00,OG,Backtest,AdxDiCrossBracketOG,OG_AdxDiCrossBracketOG,OG,NQ,NQ JUN26,LONG,1,24071.50,24163.75,1840.64,1836.28,367.3,WIN,TARGET_HIT,23978.75,1855.00,2026-05-07 09:31:04
2026-01-20,2026-01-20 10:50:00,2026-01-20 10:55:00,OG,Backtest,AdxDiCrossBracketOG,OG_AdxDiCrossBracketOG,OG,NQ,NQ JUN26,LONG,1,25598.00,25559.50,-774.36,-778.72,-155.7,LOSS,STOP_HIT,25503.75,1885.00,2026-05-07 09:31:04
2026-01-12,2026-01-12 11:25:00,2026-01-12 11:30:00,OG,Backtest,AdxDiCrossBracketOG,OG_AdxDiCrossBracketOG,OG,NQ,NQ JUN26,LONG,1,26158.75,26152.25,-134.36,-138.72,-27.7,LOSS,STOP_HIT,26104.75,1080.00,2026-05-07 09:31:04
2026-04-16,2026-04-16 10:15:00,2026-04-16 10:50:00,OG,Backtest,AdxDiCrossBracketOG,OG_AdxDiCrossBracketOG,OG,NQ,NQ JUN26,LONG,1,26347.25,26415.50,1360.64,1356.28,271.3,WIN,TARGET_HIT,26277.00,1405.00,2026-05-07 09:31:04
2026-04-02,2026-04-02 10:45:00,2026-04-02 10:55:00,OG,Backtest,AdxDiCrossBracketOG,OG_AdxDiCrossBracketOG,OG,NQ,NQ JUN26,LONG,1,24210.25,24114.75,-1914.36,-1918.72,-383.7,LOSS,STOP_HIT,24059.00,3025.00,2026-05-07 09:31:04
2026-04-10,2026-04-10 11:45:00,2026-04-10 12:00:00,OG,Backtest,AdxDiCrossBracketOG,OG_AdxDiCrossBracketOG,OG,NQ,NQ JUN26,SHORT,1,25301.50,25279.25,440.64,436.28,87.3,WIN,STOP_HIT,25366.25,1295.00,2026-05-07 09:31:04
2026-03-19,2026-03-19 11:15:00,2026-03-19 11:25:00,OG,Backtest,AdxDiCrossBracketOG,OG_AdxDiCrossBracketOG,OG,NQ,NQ JUN26,LONG,1,24530.25,24486.25,-884.36,-888.72,-177.7,LOSS,STOP_HIT,24416.25,2280.00,2026-05-07 09:31:04
2026-03-12,2026-03-12 11:50:00,2026-03-12 11:55:00,OG,Backtest,AdxDiCrossBracketOG,OG_AdxDiCrossBracketOG,OG,NQ,NQ JUN26,LONG,1,24898.00,24865.50,-654.36,-658.72,-131.7,LOSS,STOP_HIT,24792.00,2120.00,2026-05-07 09:31:04
2026-04-02,2026-04-02 10:45:00,2026-04-02 11:55:00,OG,Backtest,AdxDiCrossBracketOG,OG_AdxDiCrossBracketOG,OG,NQ,NQ JUN26,LONG,1,24210.25,24132.25,-1564.36,-1568.72,-313.7,LOSS,STOP_HIT,24059.00,3025.00,2026-05-07 09:31:04
2026-04-02,2026-04-02 10:45:00,2026-04-02 10:55:00,OG,Backtest,AdxDiCrossBracketOG,OG_AdxDiCrossBracketOG,OG,NQ,NQ JUN26,LONG,1,24210.25,24114.75,-1914.36,-1918.72,-383.7,LOSS,STOP_HIT,24059.00,3025.00,2026-05-07 09:31:04
2026-04-13,2026-04-13 10:00:00,2026-04-13 10:05:00,OG,Backtest,AdxDiCrossBracketOG,OG_AdxDiCrossBracketOG,OG,NQ,NQ JUN26,LONG,1,25271.50,25306.25,690.64,686.28,137.3,WIN,STOP_HIT,25200.75,1415.00,2026-05-07 09:31:04
2026-03-09,2026-03-09 10:45:00,2026-03-09 11:00:00,OG,Backtest,AdxDiCrossBracketOG,OG_AdxDiCrossBracketOG,OG,NQ,NQ JUN26,LONG,1,24692.00,24753.50,1225.64,1221.28,244.3,WIN,STOP_HIT,24552.25,2795.00,2026-05-07 09:31:04
2026-01-07,2026-01-07 10:10:00,2026-01-07 10:15:00,OG,Backtest,AdxDiCrossBracketOG,OG_AdxDiCrossBracketOG,OG,NQ,NQ JUN26,SHORT,1,26050.75,26065.00,-289.36,-293.72,-58.7,LOSS,STOP_HIT,26094.00,865.00,2026-05-07 09:31:04
2026-01-09,2026-01-09 09:55:00,2026-01-09 09:55:00,OG,Backtest,AdxDiCrossBracketOG,OG_AdxDiCrossBracketOG,OG,NQ,NQ JUN26,SHORT,1,25913.25,25948.25,-704.36,-708.72,-141.7,LOSS,STOP_HIT,25947.75,690.00,2026-05-07 09:31:04
2026-04-21,2026-04-21 11:05:00,2026-04-21 11:10:00,OG,Backtest,AdxDiCrossBracketOG,OG_AdxDiCrossBracketOG,OG,NQ,NQ JUN26,SHORT,1,26737.25,26667.50,1390.64,1386.28,277.3,WIN,TARGET_HIT,26806.00,1375.00,2026-05-07 09:31:04
2026-04-16,2026-04-16 10:15:00,2026-04-16 10:50:00,OG,Backtest,AdxDiCrossBracketOG,OG_AdxDiCrossBracketOG,OG,NQ,NQ JUN26,LONG,1,26347.25,26415.50,1360.64,1356.28,271.3,WIN,TARGET_HIT,26277.00,1405.00,2026-05-07 09:31:04
2026-03-20,2026-03-20 11:30:00,2026-03-20 12:30:00,OG,Backtest,AdxDiCrossBracketOG,OG_AdxDiCrossBracketOG,OG,NQ,NQ JUN26,LONG,1,24274.25,24312.00,750.64,746.28,149.3,WIN,STOP_HIT,24165.75,2170.00,2026-05-07 09:31:04
2026-01-07,2026-01-07 10:10:00,2026-01-07 10:15:00,OG,Backtest,AdxDiCrossBracketOG,OG_AdxDiCrossBracketOG,OG,NQ,NQ JUN26,SHORT,1,26050.75,26065.00,-289.36,-293.72,-58.7,LOSS,STOP_HIT,26094.00,865.00,2026-05-07 09:31:04
2026-04-16,2026-04-16 10:00:00,2026-04-16 10:10:00,OG,Backtest,AdxDiCrossBracketOG,OG_AdxDiCrossBracketOG,OG,NQ,NQ JUN26,SHORT,1,26282.00,26336.75,-1099.36,-1103.72,-220.7,LOSS,STOP_HIT,26345.50,1270.00,2026-05-07 09:31:04
2026-02-11,2026-02-11 10:20:00,2026-02-11 10:25:00,OG,Backtest,AdxDiCrossBracketOG,OG_AdxDiCrossBracketOG,OG,NQ,NQ JUN26,SHORT,1,25396.00,25293.75,2040.64,2036.28,407.3,WIN,TARGET_HIT,25500.25,2085.00,2026-05-07 09:31:04
2026-01-09,2026-01-09 09:45:00,2026-01-09 09:50:00,OG,Backtest,AdxDiCrossBracketOG,OG_AdxDiCrossBracketOG,OG,NQ,NQ JUN26,LONG,1,25965.00,25910.75,-1089.36,-1093.72,-218.7,LOSS,STOP_HIT,25911.25,1075.00,2026-05-07 09:31:04
2026-01-09,2026-01-09 09:45:00,2026-01-09 09:50:00,OG,Backtest,AdxDiCrossBracketOG,OG_AdxDiCrossBracketOG,OG,NQ,NQ JUN26,LONG,1,25965.00,25910.75,-1089.36,-1093.72,-218.7,LOSS,STOP_HIT,25911.25,1075.00,2026-05-07 09:31:04
2026-04-21,2026-04-21 11:05:00,2026-04-21 11:10:00,OG,Backtest,AdxDiCrossBracketOG,OG_AdxDiCrossBracketOG,OG,NQ,NQ JUN26,SHORT,1,26737.25,26667.50,1390.64,1386.28,277.3,WIN,TARGET_HIT,26806.00,1375.00,2026-05-07 09:31:04
2026-03-24,2026-03-24 11:00:00,2026-03-24 11:35:00,OG,Backtest,AdxDiCrossBracketOG,OG_AdxDiCrossBracketOG,OG,NQ,NQ JUN26,LONG,1,24281.50,24304.75,460.64,456.28,91.3,WIN,STOP_HIT,24156.00,2510.00,2026-05-07 09:31:04
2026-02-05,2026-02-05 11:40:00,2026-02-05 11:50:00,OG,Backtest,AdxDiCrossBracketOG,OG_AdxDiCrossBracketOG,OG,NQ,NQ JUN26,LONG,1,25025.50,24992.25,-669.36,-673.72,-134.7,LOSS,STOP_HIT,24938.00,1750.00,2026-05-07 09:31:04
2026-03-25,2026-03-25 11:20:00,2026-03-25 12:00:00,OG,Backtest,AdxDiCrossBracketOG,OG_AdxDiCrossBracketOG,OG,NQ,NQ JUN26,SHORT,1,24386.00,24392.50,-134.36,-138.72,-27.7,LOSS,STOP_HIT,24488.75,2055.00,2026-05-07 09:31:04
2026-04-10,2026-04-10 11:45:00,2026-04-10 12:00:00,OG,Backtest,AdxDiCrossBracketOG,OG_AdxDiCrossBracketOG,OG,NQ,NQ JUN26,SHORT,1,25301.50,25279.25,440.64,436.28,87.3,WIN,STOP_HIT,25366.25,1295.00,2026-05-07 09:31:04
2026-05-04,2026-05-04 11:05:00,2026-05-04 11:10:00,OG,Backtest,AdxDiCrossBracketOG,OG_AdxDiCrossBracketOG,OG,NQ,NQ JUN26,SHORT,1,27881.50,27890.00,-174.36,-178.72,-35.7,LOSS,STOP_HIT,27951.00,1390.00,2026-05-07 09:31:04
2026-01-12,2026-01-12 11:25:00,2026-01-12 11:30:00,OG,Backtest,AdxDiCrossBracketOG,OG_AdxDiCrossBracketOG,OG,NQ,NQ JUN26,LONG,1,26158.75,26152.25,-134.36,-138.72,-27.7,LOSS,STOP_HIT,26104.75,1080.00,2026-05-07 09:31:04
2026-01-07,2026-01-07 09:50:00,2026-01-07 09:50:00,OG,Backtest,AdxDiCrossBracketOG,OG_AdxDiCrossBracketOG,OG,NQ,NQ JUN26,LONG,1,26063.75,26079.75,315.64,311.28,62.3,WIN,TARGET_HIT,26047.25,330.00,2026-05-07 09:31:04
2026-01-21,2026-01-21 11:45:00,2026-01-21 11:55:00,OG,Backtest,AdxDiCrossBracketOG,OG_AdxDiCrossBracketOG,OG,NQ,NQ JUN26,SHORT,1,25543.75,25467.25,1525.64,1521.28,304.3,WIN,TARGET_HIT,25620.75,1540.00,2026-05-07 09:31:04
2026-04-16,2026-04-16 10:15:00,2026-04-16 10:50:00,OG,Backtest,AdxDiCrossBracketOG,OG_AdxDiCrossBracketOG,OG,NQ,NQ JUN26,LONG,1,26347.25,26415.50,1360.64,1356.28,271.3,WIN,TARGET_HIT,26277.00,1405.00,2026-05-07 09:31:04
2026-01-23,2026-01-23 10:10:00,2026-01-23 10:25:00,OG,Backtest,AdxDiCrossBracketOG,OG_AdxDiCrossBracketOG,OG,NQ,NQ JUN26,LONG,1,25921.00,25890.75,-609.36,-613.72,-122.7,LOSS,STOP_HIT,25850.75,1405.00,2026-05-07 09:31:04
2026-01-09,2026-01-09 09:55:00,2026-01-09 10:05:00,OG,Backtest,AdxDiCrossBracketOG,OG_AdxDiCrossBracketOG,OG,NQ,NQ JUN26,SHORT,1,25913.25,25956.50,-869.36,-873.72,-174.7,LOSS,STOP_HIT,25981.00,1355.00,2026-05-07 09:31:04
2026-05-01,2026-05-01 11:10:00,2026-05-01 11:20:00,OG,Backtest,AdxDiCrossBracketOG,OG_AdxDiCrossBracketOG,OG,NQ,NQ JUN26,SHORT,1,27795.25,27837.25,-844.36,-848.72,-169.7,LOSS,STOP_HIT,27877.50,1645.00,2026-05-07 09:31:04
2026-05-04,2026-05-04 11:05:00,2026-05-04 11:10:00,OG,Backtest,AdxDiCrossBracketOG,OG_AdxDiCrossBracketOG,OG,NQ,NQ JUN26,SHORT,1,27881.50,27890.00,-174.36,-178.72,-35.7,LOSS,STOP_HIT,27951.00,1390.00,2026-05-07 09:31:04
2026-02-11,2026-02-11 11:05:00,2026-02-11 11:10:00,OG,Backtest,AdxDiCrossBracketOG,OG_AdxDiCrossBracketOG,OG,NQ,NQ JUN26,LONG,1,25453.50,25418.25,-709.36,-713.72,-142.7,LOSS,STOP_HIT,25393.00,1210.00,2026-05-07 09:31:04
2026-05-04,2026-05-04 11:05:00,2026-05-04 11:10:00,OG,Backtest,AdxDiCrossBracketOG,OG_AdxDiCrossBracketOG,OG,NQ,NQ JUN26,SHORT,1,27881.50,27890.00,-174.36,-178.72,-35.7,LOSS,STOP_HIT,27951.00,1390.00,2026-05-07 09:31:04
2026-02-05,2026-02-05 11:40:00,2026-02-05 11:50:00,OG,Backtest,AdxDiCrossBracketOG,OG_AdxDiCrossBracketOG,OG,NQ,NQ JUN26,LONG,1,25025.50,24992.25,-669.36,-673.72,-134.7,LOSS,STOP_HIT,24851.75,3475.00,2026-05-07 09:31:04
2026-01-09,2026-01-09 09:55:00,2026-01-09 09:55:00,OG,Backtest,AdxDiCrossBracketOG,OG_AdxDiCrossBracketOG,OG,NQ,NQ JUN26,SHORT,1,25913.25,25948.25,-704.36,-708.72,-141.7,LOSS,STOP_HIT,25947.75,690.00,2026-05-07 09:31:04
2026-01-20,2026-01-20 10:50:00,2026-01-20 10:55:00,OG,Backtest,AdxDiCrossBracketOG,OG_AdxDiCrossBracketOG,OG,NQ,NQ JUN26,LONG,1,25598.00,25559.50,-774.36,-778.72,-155.7,LOSS,STOP_HIT,25503.75,1885.00,2026-05-07 09:31:04
2026-02-05,2026-02-05 11:40:00,2026-02-05 11:50:00,OG,Backtest,AdxDiCrossBracketOG,OG_AdxDiCrossBracketOG,OG,NQ,NQ JUN26,LONG,1,25025.50,24992.25,-669.36,-673.72,-134.7,LOSS,STOP_HIT,24851.75,3475.00,2026-05-07 09:31:04
2026-01-30,2026-01-30 10:55:00,2026-01-30 11:00:00,OG,Backtest,AdxDiCrossBracketOG,OG_AdxDiCrossBracketOG,OG,NQ,NQ JUN26,LONG,1,26117.25,26072.25,-904.36,-908.72,-181.7,LOSS,STOP_HIT,26003.25,2280.00,2026-05-07 09:31:04
2026-04-07,2026-04-07 11:40:00,2026-04-07 12:05:00,OG,Backtest,AdxDiCrossBracketOG,OG_AdxDiCrossBracketOG,OG,NQ,NQ JUN26,LONG,1,24071.50,24163.75,1840.64,1836.28,367.3,WIN,TARGET_HIT,23978.75,1855.00,2026-05-07 09:31:04
2026-02-10,2026-02-10 09:45:00,2026-02-10 09:45:00,OG,Backtest,AdxDiCrossBracketOG,OG_AdxDiCrossBracketOG,OG,NQ,NQ JUN26,SHORT,1,25535.25,25488.50,930.64,926.28,185.3,WIN,TARGET_HIT,25583.50,965.00,2026-05-07 09:31:04
2026-02-11,2026-02-11 11:05:00,2026-02-11 11:10:00,OG,Backtest,AdxDiCrossBracketOG,OG_AdxDiCrossBracketOG,OG,NQ,NQ JUN26,LONG,1,25453.50,25418.25,-709.36,-713.72,-142.7,LOSS,STOP_HIT,25333.00,2410.00,2026-05-07 09:31:04
2026-02-11,2026-02-11 10:20:00,2026-02-11 10:25:00,OG,Backtest,AdxDiCrossBracketOG,OG_AdxDiCrossBracketOG,OG,NQ,NQ JUN26,SHORT,1,25396.00,25293.75,2040.64,2036.28,407.3,WIN,TARGET_HIT,25500.25,2085.00,2026-05-07 09:31:04
2026-01-06,2026-01-06 11:00:00,2026-01-06 11:10:00,OG,Backtest,AdxDiCrossBracketOG,OG_AdxDiCrossBracketOG,OG,NQ,NQ JUN26,SHORT,1,25909.25,25852.00,1140.64,1136.28,227.3,WIN,TARGET_HIT,25967.00,1155.00,2026-05-07 09:31:04
2026-01-07,2026-01-07 10:10:00,2026-01-07 10:15:00,OG,Backtest,AdxDiCrossBracketOG,OG_AdxDiCrossBracketOG,OG,NQ,NQ JUN26,SHORT,1,26050.75,26065.00,-289.36,-293.72,-58.7,LOSS,STOP_HIT,26094.00,865.00,2026-05-07 09:31:04
2026-03-20,2026-03-20 11:30:00,2026-03-20 11:55:00,OG,Backtest,AdxDiCrossBracketOG,OG_AdxDiCrossBracketOG,OG,NQ,NQ JUN26,LONG,1,24274.25,24294.00,390.64,386.28,77.3,WIN,STOP_HIT,24219.75,1090.00,2026-05-07 09:31:04
2026-02-10,2026-02-10 09:45:00,2026-02-10 09:45:00,OG,Backtest,AdxDiCrossBracketOG,OG_AdxDiCrossBracketOG,OG,NQ,NQ JUN26,SHORT,1,25535.25,25488.50,930.64,926.28,185.3,WIN,TARGET_HIT,25583.50,965.00,2026-05-07 09:31:04
2026-03-24,2026-03-24 11:00:00,2026-03-24 11:00:00,OG,Backtest,AdxDiCrossBracketOG,OG_AdxDiCrossBracketOG,OG,NQ,NQ JUN26,LONG,1,24281.50,24217.75,-1279.36,-1283.72,-256.7,LOSS,STOP_HIT,24218.25,1265.00,2026-05-07 09:31:04
2026-01-28,2026-01-28 10:55:00,2026-01-28 11:05:00,OG,Backtest,AdxDiCrossBracketOG,OG_AdxDiCrossBracketOG,OG,NQ,NQ JUN26,SHORT,1,26395.25,26393.25,35.64,31.28,6.3,WIN,STOP_HIT,26429.00,675.00,2026-05-07 09:31:04
2026-02-24,2026-02-24 10:10:00,2026-02-24 10:15:00,OG,Backtest,AdxDiCrossBracketOG,OG_AdxDiCrossBracketOG,OG,NQ,NQ JUN26,SHORT,1,25048.75,25109.25,-1214.36,-1218.72,-243.7,LOSS,STOP_HIT,25134.75,1720.00,2026-05-07 09:31:04
2026-01-28,2026-01-28 10:55:00,2026-01-28 11:20:00,OG,Backtest,AdxDiCrossBracketOG,OG_AdxDiCrossBracketOG,OG,NQ,NQ JUN26,SHORT,1,26395.25,26393.00,40.64,36.28,7.3,WIN,STOP_HIT,26461.50,1325.00,2026-05-07 09:31:04
2026-02-17,2026-02-17 11:10:00,2026-02-17 11:15:00,OG,Backtest,AdxDiCrossBracketOG,OG_AdxDiCrossBracketOG,OG,NQ,NQ JUN26,LONG,1,24861.25,24994.25,2655.64,2651.28,530.3,WIN,TARGET_HIT,24726.75,2690.00,2026-05-07 09:31:04
2026-02-24,2026-02-24 09:50:00,2026-02-24 09:50:00,OG,Backtest,AdxDiCrossBracketOG,OG_AdxDiCrossBracketOG,OG,NQ,NQ JUN26,LONG,1,25120.50,25157.50,735.64,731.28,146.3,WIN,TARGET_HIT,25081.50,780.00,2026-05-07 09:31:04
2026-01-13,2026-01-13 10:10:00,2026-01-13 10:15:00,OG,Backtest,AdxDiCrossBracketOG,OG_AdxDiCrossBracketOG,OG,NQ,NQ JUN26,SHORT,1,26138.00,26121.75,320.64,316.28,63.3,WIN,STOP_HIT,26197.75,1195.00,2026-05-07 09:31:04
2026-02-11,2026-02-11 11:05:00,2026-02-11 11:10:00,OG,Backtest,AdxDiCrossBracketOG,OG_AdxDiCrossBracketOG,OG,NQ,NQ JUN26,LONG,1,25453.50,25418.25,-709.36,-713.72,-142.7,LOSS,STOP_HIT,25393.00,1210.00,2026-05-07 09:31:04
2026-03-09,2026-03-09 10:45:00,2026-03-09 11:20:00,OG,Backtest,AdxDiCrossBracketOG,OG_AdxDiCrossBracketOG,OG,NQ,NQ JUN26,LONG,1,24692.00,24832.25,2800.64,2796.28,559.3,WIN,TARGET_HIT,24552.25,2795.00,2026-05-07 09:31:04
2026-02-24,2026-02-24 10:15:00,2026-02-24 10:15:00,OG,Backtest,AdxDiCrossBracketOG,OG_AdxDiCrossBracketOG,OG,NQ,NQ JUN26,LONG,1,25109.25,25063.75,-914.36,-918.72,-183.7,LOSS,STOP_HIT,25064.25,900.00,2026-05-07 09:31:04
2026-02-11,2026-02-11 11:05:00,2026-02-11 11:10:00,OG,Backtest,AdxDiCrossBracketOG,OG_AdxDiCrossBracketOG,OG,NQ,NQ JUN26,LONG,1,25453.50,25418.25,-709.36,-713.72,-142.7,LOSS,STOP_HIT,25333.00,2410.00,2026-05-07 09:31:04
2026-01-09,2026-01-09 09:55:00,2026-01-09 10:05:00,OG,Backtest,AdxDiCrossBracketOG,OG_AdxDiCrossBracketOG,OG,NQ,NQ JUN26,SHORT,1,25913.25,25956.50,-869.36,-873.72,-174.7,LOSS,STOP_HIT,25981.00,1355.00,2026-05-07 09:31:04
2026-02-11,2026-02-11 10:20:00,2026-02-11 10:20:00,OG,Backtest,AdxDiCrossBracketOG,OG_AdxDiCrossBracketOG,OG,NQ,NQ JUN26,SHORT,1,25396.00,25345.50,1005.64,1001.28,200.3,WIN,TARGET_HIT,25448.50,1050.00,2026-05-07 09:31:04
2026-04-16,2026-04-16 10:00:00,2026-04-16 10:00:00,OG,Backtest,AdxDiCrossBracketOG,OG_AdxDiCrossBracketOG,OG,NQ,NQ JUN26,SHORT,1,26282.00,26314.50,-654.36,-658.72,-131.7,LOSS,STOP_HIT,26314.00,640.00,2026-05-07 09:31:04
2026-01-21,2026-01-21 11:45:00,2026-01-21 11:55:00,OG,Backtest,AdxDiCrossBracketOG,OG_AdxDiCrossBracketOG,OG,NQ,NQ JUN26,SHORT,1,25543.75,25467.25,1525.64,1521.28,304.3,WIN,TARGET_HIT,25620.75,1540.00,2026-05-07 09:31:04
2026-02-24,2026-02-24 10:10:00,2026-02-24 10:10:00,OG,Backtest,AdxDiCrossBracketOG,OG_AdxDiCrossBracketOG,OG,NQ,NQ JUN26,SHORT,1,25048.75,25092.75,-884.36,-888.72,-177.7,LOSS,STOP_HIT,25092.25,870.00,2026-05-07 09:31:04
2026-02-24,2026-02-24 10:10:00,2026-02-24 10:10:00,OG,Backtest,AdxDiCrossBracketOG,OG_AdxDiCrossBracketOG,OG,NQ,NQ JUN26,SHORT,1,25048.75,25092.75,-884.36,-888.72,-177.7,LOSS,STOP_HIT,25092.25,870.00,2026-05-07 09:31:04
2026-01-09,2026-01-09 09:55:00,2026-01-09 10:10:00,OG,Backtest,AdxDiCrossBracketOG,OG_AdxDiCrossBracketOG,OG,NQ,NQ JUN26,SHORT,1,25913.25,25921.75,-174.36,-178.72,-35.7,LOSS,STOP_HIT,25981.00,1355.00,2026-05-07 09:31:04
2026-04-21,2026-04-21 11:05:00,2026-04-21 11:05:00,OG,Backtest,AdxDiCrossBracketOG,OG_AdxDiCrossBracketOG,OG,NQ,NQ JUN26,SHORT,1,26737.25,26702.00,700.64,696.28,139.3,WIN,TARGET_HIT,26771.50,685.00,2026-05-07 09:31:04
2026-02-17,2026-02-17 11:10:00,2026-02-17 11:10:00,OG,Backtest,AdxDiCrossBracketOG,OG_AdxDiCrossBracketOG,OG,NQ,NQ JUN26,LONG,1,24861.25,24927.25,1315.64,1311.28,262.3,WIN,TARGET_HIT,24793.75,1350.00,2026-05-07 09:31:04
2026-03-19,2026-03-19 11:15:00,2026-03-19 11:25:00,OG,Backtest,AdxDiCrossBracketOG,OG_AdxDiCrossBracketOG,OG,NQ,NQ JUN26,LONG,1,24530.25,24486.25,-884.36,-888.72,-177.7,LOSS,STOP_HIT,24416.25,2280.00,2026-05-07 09:31:04
2026-02-24,2026-02-24 10:10:00,2026-02-24 10:15:00,OG,Backtest,AdxDiCrossBracketOG,OG_AdxDiCrossBracketOG,OG,NQ,NQ JUN26,SHORT,1,25048.75,25109.25,-1214.36,-1218.72,-243.7,LOSS,STOP_HIT,25134.75,1720.00,2026-05-07 09:31:04
2026-02-24,2026-02-24 09:50:00,2026-02-24 10:05:00,OG,Backtest,AdxDiCrossBracketOG,OG_AdxDiCrossBracketOG,OG,NQ,NQ JUN26,LONG,1,25120.50,25043.25,-1549.36,-1553.72,-310.7,LOSS,STOP_HIT,25043.75,1535.00,2026-05-07 09:31:04
2026-03-20,2026-03-20 11:30:00,2026-03-20 11:55:00,OG,Backtest,AdxDiCrossBracketOG,OG_AdxDiCrossBracketOG,OG,NQ,NQ JUN26,LONG,1,24274.25,24294.00,390.64,386.28,77.3,WIN,STOP_HIT,24219.75,1090.00,2026-05-07 09:31:04
2026-05-01,2026-05-01 11:20:00,2026-05-01 11:40:00,OG,Backtest,AdxDiCrossBracketOG,OG_AdxDiCrossBracketOG,OG,NQ,NQ JUN26,LONG,1,27837.25,27877.75,805.64,801.28,160.3,WIN,TARGET_HIT,27796.25,820.00,2026-05-07 09:31:04
2026-01-16,2026-01-16 11:40:00,2026-01-16 11:50:00,OG,Backtest,AdxDiCrossBracketOG,OG_AdxDiCrossBracketOG,OG,NQ,NQ JUN26,LONG,1,25923.75,25946.25,445.64,441.28,88.3,WIN,STOP_HIT,25854.75,1380.00,2026-05-07 09:31:04
2026-04-06,2026-04-06 10:55:00,2026-04-06 11:05:00,OG,Backtest,AdxDiCrossBracketOG,OG_AdxDiCrossBracketOG,OG,NQ,NQ JUN26,SHORT,1,24269.25,24306.75,-754.36,-758.72,-151.7,LOSS,STOP_HIT,24372.75,2070.00,2026-05-07 09:31:04
2026-03-09,2026-03-09 10:45:00,2026-03-09 10:50:00,OG,Backtest,AdxDiCrossBracketOG,OG_AdxDiCrossBracketOG,OG,NQ,NQ JUN26,LONG,1,24692.00,24762.25,1400.64,1396.28,279.3,WIN,TARGET_HIT,24622.25,1395.00,2026-05-07 09:31:04
2026-03-03,2026-03-03 11:25:00,2026-03-03 11:40:00,OG,Backtest,AdxDiCrossBracketOG,OG_AdxDiCrossBracketOG,OG,NQ,NQ JUN26,LONG,1,24794.50,24817.25,450.64,446.28,89.3,WIN,STOP_HIT,24724.00,1410.00,2026-05-07 09:31:04
2026-03-09,2026-03-09 10:45:00,2026-03-09 11:20:00,OG,Backtest,AdxDiCrossBracketOG,OG_AdxDiCrossBracketOG,OG,NQ,NQ JUN26,LONG,1,24692.00,24832.25,2800.64,2796.28,559.3,WIN,TARGET_HIT,24552.25,2795.00,2026-05-07 09:31:04
2026-01-21,2026-01-21 11:45:00,2026-01-21 11:55:00,OG,Backtest,AdxDiCrossBracketOG,OG_AdxDiCrossBracketOG,OG,NQ,NQ JUN26,SHORT,1,25543.75,25467.25,1525.64,1521.28,304.3,WIN,TARGET_HIT,25620.75,1540.00,2026-05-07 09:31:04
2026-02-11,2026-02-11 11:05:00,2026-02-11 11:10:00,OG,Backtest,AdxDiCrossBracketOG,OG_AdxDiCrossBracketOG,OG,NQ,NQ JUN26,LONG,1,25453.50,25418.25,-709.36,-713.72,-142.7,LOSS,STOP_HIT,25333.00,2410.00,2026-05-07 09:31:04
2026-01-28,2026-01-28 10:55:00,2026-01-28 11:20:00,OG,Backtest,AdxDiCrossBracketOG,OG_AdxDiCrossBracketOG,OG,NQ,NQ JUN26,SHORT,1,26395.25,26393.00,40.64,36.28,7.3,WIN,STOP_HIT,26461.50,1325.00,2026-05-07 09:31:04
2026-01-16,2026-01-16 11:30:00,2026-01-16 11:35:00,OG,Backtest,AdxDiCrossBracketOG,OG_AdxDiCrossBracketOG,OG,NQ,NQ JUN26,LONG,1,25911.50,25925.25,270.64,266.28,53.3,WIN,STOP_HIT,25839.25,1445.00,2026-05-07 09:31:04
2026-05-01,2026-05-01 11:10:00,2026-05-01 11:20:00,OG,Backtest,AdxDiCrossBracketOG,OG_AdxDiCrossBracketOG,OG,NQ,NQ JUN26,SHORT,1,27795.25,27837.25,-844.36,-848.72,-169.7,LOSS,STOP_HIT,27877.50,1645.00,2026-05-07 09:31:04
2026-01-16,2026-01-16 11:40:00,2026-01-16 11:50:00,OG,Backtest,AdxDiCrossBracketOG,OG_AdxDiCrossBracketOG,OG,NQ,NQ JUN26,LONG,1,25923.75,25946.25,445.64,441.28,88.3,WIN,STOP_HIT,25854.75,1380.00,2026-05-07 09:31:04
2026-04-16,2026-04-16 10:15:00,2026-04-16 10:50:00,OG,Backtest,AdxDiCrossBracketOG,OG_AdxDiCrossBracketOG,OG,NQ,NQ JUN26,LONG,1,26347.25,26415.50,1360.64,1356.28,271.3,WIN,TARGET_HIT,26277.00,1405.00,2026-05-07 09:31:04
2026-03-24,2026-03-24 11:00:00,2026-03-24 12:00:00,OG,Backtest,AdxDiCrossBracketOG,OG_AdxDiCrossBracketOG,OG,NQ,NQ JUN26,LONG,1,24281.50,24320.75,780.64,776.28,155.3,WIN,STOP_HIT,24156.00,2510.00,2026-05-07 09:31:04
2026-04-21,2026-04-21 11:05:00,2026-04-21 11:10:00,OG,Backtest,AdxDiCrossBracketOG,OG_AdxDiCrossBracketOG,OG,NQ,NQ JUN26,SHORT,1,26737.25,26667.50,1390.64,1386.28,277.3,WIN,TARGET_HIT,26806.00,1375.00,2026-05-07 09:31:04
2026-03-06,2026-03-06 11:10:00,2026-03-06 11:15:00,OG,Backtest,AdxDiCrossBracketOG,OG_AdxDiCrossBracketOG,OG,NQ,NQ JUN26,LONG,1,25101.50,25059.00,-854.36,-858.72,-171.7,LOSS,STOP_HIT,25038.75,1255.00,2026-05-07 09:31:04
2026-04-16,2026-04-16 10:00:00,2026-04-16 10:00:00,OG,Backtest,AdxDiCrossBracketOG,OG_AdxDiCrossBracketOG,OG,NQ,NQ JUN26,SHORT,1,26282.00,26314.50,-654.36,-658.72,-131.7,LOSS,STOP_HIT,26314.00,640.00,2026-05-07 09:31:04
2026-04-16,2026-04-16 10:15:00,2026-04-16 10:25:00,OG,Backtest,AdxDiCrossBracketOG,OG_AdxDiCrossBracketOG,OG,NQ,NQ JUN26,LONG,1,26347.25,26314.50,-659.36,-663.72,-132.7,LOSS,STOP_HIT,26277.00,1405.00,2026-05-07 09:31:04
2026-03-27,2026-03-27 11:40:00,2026-03-27 12:05:00,OG,Backtest,AdxDiCrossBracketOG,OG_AdxDiCrossBracketOG,OG,NQ,NQ JUN26,LONG,1,23597.00,23550.00,-944.36,-948.72,-189.7,LOSS,STOP_HIT,23486.50,2210.00,2026-05-07 09:31:04
2026-03-19,2026-03-19 11:15:00,2026-03-19 11:25:00,OG,Backtest,AdxDiCrossBracketOG,OG_AdxDiCrossBracketOG,OG,NQ,NQ JUN26,LONG,1,24530.25,24486.25,-884.36,-888.72,-177.7,LOSS,STOP_HIT,24416.25,2280.00,2026-05-07 09:31:04
2026-02-05,2026-02-05 11:40:00,2026-02-05 11:50:00,OG,Backtest,AdxDiCrossBracketOG,OG_AdxDiCrossBracketOG,OG,NQ,NQ JUN26,LONG,1,25025.50,24992.25,-669.36,-673.72,-134.7,LOSS,STOP_HIT,24938.00,1750.00,2026-05-07 09:31:04
2026-03-25,2026-03-25 11:20:00,2026-03-25 11:35:00,OG,Backtest,AdxDiCrossBracketOG,OG_AdxDiCrossBracketOG,OG,NQ,NQ JUN26,SHORT,1,24386.00,24430.00,-884.36,-888.72,-177.7,LOSS,STOP_HIT,24488.75,2055.00,2026-05-07 09:31:04
2026-04-02,2026-04-02 10:45:00,2026-04-02 10:45:00,OG,Backtest,AdxDiCrossBracketOG,OG_AdxDiCrossBracketOG,OG,NQ,NQ JUN26,LONG,1,24210.25,24134.00,-1529.36,-1533.72,-306.7,LOSS,STOP_HIT,24134.50,1515.00,2026-05-07 09:31:04
2026-04-06,2026-04-06 10:55:00,2026-04-06 11:05:00,OG,Backtest,AdxDiCrossBracketOG,OG_AdxDiCrossBracketOG,OG,NQ,NQ JUN26,SHORT,1,24269.25,24306.75,-754.36,-758.72,-151.7,LOSS,STOP_HIT,24372.75,2070.00,2026-05-07 09:31:04
2026-02-05,2026-02-05 11:40:00,2026-02-05 11:50:00,OG,Backtest,AdxDiCrossBracketOG,OG_AdxDiCrossBracketOG,OG,NQ,NQ JUN26,LONG,1,25025.50,24992.25,-669.36,-673.72,-134.7,LOSS,STOP_HIT,24851.75,3475.00,2026-05-07 09:31:04
2026-05-01,2026-05-01 11:10:00,2026-05-01 11:20:00,OG,Backtest,AdxDiCrossBracketOG,OG_AdxDiCrossBracketOG,OG,NQ,NQ JUN26,SHORT,1,27795.25,27837.25,-844.36,-848.72,-169.7,LOSS,STOP_HIT,27877.50,1645.00,2026-05-07 09:31:04
2026-04-21,2026-04-21 11:05:00,2026-04-21 11:05:00,OG,Backtest,AdxDiCrossBracketOG,OG_AdxDiCrossBracketOG,OG,NQ,NQ JUN26,SHORT,1,26737.25,26702.00,700.64,696.28,139.3,WIN,TARGET_HIT,26771.50,685.00,2026-05-07 09:31:04
2026-04-06,2026-04-06 10:55:00,2026-04-06 11:05:00,OG,Backtest,AdxDiCrossBracketOG,OG_AdxDiCrossBracketOG,OG,NQ,NQ JUN26,SHORT,1,24269.25,24306.75,-754.36,-758.72,-151.7,LOSS,STOP_HIT,24372.75,2070.00,2026-05-07 09:31:04
2026-03-03,2026-03-03 11:25:00,2026-03-03 11:40:00,OG,Backtest,AdxDiCrossBracketOG,OG_AdxDiCrossBracketOG,OG,NQ,NQ JUN26,LONG,1,24794.50,24817.25,450.64,446.28,89.3,WIN,STOP_HIT,24654.75,2795.00,2026-05-07 09:31:04
2026-03-03,2026-03-03 11:25:00,2026-03-03 11:40:00,OG,Backtest,AdxDiCrossBracketOG,OG_AdxDiCrossBracketOG,OG,NQ,NQ JUN26,LONG,1,24794.50,24817.25,450.64,446.28,89.3,WIN,STOP_HIT,24654.75,2795.00,2026-05-07 09:31:04
2026-04-06,2026-04-06 10:55:00,2026-04-06 11:05:00,OG,Backtest,AdxDiCrossBracketOG,OG_AdxDiCrossBracketOG,OG,NQ,NQ JUN26,SHORT,1,24269.25,24306.75,-754.36,-758.72,-151.7,LOSS,STOP_HIT,24372.75,2070.00,2026-05-07 09:31:04
2026-03-06,2026-03-06 11:10:00,2026-03-06 11:15:00,OG,Backtest,AdxDiCrossBracketOG,OG_AdxDiCrossBracketOG,OG,NQ,NQ JUN26,LONG,1,25101.50,25059.00,-854.36,-858.72,-171.7,LOSS,STOP_HIT,24975.75,2515.00,2026-05-07 09:31:04
2026-04-21,2026-04-21 11:05:00,2026-04-21 11:10:00,OG,Backtest,AdxDiCrossBracketOG,OG_AdxDiCrossBracketOG,OG,NQ,NQ JUN26,SHORT,1,26737.25,26667.50,1390.64,1386.28,277.3,WIN,TARGET_HIT,26806.00,1375.00,2026-05-07 09:31:04
2026-05-01,2026-05-01 11:20:00,2026-05-01 11:40:00,OG,Backtest,AdxDiCrossBracketOG,OG_AdxDiCrossBracketOG,OG,NQ,NQ JUN26,LONG,1,27837.25,27877.75,805.64,801.28,160.3,WIN,TARGET_HIT,27796.25,820.00,2026-05-07 09:31:04
2026-02-03,2026-02-03 09:50:00,2026-02-03 10:00:00,OG,Backtest,AdxDiCrossBracketOG,OG_AdxDiCrossBracketOG,OG,NQ,NQ JUN26,SHORT,1,25960.75,25888.75,1435.64,1431.28,286.3,WIN,TARGET_HIT,26034.25,1470.00,2026-05-07 09:31:04
2026-04-21,2026-04-21 11:05:00,2026-04-21 11:10:00,OG,Backtest,AdxDiCrossBracketOG,OG_AdxDiCrossBracketOG,OG,NQ,NQ JUN26,SHORT,1,26737.25,26667.50,1390.64,1386.28,277.3,WIN,TARGET_HIT,26806.00,1375.00,2026-05-07 09:31:04
2026-01-16,2026-01-16 11:30:00,2026-01-16 11:35:00,OG,Backtest,AdxDiCrossBracketOG,OG_AdxDiCrossBracketOG,OG,NQ,NQ JUN26,LONG,1,25911.50,25925.25,270.64,266.28,53.3,WIN,STOP_HIT,25874.75,735.00,2026-05-07 09:31:04
2026-04-16,2026-04-16 10:15:00,2026-04-16 10:50:00,OG,Backtest,AdxDiCrossBracketOG,OG_AdxDiCrossBracketOG,OG,NQ,NQ JUN26,LONG,1,26347.25,26415.50,1360.64,1356.28,271.3,WIN,TARGET_HIT,26277.00,1405.00,2026-05-07 09:31:04
2026-02-24,2026-02-24 10:10:00,2026-02-24 10:10:00,OG,Backtest,AdxDiCrossBracketOG,OG_AdxDiCrossBracketOG,OG,NQ,NQ JUN26,SHORT,1,25048.75,25092.75,-884.36,-888.72,-177.7,LOSS,STOP_HIT,25092.25,870.00,2026-05-07 09:31:04
2026-03-20,2026-03-20 11:30:00,2026-03-20 12:30:00,OG,Backtest,AdxDiCrossBracketOG,OG_AdxDiCrossBracketOG,OG,NQ,NQ JUN26,LONG,1,24274.25,24312.00,750.64,746.28,149.3,WIN,STOP_HIT,24165.75,2170.00,2026-05-07 09:31:04
2026-03-09,2026-03-09 10:45:00,2026-03-09 11:20:00,OG,Backtest,AdxDiCrossBracketOG,OG_AdxDiCrossBracketOG,OG,NQ,NQ JUN26,LONG,1,24692.00,24832.25,2800.64,2796.28,559.3,WIN,TARGET_HIT,24552.25,2795.00,2026-05-07 09:31:04
2026-05-01,2026-05-01 11:20:00,2026-05-01 11:40:00,OG,Backtest,AdxDiCrossBracketOG,OG_AdxDiCrossBracketOG,OG,NQ,NQ JUN26,LONG,1,27837.25,27877.75,805.64,801.28,160.3,WIN,TARGET_HIT,27796.25,820.00,2026-05-07 09:31:04
2026-03-09,2026-03-09 10:45:00,2026-03-09 10:50:00,OG,Backtest,AdxDiCrossBracketOG,OG_AdxDiCrossBracketOG,OG,NQ,NQ JUN26,LONG,1,24692.00,24762.25,1400.64,1396.28,279.3,WIN,TARGET_HIT,24622.25,1395.00,2026-05-07 09:31:04
2026-02-17,2026-02-17 11:10:00,2026-02-17 11:10:00,OG,Backtest,AdxDiCrossBracketOG,OG_AdxDiCrossBracketOG,OG,NQ,NQ JUN26,LONG,1,24861.25,24927.25,1315.64,1311.28,262.3,WIN,TARGET_HIT,24793.75,1350.00,2026-05-07 09:31:04
2026-03-17,2026-03-17 11:15:00,2026-03-17 11:25:00,OG,Backtest,AdxDiCrossBracketOG,OG_AdxDiCrossBracketOG,OG,NQ,NQ JUN26,SHORT,1,25020.50,25045.25,-499.36,-503.72,-100.7,LOSS,STOP_HIT,25091.50,1420.00,2026-05-07 09:31:04
2026-02-24,2026-02-24 09:50:00,2026-02-24 09:50:00,OG,Backtest,AdxDiCrossBracketOG,OG_AdxDiCrossBracketOG,OG,NQ,NQ JUN26,LONG,1,25120.50,25157.50,735.64,731.28,146.3,WIN,TARGET_HIT,25081.50,780.00,2026-05-07 09:31:04
2026-05-01,2026-05-01 11:10:00,2026-05-01 11:20:00,OG,Backtest,AdxDiCrossBracketOG,OG_AdxDiCrossBracketOG,OG,NQ,NQ JUN26,SHORT,1,27795.25,27837.25,-844.36,-848.72,-169.7,LOSS,STOP_HIT,27877.50,1645.00,2026-05-07 09:31:04
2026-03-27,2026-03-27 11:40:00,2026-03-27 12:00:00,OG,Backtest,AdxDiCrossBracketOG,OG_AdxDiCrossBracketOG,OG,NQ,NQ JUN26,LONG,1,23597.00,23550.75,-929.36,-933.72,-186.7,LOSS,STOP_HIT,23486.50,2210.00,2026-05-07 09:31:04
2026-02-11,2026-02-11 11:05:00,2026-02-11 11:10:00,OG,Backtest,AdxDiCrossBracketOG,OG_AdxDiCrossBracketOG,OG,NQ,NQ JUN26,LONG,1,25453.50,25418.25,-709.36,-713.72,-142.7,LOSS,STOP_HIT,25393.00,1210.00,2026-05-07 09:31:04
2026-04-06,2026-04-06 10:55:00,2026-04-06 11:05:00,OG,Backtest,AdxDiCrossBracketOG,OG_AdxDiCrossBracketOG,OG,NQ,NQ JUN26,SHORT,1,24269.25,24306.75,-754.36,-758.72,-151.7,LOSS,STOP_HIT,24372.75,2070.00,2026-05-07 09:31:04
2026-02-11,2026-02-11 11:05:00,2026-02-11 11:10:00,OG,Backtest,AdxDiCrossBracketOG,OG_AdxDiCrossBracketOG,OG,NQ,NQ JUN26,LONG,1,25453.50,25418.25,-709.36,-713.72,-142.7,LOSS,STOP_HIT,25393.00,1210.00,2026-05-07 09:31:04
2026-03-25,2026-03-25 11:20:00,2026-03-25 11:20:00,OG,Backtest,AdxDiCrossBracketOG,OG_AdxDiCrossBracketOG,OG,NQ,NQ JUN26,SHORT,1,24386.00,24336.50,985.64,981.28,196.3,WIN,TARGET_HIT,24438.00,1040.00,2026-05-07 09:31:04
2026-03-06,2026-03-06 11:10:00,2026-03-06 11:15:00,OG,Backtest,AdxDiCrossBracketOG,OG_AdxDiCrossBracketOG,OG,NQ,NQ JUN26,LONG,1,25101.50,25059.00,-854.36,-858.72,-171.7,LOSS,STOP_HIT,25038.75,1255.00,2026-05-07 09:31:04
2026-03-27,2026-03-27 11:40:00,2026-03-27 12:05:00,OG,Backtest,AdxDiCrossBracketOG,OG_AdxDiCrossBracketOG,OG,NQ,NQ JUN26,LONG,1,23597.00,23550.00,-944.36,-948.72,-189.7,LOSS,STOP_HIT,23486.50,2210.00,2026-05-07 09:31:04
2026-03-09,2026-03-09 10:45:00,2026-03-09 10:50:00,OG,Backtest,AdxDiCrossBracketOG,OG_AdxDiCrossBracketOG,OG,NQ,NQ JUN26,LONG,1,24692.00,24762.25,1400.64,1396.28,279.3,WIN,TARGET_HIT,24622.25,1395.00,2026-05-07 09:31:04
2026-02-11,2026-02-11 10:20:00,2026-02-11 10:20:00,OG,Backtest,AdxDiCrossBracketOG,OG_AdxDiCrossBracketOG,OG,NQ,NQ JUN26,SHORT,1,25396.00,25345.50,1005.64,1001.28,200.3,WIN,TARGET_HIT,25448.50,1050.00,2026-05-07 09:31:04
2026-04-06,2026-04-06 10:55:00,2026-04-06 11:05:00,OG,Backtest,AdxDiCrossBracketOG,OG_AdxDiCrossBracketOG,OG,NQ,NQ JUN26,SHORT,1,24269.25,24306.75,-754.36,-758.72,-151.7,LOSS,STOP_HIT,24372.75,2070.00,2026-05-07 09:31:04
2026-01-07,2026-01-07 09:50:00,2026-01-07 10:05:00,OG,Backtest,AdxDiCrossBracketOG,OG_AdxDiCrossBracketOG,OG,NQ,NQ JUN26,LONG,1,26063.75,26030.25,-674.36,-678.72,-135.7,LOSS,STOP_HIT,26030.75,660.00,2026-05-07 09:31:04
2026-04-16,2026-04-16 10:00:00,2026-04-16 10:10:00,OG,Backtest,AdxDiCrossBracketOG,OG_AdxDiCrossBracketOG,OG,NQ,NQ JUN26,SHORT,1,26282.00,26346.00,-1284.36,-1288.72,-257.7,LOSS,STOP_HIT,26345.50,1270.00,2026-05-07 09:31:04
2026-02-24,2026-02-24 09:50:00,2026-02-24 09:50:00,OG,Backtest,AdxDiCrossBracketOG,OG_AdxDiCrossBracketOG,OG,NQ,NQ JUN26,LONG,1,25120.50,25157.50,735.64,731.28,146.3,WIN,TARGET_HIT,25081.50,780.00,2026-05-07 09:31:04
2026-04-07,2026-04-07 11:40:00,2026-04-07 12:00:00,OG,Backtest,AdxDiCrossBracketOG,OG_AdxDiCrossBracketOG,OG,NQ,NQ JUN26,LONG,1,24071.50,24083.00,225.64,221.28,44.3,WIN,STOP_HIT,24025.00,930.00,2026-05-07 09:31:04
2026-01-20,2026-01-20 10:50:00,2026-01-20 10:55:00,OG,Backtest,AdxDiCrossBracketOG,OG_AdxDiCrossBracketOG,OG,NQ,NQ JUN26,LONG,1,25598.00,25559.50,-774.36,-778.72,-155.7,LOSS,STOP_HIT,25503.75,1885.00,2026-05-07 09:31:04
2026-03-03,2026-03-03 11:40:00,2026-03-03 11:50:00,OG,Backtest,AdxDiCrossBracketOG,OG_AdxDiCrossBracketOG,OG,NQ,NQ JUN26,SHORT,1,24817.25,24864.25,-944.36,-948.72,-189.7,LOSS,STOP_HIT,24882.75,1310.00,2026-05-07 09:31:04
2026-04-21,2026-04-21 11:05:00,2026-04-21 11:10:00,OG,Backtest,AdxDiCrossBracketOG,OG_AdxDiCrossBracketOG,OG,NQ,NQ JUN26,SHORT,1,26737.25,26667.50,1390.64,1386.28,277.3,WIN,TARGET_HIT,26806.00,1375.00,2026-05-07 09:31:04
2026-01-21,2026-01-21 11:45:00,2026-01-21 11:45:00,OG,Backtest,AdxDiCrossBracketOG,OG_AdxDiCrossBracketOG,OG,NQ,NQ JUN26,SHORT,1,25543.75,25505.75,755.64,751.28,150.3,WIN,TARGET_HIT,25582.25,770.00,2026-05-07 09:31:04
2026-01-06,2026-01-06 11:00:00,2026-01-06 11:05:00,OG,Backtest,AdxDiCrossBracketOG,OG_AdxDiCrossBracketOG,OG,NQ,NQ JUN26,SHORT,1,25909.25,25880.75,565.64,561.28,112.3,WIN,TARGET_HIT,25938.25,580.00,2026-05-07 09:31:05
2026-04-21,2026-04-21 11:05:00,2026-04-21 11:05:00,OG,Backtest,AdxDiCrossBracketOG,OG_AdxDiCrossBracketOG,OG,NQ,NQ JUN26,SHORT,1,26737.25,26702.00,700.64,696.28,139.3,WIN,TARGET_HIT,26771.50,685.00,2026-05-07 09:31:05
2026-03-12,2026-03-12 11:50:00,2026-03-12 11:50:00,OG,Backtest,AdxDiCrossBracketOG,OG_AdxDiCrossBracketOG,OG,NQ,NQ JUN26,LONG,1,24898.00,24844.00,-1084.36,-1088.72,-217.7,LOSS,STOP_HIT,24844.50,1070.00,2026-05-07 09:31:05
2026-05-01,2026-05-01 11:20:00,2026-05-01 11:40:00,OG,Backtest,AdxDiCrossBracketOG,OG_AdxDiCrossBracketOG,OG,NQ,NQ JUN26,LONG,1,27837.25,27877.75,805.64,801.28,160.3,WIN,TARGET_HIT,27796.25,820.00,2026-05-07 09:31:05
2026-03-19,2026-03-19 11:15:00,2026-03-19 11:25:00,OG,Backtest,AdxDiCrossBracketOG,OG_AdxDiCrossBracketOG,OG,NQ,NQ JUN26,LONG,1,24530.25,24486.25,-884.36,-888.72,-177.7,LOSS,STOP_HIT,24473.00,1145.00,2026-05-07 09:31:05
2026-02-03,2026-02-03 09:50:00,2026-02-03 09:50:00,OG,Backtest,AdxDiCrossBracketOG,OG_AdxDiCrossBracketOG,OG,NQ,NQ JUN26,SHORT,1,25960.75,25998.50,-759.36,-763.72,-152.7,LOSS,STOP_HIT,25998.00,745.00,2026-05-07 09:31:05
2026-01-09,2026-01-09 09:45:00,2026-01-09 09:50:00,OG,Backtest,AdxDiCrossBracketOG,OG_AdxDiCrossBracketOG,OG,NQ,NQ JUN26,LONG,1,25965.00,25910.75,-1089.36,-1093.72,-218.7,LOSS,STOP_HIT,25911.25,1075.00,2026-05-07 09:31:05
2026-01-06,2026-01-06 11:00:00,2026-01-06 11:05:00,OG,Backtest,AdxDiCrossBracketOG,OG_AdxDiCrossBracketOG,OG,NQ,NQ JUN26,SHORT,1,25909.25,25880.75,565.64,561.28,112.3,WIN,TARGET_HIT,25938.25,580.00,2026-05-07 09:31:05
2026-02-24,2026-02-24 09:50:00,2026-02-24 09:50:00,OG,Backtest,AdxDiCrossBracketOG,OG_AdxDiCrossBracketOG,OG,NQ,NQ JUN26,LONG,1,25120.50,25157.50,735.64,731.28,146.3,WIN,TARGET_HIT,25081.50,780.00,2026-05-07 09:31:05
2026-01-12,2026-01-12 11:25:00,2026-01-12 11:30:00,OG,Backtest,AdxDiCrossBracketOG,OG_AdxDiCrossBracketOG,OG,NQ,NQ JUN26,LONG,1,26158.75,26152.25,-134.36,-138.72,-27.7,LOSS,STOP_HIT,26104.75,1080.00,2026-05-07 09:31:05
2026-03-27,2026-03-27 11:40:00,2026-03-27 11:45:00,OG,Backtest,AdxDiCrossBracketOG,OG_AdxDiCrossBracketOG,OG,NQ,NQ JUN26,LONG,1,23597.00,23541.00,-1124.36,-1128.72,-225.7,LOSS,STOP_HIT,23541.50,1110.00,2026-05-07 09:31:05
2026-02-24,2026-02-24 10:10:00,2026-02-24 10:10:00,OG,Backtest,AdxDiCrossBracketOG,OG_AdxDiCrossBracketOG,OG,NQ,NQ JUN26,SHORT,1,25048.75,25092.75,-884.36,-888.72,-177.7,LOSS,STOP_HIT,25092.25,870.00,2026-05-07 09:31:05
2026-01-21,2026-01-21 11:45:00,2026-01-21 11:45:00,OG,Backtest,AdxDiCrossBracketOG,OG_AdxDiCrossBracketOG,OG,NQ,NQ JUN26,SHORT,1,25543.75,25505.75,755.64,751.28,150.3,WIN,TARGET_HIT,25582.25,770.00,2026-05-07 09:31:05
2026-03-03,2026-03-03 11:40:00,2026-03-03 11:50:00,OG,Backtest,AdxDiCrossBracketOG,OG_AdxDiCrossBracketOG,OG,NQ,NQ JUN26,SHORT,1,24817.25,24864.25,-944.36,-948.72,-189.7,LOSS,STOP_HIT,24882.75,1310.00,2026-05-07 09:31:05
2026-01-16,2026-01-16 11:30:00,2026-01-16 11:35:00,OG,Backtest,AdxDiCrossBracketOG,OG_AdxDiCrossBracketOG,OG,NQ,NQ JUN26,LONG,1,25911.50,25925.25,270.64,266.28,53.3,WIN,STOP_HIT,25839.25,1445.00,2026-05-07 09:31:05
2026-03-12,2026-03-12 11:50:00,2026-03-12 11:50:00,OG,Backtest,AdxDiCrossBracketOG,OG_AdxDiCrossBracketOG,OG,NQ,NQ JUN26,LONG,1,24898.00,24844.00,-1084.36,-1088.72,-217.7,LOSS,STOP_HIT,24844.50,1070.00,2026-05-07 09:31:05
2026-02-11,2026-02-11 10:20:00,2026-02-11 10:20:00,OG,Backtest,AdxDiCrossBracketOG,OG_AdxDiCrossBracketOG,OG,NQ,NQ JUN26,SHORT,1,25396.00,25345.50,1005.64,1001.28,200.3,WIN,TARGET_HIT,25448.50,1050.00,2026-05-07 09:31:05
2026-03-24,2026-03-24 11:00:00,2026-03-24 11:35:00,OG,Backtest,AdxDiCrossBracketOG,OG_AdxDiCrossBracketOG,OG,NQ,NQ JUN26,LONG,1,24281.50,24304.75,460.64,456.28,91.3,WIN,STOP_HIT,24156.00,2510.00,2026-05-07 09:31:05
2026-02-24,2026-02-24 09:50:00,2026-02-24 09:50:00,OG,Backtest,AdxDiCrossBracketOG,OG_AdxDiCrossBracketOG,OG,NQ,NQ JUN26,LONG,1,25120.50,25157.50,735.64,731.28,146.3,WIN,TARGET_HIT,25081.50,780.00,2026-05-07 09:31:05
2026-01-09,2026-01-09 09:55:00,2026-01-09 10:10:00,OG,Backtest,AdxDiCrossBracketOG,OG_AdxDiCrossBracketOG,OG,NQ,NQ JUN26,SHORT,1,25913.25,25921.75,-174.36,-178.72,-35.7,LOSS,STOP_HIT,25981.00,1355.00,2026-05-07 09:31:05
2026-01-21,2026-01-21 11:45:00,2026-01-21 11:55:00,OG,Backtest,AdxDiCrossBracketOG,OG_AdxDiCrossBracketOG,OG,NQ,NQ JUN26,SHORT,1,25543.75,25467.25,1525.64,1521.28,304.3,WIN,TARGET_HIT,25620.75,1540.00,2026-05-07 09:31:05
2026-02-03,2026-02-03 09:50:00,2026-02-03 10:00:00,OG,Backtest,AdxDiCrossBracketOG,OG_AdxDiCrossBracketOG,OG,NQ,NQ JUN26,SHORT,1,25960.75,25888.75,1435.64,1431.28,286.3,WIN,TARGET_HIT,26034.25,1470.00,2026-05-07 09:31:05
2026-03-19,2026-03-19 11:15:00,2026-03-19 11:25:00,OG,Backtest,AdxDiCrossBracketOG,OG_AdxDiCrossBracketOG,OG,NQ,NQ JUN26,LONG,1,24530.25,24486.25,-884.36,-888.72,-177.7,LOSS,STOP_HIT,24473.00,1145.00,2026-05-07 09:31:05
2026-02-11,2026-02-11 11:05:00,2026-02-11 11:10:00,OG,Backtest,AdxDiCrossBracketOG,OG_AdxDiCrossBracketOG,OG,NQ,NQ JUN26,LONG,1,25453.50,25418.25,-709.36,-713.72,-142.7,LOSS,STOP_HIT,25393.00,1210.00,2026-05-07 09:31:05
2026-01-28,2026-01-28 10:55:00,2026-01-28 11:15:00,OG,Backtest,AdxDiCrossBracketOG,OG_AdxDiCrossBracketOG,OG,NQ,NQ JUN26,SHORT,1,26395.25,26406.25,-224.36,-228.72,-45.7,LOSS,STOP_HIT,26461.50,1325.00,2026-05-07 09:31:05
2026-01-07,2026-01-07 10:10:00,2026-01-07 10:15:00,OG,Backtest,AdxDiCrossBracketOG,OG_AdxDiCrossBracketOG,OG,NQ,NQ JUN26,SHORT,1,26050.75,26065.00,-289.36,-293.72,-58.7,LOSS,STOP_HIT,26094.00,865.00,2026-05-07 09:31:05
2026-02-11,2026-02-11 11:05:00,2026-02-11 11:10:00,OG,Backtest,AdxDiCrossBracketOG,OG_AdxDiCrossBracketOG,OG,NQ,NQ JUN26,LONG,1,25453.50,25418.25,-709.36,-713.72,-142.7,LOSS,STOP_HIT,25333.00,2410.00,2026-05-07 09:31:05
2026-01-07,2026-01-07 09:50:00,2026-01-07 09:50:00,OG,Backtest,AdxDiCrossBracketOG,OG_AdxDiCrossBracketOG,OG,NQ,NQ JUN26,LONG,1,26063.75,26079.75,315.64,311.28,62.3,WIN,TARGET_HIT,26047.25,330.00,2026-05-07 09:31:05
2026-02-24,2026-02-24 09:50:00,2026-02-24 09:50:00,OG,Backtest,AdxDiCrossBracketOG,OG_AdxDiCrossBracketOG,OG,NQ,NQ JUN26,LONG,1,25120.50,25157.50,735.64,731.28,146.3,WIN,TARGET_HIT,25081.50,780.00,2026-05-07 09:31:05
2026-01-09,2026-01-09 09:55:00,2026-01-09 09:55:00,OG,Backtest,AdxDiCrossBracketOG,OG_AdxDiCrossBracketOG,OG,NQ,NQ JUN26,SHORT,1,25913.25,25948.25,-704.36,-708.72,-141.7,LOSS,STOP_HIT,25947.75,690.00,2026-05-07 09:31:05
2026-03-19,2026-03-19 11:15:00,2026-03-19 11:25:00,OG,Backtest,AdxDiCrossBracketOG,OG_AdxDiCrossBracketOG,OG,NQ,NQ JUN26,LONG,1,24530.25,24486.25,-884.36,-888.72,-177.7,LOSS,STOP_HIT,24473.00,1145.00,2026-05-07 09:31:05
2026-02-17,2026-02-17 11:10:00,2026-02-17 11:10:00,OG,Backtest,AdxDiCrossBracketOG,OG_AdxDiCrossBracketOG,OG,NQ,NQ JUN26,LONG,1,24861.25,24927.25,1315.64,1311.28,262.3,WIN,TARGET_HIT,24793.75,1350.00,2026-05-07 09:31:05
2026-01-16,2026-01-16 11:40:00,2026-01-16 11:50:00,OG,Backtest,AdxDiCrossBracketOG,OG_AdxDiCrossBracketOG,OG,NQ,NQ JUN26,LONG,1,25923.75,25946.25,445.64,441.28,88.3,WIN,STOP_HIT,25854.75,1380.00,2026-05-07 09:31:05
2026-04-16,2026-04-16 10:15:00,2026-04-16 10:50:00,OG,Backtest,AdxDiCrossBracketOG,OG_AdxDiCrossBracketOG,OG,NQ,NQ JUN26,LONG,1,26347.25,26415.50,1360.64,1356.28,271.3,WIN,TARGET_HIT,26277.00,1405.00,2026-05-07 09:31:05
2026-02-13,2026-02-13 10:35:00,2026-02-13 10:50:00,OG,Backtest,AdxDiCrossBracketOG,OG_AdxDiCrossBracketOG,OG,NQ,NQ JUN26,LONG,1,25058.00,24983.00,-1504.36,-1508.72,-301.7,LOSS,STOP_HIT,24917.50,2810.00,2026-05-07 09:31:05
2026-01-16,2026-01-16 11:30:00,2026-01-16 11:35:00,OG,Backtest,AdxDiCrossBracketOG,OG_AdxDiCrossBracketOG,OG,NQ,NQ JUN26,LONG,1,25911.50,25925.25,270.64,266.28,53.3,WIN,STOP_HIT,25839.25,1445.00,2026-05-07 09:31:05
2026-02-24,2026-02-24 10:15:00,2026-02-24 10:15:00,OG,Backtest,AdxDiCrossBracketOG,OG_AdxDiCrossBracketOG,OG,NQ,NQ JUN26,LONG,1,25109.25,25063.75,-914.36,-918.72,-183.7,LOSS,STOP_HIT,25064.25,900.00,2026-05-07 09:31:05
2026-02-17,2026-02-17 11:10:00,2026-02-17 11:15:00,OG,Backtest,AdxDiCrossBracketOG,OG_AdxDiCrossBracketOG,OG,NQ,NQ JUN26,LONG,1,24861.25,24994.25,2655.64,2651.28,530.3,WIN,TARGET_HIT,24726.75,2690.00,2026-05-07 09:31:05
2026-04-06,2026-04-06 11:05:00,2026-04-06 11:25:00,OG,Backtest,AdxDiCrossBracketOG,OG_AdxDiCrossBracketOG,OG,NQ,NQ JUN26,LONG,1,24306.75,24291.50,-309.36,-313.72,-62.7,LOSS,STOP_HIT,24255.50,1025.00,2026-05-07 09:31:05
2026-01-16,2026-01-16 11:30:00,2026-01-16 11:35:00,OG,Backtest,AdxDiCrossBracketOG,OG_AdxDiCrossBracketOG,OG,NQ,NQ JUN26,LONG,1,25911.50,25925.25,270.64,266.28,53.3,WIN,STOP_HIT,25839.25,1445.00,2026-05-07 09:31:05
2026-04-02,2026-04-02 10:45:00,2026-04-02 10:45:00,OG,Backtest,AdxDiCrossBracketOG,OG_AdxDiCrossBracketOG,OG,NQ,NQ JUN26,LONG,1,24210.25,24134.00,-1529.36,-1533.72,-306.7,LOSS,STOP_HIT,24134.50,1515.00,2026-05-07 09:31:05
2026-01-30,2026-01-30 10:55:00,2026-01-30 11:00:00,OG,Backtest,AdxDiCrossBracketOG,OG_AdxDiCrossBracketOG,OG,NQ,NQ JUN26,LONG,1,26117.25,26072.25,-904.36,-908.72,-181.7,LOSS,STOP_HIT,26003.25,2280.00,2026-05-07 09:31:05
2026-04-06,2026-04-06 10:55:00,2026-04-06 11:05:00,OG,Backtest,AdxDiCrossBracketOG,OG_AdxDiCrossBracketOG,OG,NQ,NQ JUN26,SHORT,1,24269.25,24306.75,-754.36,-758.72,-151.7,LOSS,STOP_HIT,24372.75,2070.00,2026-05-07 09:31:05
2026-01-20,2026-01-20 10:50:00,2026-01-20 10:55:00,OG,Backtest,AdxDiCrossBracketOG,OG_AdxDiCrossBracketOG,OG,NQ,NQ JUN26,LONG,1,25598.00,25559.50,-774.36,-778.72,-155.7,LOSS,STOP_HIT,25503.75,1885.00,2026-05-07 09:31:05
2026-01-09,2026-01-09 09:45:00,2026-01-09 09:50:00,OG,Backtest,AdxDiCrossBracketOG,OG_AdxDiCrossBracketOG,OG,NQ,NQ JUN26,LONG,1,25965.00,25937.50,-554.36,-558.72,-111.7,LOSS,STOP_HIT,25938.00,540.00,2026-05-07 09:31:05
2026-04-07,2026-04-07 11:40:00,2026-04-07 12:05:00,OG,Backtest,AdxDiCrossBracketOG,OG_AdxDiCrossBracketOG,OG,NQ,NQ JUN26,LONG,1,24071.50,24163.75,1840.64,1836.28,367.3,WIN,TARGET_HIT,23978.75,1855.00,2026-05-07 09:31:05
2026-02-17,2026-02-17 11:10:00,2026-02-17 11:15:00,OG,Backtest,AdxDiCrossBracketOG,OG_AdxDiCrossBracketOG,OG,NQ,NQ JUN26,LONG,1,24861.25,24994.25,2655.64,2651.28,530.3,WIN,TARGET_HIT,24726.75,2690.00,2026-05-07 09:31:05
2026-02-24,2026-02-24 09:50:00,2026-02-24 10:05:00,OG,Backtest,AdxDiCrossBracketOG,OG_AdxDiCrossBracketOG,OG,NQ,NQ JUN26,LONG,1,25120.50,25043.25,-1549.36,-1553.72,-310.7,LOSS,STOP_HIT,25043.75,1535.00,2026-05-07 09:31:05
2026-03-25,2026-03-25 11:20:00,2026-03-25 11:20:00,OG,Backtest,AdxDiCrossBracketOG,OG_AdxDiCrossBracketOG,OG,NQ,NQ JUN26,SHORT,1,24386.00,24336.50,985.64,981.28,196.3,WIN,TARGET_HIT,24438.00,1040.00,2026-05-07 09:31:05
2026-04-07,2026-04-07 11:40:00,2026-04-07 12:00:00,OG,Backtest,AdxDiCrossBracketOG,OG_AdxDiCrossBracketOG,OG,NQ,NQ JUN26,LONG,1,24071.50,24083.00,225.64,221.28,44.3,WIN,STOP_HIT,24025.00,930.00,2026-05-07 09:31:05
2026-05-01,2026-05-01 11:10:00,2026-05-01 11:15:00,OG,Backtest,AdxDiCrossBracketOG,OG_AdxDiCrossBracketOG,OG,NQ,NQ JUN26,SHORT,1,27795.25,27837.00,-839.36,-843.72,-168.7,LOSS,STOP_HIT,27836.50,825.00,2026-05-07 09:31:05
2026-03-03,2026-03-03 11:25:00,2026-03-03 11:40:00,OG,Backtest,AdxDiCrossBracketOG,OG_AdxDiCrossBracketOG,OG,NQ,NQ JUN26,LONG,1,24794.50,24817.25,450.64,446.28,89.3,WIN,STOP_HIT,24654.75,2795.00,2026-05-07 09:31:05
2026-02-03,2026-02-03 09:50:00,2026-02-03 10:00:00,OG,Backtest,AdxDiCrossBracketOG,OG_AdxDiCrossBracketOG,OG,NQ,NQ JUN26,SHORT,1,25960.75,25888.75,1435.64,1431.28,286.3,WIN,TARGET_HIT,26034.25,1470.00,2026-05-07 09:31:05
2026-04-16,2026-04-16 10:15:00,2026-04-16 10:50:00,OG,Backtest,AdxDiCrossBracketOG,OG_AdxDiCrossBracketOG,OG,NQ,NQ JUN26,LONG,1,26347.25,26415.50,1360.64,1356.28,271.3,WIN,TARGET_HIT,26277.00,1405.00,2026-05-07 09:31:05
2026-01-30,2026-01-30 10:55:00,2026-01-30 11:00:00,OG,Backtest,AdxDiCrossBracketOG,OG_AdxDiCrossBracketOG,OG,NQ,NQ JUN26,LONG,1,26117.25,26072.25,-904.36,-908.72,-181.7,LOSS,STOP_HIT,26003.25,2280.00,2026-05-07 09:31:05
2026-04-07,2026-04-07 11:40:00,2026-04-07 12:00:00,OG,Backtest,AdxDiCrossBracketOG,OG_AdxDiCrossBracketOG,OG,NQ,NQ JUN26,LONG,1,24071.50,24083.00,225.64,221.28,44.3,WIN,STOP_HIT,24025.00,930.00,2026-05-07 09:31:05
2026-03-06,2026-03-06 11:10:00,2026-03-06 11:15:00,OG,Backtest,AdxDiCrossBracketOG,OG_AdxDiCrossBracketOG,OG,NQ,NQ JUN26,LONG,1,25101.50,25059.00,-854.36,-858.72,-171.7,LOSS,STOP_HIT,25038.75,1255.00,2026-05-07 09:31:05
2026-02-24,2026-02-24 09:50:00,2026-02-24 10:05:00,OG,Backtest,AdxDiCrossBracketOG,OG_AdxDiCrossBracketOG,OG,NQ,NQ JUN26,LONG,1,25120.50,25043.25,-1549.36,-1553.72,-310.7,LOSS,STOP_HIT,25043.75,1535.00,2026-05-07 09:31:05
2026-04-16,2026-04-16 10:00:00,2026-04-16 10:10:00,OG,Backtest,AdxDiCrossBracketOG,OG_AdxDiCrossBracketOG,OG,NQ,NQ JUN26,SHORT,1,26282.00,26346.00,-1284.36,-1288.72,-257.7,LOSS,STOP_HIT,26345.50,1270.00,2026-05-07 09:31:05
2026-04-06,2026-04-06 10:55:00,2026-04-06 11:05:00,OG,Backtest,AdxDiCrossBracketOG,OG_AdxDiCrossBracketOG,OG,NQ,NQ JUN26,SHORT,1,24269.25,24306.75,-754.36,-758.72,-151.7,LOSS,STOP_HIT,24372.75,2070.00,2026-05-07 09:31:05
2026-02-11,2026-02-11 10:20:00,2026-02-11 10:20:00,OG,Backtest,AdxDiCrossBracketOG,OG_AdxDiCrossBracketOG,OG,NQ,NQ JUN26,SHORT,1,25396.00,25345.50,1005.64,1001.28,200.3,WIN,TARGET_HIT,25448.50,1050.00,2026-05-07 09:31:05
2026-02-24,2026-02-24 10:10:00,2026-02-24 10:15:00,OG,Backtest,AdxDiCrossBracketOG,OG_AdxDiCrossBracketOG,OG,NQ,NQ JUN26,SHORT,1,25048.75,25109.25,-1214.36,-1218.72,-243.7,LOSS,STOP_HIT,25134.75,1720.00,2026-05-07 09:31:05
2026-04-07,2026-04-07 11:40:00,2026-04-07 12:05:00,OG,Backtest,AdxDiCrossBracketOG,OG_AdxDiCrossBracketOG,OG,NQ,NQ JUN26,LONG,1,24071.50,24163.75,1840.64,1836.28,367.3,WIN,TARGET_HIT,23978.75,1855.00,2026-05-07 09:31:05
2026-02-11,2026-02-11 10:20:00,2026-02-11 10:25:00,OG,Backtest,AdxDiCrossBracketOG,OG_AdxDiCrossBracketOG,OG,NQ,NQ JUN26,SHORT,1,25396.00,25293.75,2040.64,2036.28,407.3,WIN,TARGET_HIT,25500.25,2085.00,2026-05-07 09:31:05
2026-04-10,2026-04-10 11:45:00,2026-04-10 12:00:00,OG,Backtest,AdxDiCrossBracketOG,OG_AdxDiCrossBracketOG,OG,NQ,NQ JUN26,SHORT,1,25301.50,25279.25,440.64,436.28,87.3,WIN,STOP_HIT,25366.25,1295.00,2026-05-07 09:31:05
2026-02-11,2026-02-11 11:05:00,2026-02-11 11:10:00,OG,Backtest,AdxDiCrossBracketOG,OG_AdxDiCrossBracketOG,OG,NQ,NQ JUN26,LONG,1,25453.50,25418.25,-709.36,-713.72,-142.7,LOSS,STOP_HIT,25333.00,2410.00,2026-05-07 09:31:05
2026-03-24,2026-03-24 11:00:00,2026-03-24 11:00:00,OG,Backtest,AdxDiCrossBracketOG,OG_AdxDiCrossBracketOG,OG,NQ,NQ JUN26,LONG,1,24281.50,24217.75,-1279.36,-1283.72,-256.7,LOSS,STOP_HIT,24218.25,1265.00,2026-05-07 09:31:05
2026-03-12,2026-03-12 11:50:00,2026-03-12 11:55:00,OG,Backtest,AdxDiCrossBracketOG,OG_AdxDiCrossBracketOG,OG,NQ,NQ JUN26,LONG,1,24898.00,24865.50,-654.36,-658.72,-131.7,LOSS,STOP_HIT,24792.00,2120.00,2026-05-07 09:31:05
2026-03-27,2026-03-27 11:40:00,2026-03-27 12:05:00,OG,Backtest,AdxDiCrossBracketOG,OG_AdxDiCrossBracketOG,OG,NQ,NQ JUN26,LONG,1,23597.00,23550.00,-944.36,-948.72,-189.7,LOSS,STOP_HIT,23486.50,2210.00,2026-05-07 09:31:05
2026-03-27,2026-03-27 11:40:00,2026-03-27 12:05:00,OG,Backtest,AdxDiCrossBracketOG,OG_AdxDiCrossBracketOG,OG,NQ,NQ JUN26,LONG,1,23597.00,23550.00,-944.36,-948.72,-189.7,LOSS,STOP_HIT,23486.50,2210.00,2026-05-07 09:31:05
2026-01-09,2026-01-09 09:55:00,2026-01-09 09:55:00,OG,Backtest,AdxDiCrossBracketOG,OG_AdxDiCrossBracketOG,OG,NQ,NQ JUN26,SHORT,1,25913.25,25948.25,-704.36,-708.72,-141.7,LOSS,STOP_HIT,25947.75,690.00,2026-05-07 09:31:05
2026-04-21,2026-04-21 11:05:00,2026-04-21 11:10:00,OG,Backtest,AdxDiCrossBracketOG,OG_AdxDiCrossBracketOG,OG,NQ,NQ JUN26,SHORT,1,26737.25,26667.50,1390.64,1386.28,277.3,WIN,TARGET_HIT,26806.00,1375.00,2026-05-07 09:31:05
2026-01-20,2026-01-20 10:50:00,2026-01-20 10:55:00,OG,Backtest,AdxDiCrossBracketOG,OG_AdxDiCrossBracketOG,OG,NQ,NQ JUN26,LONG,1,25598.00,25559.50,-774.36,-778.72,-155.7,LOSS,STOP_HIT,25550.75,945.00,2026-05-07 09:31:05
2026-02-03,2026-02-03 09:50:00,2026-02-03 09:50:00,OG,Backtest,AdxDiCrossBracketOG,OG_AdxDiCrossBracketOG,OG,NQ,NQ JUN26,SHORT,1,25960.75,25998.50,-759.36,-763.72,-152.7,LOSS,STOP_HIT,25998.00,745.00,2026-05-07 09:31:05
2026-03-17,2026-03-17 11:15:00,2026-03-17 11:25:00,OG,Backtest,AdxDiCrossBracketOG,OG_AdxDiCrossBracketOG,OG,NQ,NQ JUN26,SHORT,1,25020.50,25045.25,-499.36,-503.72,-100.7,LOSS,STOP_HIT,25091.50,1420.00,2026-05-07 09:31:05
2026-05-04,2026-05-04 11:05:00,2026-05-04 11:10:00,OG,Backtest,AdxDiCrossBracketOG,OG_AdxDiCrossBracketOG,OG,NQ,NQ JUN26,SHORT,1,27881.50,27890.00,-174.36,-178.72,-35.7,LOSS,STOP_HIT,27951.00,1390.00,2026-05-07 09:31:05
2026-04-02,2026-04-02 10:45:00,2026-04-02 11:55:00,OG,Backtest,AdxDiCrossBracketOG,OG_AdxDiCrossBracketOG,OG,NQ,NQ JUN26,LONG,1,24210.25,24132.25,-1564.36,-1568.72,-313.7,LOSS,STOP_HIT,24059.00,3025.00,2026-05-07 09:31:05
2026-03-03,2026-03-03 11:25:00,2026-03-03 11:40:00,OG,Backtest,AdxDiCrossBracketOG,OG_AdxDiCrossBracketOG,OG,NQ,NQ JUN26,LONG,1,24794.50,24817.25,450.64,446.28,89.3,WIN,STOP_HIT,24724.00,1410.00,2026-05-07 09:31:05
2026-04-13,2026-04-13 10:00:00,2026-04-13 10:05:00,OG,Backtest,AdxDiCrossBracketOG,OG_AdxDiCrossBracketOG,OG,NQ,NQ JUN26,LONG,1,25271.50,25306.25,690.64,686.28,137.3,WIN,STOP_HIT,25200.75,1415.00,2026-05-07 09:31:05
2026-03-27,2026-03-27 11:40:00,2026-03-27 12:05:00,OG,Backtest,AdxDiCrossBracketOG,OG_AdxDiCrossBracketOG,OG,NQ,NQ JUN26,LONG,1,23597.00,23550.00,-944.36,-948.72,-189.7,LOSS,STOP_HIT,23486.50,2210.00,2026-05-07 09:31:05
2026-03-17,2026-03-17 11:15:00,2026-03-17 11:25:00,OG,Backtest,AdxDiCrossBracketOG,OG_AdxDiCrossBracketOG,OG,NQ,NQ JUN26,SHORT,1,25020.50,25045.25,-499.36,-503.72,-100.7,LOSS,STOP_HIT,25091.50,1420.00,2026-05-07 09:31:05
2026-04-06,2026-04-06 11:05:00,2026-04-06 11:25:00,OG,Backtest,AdxDiCrossBracketOG,OG_AdxDiCrossBracketOG,OG,NQ,NQ JUN26,LONG,1,24306.75,24292.00,-299.36,-303.72,-60.7,LOSS,STOP_HIT,24255.50,1025.00,2026-05-07 09:31:05
2026-03-19,2026-03-19 11:15:00,2026-03-19 11:25:00,OG,Backtest,AdxDiCrossBracketOG,OG_AdxDiCrossBracketOG,OG,NQ,NQ JUN26,LONG,1,24530.25,24486.25,-884.36,-888.72,-177.7,LOSS,STOP_HIT,24416.25,2280.00,2026-05-07 09:31:05
2026-03-19,2026-03-19 11:15:00,2026-03-19 11:25:00,OG,Backtest,AdxDiCrossBracketOG,OG_AdxDiCrossBracketOG,OG,NQ,NQ JUN26,LONG,1,24530.25,24486.25,-884.36,-888.72,-177.7,LOSS,STOP_HIT,24473.00,1145.00,2026-05-07 09:31:05
2026-02-24,2026-02-24 10:15:00,2026-02-24 10:15:00,OG,Backtest,AdxDiCrossBracketOG,OG_AdxDiCrossBracketOG,OG,NQ,NQ JUN26,LONG,1,25109.25,25063.75,-914.36,-918.72,-183.7,LOSS,STOP_HIT,25064.25,900.00,2026-05-07 09:31:05
2026-04-10,2026-04-10 11:45:00,2026-04-10 12:00:00,OG,Backtest,AdxDiCrossBracketOG,OG_AdxDiCrossBracketOG,OG,NQ,NQ JUN26,SHORT,1,25301.50,25279.25,440.64,436.28,87.3,WIN,STOP_HIT,25366.25,1295.00,2026-05-07 09:31:05
2026-02-03,2026-02-03 09:50:00,2026-02-03 09:50:00,OG,Backtest,AdxDiCrossBracketOG,OG_AdxDiCrossBracketOG,OG,NQ,NQ JUN26,SHORT,1,25960.75,25998.50,-759.36,-763.72,-152.7,LOSS,STOP_HIT,25998.00,745.00,2026-05-07 09:31:05
2026-03-24,2026-03-24 11:00:00,2026-03-24 11:00:00,OG,Backtest,AdxDiCrossBracketOG,OG_AdxDiCrossBracketOG,OG,NQ,NQ JUN26,LONG,1,24281.50,24217.75,-1279.36,-1283.72,-256.7,LOSS,STOP_HIT,24218.25,1265.00,2026-05-07 09:31:05
2026-02-24,2026-02-24 10:15:00,2026-02-24 10:15:00,OG,Backtest,AdxDiCrossBracketOG,OG_AdxDiCrossBracketOG,OG,NQ,NQ JUN26,LONG,1,25109.25,25063.75,-914.36,-918.72,-183.7,LOSS,STOP_HIT,25064.25,900.00,2026-05-07 09:31:05
2026-02-24,2026-02-24 09:50:00,2026-02-24 09:50:00,OG,Backtest,AdxDiCrossBracketOG,OG_AdxDiCrossBracketOG,OG,NQ,NQ JUN26,LONG,1,25120.50,25157.50,735.64,731.28,146.3,WIN,TARGET_HIT,25081.50,780.00,2026-05-07 09:31:05
2026-03-27,2026-03-27 11:40:00,2026-03-27 11:45:00,OG,Backtest,AdxDiCrossBracketOG,OG_AdxDiCrossBracketOG,OG,NQ,NQ JUN26,LONG,1,23597.00,23541.00,-1124.36,-1128.72,-225.7,LOSS,STOP_HIT,23541.50,1110.00,2026-05-07 09:31:05
2026-05-04,2026-05-04 11:05:00,2026-05-04 11:10:00,OG,Backtest,AdxDiCrossBracketOG,OG_AdxDiCrossBracketOG,OG,NQ,NQ JUN26,SHORT,1,27881.50,27890.00,-174.36,-178.72,-35.7,LOSS,STOP_HIT,27951.00,1390.00,2026-05-07 09:31:05
2026-02-17,2026-02-17 11:10:00,2026-02-17 11:15:00,OG,Backtest,AdxDiCrossBracketOG,OG_AdxDiCrossBracketOG,OG,NQ,NQ JUN26,LONG,1,24861.25,24994.25,2655.64,2651.28,530.3,WIN,TARGET_HIT,24726.75,2690.00,2026-05-07 09:31:05
2026-04-16,2026-04-16 10:15:00,2026-04-16 10:15:00,OG,Backtest,AdxDiCrossBracketOG,OG_AdxDiCrossBracketOG,OG,NQ,NQ JUN26,LONG,1,26347.25,26381.00,670.64,666.28,133.3,WIN,TARGET_HIT,26311.50,715.00,2026-05-07 09:31:05
2026-01-09,2026-01-09 09:45:00,2026-01-09 09:50:00,OG,Backtest,AdxDiCrossBracketOG,OG_AdxDiCrossBracketOG,OG,NQ,NQ JUN26,LONG,1,25965.00,25937.50,-554.36,-558.72,-111.7,LOSS,STOP_HIT,25938.00,540.00,2026-05-07 09:31:05
2026-02-17,2026-02-17 11:10:00,2026-02-17 11:10:00,OG,Backtest,AdxDiCrossBracketOG,OG_AdxDiCrossBracketOG,OG,NQ,NQ JUN26,LONG,1,24861.25,24927.25,1315.64,1311.28,262.3,WIN,TARGET_HIT,24793.75,1350.00,2026-05-07 09:31:05
2026-01-06,2026-01-06 11:00:00,2026-01-06 11:10:00,OG,Backtest,AdxDiCrossBracketOG,OG_AdxDiCrossBracketOG,OG,NQ,NQ JUN26,SHORT,1,25909.25,25852.00,1140.64,1136.28,227.3,WIN,TARGET_HIT,25967.00,1155.00,2026-05-07 09:31:05
2026-02-13,2026-02-13 10:35:00,2026-02-13 10:35:00,OG,Backtest,AdxDiCrossBracketOG,OG_AdxDiCrossBracketOG,OG,NQ,NQ JUN26,LONG,1,25058.00,25127.00,1375.64,1371.28,274.3,WIN,TARGET_HIT,24987.50,1410.00,2026-05-07 09:31:05
2026-01-28,2026-01-28 10:55:00,2026-01-28 11:05:00,OG,Backtest,AdxDiCrossBracketOG,OG_AdxDiCrossBracketOG,OG,NQ,NQ JUN26,SHORT,1,26395.25,26393.25,35.64,31.28,6.3,WIN,STOP_HIT,26429.00,675.00,2026-05-07 09:31:05
2026-04-21,2026-04-21 11:05:00,2026-04-21 11:10:00,OG,Backtest,AdxDiCrossBracketOG,OG_AdxDiCrossBracketOG,OG,NQ,NQ JUN26,SHORT,1,26737.25,26667.50,1390.64,1386.28,277.3,WIN,TARGET_HIT,26806.00,1375.00,2026-05-07 09:31:05
2026-03-19,2026-03-19 11:15:00,2026-03-19 11:25:00,OG,Backtest,AdxDiCrossBracketOG,OG_AdxDiCrossBracketOG,OG,NQ,NQ JUN26,LONG,1,24530.25,24486.25,-884.36,-888.72,-177.7,LOSS,STOP_HIT,24473.00,1145.00,2026-05-07 09:31:05
2026-03-24,2026-03-24 11:00:00,2026-03-24 11:00:00,OG,Backtest,AdxDiCrossBracketOG,OG_AdxDiCrossBracketOG,OG,NQ,NQ JUN26,LONG,1,24281.50,24217.75,-1279.36,-1283.72,-256.7,LOSS,STOP_HIT,24218.25,1265.00,2026-05-07 09:31:05
2026-01-21,2026-01-21 11:45:00,2026-01-21 11:45:00,OG,Backtest,AdxDiCrossBracketOG,OG_AdxDiCrossBracketOG,OG,NQ,NQ JUN26,SHORT,1,25543.75,25505.75,755.64,751.28,150.3,WIN,TARGET_HIT,25582.25,770.00,2026-05-07 09:31:05
2026-02-05,2026-02-05 11:40:00,2026-02-05 11:50:00,OG,Backtest,AdxDiCrossBracketOG,OG_AdxDiCrossBracketOG,OG,NQ,NQ JUN26,LONG,1,25025.50,24992.25,-669.36,-673.72,-134.7,LOSS,STOP_HIT,24938.00,1750.00,2026-05-07 09:31:05
2026-04-06,2026-04-06 11:05:00,2026-04-06 11:25:00,OG,Backtest,AdxDiCrossBracketOG,OG_AdxDiCrossBracketOG,OG,NQ,NQ JUN26,LONG,1,24306.75,24292.00,-299.36,-303.72,-60.7,LOSS,STOP_HIT,24255.50,1025.00,2026-05-07 09:31:05
2026-01-16,2026-01-16 11:30:00,2026-01-16 11:35:00,OG,Backtest,AdxDiCrossBracketOG,OG_AdxDiCrossBracketOG,OG,NQ,NQ JUN26,LONG,1,25911.50,25925.25,270.64,266.28,53.3,WIN,STOP_HIT,25874.75,735.00,2026-05-07 09:31:05
2026-03-09,2026-03-09 10:45:00,2026-03-09 10:50:00,OG,Backtest,AdxDiCrossBracketOG,OG_AdxDiCrossBracketOG,OG,NQ,NQ JUN26,LONG,1,24692.00,24762.25,1400.64,1396.28,279.3,WIN,TARGET_HIT,24622.25,1395.00,2026-05-07 09:31:05
2026-04-07,2026-04-07 11:40:00,2026-04-07 12:00:00,OG,Backtest,AdxDiCrossBracketOG,OG_AdxDiCrossBracketOG,OG,NQ,NQ JUN26,LONG,1,24071.50,24083.00,225.64,221.28,44.3,WIN,STOP_HIT,24025.00,930.00,2026-05-07 09:31:05
2026-03-12,2026-03-12 11:50:00,2026-03-12 11:50:00,OG,Backtest,AdxDiCrossBracketOG,OG_AdxDiCrossBracketOG,OG,NQ,NQ JUN26,LONG,1,24898.00,24844.00,-1084.36,-1088.72,-217.7,LOSS,STOP_HIT,24844.50,1070.00,2026-05-07 09:31:05
2026-01-21,2026-01-21 11:45:00,2026-01-21 11:45:00,OG,Backtest,AdxDiCrossBracketOG,OG_AdxDiCrossBracketOG,OG,NQ,NQ JUN26,SHORT,1,25543.75,25505.75,755.64,751.28,150.3,WIN,TARGET_HIT,25582.25,770.00,2026-05-07 09:31:05
2026-03-12,2026-03-12 11:50:00,2026-03-12 11:50:00,OG,Backtest,AdxDiCrossBracketOG,OG_AdxDiCrossBracketOG,OG,NQ,NQ JUN26,LONG,1,24898.00,24844.00,-1084.36,-1088.72,-217.7,LOSS,STOP_HIT,24844.50,1070.00,2026-05-07 09:31:05
2026-03-19,2026-03-19 11:15:00,2026-03-19 11:25:00,OG,Backtest,AdxDiCrossBracketOG,OG_AdxDiCrossBracketOG,OG,NQ,NQ JUN26,LONG,1,24530.25,24486.25,-884.36,-888.72,-177.7,LOSS,STOP_HIT,24473.00,1145.00,2026-05-07 09:31:05
2026-01-07,2026-01-07 10:10:00,2026-01-07 10:15:00,OG,Backtest,AdxDiCrossBracketOG,OG_AdxDiCrossBracketOG,OG,NQ,NQ JUN26,SHORT,1,26050.75,26065.00,-289.36,-293.72,-58.7,LOSS,STOP_HIT,26094.00,865.00,2026-05-07 09:31:05
2026-03-25,2026-03-25 11:20:00,2026-03-25 12:25:00,OG,Backtest,AdxDiCrossBracketOG,OG_AdxDiCrossBracketOG,OG,NQ,NQ JUN26,SHORT,1,24386.00,24388.75,-59.36,-63.72,-12.7,LOSS,STOP_HIT,24488.75,2055.00,2026-05-07 09:31:05
2026-01-28,2026-01-28 10:55:00,2026-01-28 11:10:00,OG,Backtest,AdxDiCrossBracketOG,OG_AdxDiCrossBracketOG,OG,NQ,NQ JUN26,SHORT,1,26395.25,26395.25,-4.36,-8.72,-1.7,LOSS,STOP_HIT,26429.00,675.00,2026-05-07 09:31:05
2026-02-03,2026-02-03 09:50:00,2026-02-03 10:00:00,OG,Backtest,AdxDiCrossBracketOG,OG_AdxDiCrossBracketOG,OG,NQ,NQ JUN26,SHORT,1,25960.75,25888.75,1435.64,1431.28,286.3,WIN,TARGET_HIT,26034.25,1470.00,2026-05-07 09:31:05
2026-03-27,2026-03-27 11:40:00,2026-03-27 12:05:00,OG,Backtest,AdxDiCrossBracketOG,OG_AdxDiCrossBracketOG,OG,NQ,NQ JUN26,LONG,1,23597.00,23550.00,-944.36,-948.72,-189.7,LOSS,STOP_HIT,23486.50,2210.00,2026-05-07 09:31:05
2026-01-28,2026-01-28 10:55:00,2026-01-28 11:15:00,OG,Backtest,AdxDiCrossBracketOG,OG_AdxDiCrossBracketOG,OG,NQ,NQ JUN26,SHORT,1,26395.25,26395.00,0.64,-3.72,-0.7,LOSS,STOP_HIT,26429.00,675.00,2026-05-07 09:31:05
2026-05-01,2026-05-01 11:20:00,2026-05-01 11:40:00,OG,Backtest,AdxDiCrossBracketOG,OG_AdxDiCrossBracketOG,OG,NQ,NQ JUN26,LONG,1,27837.25,27877.75,805.64,801.28,160.3,WIN,TARGET_HIT,27796.25,820.00,2026-05-07 09:31:05
2026-02-03,2026-02-03 09:50:00,2026-02-03 09:50:00,OG,Backtest,AdxDiCrossBracketOG,OG_AdxDiCrossBracketOG,OG,NQ,NQ JUN26,SHORT,1,25960.75,25998.50,-759.36,-763.72,-152.7,LOSS,STOP_HIT,25998.00,745.00,2026-05-07 09:31:05
2026-02-24,2026-02-24 09:50:00,2026-02-24 09:50:00,OG,Backtest,AdxDiCrossBracketOG,OG_AdxDiCrossBracketOG,OG,NQ,NQ JUN26,LONG,1,25120.50,25157.50,735.64,731.28,146.3,WIN,TARGET_HIT,25081.50,780.00,2026-05-07 09:31:05
2026-04-06,2026-04-06 10:55:00,2026-04-06 11:05:00,OG,Backtest,AdxDiCrossBracketOG,OG_AdxDiCrossBracketOG,OG,NQ,NQ JUN26,SHORT,1,24269.25,24306.75,-754.36,-758.72,-151.7,LOSS,STOP_HIT,24372.75,2070.00,2026-05-07 09:31:05
2026-02-24,2026-02-24 10:10:00,2026-02-24 10:10:00,OG,Backtest,AdxDiCrossBracketOG,OG_AdxDiCrossBracketOG,OG,NQ,NQ JUN26,SHORT,1,25048.75,25092.75,-884.36,-888.72,-177.7,LOSS,STOP_HIT,25092.25,870.00,2026-05-07 09:31:05
2026-02-11,2026-02-11 11:05:00,2026-02-11 11:10:00,OG,Backtest,AdxDiCrossBracketOG,OG_AdxDiCrossBracketOG,OG,NQ,NQ JUN26,LONG,1,25453.50,25418.25,-709.36,-713.72,-142.7,LOSS,STOP_HIT,25393.00,1210.00,2026-05-07 09:31:05
2026-01-20,2026-01-20 10:50:00,2026-01-20 10:55:00,OG,Backtest,AdxDiCrossBracketOG,OG_AdxDiCrossBracketOG,OG,NQ,NQ JUN26,LONG,1,25598.00,25559.50,-774.36,-778.72,-155.7,LOSS,STOP_HIT,25503.75,1885.00,2026-05-07 09:31:05
2026-01-30,2026-01-30 10:55:00,2026-01-30 11:00:00,OG,Backtest,AdxDiCrossBracketOG,OG_AdxDiCrossBracketOG,OG,NQ,NQ JUN26,LONG,1,26117.25,26072.25,-904.36,-908.72,-181.7,LOSS,STOP_HIT,26003.25,2280.00,2026-05-07 09:31:05
2026-02-11,2026-02-11 11:05:00,2026-02-11 11:10:00,OG,Backtest,AdxDiCrossBracketOG,OG_AdxDiCrossBracketOG,OG,NQ,NQ JUN26,LONG,1,25453.50,25418.25,-709.36,-713.72,-142.7,LOSS,STOP_HIT,25393.00,1210.00,2026-05-07 09:31:05
2026-04-16,2026-04-16 10:00:00,2026-04-16 10:00:00,OG,Backtest,AdxDiCrossBracketOG,OG_AdxDiCrossBracketOG,OG,NQ,NQ JUN26,SHORT,1,26282.00,26314.50,-654.36,-658.72,-131.7,LOSS,STOP_HIT,26314.00,640.00,2026-05-07 09:31:05
2026-01-07,2026-01-07 09:50:00,2026-01-07 10:05:00,OG,Backtest,AdxDiCrossBracketOG,OG_AdxDiCrossBracketOG,OG,NQ,NQ JUN26,LONG,1,26063.75,26030.25,-674.36,-678.72,-135.7,LOSS,STOP_HIT,26030.75,660.00,2026-05-07 09:31:05
2026-02-13,2026-02-13 10:35:00,2026-02-13 10:35:00,OG,Backtest,AdxDiCrossBracketOG,OG_AdxDiCrossBracketOG,OG,NQ,NQ JUN26,LONG,1,25058.00,25127.00,1375.64,1371.28,274.3,WIN,TARGET_HIT,24987.50,1410.00,2026-05-07 09:31:05
2026-02-13,2026-02-13 10:35:00,2026-02-13 10:35:00,OG,Backtest,AdxDiCrossBracketOG,OG_AdxDiCrossBracketOG,OG,NQ,NQ JUN26,LONG,1,25058.00,25127.00,1375.64,1371.28,274.3,WIN,TARGET_HIT,24987.50,1410.00,2026-05-07 09:31:05
2026-02-03,2026-02-03 09:50:00,2026-02-03 09:50:00,OG,Backtest,AdxDiCrossBracketOG,OG_AdxDiCrossBracketOG,OG,NQ,NQ JUN26,SHORT,1,25960.75,25998.50,-759.36,-763.72,-152.7,LOSS,STOP_HIT,25998.00,745.00,2026-05-07 09:31:05
2026-01-30,2026-01-30 10:55:00,2026-01-30 11:00:00,OG,Backtest,AdxDiCrossBracketOG,OG_AdxDiCrossBracketOG,OG,NQ,NQ JUN26,LONG,1,26117.25,26072.25,-904.36,-908.72,-181.7,LOSS,STOP_HIT,26003.25,2280.00,2026-05-07 09:31:05
2026-04-07,2026-04-07 11:40:00,2026-04-07 12:00:00,OG,Backtest,AdxDiCrossBracketOG,OG_AdxDiCrossBracketOG,OG,NQ,NQ JUN26,LONG,1,24071.50,24083.00,225.64,221.28,44.3,WIN,STOP_HIT,24025.00,930.00,2026-05-07 09:31:05
2026-03-19,2026-03-19 11:15:00,2026-03-19 11:25:00,OG,Backtest,AdxDiCrossBracketOG,OG_AdxDiCrossBracketOG,OG,NQ,NQ JUN26,LONG,1,24530.25,24486.25,-884.36,-888.72,-177.7,LOSS,STOP_HIT,24473.00,1145.00,2026-05-07 09:31:05
2026-05-01,2026-05-01 11:10:00,2026-05-01 11:15:00,OG,Backtest,AdxDiCrossBracketOG,OG_AdxDiCrossBracketOG,OG,NQ,NQ JUN26,SHORT,1,27795.25,27837.00,-839.36,-843.72,-168.7,LOSS,STOP_HIT,27836.50,825.00,2026-05-07 09:31:05
2026-01-20,2026-01-20 10:50:00,2026-01-20 10:55:00,OG,Backtest,AdxDiCrossBracketOG,OG_AdxDiCrossBracketOG,OG,NQ,NQ JUN26,LONG,1,25598.00,25559.50,-774.36,-778.72,-155.7,LOSS,STOP_HIT,25503.75,1885.00,2026-05-07 09:31:05
2026-02-11,2026-02-11 10:20:00,2026-02-11 10:20:00,OG,Backtest,AdxDiCrossBracketOG,OG_AdxDiCrossBracketOG,OG,NQ,NQ JUN26,SHORT,1,25396.00,25345.50,1005.64,1001.28,200.3,WIN,TARGET_HIT,25448.50,1050.00,2026-05-07 09:31:05
2026-02-24,2026-02-24 10:10:00,2026-02-24 10:15:00,OG,Backtest,AdxDiCrossBracketOG,OG_AdxDiCrossBracketOG,OG,NQ,NQ JUN26,SHORT,1,25048.75,25109.25,-1214.36,-1218.72,-243.7,LOSS,STOP_HIT,25134.75,1720.00,2026-05-07 09:31:05
2026-03-09,2026-03-09 10:45:00,2026-03-09 10:50:00,OG,Backtest,AdxDiCrossBracketOG,OG_AdxDiCrossBracketOG,OG,NQ,NQ JUN26,LONG,1,24692.00,24762.25,1400.64,1396.28,279.3,WIN,TARGET_HIT,24622.25,1395.00,2026-05-07 09:31:05
2026-02-11,2026-02-11 11:05:00,2026-02-11 11:10:00,OG,Backtest,AdxDiCrossBracketOG,OG_AdxDiCrossBracketOG,OG,NQ,NQ JUN26,LONG,1,25453.50,25418.25,-709.36,-713.72,-142.7,LOSS,STOP_HIT,25333.00,2410.00,2026-05-07 09:31:05
2026-01-28,2026-01-28 10:55:00,2026-01-28 11:05:00,OG,Backtest,AdxDiCrossBracketOG,OG_AdxDiCrossBracketOG,OG,NQ,NQ JUN26,SHORT,1,26395.25,26393.25,35.64,31.28,6.3,WIN,STOP_HIT,26429.00,675.00,2026-05-07 09:31:05
2026-02-11,2026-02-11 10:20:00,2026-02-11 10:20:00,OG,Backtest,AdxDiCrossBracketOG,OG_AdxDiCrossBracketOG,OG,NQ,NQ JUN26,SHORT,1,25396.00,25345.50,1005.64,1001.28,200.3,WIN,TARGET_HIT,25448.50,1050.00,2026-05-07 09:31:05
2026-03-12,2026-03-12 11:50:00,2026-03-12 11:50:00,OG,Backtest,AdxDiCrossBracketOG,OG_AdxDiCrossBracketOG,OG,NQ,NQ JUN26,LONG,1,24898.00,24844.00,-1084.36,-1088.72,-217.7,LOSS,STOP_HIT,24844.50,1070.00,2026-05-07 09:31:05
2026-02-11,2026-02-11 11:05:00,2026-02-11 11:10:00,OG,Backtest,AdxDiCrossBracketOG,OG_AdxDiCrossBracketOG,OG,NQ,NQ JUN26,LONG,1,25453.50,25418.25,-709.36,-713.72,-142.7,LOSS,STOP_HIT,25393.00,1210.00,2026-05-07 09:31:05
2026-02-05,2026-02-05 11:40:00,2026-02-05 11:50:00,OG,Backtest,AdxDiCrossBracketOG,OG_AdxDiCrossBracketOG,OG,NQ,NQ JUN26,LONG,1,25025.50,24992.25,-669.36,-673.72,-134.7,LOSS,STOP_HIT,24938.00,1750.00,2026-05-07 09:31:05
2026-02-03,2026-02-03 09:50:00,2026-02-03 09:50:00,OG,Backtest,AdxDiCrossBracketOG,OG_AdxDiCrossBracketOG,OG,NQ,NQ JUN26,SHORT,1,25960.75,25998.50,-759.36,-763.72,-152.7,LOSS,STOP_HIT,25998.00,745.00,2026-05-07 09:31:05
2026-03-19,2026-03-19 11:15:00,2026-03-19 11:25:00,OG,Backtest,AdxDiCrossBracketOG,OG_AdxDiCrossBracketOG,OG,NQ,NQ JUN26,LONG,1,24530.25,24486.25,-884.36,-888.72,-177.7,LOSS,STOP_HIT,24473.00,1145.00,2026-05-07 09:31:05
2026-03-25,2026-03-25 11:20:00,2026-03-25 11:20:00,OG,Backtest,AdxDiCrossBracketOG,OG_AdxDiCrossBracketOG,OG,NQ,NQ JUN26,SHORT,1,24386.00,24336.50,985.64,981.28,196.3,WIN,TARGET_HIT,24438.00,1040.00,2026-05-07 09:31:05
2026-02-24,2026-02-24 10:15:00,2026-02-24 10:15:00,OG,Backtest,AdxDiCrossBracketOG,OG_AdxDiCrossBracketOG,OG,NQ,NQ JUN26,LONG,1,25109.25,25063.75,-914.36,-918.72,-183.7,LOSS,STOP_HIT,25064.25,900.00,2026-05-07 09:31:05
2026-03-27,2026-03-27 11:40:00,2026-03-27 11:45:00,OG,Backtest,AdxDiCrossBracketOG,OG_AdxDiCrossBracketOG,OG,NQ,NQ JUN26,LONG,1,23597.00,23541.00,-1124.36,-1128.72,-225.7,LOSS,STOP_HIT,23541.50,1110.00,2026-05-07 09:31:06
2026-03-24,2026-03-24 11:00:00,2026-03-24 11:00:00,OG,Backtest,AdxDiCrossBracketOG,OG_AdxDiCrossBracketOG,OG,NQ,NQ JUN26,LONG,1,24281.50,24217.75,-1279.36,-1283.72,-256.7,LOSS,STOP_HIT,24218.25,1265.00,2026-05-07 09:31:06
2026-01-07,2026-01-07 09:50:00,2026-01-07 09:50:00,OG,Backtest,AdxDiCrossBracketOG,OG_AdxDiCrossBracketOG,OG,NQ,NQ JUN26,LONG,1,26063.75,26079.75,315.64,311.28,62.3,WIN,TARGET_HIT,26047.25,330.00,2026-05-07 09:31:06
2026-01-09,2026-01-09 09:45:00,2026-01-09 09:50:00,OG,Backtest,AdxDiCrossBracketOG,OG_AdxDiCrossBracketOG,OG,NQ,NQ JUN26,LONG,1,25965.00,25937.50,-554.36,-558.72,-111.7,LOSS,STOP_HIT,25938.00,540.00,2026-05-07 09:31:06
2026-02-11,2026-02-11 11:05:00,2026-02-11 11:10:00,OG,Backtest,AdxDiCrossBracketOG,OG_AdxDiCrossBracketOG,OG,NQ,NQ JUN26,LONG,1,25453.50,25418.25,-709.36,-713.72,-142.7,LOSS,STOP_HIT,25333.00,2410.00,2026-05-07 09:31:06
2026-03-27,2026-03-27 11:40:00,2026-03-27 11:45:00,OG,Backtest,AdxDiCrossBracketOG,OG_AdxDiCrossBracketOG,OG,NQ,NQ JUN26,LONG,1,23597.00,23541.00,-1124.36,-1128.72,-225.7,LOSS,STOP_HIT,23541.50,1110.00,2026-05-07 09:31:06
2026-03-12,2026-03-12 11:50:00,2026-03-12 11:55:00,OG,Backtest,AdxDiCrossBracketOG,OG_AdxDiCrossBracketOG,OG,NQ,NQ JUN26,LONG,1,24898.00,24865.50,-654.36,-658.72,-131.7,LOSS,STOP_HIT,24792.00,2120.00,2026-05-07 09:31:06
2026-02-03,2026-02-03 09:50:00,2026-02-03 09:50:00,OG,Backtest,AdxDiCrossBracketOG,OG_AdxDiCrossBracketOG,OG,NQ,NQ JUN26,SHORT,1,25960.75,25998.50,-759.36,-763.72,-152.7,LOSS,STOP_HIT,25998.00,745.00,2026-05-07 09:31:06
2026-02-13,2026-02-13 10:35:00,2026-02-13 10:35:00,OG,Backtest,AdxDiCrossBracketOG,OG_AdxDiCrossBracketOG,OG,NQ,NQ JUN26,LONG,1,25058.00,25127.00,1375.64,1371.28,274.3,WIN,TARGET_HIT,24987.50,1410.00,2026-05-07 09:31:06
2026-03-20,2026-03-20 11:30:00,2026-03-20 12:30:00,OG,Backtest,AdxDiCrossBracketOG,OG_AdxDiCrossBracketOG,OG,NQ,NQ JUN26,LONG,1,24274.25,24309.75,705.64,701.28,140.3,WIN,STOP_HIT,24165.75,2170.00,2026-05-07 09:31:06
2026-02-17,2026-02-17 11:10:00,2026-02-17 11:10:00,OG,Backtest,AdxDiCrossBracketOG,OG_AdxDiCrossBracketOG,OG,NQ,NQ JUN26,LONG,1,24861.25,24927.25,1315.64,1311.28,262.3,WIN,TARGET_HIT,24793.75,1350.00,2026-05-07 09:31:06
2026-02-13,2026-02-13 10:35:00,2026-02-13 10:50:00,OG,Backtest,AdxDiCrossBracketOG,OG_AdxDiCrossBracketOG,OG,NQ,NQ JUN26,LONG,1,25058.00,24983.00,-1504.36,-1508.72,-301.7,LOSS,STOP_HIT,24917.50,2810.00,2026-05-07 09:31:06
2026-04-06,2026-04-06 10:55:00,2026-04-06 11:05:00,OG,Backtest,AdxDiCrossBracketOG,OG_AdxDiCrossBracketOG,OG,NQ,NQ JUN26,SHORT,1,24269.25,24306.75,-754.36,-758.72,-151.7,LOSS,STOP_HIT,24372.75,2070.00,2026-05-07 09:31:06
2026-01-21,2026-01-21 11:45:00,2026-01-21 11:45:00,OG,Backtest,AdxDiCrossBracketOG,OG_AdxDiCrossBracketOG,OG,NQ,NQ JUN26,SHORT,1,25543.75,25505.75,755.64,751.28,150.3,WIN,TARGET_HIT,25582.25,770.00,2026-05-07 09:31:06
2026-04-07,2026-04-07 11:40:00,2026-04-07 12:00:00,OG,Backtest,AdxDiCrossBracketOG,OG_AdxDiCrossBracketOG,OG,NQ,NQ JUN26,LONG,1,24071.50,24083.00,225.64,221.28,44.3,WIN,STOP_HIT,24025.00,930.00,2026-05-07 09:31:06
2026-02-03,2026-02-03 09:50:00,2026-02-03 09:50:00,OG,Backtest,AdxDiCrossBracketOG,OG_AdxDiCrossBracketOG,OG,NQ,NQ JUN26,SHORT,1,25960.75,25998.50,-759.36,-763.72,-152.7,LOSS,STOP_HIT,25998.00,745.00,2026-05-07 09:31:06
2026-01-09,2026-01-09 09:55:00,2026-01-09 09:55:00,OG,Backtest,AdxDiCrossBracketOG,OG_AdxDiCrossBracketOG,OG,NQ,NQ JUN26,SHORT,1,25913.25,25948.25,-704.36,-708.72,-141.7,LOSS,STOP_HIT,25947.75,690.00,2026-05-07 09:31:06
2026-03-24,2026-03-24 11:00:00,2026-03-24 11:00:00,OG,Backtest,AdxDiCrossBracketOG,OG_AdxDiCrossBracketOG,OG,NQ,NQ JUN26,LONG,1,24281.50,24217.75,-1279.36,-1283.72,-256.7,LOSS,STOP_HIT,24218.25,1265.00,2026-05-07 09:31:06
2026-02-03,2026-02-03 09:50:00,2026-02-03 09:50:00,OG,Backtest,AdxDiCrossBracketOG,OG_AdxDiCrossBracketOG,OG,NQ,NQ JUN26,SHORT,1,25960.75,25998.50,-759.36,-763.72,-152.7,LOSS,STOP_HIT,25998.00,745.00,2026-05-07 09:31:06
2026-04-21,2026-04-21 11:05:00,2026-04-21 11:05:00,OG,Backtest,AdxDiCrossBracketOG,OG_AdxDiCrossBracketOG,OG,NQ,NQ JUN26,SHORT,1,26737.25,26702.00,700.64,696.28,139.3,WIN,TARGET_HIT,26771.50,685.00,2026-05-07 09:31:06
2026-03-27,2026-03-27 11:40:00,2026-03-27 12:05:00,OG,Backtest,AdxDiCrossBracketOG,OG_AdxDiCrossBracketOG,OG,NQ,NQ JUN26,LONG,1,23597.00,23550.00,-944.36,-948.72,-189.7,LOSS,STOP_HIT,23486.50,2210.00,2026-05-07 09:31:06
2026-04-07,2026-04-07 11:40:00,2026-04-07 12:00:00,OG,Backtest,AdxDiCrossBracketOG,OG_AdxDiCrossBracketOG,OG,NQ,NQ JUN26,LONG,1,24071.50,24083.00,225.64,221.28,44.3,WIN,STOP_HIT,24025.00,930.00,2026-05-07 09:31:06
2026-02-11,2026-02-11 10:20:00,2026-02-11 10:20:00,OG,Backtest,AdxDiCrossBracketOG,OG_AdxDiCrossBracketOG,OG,NQ,NQ JUN26,SHORT,1,25396.00,25345.50,1005.64,1001.28,200.3,WIN,TARGET_HIT,25448.50,1050.00,2026-05-07 09:31:06
2026-03-03,2026-03-03 11:25:00,2026-03-03 11:35:00,OG,Backtest,AdxDiCrossBracketOG,OG_AdxDiCrossBracketOG,OG,NQ,NQ JUN26,LONG,1,24794.50,24819.00,485.64,481.28,96.3,WIN,STOP_HIT,24724.00,1410.00,2026-05-07 09:31:06
2026-02-11,2026-02-11 11:05:00,2026-02-11 11:10:00,OG,Backtest,AdxDiCrossBracketOG,OG_AdxDiCrossBracketOG,OG,NQ,NQ JUN26,LONG,1,25453.50,25418.25,-709.36,-713.72,-142.7,LOSS,STOP_HIT,25393.00,1210.00,2026-05-07 09:31:06
2026-04-10,2026-04-10 11:45:00,2026-04-10 12:00:00,OG,Backtest,AdxDiCrossBracketOG,OG_AdxDiCrossBracketOG,OG,NQ,NQ JUN26,SHORT,1,25301.50,25279.25,440.64,436.28,87.3,WIN,STOP_HIT,25366.25,1295.00,2026-05-07 09:31:06
2026-04-06,2026-04-06 10:55:00,2026-04-06 11:00:00,OG,Backtest,AdxDiCrossBracketOG,OG_AdxDiCrossBracketOG,OG,NQ,NQ JUN26,SHORT,1,24269.25,24321.50,-1049.36,-1053.72,-210.7,LOSS,STOP_HIT,24321.00,1035.00,2026-05-07 09:31:06
2026-04-16,2026-04-16 10:00:00,2026-04-16 10:10:00,OG,Backtest,AdxDiCrossBracketOG,OG_AdxDiCrossBracketOG,OG,NQ,NQ JUN26,SHORT,1,26282.00,26346.00,-1284.36,-1288.72,-257.7,LOSS,STOP_HIT,26345.50,1270.00,2026-05-07 09:31:06
2026-02-05,2026-02-05 11:40:00,2026-02-05 11:50:00,OG,Backtest,AdxDiCrossBracketOG,OG_AdxDiCrossBracketOG,OG,NQ,NQ JUN26,LONG,1,25025.50,24992.25,-669.36,-673.72,-134.7,LOSS,STOP_HIT,24938.00,1750.00,2026-05-07 09:31:06
2026-03-19,2026-03-19 11:15:00,2026-03-19 11:25:00,OG,Backtest,AdxDiCrossBracketOG,OG_AdxDiCrossBracketOG,OG,NQ,NQ JUN26,LONG,1,24530.25,24486.25,-884.36,-888.72,-177.7,LOSS,STOP_HIT,24416.25,2280.00,2026-05-07 09:31:06
2026-04-06,2026-04-06 11:05:00,2026-04-06 11:25:00,OG,Backtest,AdxDiCrossBracketOG,OG_AdxDiCrossBracketOG,OG,NQ,NQ JUN26,LONG,1,24306.75,24292.00,-299.36,-303.72,-60.7,LOSS,STOP_HIT,24255.50,1025.00,2026-05-07 09:31:06
2026-05-01,2026-05-01 11:10:00,2026-05-01 11:15:00,OG,Backtest,AdxDiCrossBracketOG,OG_AdxDiCrossBracketOG,OG,NQ,NQ JUN26,SHORT,1,27795.25,27837.00,-839.36,-843.72,-168.7,LOSS,STOP_HIT,27836.50,825.00,2026-05-07 09:31:06
2026-02-24,2026-02-24 10:15:00,2026-02-24 10:15:00,OG,Backtest,AdxDiCrossBracketOG,OG_AdxDiCrossBracketOG,OG,NQ,NQ JUN26,LONG,1,25109.25,25063.75,-914.36,-918.72,-183.7,LOSS,STOP_HIT,25064.25,900.00,2026-05-07 09:31:06
2026-02-11,2026-02-11 11:05:00,2026-02-11 11:10:00,OG,Backtest,AdxDiCrossBracketOG,OG_AdxDiCrossBracketOG,OG,NQ,NQ JUN26,LONG,1,25453.50,25418.25,-709.36,-713.72,-142.7,LOSS,STOP_HIT,25393.00,1210.00,2026-05-07 09:31:06
2026-04-07,2026-04-07 11:40:00,2026-04-07 12:05:00,OG,Backtest,AdxDiCrossBracketOG,OG_AdxDiCrossBracketOG,OG,NQ,NQ JUN26,LONG,1,24071.50,24163.75,1840.64,1836.28,367.3,WIN,TARGET_HIT,23978.75,1855.00,2026-05-07 09:31:06
2026-03-25,2026-03-25 11:20:00,2026-03-25 11:20:00,OG,Backtest,AdxDiCrossBracketOG,OG_AdxDiCrossBracketOG,OG,NQ,NQ JUN26,SHORT,1,24386.00,24336.50,985.64,981.28,196.3,WIN,TARGET_HIT,24438.00,1040.00,2026-05-07 09:31:06
2026-02-13,2026-02-13 10:35:00,2026-02-13 10:35:00,OG,Backtest,AdxDiCrossBracketOG,OG_AdxDiCrossBracketOG,OG,NQ,NQ JUN26,LONG,1,25058.00,25127.00,1375.64,1371.28,274.3,WIN,TARGET_HIT,24987.50,1410.00,2026-05-07 09:31:06
2026-03-27,2026-03-27 11:40:00,2026-03-27 11:45:00,OG,Backtest,AdxDiCrossBracketOG,OG_AdxDiCrossBracketOG,OG,NQ,NQ JUN26,LONG,1,23597.00,23541.00,-1124.36,-1128.72,-225.7,LOSS,STOP_HIT,23541.50,1110.00,2026-05-07 09:31:06
2026-02-24,2026-02-24 10:10:00,2026-02-24 10:10:00,OG,Backtest,AdxDiCrossBracketOG,OG_AdxDiCrossBracketOG,OG,NQ,NQ JUN26,SHORT,1,25048.75,25092.75,-884.36,-888.72,-177.7,LOSS,STOP_HIT,25092.25,870.00,2026-05-07 09:31:06
2026-01-16,2026-01-16 11:30:00,2026-01-16 11:35:00,OG,Backtest,AdxDiCrossBracketOG,OG_AdxDiCrossBracketOG,OG,NQ,NQ JUN26,LONG,1,25911.50,25925.25,270.64,266.28,53.3,WIN,STOP_HIT,25874.75,735.00,2026-05-07 09:31:06
2026-02-24,2026-02-24 10:10:00,2026-02-24 10:10:00,OG,Backtest,AdxDiCrossBracketOG,OG_AdxDiCrossBracketOG,OG,NQ,NQ JUN26,SHORT,1,25048.75,25092.75,-884.36,-888.72,-177.7,LOSS,STOP_HIT,25092.25,870.00,2026-05-07 09:31:06
2026-04-06,2026-04-06 10:55:00,2026-04-06 11:00:00,OG,Backtest,AdxDiCrossBracketOG,OG_AdxDiCrossBracketOG,OG,NQ,NQ JUN26,SHORT,1,24269.25,24321.50,-1049.36,-1053.72,-210.7,LOSS,STOP_HIT,24321.00,1035.00,2026-05-07 09:31:06
2026-04-16,2026-04-16 10:00:00,2026-04-16 10:10:00,OG,Backtest,AdxDiCrossBracketOG,OG_AdxDiCrossBracketOG,OG,NQ,NQ JUN26,SHORT,1,26282.00,26346.00,-1284.36,-1288.72,-257.7,LOSS,STOP_HIT,26345.50,1270.00,2026-05-07 09:31:06
2026-03-20,2026-03-20 11:30:00,2026-03-20 11:55:00,OG,Backtest,AdxDiCrossBracketOG,OG_AdxDiCrossBracketOG,OG,NQ,NQ JUN26,LONG,1,24274.25,24294.00,390.64,386.28,77.3,WIN,STOP_HIT,24219.75,1090.00,2026-05-07 09:31:06
2026-04-06,2026-04-06 10:55:00,2026-04-06 11:00:00,OG,Backtest,AdxDiCrossBracketOG,OG_AdxDiCrossBracketOG,OG,NQ,NQ JUN26,SHORT,1,24269.25,24321.50,-1049.36,-1053.72,-210.7,LOSS,STOP_HIT,24321.00,1035.00,2026-05-07 09:31:06
2026-05-01,2026-05-01 11:10:00,2026-05-01 11:15:00,OG,Backtest,AdxDiCrossBracketOG,OG_AdxDiCrossBracketOG,OG,NQ,NQ JUN26,SHORT,1,27795.25,27837.00,-839.36,-843.72,-168.7,LOSS,STOP_HIT,27836.50,825.00,2026-05-07 09:31:06
2026-03-06,2026-03-06 11:10:00,2026-03-06 11:15:00,OG,Backtest,AdxDiCrossBracketOG,OG_AdxDiCrossBracketOG,OG,NQ,NQ JUN26,LONG,1,25101.50,25059.00,-854.36,-858.72,-171.7,LOSS,STOP_HIT,25038.75,1255.00,2026-05-07 09:31:06
2026-04-16,2026-04-16 10:00:00,2026-04-16 10:00:00,OG,Backtest,AdxDiCrossBracketOG,OG_AdxDiCrossBracketOG,OG,NQ,NQ JUN26,SHORT,1,26282.00,26314.50,-654.36,-658.72,-131.7,LOSS,STOP_HIT,26314.00,640.00,2026-05-07 09:31:06
2026-04-06,2026-04-06 11:05:00,2026-04-06 11:30:00,OG,Backtest,AdxDiCrossBracketOG,OG_AdxDiCrossBracketOG,OG,NQ,NQ JUN26,LONG,1,24306.75,24286.00,-419.36,-423.72,-84.7,LOSS,STOP_HIT,24255.50,1025.00,2026-05-07 09:31:06
2026-03-09,2026-03-09 10:45:00,2026-03-09 10:50:00,OG,Backtest,AdxDiCrossBracketOG,OG_AdxDiCrossBracketOG,OG,NQ,NQ JUN26,LONG,1,24692.00,24762.25,1400.64,1396.28,279.3,WIN,TARGET_HIT,24622.25,1395.00,2026-05-07 09:31:06
2026-04-07,2026-04-07 11:40:00,2026-04-07 12:00:00,OG,Backtest,AdxDiCrossBracketOG,OG_AdxDiCrossBracketOG,OG,NQ,NQ JUN26,LONG,1,24071.50,24083.00,225.64,221.28,44.3,WIN,STOP_HIT,24025.00,930.00,2026-05-07 09:31:06
2026-01-28,2026-01-28 10:55:00,2026-01-28 11:10:00,OG,Backtest,AdxDiCrossBracketOG,OG_AdxDiCrossBracketOG,OG,NQ,NQ JUN26,SHORT,1,26395.25,26395.25,-4.36,-8.72,-1.7,LOSS,STOP_HIT,26429.00,675.00,2026-05-07 09:31:06
2026-01-06,2026-01-06 11:00:00,2026-01-06 11:05:00,OG,Backtest,AdxDiCrossBracketOG,OG_AdxDiCrossBracketOG,OG,NQ,NQ JUN26,SHORT,1,25909.25,25880.75,565.64,561.28,112.3,WIN,TARGET_HIT,25938.25,580.00,2026-05-07 09:31:06
2026-02-13,2026-02-13 10:35:00,2026-02-13 10:35:00,OG,Backtest,AdxDiCrossBracketOG,OG_AdxDiCrossBracketOG,OG,NQ,NQ JUN26,LONG,1,25058.00,25127.00,1375.64,1371.28,274.3,WIN,TARGET_HIT,24987.50,1410.00,2026-05-07 09:31:06
2026-04-06,2026-04-06 10:55:00,2026-04-06 11:00:00,OG,Backtest,AdxDiCrossBracketOG,OG_AdxDiCrossBracketOG,OG,NQ,NQ JUN26,SHORT,1,24269.25,24321.50,-1049.36,-1053.72,-210.7,LOSS,STOP_HIT,24321.00,1035.00,2026-05-07 09:31:06
2026-03-24,2026-03-24 11:00:00,2026-03-24 11:00:00,OG,Backtest,AdxDiCrossBracketOG,OG_AdxDiCrossBracketOG,OG,NQ,NQ JUN26,LONG,1,24281.50,24217.75,-1279.36,-1283.72,-256.7,LOSS,STOP_HIT,24218.25,1265.00,2026-05-07 09:31:06
2026-01-06,2026-01-06 11:00:00,2026-01-06 11:05:00,OG,Backtest,AdxDiCrossBracketOG,OG_AdxDiCrossBracketOG,OG,NQ,NQ JUN26,SHORT,1,25909.25,25880.75,565.64,561.28,112.3,WIN,TARGET_HIT,25938.25,580.00,2026-05-07 09:31:06
2026-01-07,2026-01-07 09:50:00,2026-01-07 09:50:00,OG,Backtest,AdxDiCrossBracketOG,OG_AdxDiCrossBracketOG,OG,NQ,NQ JUN26,LONG,1,26063.75,26079.75,315.64,311.28,62.3,WIN,TARGET_HIT,26047.25,330.00,2026-05-07 09:31:06
2026-02-24,2026-02-24 10:10:00,2026-02-24 10:10:00,OG,Backtest,AdxDiCrossBracketOG,OG_AdxDiCrossBracketOG,OG,NQ,NQ JUN26,SHORT,1,25048.75,25092.75,-884.36,-888.72,-177.7,LOSS,STOP_HIT,25092.25,870.00,2026-05-07 09:31:06
2026-01-09,2026-01-09 09:45:00,2026-01-09 09:50:00,OG,Backtest,AdxDiCrossBracketOG,OG_AdxDiCrossBracketOG,OG,NQ,NQ JUN26,LONG,1,25965.00,25937.50,-554.36,-558.72,-111.7,LOSS,STOP_HIT,25938.00,540.00,2026-05-07 09:31:06
2026-02-24,2026-02-24 10:10:00,2026-02-24 10:10:00,OG,Backtest,AdxDiCrossBracketOG,OG_AdxDiCrossBracketOG,OG,NQ,NQ JUN26,SHORT,1,25048.75,25092.75,-884.36,-888.72,-177.7,LOSS,STOP_HIT,25092.25,870.00,2026-05-07 09:31:06
2026-04-07,2026-04-07 11:40:00,2026-04-07 12:00:00,OG,Backtest,AdxDiCrossBracketOG,OG_AdxDiCrossBracketOG,OG,NQ,NQ JUN26,LONG,1,24071.50,24083.00,225.64,221.28,44.3,WIN,STOP_HIT,24025.00,930.00,2026-05-07 09:31:06
2026-02-17,2026-02-17 11:10:00,2026-02-17 11:10:00,OG,Backtest,AdxDiCrossBracketOG,OG_AdxDiCrossBracketOG,OG,NQ,NQ JUN26,LONG,1,24861.25,24927.25,1315.64,1311.28,262.3,WIN,TARGET_HIT,24793.75,1350.00,2026-05-07 09:31:06
2026-05-01,2026-05-01 11:10:00,2026-05-01 11:15:00,OG,Backtest,AdxDiCrossBracketOG,OG_AdxDiCrossBracketOG,OG,NQ,NQ JUN26,SHORT,1,27795.25,27837.00,-839.36,-843.72,-168.7,LOSS,STOP_HIT,27836.50,825.00,2026-05-07 09:31:06
2026-04-16,2026-04-16 10:00:00,2026-04-16 10:00:00,OG,Backtest,AdxDiCrossBracketOG,OG_AdxDiCrossBracketOG,OG,NQ,NQ JUN26,SHORT,1,26282.00,26314.50,-654.36,-658.72,-131.7,LOSS,STOP_HIT,26314.00,640.00,2026-05-07 09:31:06
2026-02-24,2026-02-24 10:10:00,2026-02-24 10:10:00,OG,Backtest,AdxDiCrossBracketOG,OG_AdxDiCrossBracketOG,OG,NQ,NQ JUN26,SHORT,1,25048.75,25092.75,-884.36,-888.72,-177.7,LOSS,STOP_HIT,25092.25,870.00,2026-05-07 09:31:06
2026-03-03,2026-03-03 11:25:00,2026-03-03 11:40:00,OG,Backtest,AdxDiCrossBracketOG,OG_AdxDiCrossBracketOG,OG,NQ,NQ JUN26,LONG,1,24794.50,24817.25,450.64,446.28,89.3,WIN,STOP_HIT,24724.00,1410.00,2026-05-07 09:31:06
2026-02-03,2026-02-03 09:50:00,2026-02-03 09:50:00,OG,Backtest,AdxDiCrossBracketOG,OG_AdxDiCrossBracketOG,OG,NQ,NQ JUN26,SHORT,1,25960.75,25998.50,-759.36,-763.72,-152.7,LOSS,STOP_HIT,25998.00,745.00,2026-05-07 09:31:06
2026-01-28,2026-01-28 10:55:00,2026-01-28 11:10:00,OG,Backtest,AdxDiCrossBracketOG,OG_AdxDiCrossBracketOG,OG,NQ,NQ JUN26,SHORT,1,26395.25,26395.25,-4.36,-8.72,-1.7,LOSS,STOP_HIT,26429.00,675.00,2026-05-07 09:31:06
2026-03-03,2026-03-03 11:25:00,2026-03-03 11:40:00,OG,Backtest,AdxDiCrossBracketOG,OG_AdxDiCrossBracketOG,OG,NQ,NQ JUN26,LONG,1,24794.50,24817.25,450.64,446.28,89.3,WIN,STOP_HIT,24724.00,1410.00,2026-05-07 09:31:06
2026-01-09,2026-01-09 09:45:00,2026-01-09 09:50:00,OG,Backtest,AdxDiCrossBracketOG,OG_AdxDiCrossBracketOG,OG,NQ,NQ JUN26,LONG,1,25965.00,25937.50,-554.36,-558.72,-111.7,LOSS,STOP_HIT,25938.00,540.00,2026-05-07 09:31:06
2026-01-16,2026-01-16 11:30:00,2026-01-16 11:35:00,OG,Backtest,AdxDiCrossBracketOG,OG_AdxDiCrossBracketOG,OG,NQ,NQ JUN26,LONG,1,25911.50,25925.25,270.64,266.28,53.3,WIN,STOP_HIT,25874.75,735.00,2026-05-07 09:31:06
2026-02-05,2026-02-05 11:40:00,2026-02-05 11:50:00,OG,Backtest,AdxDiCrossBracketOG,OG_AdxDiCrossBracketOG,OG,NQ,NQ JUN26,LONG,1,25025.50,24992.25,-669.36,-673.72,-134.7,LOSS,STOP_HIT,24938.00,1750.00,2026-05-07 09:31:06
2026-03-20,2026-03-20 11:30:00,2026-03-20 11:55:00,OG,Backtest,AdxDiCrossBracketOG,OG_AdxDiCrossBracketOG,OG,NQ,NQ JUN26,LONG,1,24274.25,24294.00,390.64,386.28,77.3,WIN,STOP_HIT,24219.75,1090.00,2026-05-07 09:31:06
2026-01-30,2026-01-30 10:55:00,2026-01-30 11:00:00,OG,Backtest,AdxDiCrossBracketOG,OG_AdxDiCrossBracketOG,OG,NQ,NQ JUN26,LONG,1,26117.25,26072.25,-904.36,-908.72,-181.7,LOSS,STOP_HIT,26003.25,2280.00,2026-05-07 09:31:06
2026-04-06,2026-04-06 10:55:00,2026-04-06 11:00:00,OG,Backtest,AdxDiCrossBracketOG,OG_AdxDiCrossBracketOG,OG,NQ,NQ JUN26,SHORT,1,24269.25,24321.50,-1049.36,-1053.72,-210.7,LOSS,STOP_HIT,24321.00,1035.00,2026-05-07 09:31:06
2026-03-25,2026-03-25 11:20:00,2026-03-25 11:20:00,OG,Backtest,AdxDiCrossBracketOG,OG_AdxDiCrossBracketOG,OG,NQ,NQ JUN26,SHORT,1,24386.00,24336.50,985.64,981.28,196.3,WIN,TARGET_HIT,24438.00,1040.00,2026-05-07 09:31:06
2026-02-24,2026-02-24 09:50:00,2026-02-24 09:50:00,OG,Backtest,AdxDiCrossBracketOG,OG_AdxDiCrossBracketOG,OG,NQ,NQ JUN26,LONG,1,25120.50,25157.50,735.64,731.28,146.3,WIN,TARGET_HIT,25081.50,780.00,2026-05-07 09:31:06
2026-01-28,2026-01-28 10:55:00,2026-01-28 11:15:00,OG,Backtest,AdxDiCrossBracketOG,OG_AdxDiCrossBracketOG,OG,NQ,NQ JUN26,SHORT,1,26395.25,26395.00,0.64,-3.72,-0.7,LOSS,STOP_HIT,26429.00,675.00,2026-05-07 09:31:06
2026-02-24,2026-02-24 10:10:00,2026-02-24 10:10:00,OG,Backtest,AdxDiCrossBracketOG,OG_AdxDiCrossBracketOG,OG,NQ,NQ JUN26,SHORT,1,25048.75,25092.75,-884.36,-888.72,-177.7,LOSS,STOP_HIT,25092.25,870.00,2026-05-07 09:31:06
2026-01-21,2026-01-21 11:45:00,2026-01-21 11:45:00,OG,Backtest,AdxDiCrossBracketOG,OG_AdxDiCrossBracketOG,OG,NQ,NQ JUN26,SHORT,1,25543.75,25505.75,755.64,751.28,150.3,WIN,TARGET_HIT,25582.25,770.00,2026-05-07 09:31:06
2026-04-06,2026-04-06 10:55:00,2026-04-06 11:00:00,OG,Backtest,AdxDiCrossBracketOG,OG_AdxDiCrossBracketOG,OG,NQ,NQ JUN26,SHORT,1,24269.25,24321.50,-1049.36,-1053.72,-210.7,LOSS,STOP_HIT,24321.00,1035.00,2026-05-07 09:31:06
2026-01-07,2026-01-07 09:50:00,2026-01-07 09:50:00,OG,Backtest,AdxDiCrossBracketOG,OG_AdxDiCrossBracketOG,OG,NQ,NQ JUN26,LONG,1,26063.75,26079.75,315.64,311.28,62.3,WIN,TARGET_HIT,26047.25,330.00,2026-05-07 09:31:06
2026-04-06,2026-04-06 11:05:00,2026-04-06 11:25:00,OG,Backtest,AdxDiCrossBracketOG,OG_AdxDiCrossBracketOG,OG,NQ,NQ JUN26,LONG,1,24306.75,24291.50,-309.36,-313.72,-62.7,LOSS,STOP_HIT,24255.50,1025.00,2026-05-07 09:31:06
2026-02-03,2026-02-03 09:50:00,2026-02-03 09:50:00,OG,Backtest,AdxDiCrossBracketOG,OG_AdxDiCrossBracketOG,OG,NQ,NQ JUN26,SHORT,1,25960.75,25998.50,-759.36,-763.72,-152.7,LOSS,STOP_HIT,25998.00,745.00,2026-05-07 09:31:06
2026-04-21,2026-04-21 11:05:00,2026-04-21 11:05:00,OG,Backtest,AdxDiCrossBracketOG,OG_AdxDiCrossBracketOG,OG,NQ,NQ JUN26,SHORT,1,26737.25,26702.00,700.64,696.28,139.3,WIN,TARGET_HIT,26771.50,685.00,2026-05-07 09:31:06
2026-02-05,2026-02-05 11:40:00,2026-02-05 11:50:00,OG,Backtest,AdxDiCrossBracketOG,OG_AdxDiCrossBracketOG,OG,NQ,NQ JUN26,LONG,1,25025.50,24992.25,-669.36,-673.72,-134.7,LOSS,STOP_HIT,24938.00,1750.00,2026-05-07 09:31:06
2026-03-12,2026-03-12 11:50:00,2026-03-12 11:50:00,OG,Backtest,AdxDiCrossBracketOG,OG_AdxDiCrossBracketOG,OG,NQ,NQ JUN26,LONG,1,24898.00,24844.00,-1084.36,-1088.72,-217.7,LOSS,STOP_HIT,24844.50,1070.00,2026-05-07 09:31:06
2026-01-16,2026-01-16 11:30:00,2026-01-16 11:35:00,OG,Backtest,AdxDiCrossBracketOG,OG_AdxDiCrossBracketOG,OG,NQ,NQ JUN26,LONG,1,25911.50,25925.25,270.64,266.28,53.3,WIN,STOP_HIT,25874.75,735.00,2026-05-07 09:31:06
2026-01-09,2026-01-09 09:55:00,2026-01-09 09:55:00,OG,Backtest,AdxDiCrossBracketOG,OG_AdxDiCrossBracketOG,OG,NQ,NQ JUN26,SHORT,1,25913.25,25948.25,-704.36,-708.72,-141.7,LOSS,STOP_HIT,25947.75,690.00,2026-05-07 09:31:06
2026-01-28,2026-01-28 10:55:00,2026-01-28 11:15:00,OG,Backtest,AdxDiCrossBracketOG,OG_AdxDiCrossBracketOG,OG,NQ,NQ JUN26,SHORT,1,26395.25,26395.00,0.64,-3.72,-0.7,LOSS,STOP_HIT,26429.00,675.00,2026-05-07 09:31:06
2026-03-19,2026-03-19 11:15:00,2026-03-19 11:25:00,OG,Backtest,AdxDiCrossBracketOG,OG_AdxDiCrossBracketOG,OG,NQ,NQ JUN26,LONG,1,24530.25,24486.25,-884.36,-888.72,-177.7,LOSS,STOP_HIT,24473.00,1145.00,2026-05-07 09:31:06
2026-01-16,2026-01-16 11:40:00,2026-01-16 11:50:00,OG,Backtest,AdxDiCrossBracketOG,OG_AdxDiCrossBracketOG,OG,NQ,NQ JUN26,LONG,1,25923.75,25946.25,445.64,441.28,88.3,WIN,STOP_HIT,25854.75,1380.00,2026-05-07 09:31:06
2026-01-20,2026-01-20 10:50:00,2026-01-20 10:55:00,OG,Backtest,AdxDiCrossBracketOG,OG_AdxDiCrossBracketOG,OG,NQ,NQ JUN26,LONG,1,25598.00,25559.50,-774.36,-778.72,-155.7,LOSS,STOP_HIT,25550.75,945.00,2026-05-07 09:31:06
2026-05-01,2026-05-01 11:10:00,2026-05-01 11:15:00,OG,Backtest,AdxDiCrossBracketOG,OG_AdxDiCrossBracketOG,OG,NQ,NQ JUN26,SHORT,1,27795.25,27837.00,-839.36,-843.72,-168.7,LOSS,STOP_HIT,27836.50,825.00,2026-05-07 09:31:06
2026-01-20,2026-01-20 10:50:00,2026-01-20 10:55:00,OG,Backtest,AdxDiCrossBracketOG,OG_AdxDiCrossBracketOG,OG,NQ,NQ JUN26,LONG,1,25598.00,25559.50,-774.36,-778.72,-155.7,LOSS,STOP_HIT,25503.75,1885.00,2026-05-07 09:31:06
2026-05-01,2026-05-01 11:20:00,2026-05-01 11:40:00,OG,Backtest,AdxDiCrossBracketOG,OG_AdxDiCrossBracketOG,OG,NQ,NQ JUN26,LONG,1,27837.25,27877.75,805.64,801.28,160.3,WIN,TARGET_HIT,27796.25,820.00,2026-05-07 09:31:06
2026-01-21,2026-01-21 11:45:00,2026-01-21 11:55:00,OG,Backtest,AdxDiCrossBracketOG,OG_AdxDiCrossBracketOG,OG,NQ,NQ JUN26,SHORT,1,25543.75,25467.25,1525.64,1521.28,304.3,WIN,TARGET_HIT,25620.75,1540.00,2026-05-07 09:31:06
2026-03-25,2026-03-25 11:20:00,2026-03-25 11:20:00,OG,Backtest,AdxDiCrossBracketOG,OG_AdxDiCrossBracketOG,OG,NQ,NQ JUN26,SHORT,1,24386.00,24336.50,985.64,981.28,196.3,WIN,TARGET_HIT,24438.00,1040.00,2026-05-07 09:31:06
2026-03-25,2026-03-25 11:20:00,2026-03-25 11:20:00,OG,Backtest,AdxDiCrossBracketOG,OG_AdxDiCrossBracketOG,OG,NQ,NQ JUN26,SHORT,1,24386.00,24336.50,985.64,981.28,196.3,WIN,TARGET_HIT,24438.00,1040.00,2026-05-07 09:31:06
2026-02-11,2026-02-11 10:20:00,2026-02-11 10:20:00,OG,Backtest,AdxDiCrossBracketOG,OG_AdxDiCrossBracketOG,OG,NQ,NQ JUN26,SHORT,1,25396.00,25345.50,1005.64,1001.28,200.3,WIN,TARGET_HIT,25448.50,1050.00,2026-05-07 09:31:06
2026-03-24,2026-03-24 11:00:00,2026-03-24 11:00:00,OG,Backtest,AdxDiCrossBracketOG,OG_AdxDiCrossBracketOG,OG,NQ,NQ JUN26,LONG,1,24281.50,24217.75,-1279.36,-1283.72,-256.7,LOSS,STOP_HIT,24218.25,1265.00,2026-05-07 09:31:06
2026-01-16,2026-01-16 11:30:00,2026-01-16 11:35:00,OG,Backtest,AdxDiCrossBracketOG,OG_AdxDiCrossBracketOG,OG,NQ,NQ JUN26,LONG,1,25911.50,25925.25,270.64,266.28,53.3,WIN,STOP_HIT,25874.75,735.00,2026-05-07 09:31:06
2026-02-11,2026-02-11 11:05:00,2026-02-11 11:10:00,OG,Backtest,AdxDiCrossBracketOG,OG_AdxDiCrossBracketOG,OG,NQ,NQ JUN26,LONG,1,25453.50,25418.25,-709.36,-713.72,-142.7,LOSS,STOP_HIT,25393.00,1210.00,2026-05-07 09:31:06
2026-02-10,2026-02-10 09:45:00,2026-02-10 09:45:00,OG,Backtest,AdxDiCrossBracketOG,OG_AdxDiCrossBracketOG,OG,NQ,NQ JUN26,SHORT,1,25535.25,25512.25,455.64,451.28,90.3,WIN,TARGET_HIT,25559.75,490.00,2026-05-07 09:31:06
2026-01-20,2026-01-20 10:50:00,2026-01-20 10:55:00,OG,Backtest,AdxDiCrossBracketOG,OG_AdxDiCrossBracketOG,OG,NQ,NQ JUN26,LONG,1,25598.00,25559.50,-774.36,-778.72,-155.7,LOSS,STOP_HIT,25550.75,945.00,2026-05-07 09:31:06
2026-02-10,2026-02-10 09:45:00,2026-02-10 09:45:00,OG,Backtest,AdxDiCrossBracketOG,OG_AdxDiCrossBracketOG,OG,NQ,NQ JUN26,SHORT,1,25535.25,25512.25,455.64,451.28,90.3,WIN,TARGET_HIT,25559.75,490.00,2026-05-07 09:31:06
2026-02-11,2026-02-11 11:05:00,2026-02-11 11:10:00,OG,Backtest,AdxDiCrossBracketOG,OG_AdxDiCrossBracketOG,OG,NQ,NQ JUN26,LONG,1,25453.50,25418.25,-709.36,-713.72,-142.7,LOSS,STOP_HIT,25393.00,1210.00,2026-05-07 09:31:06
2026-03-27,2026-03-27 11:40:00,2026-03-27 11:45:00,OG,Backtest,AdxDiCrossBracketOG,OG_AdxDiCrossBracketOG,OG,NQ,NQ JUN26,LONG,1,23597.00,23541.00,-1124.36,-1128.72,-225.7,LOSS,STOP_HIT,23541.50,1110.00,2026-05-07 09:31:06
2026-01-21,2026-01-21 11:45:00,2026-01-21 11:55:00,OG,Backtest,AdxDiCrossBracketOG,OG_AdxDiCrossBracketOG,OG,NQ,NQ JUN26,SHORT,1,25543.75,25467.25,1525.64,1521.28,304.3,WIN,TARGET_HIT,25620.75,1540.00,2026-05-07 09:31:06
2026-03-20,2026-03-20 11:30:00,2026-03-20 11:55:00,OG,Backtest,AdxDiCrossBracketOG,OG_AdxDiCrossBracketOG,OG,NQ,NQ JUN26,LONG,1,24274.25,24294.00,390.64,386.28,77.3,WIN,STOP_HIT,24219.75,1090.00,2026-05-07 09:31:06
2026-04-16,2026-04-16 10:00:00,2026-04-16 10:00:00,OG,Backtest,AdxDiCrossBracketOG,OG_AdxDiCrossBracketOG,OG,NQ,NQ JUN26,SHORT,1,26282.00,26314.50,-654.36,-658.72,-131.7,LOSS,STOP_HIT,26314.00,640.00,2026-05-07 09:31:06
2026-02-24,2026-02-24 09:50:00,2026-02-24 09:50:00,OG,Backtest,AdxDiCrossBracketOG,OG_AdxDiCrossBracketOG,OG,NQ,NQ JUN26,LONG,1,25120.50,25157.50,735.64,731.28,146.3,WIN,TARGET_HIT,25081.50,780.00,2026-05-07 09:31:06
2026-03-03,2026-03-03 11:25:00,2026-03-03 11:40:00,OG,Backtest,AdxDiCrossBracketOG,OG_AdxDiCrossBracketOG,OG,NQ,NQ JUN26,LONG,1,24794.50,24817.25,450.64,446.28,89.3,WIN,STOP_HIT,24724.00,1410.00,2026-05-07 09:31:06
2026-03-12,2026-03-12 11:50:00,2026-03-12 11:50:00,OG,Backtest,AdxDiCrossBracketOG,OG_AdxDiCrossBracketOG,OG,NQ,NQ JUN26,LONG,1,24898.00,24844.00,-1084.36,-1088.72,-217.7,LOSS,STOP_HIT,24844.50,1070.00,2026-05-07 09:31:06
2026-03-06,2026-03-06 11:10:00,2026-03-06 11:15:00,OG,Backtest,AdxDiCrossBracketOG,OG_AdxDiCrossBracketOG,OG,NQ,NQ JUN26,LONG,1,25101.50,25059.00,-854.36,-858.72,-171.7,LOSS,STOP_HIT,25038.75,1255.00,2026-05-07 09:31:06
2026-02-03,2026-02-03 09:50:00,2026-02-03 09:50:00,OG,Backtest,AdxDiCrossBracketOG,OG_AdxDiCrossBracketOG,OG,NQ,NQ JUN26,SHORT,1,25960.75,25998.50,-759.36,-763.72,-152.7,LOSS,STOP_HIT,25998.00,745.00,2026-05-07 09:31:06
2026-02-13,2026-02-13 10:35:00,2026-02-13 10:50:00,OG,Backtest,AdxDiCrossBracketOG,OG_AdxDiCrossBracketOG,OG,NQ,NQ JUN26,LONG,1,25058.00,24983.00,-1504.36,-1508.72,-301.7,LOSS,STOP_HIT,24917.50,2810.00,2026-05-07 09:31:06
2026-04-02,2026-04-02 10:45:00,2026-04-02 10:45:00,OG,Backtest,AdxDiCrossBracketOG,OG_AdxDiCrossBracketOG,OG,NQ,NQ JUN26,LONG,1,24210.25,24134.00,-1529.36,-1533.72,-306.7,LOSS,STOP_HIT,24134.50,1515.00,2026-05-07 09:31:06
2026-02-13,2026-02-13 10:35:00,2026-02-13 10:35:00,OG,Backtest,AdxDiCrossBracketOG,OG_AdxDiCrossBracketOG,OG,NQ,NQ JUN26,LONG,1,25058.00,25127.00,1375.64,1371.28,274.3,WIN,TARGET_HIT,24987.50,1410.00,2026-05-07 09:31:06
2026-02-10,2026-02-10 09:45:00,2026-02-10 09:45:00,OG,Backtest,AdxDiCrossBracketOG,OG_AdxDiCrossBracketOG,OG,NQ,NQ JUN26,SHORT,1,25535.25,25512.25,455.64,451.28,90.3,WIN,TARGET_HIT,25559.75,490.00,2026-05-07 09:31:06
2026-02-10,2026-02-10 09:45:00,2026-02-10 09:45:00,OG,Backtest,AdxDiCrossBracketOG,OG_AdxDiCrossBracketOG,OG,NQ,NQ JUN26,SHORT,1,25535.25,25512.25,455.64,451.28,90.3,WIN,TARGET_HIT,25559.75,490.00,2026-05-07 09:31:06
2026-03-03,2026-03-03 11:40:00,2026-03-03 11:50:00,OG,Backtest,AdxDiCrossBracketOG,OG_AdxDiCrossBracketOG,OG,NQ,NQ JUN26,SHORT,1,24817.25,24864.25,-944.36,-948.72,-189.7,LOSS,STOP_HIT,24882.75,1310.00,2026-05-07 09:31:06
2026-03-20,2026-03-20 11:30:00,2026-03-20 11:55:00,OG,Backtest,AdxDiCrossBracketOG,OG_AdxDiCrossBracketOG,OG,NQ,NQ JUN26,LONG,1,24274.25,24294.00,390.64,386.28,77.3,WIN,STOP_HIT,24219.75,1090.00,2026-05-07 09:31:06
2026-02-24,2026-02-24 09:50:00,2026-02-24 09:50:00,OG,Backtest,AdxDiCrossBracketOG,OG_AdxDiCrossBracketOG,OG,NQ,NQ JUN26,LONG,1,25120.50,25157.50,735.64,731.28,146.3,WIN,TARGET_HIT,25081.50,780.00,2026-05-07 09:31:06
2026-01-09,2026-01-09 09:55:00,2026-01-09 09:55:00,OG,Backtest,AdxDiCrossBracketOG,OG_AdxDiCrossBracketOG,OG,NQ,NQ JUN26,SHORT,1,25913.25,25948.25,-704.36,-708.72,-141.7,LOSS,STOP_HIT,25947.75,690.00,2026-05-07 09:31:06
2026-03-09,2026-03-09 10:45:00,2026-03-09 10:50:00,OG,Backtest,AdxDiCrossBracketOG,OG_AdxDiCrossBracketOG,OG,NQ,NQ JUN26,LONG,1,24692.00,24762.25,1400.64,1396.28,279.3,WIN,TARGET_HIT,24622.25,1395.00,2026-05-07 09:31:06
2026-03-25,2026-03-25 11:20:00,2026-03-25 11:20:00,OG,Backtest,AdxDiCrossBracketOG,OG_AdxDiCrossBracketOG,OG,NQ,NQ JUN26,SHORT,1,24386.00,24336.50,985.64,981.28,196.3,WIN,TARGET_HIT,24438.00,1040.00,2026-05-07 09:31:06
2026-02-24,2026-02-24 10:15:00,2026-02-24 10:30:00,OG,Backtest,AdxDiCrossBracketOG,OG_AdxDiCrossBracketOG,OG,NQ,NQ JUN26,LONG,1,25109.25,25175.00,1310.64,1306.28,261.3,WIN,TARGET_HIT,25042.00,1345.00,2026-05-07 09:31:06
2026-02-24,2026-02-24 09:50:00,2026-02-24 09:50:00,OG,Backtest,AdxDiCrossBracketOG,OG_AdxDiCrossBracketOG,OG,NQ,NQ JUN26,LONG,1,25120.50,25157.50,735.64,731.28,146.3,WIN,TARGET_HIT,25081.50,780.00,2026-05-07 09:31:06
2026-02-24,2026-02-24 10:15:00,2026-02-24 10:15:00,OG,Backtest,AdxDiCrossBracketOG,OG_AdxDiCrossBracketOG,OG,NQ,NQ JUN26,LONG,1,25109.25,25063.75,-914.36,-918.72,-183.7,LOSS,STOP_HIT,25064.25,900.00,2026-05-07 09:31:06
2026-05-01,2026-05-01 11:20:00,2026-05-01 11:40:00,OG,Backtest,AdxDiCrossBracketOG,OG_AdxDiCrossBracketOG,OG,NQ,NQ JUN26,LONG,1,27837.25,27877.75,805.64,801.28,160.3,WIN,TARGET_HIT,27796.25,820.00,2026-05-07 09:31:06
2026-03-24,2026-03-24 11:00:00,2026-03-24 11:00:00,OG,Backtest,AdxDiCrossBracketOG,OG_AdxDiCrossBracketOG,OG,NQ,NQ JUN26,LONG,1,24281.50,24217.75,-1279.36,-1283.72,-256.7,LOSS,STOP_HIT,24218.25,1265.00,2026-05-07 09:31:06
2026-04-07,2026-04-07 11:40:00,2026-04-07 12:00:00,OG,Backtest,AdxDiCrossBracketOG,OG_AdxDiCrossBracketOG,OG,NQ,NQ JUN26,LONG,1,24071.50,24083.00,225.64,221.28,44.3,WIN,STOP_HIT,24025.00,930.00,2026-05-07 09:31:06
2026-04-13,2026-04-13 10:00:00,2026-04-13 10:05:00,OG,Backtest,AdxDiCrossBracketOG,OG_AdxDiCrossBracketOG,OG,NQ,NQ JUN26,LONG,1,25271.50,25306.25,690.64,686.28,137.3,WIN,STOP_HIT,25200.75,1415.00,2026-05-07 09:31:06
2026-03-25,2026-03-25 11:20:00,2026-03-25 11:20:00,OG,Backtest,AdxDiCrossBracketOG,OG_AdxDiCrossBracketOG,OG,NQ,NQ JUN26,SHORT,1,24386.00,24336.50,985.64,981.28,196.3,WIN,TARGET_HIT,24438.00,1040.00,2026-05-07 09:31:06
2026-04-16,2026-04-16 10:15:00,2026-04-16 10:15:00,OG,Backtest,AdxDiCrossBracketOG,OG_AdxDiCrossBracketOG,OG,NQ,NQ JUN26,LONG,1,26347.25,26381.00,670.64,666.28,133.3,WIN,TARGET_HIT,26311.50,715.00,2026-05-07 09:31:06
2026-03-19,2026-03-19 11:15:00,2026-03-19 11:25:00,OG,Backtest,AdxDiCrossBracketOG,OG_AdxDiCrossBracketOG,OG,NQ,NQ JUN26,LONG,1,24530.25,24486.25,-884.36,-888.72,-177.7,LOSS,STOP_HIT,24473.00,1145.00,2026-05-07 09:31:06
2026-01-21,2026-01-21 11:45:00,2026-01-21 11:45:00,OG,Backtest,AdxDiCrossBracketOG,OG_AdxDiCrossBracketOG,OG,NQ,NQ JUN26,SHORT,1,25543.75,25505.75,755.64,751.28,150.3,WIN,TARGET_HIT,25582.25,770.00,2026-05-07 09:31:06
2026-04-21,2026-04-21 11:05:00,2026-04-21 11:05:00,OG,Backtest,AdxDiCrossBracketOG,OG_AdxDiCrossBracketOG,OG,NQ,NQ JUN26,SHORT,1,26737.25,26702.00,700.64,696.28,139.3,WIN,TARGET_HIT,26771.50,685.00,2026-05-07 09:31:06
2026-03-24,2026-03-24 11:00:00,2026-03-24 11:00:00,OG,Backtest,AdxDiCrossBracketOG,OG_AdxDiCrossBracketOG,OG,NQ,NQ JUN26,LONG,1,24281.50,24217.75,-1279.36,-1283.72,-256.7,LOSS,STOP_HIT,24218.25,1265.00,2026-05-07 09:31:06
2026-01-09,2026-01-09 09:55:00,2026-01-09 09:55:00,OG,Backtest,AdxDiCrossBracketOG,OG_AdxDiCrossBracketOG,OG,NQ,NQ JUN26,SHORT,1,25913.25,25948.25,-704.36,-708.72,-141.7,LOSS,STOP_HIT,25947.75,690.00,2026-05-07 09:31:06
2026-03-25,2026-03-25 11:20:00,2026-03-25 11:20:00,OG,Backtest,AdxDiCrossBracketOG,OG_AdxDiCrossBracketOG,OG,NQ,NQ JUN26,SHORT,1,24386.00,24336.50,985.64,981.28,196.3,WIN,TARGET_HIT,24438.00,1040.00,2026-05-07 09:31:06
2026-04-21,2026-04-21 11:05:00,2026-04-21 11:05:00,OG,Backtest,AdxDiCrossBracketOG,OG_AdxDiCrossBracketOG,OG,NQ,NQ JUN26,SHORT,1,26737.25,26702.00,700.64,696.28,139.3,WIN,TARGET_HIT,26771.50,685.00,2026-05-07 09:31:06
2026-01-09,2026-01-09 09:45:00,2026-01-09 09:50:00,OG,Backtest,AdxDiCrossBracketOG,OG_AdxDiCrossBracketOG,OG,NQ,NQ JUN26,LONG,1,25965.00,25937.50,-554.36,-558.72,-111.7,LOSS,STOP_HIT,25938.00,540.00,2026-05-07 09:31:06
2026-03-06,2026-03-06 11:10:00,2026-03-06 11:15:00,OG,Backtest,AdxDiCrossBracketOG,OG_AdxDiCrossBracketOG,OG,NQ,NQ JUN26,LONG,1,25101.50,25059.00,-854.36,-858.72,-171.7,LOSS,STOP_HIT,25038.75,1255.00,2026-05-07 09:31:06
2026-05-01,2026-05-01 11:20:00,2026-05-01 11:40:00,OG,Backtest,AdxDiCrossBracketOG,OG_AdxDiCrossBracketOG,OG,NQ,NQ JUN26,LONG,1,27837.25,27877.75,805.64,801.28,160.3,WIN,TARGET_HIT,27796.25,820.00,2026-05-07 09:31:06
2026-03-20,2026-03-20 11:30:00,2026-03-20 12:30:00,OG,Backtest,AdxDiCrossBracketOG,OG_AdxDiCrossBracketOG,OG,NQ,NQ JUN26,LONG,1,24274.25,24309.75,705.64,701.28,140.3,WIN,STOP_HIT,24165.75,2170.00,2026-05-07 09:31:06
2026-04-06,2026-04-06 10:55:00,2026-04-06 11:00:00,OG,Backtest,AdxDiCrossBracketOG,OG_AdxDiCrossBracketOG,OG,NQ,NQ JUN26,SHORT,1,24269.25,24321.50,-1049.36,-1053.72,-210.7,LOSS,STOP_HIT,24321.00,1035.00,2026-05-07 09:31:06
2026-04-16,2026-04-16 10:00:00,2026-04-16 10:00:00,OG,Backtest,AdxDiCrossBracketOG,OG_AdxDiCrossBracketOG,OG,NQ,NQ JUN26,SHORT,1,26282.00,26314.50,-654.36,-658.72,-131.7,LOSS,STOP_HIT,26314.00,640.00,2026-05-07 09:31:06
2026-03-06,2026-03-06 11:10:00,2026-03-06 11:15:00,OG,Backtest,AdxDiCrossBracketOG,OG_AdxDiCrossBracketOG,OG,NQ,NQ JUN26,LONG,1,25101.50,25059.00,-854.36,-858.72,-171.7,LOSS,STOP_HIT,25038.75,1255.00,2026-05-07 09:31:06
2026-04-06,2026-04-06 11:05:00,2026-04-06 11:25:00,OG,Backtest,AdxDiCrossBracketOG,OG_AdxDiCrossBracketOG,OG,NQ,NQ JUN26,LONG,1,24306.75,24291.50,-309.36,-313.72,-62.7,LOSS,STOP_HIT,24255.50,1025.00,2026-05-07 09:31:06
2026-03-27,2026-03-27 11:40:00,2026-03-27 11:45:00,OG,Backtest,AdxDiCrossBracketOG,OG_AdxDiCrossBracketOG,OG,NQ,NQ JUN26,LONG,1,23597.00,23541.00,-1124.36,-1128.72,-225.7,LOSS,STOP_HIT,23541.50,1110.00,2026-05-07 09:31:06
2026-04-13,2026-04-13 10:00:00,2026-04-13 10:05:00,OG,Backtest,AdxDiCrossBracketOG,OG_AdxDiCrossBracketOG,OG,NQ,NQ JUN26,LONG,1,25271.50,25306.25,690.64,686.28,137.3,WIN,STOP_HIT,25200.75,1415.00,2026-05-07 09:31:06
2026-02-05,2026-02-05 11:40:00,2026-02-05 11:50:00,OG,Backtest,AdxDiCrossBracketOG,OG_AdxDiCrossBracketOG,OG,NQ,NQ JUN26,LONG,1,25025.50,24992.25,-669.36,-673.72,-134.7,LOSS,STOP_HIT,24938.00,1750.00,2026-05-07 09:31:06
2026-01-16,2026-01-16 11:30:00,2026-01-16 11:35:00,OG,Backtest,AdxDiCrossBracketOG,OG_AdxDiCrossBracketOG,OG,NQ,NQ JUN26,LONG,1,25911.50,25925.25,270.64,266.28,53.3,WIN,STOP_HIT,25874.75,735.00,2026-05-07 09:31:06
2026-04-16,2026-04-16 10:00:00,2026-04-16 10:00:00,OG,Backtest,AdxDiCrossBracketOG,OG_AdxDiCrossBracketOG,OG,NQ,NQ JUN26,SHORT,1,26282.00,26314.50,-654.36,-658.72,-131.7,LOSS,STOP_HIT,26314.00,640.00,2026-05-07 09:31:06
2026-01-07,2026-01-07 09:50:00,2026-01-07 10:00:00,OG,Backtest,AdxDiCrossBracketOG,OG_AdxDiCrossBracketOG,OG,NQ,NQ JUN26,LONG,1,26063.75,26063.00,-19.36,-23.72,-4.7,LOSS,STOP_HIT,26039.00,495.00,2026-05-07 09:31:06
2026-04-06,2026-04-06 10:55:00,2026-04-06 11:00:00,OG,Backtest,AdxDiCrossBracketOG,OG_AdxDiCrossBracketOG,OG,NQ,NQ JUN26,SHORT,1,24269.25,24321.50,-1049.36,-1053.72,-210.7,LOSS,STOP_HIT,24321.00,1035.00,2026-05-07 09:31:06
2026-02-05,2026-02-05 11:40:00,2026-02-05 11:50:00,OG,Backtest,AdxDiCrossBracketOG,OG_AdxDiCrossBracketOG,OG,NQ,NQ JUN26,LONG,1,25025.50,24992.25,-669.36,-673.72,-134.7,LOSS,STOP_HIT,24938.00,1750.00,2026-05-07 09:31:06
2026-03-27,2026-03-27 11:40:00,2026-03-27 11:45:00,OG,Backtest,AdxDiCrossBracketOG,OG_AdxDiCrossBracketOG,OG,NQ,NQ JUN26,LONG,1,23597.00,23541.00,-1124.36,-1128.72,-225.7,LOSS,STOP_HIT,23541.50,1110.00,2026-05-07 09:31:06
2026-04-21,2026-04-21 11:05:00,2026-04-21 11:05:00,OG,Backtest,AdxDiCrossBracketOG,OG_AdxDiCrossBracketOG,OG,NQ,NQ JUN26,SHORT,1,26737.25,26684.75,1045.64,1041.28,208.3,WIN,TARGET_HIT,26788.75,1030.00,2026-05-07 09:31:06
2026-03-24,2026-03-24 11:00:00,2026-03-24 11:00:00,OG,Backtest,AdxDiCrossBracketOG,OG_AdxDiCrossBracketOG,OG,NQ,NQ JUN26,LONG,1,24281.50,24217.75,-1279.36,-1283.72,-256.7,LOSS,STOP_HIT,24218.25,1265.00,2026-05-07 09:31:06
2026-04-07,2026-04-07 11:40:00,2026-04-07 12:00:00,OG,Backtest,AdxDiCrossBracketOG,OG_AdxDiCrossBracketOG,OG,NQ,NQ JUN26,LONG,1,24071.50,24083.00,225.64,221.28,44.3,WIN,STOP_HIT,24025.00,930.00,2026-05-07 09:31:06
2026-03-03,2026-03-03 11:25:00,2026-03-03 11:40:00,OG,Backtest,AdxDiCrossBracketOG,OG_AdxDiCrossBracketOG,OG,NQ,NQ JUN26,LONG,1,24794.50,24817.25,450.64,446.28,89.3,WIN,STOP_HIT,24724.00,1410.00,2026-05-07 09:31:07
2026-05-01,2026-05-01 11:10:00,2026-05-01 11:15:00,OG,Backtest,AdxDiCrossBracketOG,OG_AdxDiCrossBracketOG,OG,NQ,NQ JUN26,SHORT,1,27795.25,27837.00,-839.36,-843.72,-168.7,LOSS,STOP_HIT,27836.50,825.00,2026-05-07 09:31:07
2026-04-06,2026-04-06 11:05:00,2026-04-06 11:25:00,OG,Backtest,AdxDiCrossBracketOG,OG_AdxDiCrossBracketOG,OG,NQ,NQ JUN26,LONG,1,24306.75,24294.50,-249.36,-253.72,-50.7,LOSS,STOP_HIT,24255.50,1025.00,2026-05-07 09:31:07
2026-03-25,2026-03-25 11:20:00,2026-03-25 11:20:00,OG,Backtest,AdxDiCrossBracketOG,OG_AdxDiCrossBracketOG,OG,NQ,NQ JUN26,SHORT,1,24386.00,24336.50,985.64,981.28,196.3,WIN,TARGET_HIT,24438.00,1040.00,2026-05-07 09:31:07
2026-04-16,2026-04-16 10:15:00,2026-04-16 10:50:00,OG,Backtest,AdxDiCrossBracketOG,OG_AdxDiCrossBracketOG,OG,NQ,NQ JUN26,LONG,1,26347.25,26415.50,1360.64,1356.28,271.3,WIN,TARGET_HIT,26277.00,1405.00,2026-05-07 09:31:07
2026-02-24,2026-02-24 10:15:00,2026-02-24 10:15:00,OG,Backtest,AdxDiCrossBracketOG,OG_AdxDiCrossBracketOG,OG,NQ,NQ JUN26,LONG,1,25109.25,25063.75,-914.36,-918.72,-183.7,LOSS,STOP_HIT,25064.25,900.00,2026-05-07 09:31:07
2026-04-06,2026-04-06 10:55:00,2026-04-06 11:00:00,OG,Backtest,AdxDiCrossBracketOG,OG_AdxDiCrossBracketOG,OG,NQ,NQ JUN26,SHORT,1,24269.25,24321.50,-1049.36,-1053.72,-210.7,LOSS,STOP_HIT,24321.00,1035.00,2026-05-07 09:31:07
2026-05-01,2026-05-01 11:20:00,2026-05-01 11:40:00,OG,Backtest,AdxDiCrossBracketOG,OG_AdxDiCrossBracketOG,OG,NQ,NQ JUN26,LONG,1,27837.25,27877.75,805.64,801.28,160.3,WIN,TARGET_HIT,27796.25,820.00,2026-05-07 09:31:07
2026-02-24,2026-02-24 10:15:00,2026-02-24 10:15:00,OG,Backtest,AdxDiCrossBracketOG,OG_AdxDiCrossBracketOG,OG,NQ,NQ JUN26,LONG,1,25109.25,25063.75,-914.36,-918.72,-183.7,LOSS,STOP_HIT,25064.25,900.00,2026-05-07 09:31:07
2026-03-09,2026-03-09 10:45:00,2026-03-09 10:50:00,OG,Backtest,AdxDiCrossBracketOG,OG_AdxDiCrossBracketOG,OG,NQ,NQ JUN26,LONG,1,24692.00,24762.25,1400.64,1396.28,279.3,WIN,TARGET_HIT,24622.25,1395.00,2026-05-07 09:31:07
2026-02-10,2026-02-10 09:45:00,2026-02-10 09:45:00,OG,Backtest,AdxDiCrossBracketOG,OG_AdxDiCrossBracketOG,OG,NQ,NQ JUN26,SHORT,1,25535.25,25500.25,695.64,691.28,138.3,WIN,TARGET_HIT,25571.75,730.00,2026-05-07 09:31:07
2026-01-07,2026-01-07 09:50:00,2026-01-07 10:00:00,OG,Backtest,AdxDiCrossBracketOG,OG_AdxDiCrossBracketOG,OG,NQ,NQ JUN26,LONG,1,26063.75,26063.00,-19.36,-23.72,-4.7,LOSS,STOP_HIT,26039.00,495.00,2026-05-07 09:31:07
2026-03-06,2026-03-06 11:10:00,2026-03-06 11:15:00,OG,Backtest,AdxDiCrossBracketOG,OG_AdxDiCrossBracketOG,OG,NQ,NQ JUN26,LONG,1,25101.50,25059.00,-854.36,-858.72,-171.7,LOSS,STOP_HIT,25038.75,1255.00,2026-05-07 09:31:07
2026-02-11,2026-02-11 11:05:00,2026-02-11 11:10:00,OG,Backtest,AdxDiCrossBracketOG,OG_AdxDiCrossBracketOG,OG,NQ,NQ JUN26,LONG,1,25453.50,25418.25,-709.36,-713.72,-142.7,LOSS,STOP_HIT,25363.00,1810.00,2026-05-07 09:31:07
2026-04-21,2026-04-21 11:05:00,2026-04-21 11:05:00,OG,Backtest,AdxDiCrossBracketOG,OG_AdxDiCrossBracketOG,OG,NQ,NQ JUN26,SHORT,1,26737.25,26702.00,700.64,696.28,139.3,WIN,TARGET_HIT,26771.50,685.00,2026-05-07 09:31:07
2026-03-09,2026-03-09 10:45:00,2026-03-09 10:50:00,OG,Backtest,AdxDiCrossBracketOG,OG_AdxDiCrossBracketOG,OG,NQ,NQ JUN26,LONG,1,24692.00,24762.25,1400.64,1396.28,279.3,WIN,TARGET_HIT,24622.25,1395.00,2026-05-07 09:31:07
2026-04-06,2026-04-06 10:55:00,2026-04-06 11:00:00,OG,Backtest,AdxDiCrossBracketOG,OG_AdxDiCrossBracketOG,OG,NQ,NQ JUN26,SHORT,1,24269.25,24321.50,-1049.36,-1053.72,-210.7,LOSS,STOP_HIT,24321.00,1035.00,2026-05-07 09:31:07
2026-01-20,2026-01-20 10:50:00,2026-01-20 10:55:00,OG,Backtest,AdxDiCrossBracketOG,OG_AdxDiCrossBracketOG,OG,NQ,NQ JUN26,LONG,1,25598.00,25559.50,-774.36,-778.72,-155.7,LOSS,STOP_HIT,25550.75,945.00,2026-05-07 09:31:07
2026-02-24,2026-02-24 10:15:00,2026-02-24 10:15:00,OG,Backtest,AdxDiCrossBracketOG,OG_AdxDiCrossBracketOG,OG,NQ,NQ JUN26,LONG,1,25109.25,25063.75,-914.36,-918.72,-183.7,LOSS,STOP_HIT,25064.25,900.00,2026-05-07 09:31:07
2026-01-21,2026-01-21 11:45:00,2026-01-21 11:50:00,OG,Backtest,AdxDiCrossBracketOG,OG_AdxDiCrossBracketOG,OG,NQ,NQ JUN26,SHORT,1,25543.75,25486.50,1140.64,1136.28,227.3,WIN,TARGET_HIT,25601.50,1155.00,2026-05-07 09:31:07
2026-05-01,2026-05-01 11:20:00,2026-05-01 11:40:00,OG,Backtest,AdxDiCrossBracketOG,OG_AdxDiCrossBracketOG,OG,NQ,NQ JUN26,LONG,1,27837.25,27877.75,805.64,801.28,160.3,WIN,TARGET_HIT,27796.25,820.00,2026-05-07 09:31:07
2026-01-21,2026-01-21 11:45:00,2026-01-21 11:45:00,OG,Backtest,AdxDiCrossBracketOG,OG_AdxDiCrossBracketOG,OG,NQ,NQ JUN26,SHORT,1,25543.75,25505.75,755.64,751.28,150.3,WIN,TARGET_HIT,25582.25,770.00,2026-05-07 09:31:07
2026-04-07,2026-04-07 11:40:00,2026-04-07 12:00:00,OG,Backtest,AdxDiCrossBracketOG,OG_AdxDiCrossBracketOG,OG,NQ,NQ JUN26,LONG,1,24071.50,24083.00,225.64,221.28,44.3,WIN,STOP_HIT,24001.75,1395.00,2026-05-07 09:31:07
2026-02-03,2026-02-03 09:50:00,2026-02-03 09:50:00,OG,Backtest,AdxDiCrossBracketOG,OG_AdxDiCrossBracketOG,OG,NQ,NQ JUN26,SHORT,1,25960.75,26016.50,-1119.36,-1123.72,-224.7,LOSS,STOP_HIT,26016.00,1105.00,2026-05-07 09:31:07
2026-04-16,2026-04-16 10:00:00,2026-04-16 10:05:00,OG,Backtest,AdxDiCrossBracketOG,OG_AdxDiCrossBracketOG,OG,NQ,NQ JUN26,SHORT,1,26282.00,26330.25,-969.36,-973.72,-194.7,LOSS,STOP_HIT,26329.75,955.00,2026-05-07 09:31:07
2026-03-06,2026-03-06 11:10:00,2026-03-06 11:15:00,OG,Backtest,AdxDiCrossBracketOG,OG_AdxDiCrossBracketOG,OG,NQ,NQ JUN26,LONG,1,25101.50,25059.00,-854.36,-858.72,-171.7,LOSS,STOP_HIT,25007.25,1885.00,2026-05-07 09:31:07
2026-01-06,2026-01-06 11:00:00,2026-01-06 11:10:00,OG,Backtest,AdxDiCrossBracketOG,OG_AdxDiCrossBracketOG,OG,NQ,NQ JUN26,SHORT,1,25909.25,25866.25,855.64,851.28,170.3,WIN,TARGET_HIT,25952.75,870.00,2026-05-07 09:31:07
2026-02-05,2026-02-05 11:40:00,2026-02-05 11:50:00,OG,Backtest,AdxDiCrossBracketOG,OG_AdxDiCrossBracketOG,OG,NQ,NQ JUN26,LONG,1,25025.50,24992.25,-669.36,-673.72,-134.7,LOSS,STOP_HIT,24938.00,1750.00,2026-05-07 09:31:07
2026-03-12,2026-03-12 11:50:00,2026-03-12 11:55:00,OG,Backtest,AdxDiCrossBracketOG,OG_AdxDiCrossBracketOG,OG,NQ,NQ JUN26,LONG,1,24898.00,24865.50,-654.36,-658.72,-131.7,LOSS,STOP_HIT,24818.25,1595.00,2026-05-07 09:31:07
2026-04-16,2026-04-16 10:00:00,2026-04-16 10:00:00,OG,Backtest,AdxDiCrossBracketOG,OG_AdxDiCrossBracketOG,OG,NQ,NQ JUN26,SHORT,1,26282.00,26314.50,-654.36,-658.72,-131.7,LOSS,STOP_HIT,26314.00,640.00,2026-05-07 09:31:07
2026-05-01,2026-05-01 11:10:00,2026-05-01 11:20:00,OG,Backtest,AdxDiCrossBracketOG,OG_AdxDiCrossBracketOG,OG,NQ,NQ JUN26,SHORT,1,27795.25,27837.25,-844.36,-848.72,-169.7,LOSS,STOP_HIT,27857.00,1235.00,2026-05-07 09:31:07
2026-02-11,2026-02-11 11:05:00,2026-02-11 11:10:00,OG,Backtest,AdxDiCrossBracketOG,OG_AdxDiCrossBracketOG,OG,NQ,NQ JUN26,LONG,1,25453.50,25418.25,-709.36,-713.72,-142.7,LOSS,STOP_HIT,25393.00,1210.00,2026-05-07 09:31:07
2026-01-09,2026-01-09 09:55:00,2026-01-09 09:55:00,OG,Backtest,AdxDiCrossBracketOG,OG_AdxDiCrossBracketOG,OG,NQ,NQ JUN26,SHORT,1,25913.25,25965.00,-1039.36,-1043.72,-208.7,LOSS,STOP_HIT,25964.50,1025.00,2026-05-07 09:31:07
2026-01-21,2026-01-21 11:45:00,2026-01-21 11:45:00,OG,Backtest,AdxDiCrossBracketOG,OG_AdxDiCrossBracketOG,OG,NQ,NQ JUN26,SHORT,1,25543.75,25505.75,755.64,751.28,150.3,WIN,TARGET_HIT,25582.25,770.00,2026-05-07 09:31:07
2026-01-16,2026-01-16 11:30:00,2026-01-16 11:35:00,OG,Backtest,AdxDiCrossBracketOG,OG_AdxDiCrossBracketOG,OG,NQ,NQ JUN26,LONG,1,25911.50,25925.25,270.64,266.28,53.3,WIN,STOP_HIT,25874.75,735.00,2026-05-07 09:31:07
2026-04-16,2026-04-16 10:00:00,2026-04-16 10:00:00,OG,Backtest,AdxDiCrossBracketOG,OG_AdxDiCrossBracketOG,OG,NQ,NQ JUN26,SHORT,1,26282.00,26314.50,-654.36,-658.72,-131.7,LOSS,STOP_HIT,26314.00,640.00,2026-05-07 09:31:07
2026-02-11,2026-02-11 10:20:00,2026-02-11 10:20:00,OG,Backtest,AdxDiCrossBracketOG,OG_AdxDiCrossBracketOG,OG,NQ,NQ JUN26,SHORT,1,25396.00,25345.50,1005.64,1001.28,200.3,WIN,TARGET_HIT,25448.50,1050.00,2026-05-07 09:31:07
2026-04-07,2026-04-07 11:40:00,2026-04-07 12:00:00,OG,Backtest,AdxDiCrossBracketOG,OG_AdxDiCrossBracketOG,OG,NQ,NQ JUN26,LONG,1,24071.50,24083.00,225.64,221.28,44.3,WIN,STOP_HIT,24025.00,930.00,2026-05-07 09:31:07
2026-01-06,2026-01-06 11:00:00,2026-01-06 11:05:00,OG,Backtest,AdxDiCrossBracketOG,OG_AdxDiCrossBracketOG,OG,NQ,NQ JUN26,SHORT,1,25909.25,25880.75,565.64,561.28,112.3,WIN,TARGET_HIT,25938.25,580.00,2026-05-07 09:31:07
2026-01-20,2026-01-20 10:50:00,2026-01-20 10:55:00,OG,Backtest,AdxDiCrossBracketOG,OG_AdxDiCrossBracketOG,OG,NQ,NQ JUN26,LONG,1,25598.00,25559.50,-774.36,-778.72,-155.7,LOSS,STOP_HIT,25550.75,945.00,2026-05-07 09:31:07
2026-01-28,2026-01-28 10:55:00,2026-01-28 11:05:00,OG,Backtest,AdxDiCrossBracketOG,OG_AdxDiCrossBracketOG,OG,NQ,NQ JUN26,SHORT,1,26395.25,26393.25,35.64,31.28,6.3,WIN,STOP_HIT,26429.00,675.00,2026-05-07 09:31:07
2026-02-03,2026-02-03 09:50:00,2026-02-03 09:50:00,OG,Backtest,AdxDiCrossBracketOG,OG_AdxDiCrossBracketOG,OG,NQ,NQ JUN26,SHORT,1,25960.75,25998.50,-759.36,-763.72,-152.7,LOSS,STOP_HIT,25998.00,745.00,2026-05-07 09:31:07
2026-01-09,2026-01-09 09:55:00,2026-01-09 09:55:00,OG,Backtest,AdxDiCrossBracketOG,OG_AdxDiCrossBracketOG,OG,NQ,NQ JUN26,SHORT,1,25913.25,25965.00,-1039.36,-1043.72,-208.7,LOSS,STOP_HIT,25964.50,1025.00,2026-05-07 09:31:07
2026-01-28,2026-01-28 10:55:00,2026-01-28 11:05:00,OG,Backtest,AdxDiCrossBracketOG,OG_AdxDiCrossBracketOG,OG,NQ,NQ JUN26,SHORT,1,26395.25,26393.25,35.64,31.28,6.3,WIN,STOP_HIT,26429.00,675.00,2026-05-07 09:31:07
2026-02-10,2026-02-10 09:45:00,2026-02-10 09:45:00,OG,Backtest,AdxDiCrossBracketOG,OG_AdxDiCrossBracketOG,OG,NQ,NQ JUN26,SHORT,1,25535.25,25500.25,695.64,691.28,138.3,WIN,TARGET_HIT,25571.75,730.00,2026-05-07 09:31:07
2026-01-21,2026-01-21 11:45:00,2026-01-21 11:45:00,OG,Backtest,AdxDiCrossBracketOG,OG_AdxDiCrossBracketOG,OG,NQ,NQ JUN26,SHORT,1,25543.75,25505.75,755.64,751.28,150.3,WIN,TARGET_HIT,25582.25,770.00,2026-05-07 09:31:07
2026-03-12,2026-03-12 11:50:00,2026-03-12 11:55:00,OG,Backtest,AdxDiCrossBracketOG,OG_AdxDiCrossBracketOG,OG,NQ,NQ JUN26,LONG,1,24898.00,24865.50,-654.36,-658.72,-131.7,LOSS,STOP_HIT,24818.25,1595.00,2026-05-07 09:31:07
2026-02-11,2026-02-11 11:05:00,2026-02-11 11:10:00,OG,Backtest,AdxDiCrossBracketOG,OG_AdxDiCrossBracketOG,OG,NQ,NQ JUN26,LONG,1,25453.50,25418.25,-709.36,-713.72,-142.7,LOSS,STOP_HIT,25363.00,1810.00,2026-05-07 09:31:07
2026-01-28,2026-01-28 10:55:00,2026-01-28 11:05:00,OG,Backtest,AdxDiCrossBracketOG,OG_AdxDiCrossBracketOG,OG,NQ,NQ JUN26,SHORT,1,26395.25,26393.25,35.64,31.28,6.3,WIN,STOP_HIT,26445.25,1000.00,2026-05-07 09:31:07
2026-02-13,2026-02-13 10:35:00,2026-02-13 10:35:00,OG,Backtest,AdxDiCrossBracketOG,OG_AdxDiCrossBracketOG,OG,NQ,NQ JUN26,LONG,1,25058.00,25127.00,1375.64,1371.28,274.3,WIN,TARGET_HIT,24987.50,1410.00,2026-05-07 09:31:07
2026-02-11,2026-02-11 10:20:00,2026-02-11 10:20:00,OG,Backtest,AdxDiCrossBracketOG,OG_AdxDiCrossBracketOG,OG,NQ,NQ JUN26,SHORT,1,25396.00,25345.50,1005.64,1001.28,200.3,WIN,TARGET_HIT,25448.50,1050.00,2026-05-07 09:31:07
2026-02-24,2026-02-24 09:50:00,2026-02-24 09:50:00,OG,Backtest,AdxDiCrossBracketOG,OG_AdxDiCrossBracketOG,OG,NQ,NQ JUN26,LONG,1,25120.50,25157.50,735.64,731.28,146.3,WIN,TARGET_HIT,25081.50,780.00,2026-05-07 09:31:07
2026-02-05,2026-02-05 11:40:00,2026-02-05 11:50:00,OG,Backtest,AdxDiCrossBracketOG,OG_AdxDiCrossBracketOG,OG,NQ,NQ JUN26,LONG,1,25025.50,24992.25,-669.36,-673.72,-134.7,LOSS,STOP_HIT,24938.00,1750.00,2026-05-07 09:31:07
2026-02-11,2026-02-11 11:05:00,2026-02-11 11:10:00,OG,Backtest,AdxDiCrossBracketOG,OG_AdxDiCrossBracketOG,OG,NQ,NQ JUN26,LONG,1,25453.50,25418.25,-709.36,-713.72,-142.7,LOSS,STOP_HIT,25393.00,1210.00,2026-05-07 09:31:07
2026-02-10,2026-02-10 09:45:00,2026-02-10 09:45:00,OG,Backtest,AdxDiCrossBracketOG,OG_AdxDiCrossBracketOG,OG,NQ,NQ JUN26,SHORT,1,25535.25,25500.25,695.64,691.28,138.3,WIN,TARGET_HIT,25571.75,730.00,2026-05-07 09:31:07
2026-02-11,2026-02-11 10:20:00,2026-02-11 10:25:00,OG,Backtest,AdxDiCrossBracketOG,OG_AdxDiCrossBracketOG,OG,NQ,NQ JUN26,SHORT,1,25396.00,25319.50,1525.64,1521.28,304.3,WIN,TARGET_HIT,25474.50,1570.00,2026-05-07 09:31:07
2026-02-24,2026-02-24 10:10:00,2026-02-24 10:10:00,OG,Backtest,AdxDiCrossBracketOG,OG_AdxDiCrossBracketOG,OG,NQ,NQ JUN26,SHORT,1,25048.75,25092.75,-884.36,-888.72,-177.7,LOSS,STOP_HIT,25092.25,870.00,2026-05-07 09:31:07
2026-02-24,2026-02-24 10:15:00,2026-02-24 10:15:00,OG,Backtest,AdxDiCrossBracketOG,OG_AdxDiCrossBracketOG,OG,NQ,NQ JUN26,LONG,1,25109.25,25063.75,-914.36,-918.72,-183.7,LOSS,STOP_HIT,25064.25,900.00,2026-05-07 09:31:07
2026-01-07,2026-01-07 09:50:00,2026-01-07 10:00:00,OG,Backtest,AdxDiCrossBracketOG,OG_AdxDiCrossBracketOG,OG,NQ,NQ JUN26,LONG,1,26063.75,26063.00,-19.36,-23.72,-4.7,LOSS,STOP_HIT,26039.00,495.00,2026-05-07 09:31:07
2026-03-03,2026-03-03 11:25:00,2026-03-03 11:35:00,OG,Backtest,AdxDiCrossBracketOG,OG_AdxDiCrossBracketOG,OG,NQ,NQ JUN26,LONG,1,24794.50,24819.00,485.64,481.28,96.3,WIN,STOP_HIT,24689.25,2105.00,2026-05-07 09:31:07
2026-03-06,2026-03-06 11:10:00,2026-03-06 11:15:00,OG,Backtest,AdxDiCrossBracketOG,OG_AdxDiCrossBracketOG,OG,NQ,NQ JUN26,LONG,1,25101.50,25059.00,-854.36,-858.72,-171.7,LOSS,STOP_HIT,25007.25,1885.00,2026-05-07 09:31:07
2026-01-07,2026-01-07 09:50:00,2026-01-07 09:50:00,OG,Backtest,AdxDiCrossBracketOG,OG_AdxDiCrossBracketOG,OG,NQ,NQ JUN26,LONG,1,26063.75,26079.75,315.64,311.28,62.3,WIN,TARGET_HIT,26047.25,330.00,2026-05-07 09:31:07
2026-03-06,2026-03-06 11:10:00,2026-03-06 11:15:00,OG,Backtest,AdxDiCrossBracketOG,OG_AdxDiCrossBracketOG,OG,NQ,NQ JUN26,LONG,1,25101.50,25059.00,-854.36,-858.72,-171.7,LOSS,STOP_HIT,25007.25,1885.00,2026-05-07 09:31:07
2026-02-24,2026-02-24 09:50:00,2026-02-24 09:50:00,OG,Backtest,AdxDiCrossBracketOG,OG_AdxDiCrossBracketOG,OG,NQ,NQ JUN26,LONG,1,25120.50,25157.50,735.64,731.28,146.3,WIN,TARGET_HIT,25081.50,780.00,2026-05-07 09:31:07
2026-02-10,2026-02-10 09:45:00,2026-02-10 09:45:00,OG,Backtest,AdxDiCrossBracketOG,OG_AdxDiCrossBracketOG,OG,NQ,NQ JUN26,SHORT,1,25535.25,25500.25,695.64,691.28,138.3,WIN,TARGET_HIT,25571.75,730.00,2026-05-07 09:31:07
2026-01-07,2026-01-07 09:50:00,2026-01-07 09:50:00,OG,Backtest,AdxDiCrossBracketOG,OG_AdxDiCrossBracketOG,OG,NQ,NQ JUN26,LONG,1,26063.75,26079.75,315.64,311.28,62.3,WIN,TARGET_HIT,26047.25,330.00,2026-05-07 09:31:07
2026-01-09,2026-01-09 09:55:00,2026-01-09 09:55:00,OG,Backtest,AdxDiCrossBracketOG,OG_AdxDiCrossBracketOG,OG,NQ,NQ JUN26,SHORT,1,25913.25,25948.25,-704.36,-708.72,-141.7,LOSS,STOP_HIT,25947.75,690.00,2026-05-07 09:31:07
2026-04-06,2026-04-06 10:55:00,2026-04-06 11:00:00,OG,Backtest,AdxDiCrossBracketOG,OG_AdxDiCrossBracketOG,OG,NQ,NQ JUN26,SHORT,1,24269.25,24321.50,-1049.36,-1053.72,-210.7,LOSS,STOP_HIT,24321.00,1035.00,2026-05-07 09:31:07
2026-01-09,2026-01-09 09:55:00,2026-01-09 09:55:00,OG,Backtest,AdxDiCrossBracketOG,OG_AdxDiCrossBracketOG,OG,NQ,NQ JUN26,SHORT,1,25913.25,25948.25,-704.36,-708.72,-141.7,LOSS,STOP_HIT,25947.75,690.00,2026-05-07 09:31:07
2026-03-09,2026-03-09 10:45:00,2026-03-09 10:50:00,OG,Backtest,AdxDiCrossBracketOG,OG_AdxDiCrossBracketOG,OG,NQ,NQ JUN26,LONG,1,24692.00,24762.25,1400.64,1396.28,279.3,WIN,TARGET_HIT,24622.25,1395.00,2026-05-07 09:31:07
2026-03-24,2026-03-24 11:00:00,2026-03-24 11:00:00,OG,Backtest,AdxDiCrossBracketOG,OG_AdxDiCrossBracketOG,OG,NQ,NQ JUN26,LONG,1,24281.50,24186.50,-1904.36,-1908.72,-381.7,LOSS,STOP_HIT,24187.00,1890.00,2026-05-07 09:31:07
2026-01-16,2026-01-16 11:30:00,2026-01-16 11:35:00,OG,Backtest,AdxDiCrossBracketOG,OG_AdxDiCrossBracketOG,OG,NQ,NQ JUN26,LONG,1,25911.50,25925.25,270.64,266.28,53.3,WIN,STOP_HIT,25874.75,735.00,2026-05-07 09:31:07
2026-05-01,2026-05-01 11:20:00,2026-05-01 11:40:00,OG,Backtest,AdxDiCrossBracketOG,OG_AdxDiCrossBracketOG,OG,NQ,NQ JUN26,LONG,1,27837.25,27877.75,805.64,801.28,160.3,WIN,TARGET_HIT,27796.25,820.00,2026-05-07 09:31:07
2026-03-19,2026-03-19 11:15:00,2026-03-19 11:25:00,OG,Backtest,AdxDiCrossBracketOG,OG_AdxDiCrossBracketOG,OG,NQ,NQ JUN26,LONG,1,24530.25,24486.25,-884.36,-888.72,-177.7,LOSS,STOP_HIT,24473.00,1145.00,2026-05-07 09:31:07
2026-02-24,2026-02-24 10:10:00,2026-02-24 10:10:00,OG,Backtest,AdxDiCrossBracketOG,OG_AdxDiCrossBracketOG,OG,NQ,NQ JUN26,SHORT,1,25048.75,25114.00,-1309.36,-1313.72,-262.7,LOSS,STOP_HIT,25113.50,1295.00,2026-05-07 09:31:07
2026-03-27,2026-03-27 11:40:00,2026-03-27 12:00:00,OG,Backtest,AdxDiCrossBracketOG,OG_AdxDiCrossBracketOG,OG,NQ,NQ JUN26,LONG,1,23597.00,23559.75,-749.36,-753.72,-150.7,LOSS,STOP_HIT,23514.00,1660.00,2026-05-07 09:31:07
2026-04-02,2026-04-02 10:45:00,2026-04-02 10:45:00,OG,Backtest,AdxDiCrossBracketOG,OG_AdxDiCrossBracketOG,OG,NQ,NQ JUN26,LONG,1,24210.25,24134.00,-1529.36,-1533.72,-306.7,LOSS,STOP_HIT,24134.50,1515.00,2026-05-07 09:31:07
2026-04-16,2026-04-16 10:15:00,2026-04-16 10:15:00,OG,Backtest,AdxDiCrossBracketOG,OG_AdxDiCrossBracketOG,OG,NQ,NQ JUN26,LONG,1,26347.25,26381.00,670.64,666.28,133.3,WIN,TARGET_HIT,26311.50,715.00,2026-05-07 09:31:07
2026-02-05,2026-02-05 11:40:00,2026-02-05 11:50:00,OG,Backtest,AdxDiCrossBracketOG,OG_AdxDiCrossBracketOG,OG,NQ,NQ JUN26,LONG,1,25025.50,24992.25,-669.36,-673.72,-134.7,LOSS,STOP_HIT,24895.00,2610.00,2026-05-07 09:31:07
2026-04-02,2026-04-02 10:45:00,2026-04-02 10:55:00,OG,Backtest,AdxDiCrossBracketOG,OG_AdxDiCrossBracketOG,OG,NQ,NQ JUN26,LONG,1,24210.25,24114.75,-1914.36,-1918.72,-383.7,LOSS,STOP_HIT,24096.75,2270.00,2026-05-07 09:31:07
2026-02-11,2026-02-11 10:20:00,2026-02-11 10:20:00,OG,Backtest,AdxDiCrossBracketOG,OG_AdxDiCrossBracketOG,OG,NQ,NQ JUN26,SHORT,1,25396.00,25345.50,1005.64,1001.28,200.3,WIN,TARGET_HIT,25448.50,1050.00,2026-05-07 09:31:07
2026-03-25,2026-03-25 11:20:00,2026-03-25 11:20:00,OG,Backtest,AdxDiCrossBracketOG,OG_AdxDiCrossBracketOG,OG,NQ,NQ JUN26,SHORT,1,24386.00,24336.50,985.64,981.28,196.3,WIN,TARGET_HIT,24438.00,1040.00,2026-05-07 09:31:07
2026-04-02,2026-04-02 10:45:00,2026-04-02 10:45:00,OG,Backtest,AdxDiCrossBracketOG,OG_AdxDiCrossBracketOG,OG,NQ,NQ JUN26,LONG,1,24210.25,24134.00,-1529.36,-1533.72,-306.7,LOSS,STOP_HIT,24134.50,1515.00,2026-05-07 09:31:07
2026-04-16,2026-04-16 10:00:00,2026-04-16 10:05:00,OG,Backtest,AdxDiCrossBracketOG,OG_AdxDiCrossBracketOG,OG,NQ,NQ JUN26,SHORT,1,26282.00,26330.25,-969.36,-973.72,-194.7,LOSS,STOP_HIT,26329.75,955.00,2026-05-07 09:31:07
2026-02-11,2026-02-11 11:05:00,2026-02-11 11:10:00,OG,Backtest,AdxDiCrossBracketOG,OG_AdxDiCrossBracketOG,OG,NQ,NQ JUN26,LONG,1,25453.50,25418.25,-709.36,-713.72,-142.7,LOSS,STOP_HIT,25393.00,1210.00,2026-05-07 09:31:07
2026-04-16,2026-04-16 10:15:00,2026-04-16 10:15:00,OG,Backtest,AdxDiCrossBracketOG,OG_AdxDiCrossBracketOG,OG,NQ,NQ JUN26,LONG,1,26347.25,26381.00,670.64,666.28,133.3,WIN,TARGET_HIT,26311.50,715.00,2026-05-07 09:31:07
2026-04-16,2026-04-16 10:00:00,2026-04-16 10:00:00,OG,Backtest,AdxDiCrossBracketOG,OG_AdxDiCrossBracketOG,OG,NQ,NQ JUN26,SHORT,1,26282.00,26314.50,-654.36,-658.72,-131.7,LOSS,STOP_HIT,26314.00,640.00,2026-05-07 09:31:07
2026-04-21,2026-04-21 11:05:00,2026-04-21 11:05:00,OG,Backtest,AdxDiCrossBracketOG,OG_AdxDiCrossBracketOG,OG,NQ,NQ JUN26,SHORT,1,26737.25,26684.75,1045.64,1041.28,208.3,WIN,TARGET_HIT,26788.75,1030.00,2026-05-07 09:31:07
2026-05-01,2026-05-01 11:10:00,2026-05-01 11:20:00,OG,Backtest,AdxDiCrossBracketOG,OG_AdxDiCrossBracketOG,OG,NQ,NQ JUN26,SHORT,1,27795.25,27837.25,-844.36,-848.72,-169.7,LOSS,STOP_HIT,27857.00,1235.00,2026-05-07 09:31:07
2026-03-03,2026-03-03 11:25:00,2026-03-03 11:35:00,OG,Backtest,AdxDiCrossBracketOG,OG_AdxDiCrossBracketOG,OG,NQ,NQ JUN26,LONG,1,24794.50,24819.00,485.64,481.28,96.3,WIN,STOP_HIT,24689.25,2105.00,2026-05-07 09:31:07
2026-02-11,2026-02-11 11:05:00,2026-02-11 11:10:00,OG,Backtest,AdxDiCrossBracketOG,OG_AdxDiCrossBracketOG,OG,NQ,NQ JUN26,LONG,1,25453.50,25418.25,-709.36,-713.72,-142.7,LOSS,STOP_HIT,25393.00,1210.00,2026-05-07 09:31:07
2026-04-07,2026-04-07 11:40:00,2026-04-07 12:00:00,OG,Backtest,AdxDiCrossBracketOG,OG_AdxDiCrossBracketOG,OG,NQ,NQ JUN26,LONG,1,24071.50,24083.00,225.64,221.28,44.3,WIN,STOP_HIT,24001.75,1395.00,2026-05-07 09:31:07
2026-04-16,2026-04-16 10:15:00,2026-04-16 10:15:00,OG,Backtest,AdxDiCrossBracketOG,OG_AdxDiCrossBracketOG,OG,NQ,NQ JUN26,LONG,1,26347.25,26381.00,670.64,666.28,133.3,WIN,TARGET_HIT,26311.50,715.00,2026-05-07 09:31:07
2026-01-21,2026-01-21 11:45:00,2026-01-21 11:45:00,OG,Backtest,AdxDiCrossBracketOG,OG_AdxDiCrossBracketOG,OG,NQ,NQ JUN26,SHORT,1,25543.75,25505.75,755.64,751.28,150.3,WIN,TARGET_HIT,25582.25,770.00,2026-05-07 09:31:07
2026-02-24,2026-02-24 10:15:00,2026-02-24 10:15:00,OG,Backtest,AdxDiCrossBracketOG,OG_AdxDiCrossBracketOG,OG,NQ,NQ JUN26,LONG,1,25109.25,25063.75,-914.36,-918.72,-183.7,LOSS,STOP_HIT,25064.25,900.00,2026-05-07 09:31:07
2026-05-01,2026-05-01 11:20:00,2026-05-01 11:40:00,OG,Backtest,AdxDiCrossBracketOG,OG_AdxDiCrossBracketOG,OG,NQ,NQ JUN26,LONG,1,27837.25,27877.75,805.64,801.28,160.3,WIN,TARGET_HIT,27796.25,820.00,2026-05-07 09:31:07
2026-05-01,2026-05-01 11:10:00,2026-05-01 11:20:00,OG,Backtest,AdxDiCrossBracketOG,OG_AdxDiCrossBracketOG,OG,NQ,NQ JUN26,SHORT,1,27795.25,27837.25,-844.36,-848.72,-169.7,LOSS,STOP_HIT,27857.00,1235.00,2026-05-07 09:31:07
2026-05-01,2026-05-01 11:10:00,2026-05-01 11:15:00,OG,Backtest,AdxDiCrossBracketOG,OG_AdxDiCrossBracketOG,OG,NQ,NQ JUN26,SHORT,1,27795.25,27837.00,-839.36,-843.72,-168.7,LOSS,STOP_HIT,27836.50,825.00,2026-05-07 09:31:07
2026-02-10,2026-02-10 09:45:00,2026-02-10 09:45:00,OG,Backtest,AdxDiCrossBracketOG,OG_AdxDiCrossBracketOG,OG,NQ,NQ JUN26,SHORT,1,25535.25,25512.25,455.64,451.28,90.3,WIN,TARGET_HIT,25559.75,490.00,2026-05-07 09:31:07
2026-01-06,2026-01-06 11:00:00,2026-01-06 11:10:00,OG,Backtest,AdxDiCrossBracketOG,OG_AdxDiCrossBracketOG,OG,NQ,NQ JUN26,SHORT,1,25909.25,25866.25,855.64,851.28,170.3,WIN,TARGET_HIT,25952.75,870.00,2026-05-07 09:31:07
2026-03-19,2026-03-19 11:15:00,2026-03-19 11:25:00,OG,Backtest,AdxDiCrossBracketOG,OG_AdxDiCrossBracketOG,OG,NQ,NQ JUN26,LONG,1,24530.25,24486.25,-884.36,-888.72,-177.7,LOSS,STOP_HIT,24473.00,1145.00,2026-05-07 09:31:07
2026-01-07,2026-01-07 09:50:00,2026-01-07 09:50:00,OG,Backtest,AdxDiCrossBracketOG,OG_AdxDiCrossBracketOG,OG,NQ,NQ JUN26,LONG,1,26063.75,26079.75,315.64,311.28,62.3,WIN,TARGET_HIT,26047.25,330.00,2026-05-07 09:31:07
2026-03-12,2026-03-12 11:50:00,2026-03-12 11:50:00,OG,Backtest,AdxDiCrossBracketOG,OG_AdxDiCrossBracketOG,OG,NQ,NQ JUN26,LONG,1,24898.00,24844.00,-1084.36,-1088.72,-217.7,LOSS,STOP_HIT,24844.50,1070.00,2026-05-07 09:31:07
2026-01-07,2026-01-07 09:50:00,2026-01-07 09:50:00,OG,Backtest,AdxDiCrossBracketOG,OG_AdxDiCrossBracketOG,OG,NQ,NQ JUN26,LONG,1,26063.75,26079.75,315.64,311.28,62.3,WIN,TARGET_HIT,26047.25,330.00,2026-05-07 09:31:07
2026-05-01,2026-05-01 11:10:00,2026-05-01 11:15:00,OG,Backtest,AdxDiCrossBracketOG,OG_AdxDiCrossBracketOG,OG,NQ,NQ JUN26,SHORT,1,27795.25,27837.00,-839.36,-843.72,-168.7,LOSS,STOP_HIT,27836.50,825.00,2026-05-07 09:31:07
2026-03-25,2026-03-25 11:20:00,2026-03-25 11:20:00,OG,Backtest,AdxDiCrossBracketOG,OG_AdxDiCrossBracketOG,OG,NQ,NQ JUN26,SHORT,1,24386.00,24336.50,985.64,981.28,196.3,WIN,TARGET_HIT,24438.00,1040.00,2026-05-07 09:31:07
2026-04-06,2026-04-06 10:55:00,2026-04-06 11:05:00,OG,Backtest,AdxDiCrossBracketOG,OG_AdxDiCrossBracketOG,OG,NQ,NQ JUN26,SHORT,1,24269.25,24306.75,-754.36,-758.72,-151.7,LOSS,STOP_HIT,24347.00,1555.00,2026-05-07 09:31:07
2026-01-21,2026-01-21 11:45:00,2026-01-21 11:45:00,OG,Backtest,AdxDiCrossBracketOG,OG_AdxDiCrossBracketOG,OG,NQ,NQ JUN26,SHORT,1,25543.75,25505.75,755.64,751.28,150.3,WIN,TARGET_HIT,25582.25,770.00,2026-05-07 09:31:07
2026-04-16,2026-04-16 10:00:00,2026-04-16 10:05:00,OG,Backtest,AdxDiCrossBracketOG,OG_AdxDiCrossBracketOG,OG,NQ,NQ JUN26,SHORT,1,26282.00,26330.25,-969.36,-973.72,-194.7,LOSS,STOP_HIT,26329.75,955.00,2026-05-07 09:31:07
2026-01-09,2026-01-09 09:45:00,2026-01-09 09:50:00,OG,Backtest,AdxDiCrossBracketOG,OG_AdxDiCrossBracketOG,OG,NQ,NQ JUN26,LONG,1,25965.00,25924.25,-819.36,-823.72,-164.7,LOSS,STOP_HIT,25924.75,805.00,2026-05-07 09:31:07
2026-04-16,2026-04-16 10:15:00,2026-04-16 10:25:00,OG,Backtest,AdxDiCrossBracketOG,OG_AdxDiCrossBracketOG,OG,NQ,NQ JUN26,LONG,1,26347.25,26314.50,-659.36,-663.72,-132.7,LOSS,STOP_HIT,26294.25,1060.00,2026-05-07 09:31:07
2026-02-03,2026-02-03 09:50:00,2026-02-03 09:50:00,OG,Backtest,AdxDiCrossBracketOG,OG_AdxDiCrossBracketOG,OG,NQ,NQ JUN26,SHORT,1,25960.75,25998.50,-759.36,-763.72,-152.7,LOSS,STOP_HIT,25998.00,745.00,2026-05-07 09:31:07
2026-04-16,2026-04-16 10:00:00,2026-04-16 10:00:00,OG,Backtest,AdxDiCrossBracketOG,OG_AdxDiCrossBracketOG,OG,NQ,NQ JUN26,SHORT,1,26282.00,26314.50,-654.36,-658.72,-131.7,LOSS,STOP_HIT,26314.00,640.00,2026-05-07 09:31:07
2026-04-07,2026-04-07 11:40:00,2026-04-07 12:00:00,OG,Backtest,AdxDiCrossBracketOG,OG_AdxDiCrossBracketOG,OG,NQ,NQ JUN26,LONG,1,24071.50,24083.00,225.64,221.28,44.3,WIN,STOP_HIT,24025.00,930.00,2026-05-07 09:31:07
2026-05-01,2026-05-01 11:10:00,2026-05-01 11:15:00,OG,Backtest,AdxDiCrossBracketOG,OG_AdxDiCrossBracketOG,OG,NQ,NQ JUN26,SHORT,1,27795.25,27837.00,-839.36,-843.72,-168.7,LOSS,STOP_HIT,27836.50,825.00,2026-05-07 09:31:07
2026-01-28,2026-01-28 10:55:00,2026-01-28 11:05:00,OG,Backtest,AdxDiCrossBracketOG,OG_AdxDiCrossBracketOG,OG,NQ,NQ JUN26,SHORT,1,26395.25,26393.25,35.64,31.28,6.3,WIN,STOP_HIT,26445.25,1000.00,2026-05-07 09:31:07
2026-02-11,2026-02-11 11:05:00,2026-02-11 11:10:00,OG,Backtest,AdxDiCrossBracketOG,OG_AdxDiCrossBracketOG,OG,NQ,NQ JUN26,LONG,1,25453.50,25418.25,-709.36,-713.72,-142.7,LOSS,STOP_HIT,25393.00,1210.00,2026-05-07 09:31:07
2026-01-09,2026-01-09 09:55:00,2026-01-09 09:55:00,OG,Backtest,AdxDiCrossBracketOG,OG_AdxDiCrossBracketOG,OG,NQ,NQ JUN26,SHORT,1,25913.25,25965.00,-1039.36,-1043.72,-208.7,LOSS,STOP_HIT,25964.50,1025.00,2026-05-07 09:31:07
2026-02-24,2026-02-24 10:15:00,2026-02-24 10:30:00,OG,Backtest,AdxDiCrossBracketOG,OG_AdxDiCrossBracketOG,OG,NQ,NQ JUN26,LONG,1,25109.25,25175.00,1310.64,1306.28,261.3,WIN,TARGET_HIT,25042.00,1345.00,2026-05-07 09:31:07
2026-02-17,2026-02-17 11:10:00,2026-02-17 11:10:00,OG,Backtest,AdxDiCrossBracketOG,OG_AdxDiCrossBracketOG,OG,NQ,NQ JUN26,LONG,1,24861.25,24927.25,1315.64,1311.28,262.3,WIN,TARGET_HIT,24793.75,1350.00,2026-05-07 09:31:07
2026-05-01,2026-05-01 11:20:00,2026-05-01 11:40:00,OG,Backtest,AdxDiCrossBracketOG,OG_AdxDiCrossBracketOG,OG,NQ,NQ JUN26,LONG,1,27837.25,27877.75,805.64,801.28,160.3,WIN,TARGET_HIT,27796.25,820.00,2026-05-07 09:31:07
2026-01-21,2026-01-21 11:45:00,2026-01-21 11:50:00,OG,Backtest,AdxDiCrossBracketOG,OG_AdxDiCrossBracketOG,OG,NQ,NQ JUN26,SHORT,1,25543.75,25486.50,1140.64,1136.28,227.3,WIN,TARGET_HIT,25601.50,1155.00,2026-05-07 09:31:07
2026-01-16,2026-01-16 11:30:00,2026-01-16 11:35:00,OG,Backtest,AdxDiCrossBracketOG,OG_AdxDiCrossBracketOG,OG,NQ,NQ JUN26,LONG,1,25911.50,25925.25,270.64,266.28,53.3,WIN,STOP_HIT,25874.75,735.00,2026-05-07 09:31:07
2026-02-17,2026-02-17 11:10:00,2026-02-17 11:15:00,OG,Backtest,AdxDiCrossBracketOG,OG_AdxDiCrossBracketOG,OG,NQ,NQ JUN26,LONG,1,24861.25,24960.75,1985.64,1981.28,396.3,WIN,TARGET_HIT,24760.25,2020.00,2026-05-07 09:31:07
2026-03-03,2026-03-03 11:40:00,2026-03-03 11:50:00,OG,Backtest,AdxDiCrossBracketOG,OG_AdxDiCrossBracketOG,OG,NQ,NQ JUN26,SHORT,1,24817.25,24864.25,-944.36,-948.72,-189.7,LOSS,STOP_HIT,24882.75,1310.00,2026-05-07 09:31:07
2026-02-24,2026-02-24 09:50:00,2026-02-24 10:00:00,OG,Backtest,AdxDiCrossBracketOG,OG_AdxDiCrossBracketOG,OG,NQ,NQ JUN26,LONG,1,25120.50,25108.50,-244.36,-248.72,-49.7,LOSS,STOP_HIT,25062.50,1160.00,2026-05-07 09:31:07
2026-03-06,2026-03-06 11:10:00,2026-03-06 11:15:00,OG,Backtest,AdxDiCrossBracketOG,OG_AdxDiCrossBracketOG,OG,NQ,NQ JUN26,LONG,1,25101.50,25059.00,-854.36,-858.72,-171.7,LOSS,STOP_HIT,25038.75,1255.00,2026-05-07 09:31:07
2026-01-28,2026-01-28 10:55:00,2026-01-28 11:15:00,OG,Backtest,AdxDiCrossBracketOG,OG_AdxDiCrossBracketOG,OG,NQ,NQ JUN26,SHORT,1,26395.25,26395.00,0.64,-3.72,-0.7,LOSS,STOP_HIT,26429.00,675.00,2026-05-07 09:31:07
2026-03-09,2026-03-09 10:45:00,2026-03-09 10:50:00,OG,Backtest,AdxDiCrossBracketOG,OG_AdxDiCrossBracketOG,OG,NQ,NQ JUN26,LONG,1,24692.00,24762.25,1400.64,1396.28,279.3,WIN,TARGET_HIT,24622.25,1395.00,2026-05-07 09:31:07
2026-03-12,2026-03-12 11:50:00,2026-03-12 11:50:00,OG,Backtest,AdxDiCrossBracketOG,OG_AdxDiCrossBracketOG,OG,NQ,NQ JUN26,LONG,1,24898.00,24844.00,-1084.36,-1088.72,-217.7,LOSS,STOP_HIT,24844.50,1070.00,2026-05-07 09:31:07
2026-04-06,2026-04-06 10:55:00,2026-04-06 11:05:00,OG,Backtest,AdxDiCrossBracketOG,OG_AdxDiCrossBracketOG,OG,NQ,NQ JUN26,SHORT,1,24269.25,24306.75,-754.36,-758.72,-151.7,LOSS,STOP_HIT,24347.00,1555.00,2026-05-07 09:31:07
2026-01-06,2026-01-06 11:00:00,2026-01-06 11:10:00,OG,Backtest,AdxDiCrossBracketOG,OG_AdxDiCrossBracketOG,OG,NQ,NQ JUN26,SHORT,1,25909.25,25866.25,855.64,851.28,170.3,WIN,TARGET_HIT,25952.75,870.00,2026-05-07 09:31:07
2026-03-12,2026-03-12 11:50:00,2026-03-12 11:50:00,OG,Backtest,AdxDiCrossBracketOG,OG_AdxDiCrossBracketOG,OG,NQ,NQ JUN26,LONG,1,24898.00,24844.00,-1084.36,-1088.72,-217.7,LOSS,STOP_HIT,24844.50,1070.00,2026-05-07 09:31:07
2026-04-06,2026-04-06 10:55:00,2026-04-06 11:05:00,OG,Backtest,AdxDiCrossBracketOG,OG_AdxDiCrossBracketOG,OG,NQ,NQ JUN26,SHORT,1,24269.25,24306.75,-754.36,-758.72,-151.7,LOSS,STOP_HIT,24347.00,1555.00,2026-05-07 09:31:07
2026-03-20,2026-03-20 11:30:00,2026-03-20 11:55:00,OG,Backtest,AdxDiCrossBracketOG,OG_AdxDiCrossBracketOG,OG,NQ,NQ JUN26,LONG,1,24274.25,24294.00,390.64,386.28,77.3,WIN,STOP_HIT,24219.75,1090.00,2026-05-07 09:31:07
2026-03-20,2026-03-20 11:30:00,2026-03-20 11:55:00,OG,Backtest,AdxDiCrossBracketOG,OG_AdxDiCrossBracketOG,OG,NQ,NQ JUN26,LONG,1,24274.25,24294.00,390.64,386.28,77.3,WIN,STOP_HIT,24192.75,1630.00,2026-05-07 09:31:07
2026-02-24,2026-02-24 09:50:00,2026-02-24 10:00:00,OG,Backtest,AdxDiCrossBracketOG,OG_AdxDiCrossBracketOG,OG,NQ,NQ JUN26,LONG,1,25120.50,25108.50,-244.36,-248.72,-49.7,LOSS,STOP_HIT,25062.50,1160.00,2026-05-07 09:31:07
2026-04-16,2026-04-16 10:00:00,2026-04-16 10:05:00,OG,Backtest,AdxDiCrossBracketOG,OG_AdxDiCrossBracketOG,OG,NQ,NQ JUN26,SHORT,1,26282.00,26330.25,-969.36,-973.72,-194.7,LOSS,STOP_HIT,26329.75,955.00,2026-05-07 09:31:07
2026-02-24,2026-02-24 10:10:00,2026-02-24 10:10:00,OG,Backtest,AdxDiCrossBracketOG,OG_AdxDiCrossBracketOG,OG,NQ,NQ JUN26,SHORT,1,25048.75,25114.00,-1309.36,-1313.72,-262.7,LOSS,STOP_HIT,25113.50,1295.00,2026-05-07 09:31:07
2026-04-16,2026-04-16 10:15:00,2026-04-16 10:50:00,OG,Backtest,AdxDiCrossBracketOG,OG_AdxDiCrossBracketOG,OG,NQ,NQ JUN26,LONG,1,26347.25,26398.25,1015.64,1011.28,202.3,WIN,TARGET_HIT,26294.25,1060.00,2026-05-07 09:31:07
2026-02-24,2026-02-24 10:15:00,2026-02-24 10:30:00,OG,Backtest,AdxDiCrossBracketOG,OG_AdxDiCrossBracketOG,OG,NQ,NQ JUN26,LONG,1,25109.25,25175.00,1310.64,1306.28,261.3,WIN,TARGET_HIT,25042.00,1345.00,2026-05-07 09:31:07
2026-04-06,2026-04-06 10:55:00,2026-04-06 11:00:00,OG,Backtest,AdxDiCrossBracketOG,OG_AdxDiCrossBracketOG,OG,NQ,NQ JUN26,SHORT,1,24269.25,24321.50,-1049.36,-1053.72,-210.7,LOSS,STOP_HIT,24321.00,1035.00,2026-05-07 09:31:07
2026-02-24,2026-02-24 10:10:00,2026-02-24 10:10:00,OG,Backtest,AdxDiCrossBracketOG,OG_AdxDiCrossBracketOG,OG,NQ,NQ JUN26,SHORT,1,25048.75,25092.75,-884.36,-888.72,-177.7,LOSS,STOP_HIT,25092.25,870.00,2026-05-07 09:31:07
2026-01-06,2026-01-06 11:00:00,2026-01-06 11:10:00,OG,Backtest,AdxDiCrossBracketOG,OG_AdxDiCrossBracketOG,OG,NQ,NQ JUN26,SHORT,1,25909.25,25866.25,855.64,851.28,170.3,WIN,TARGET_HIT,25952.75,870.00,2026-05-07 09:31:07
2026-01-06,2026-01-06 11:00:00,2026-01-06 11:10:00,OG,Backtest,AdxDiCrossBracketOG,OG_AdxDiCrossBracketOG,OG,NQ,NQ JUN26,SHORT,1,25909.25,25866.25,855.64,851.28,170.3,WIN,TARGET_HIT,25952.75,870.00,2026-05-07 09:31:07
2026-04-16,2026-04-16 10:15:00,2026-04-16 10:25:00,OG,Backtest,AdxDiCrossBracketOG,OG_AdxDiCrossBracketOG,OG,NQ,NQ JUN26,LONG,1,26347.25,26314.50,-659.36,-663.72,-132.7,LOSS,STOP_HIT,26294.25,1060.00,2026-05-07 09:31:08
2026-01-07,2026-01-07 09:50:00,2026-01-07 10:00:00,OG,Backtest,AdxDiCrossBracketOG,OG_AdxDiCrossBracketOG,OG,NQ,NQ JUN26,LONG,1,26063.75,26063.00,-19.36,-23.72,-4.7,LOSS,STOP_HIT,26039.00,495.00,2026-05-07 09:31:08
2026-02-10,2026-02-10 09:45:00,2026-02-10 09:45:00,OG,Backtest,AdxDiCrossBracketOG,OG_AdxDiCrossBracketOG,OG,NQ,NQ JUN26,SHORT,1,25535.25,25500.25,695.64,691.28,138.3,WIN,TARGET_HIT,25571.75,730.00,2026-05-07 09:31:08
2026-01-09,2026-01-09 09:55:00,2026-01-09 09:55:00,OG,Backtest,AdxDiCrossBracketOG,OG_AdxDiCrossBracketOG,OG,NQ,NQ JUN26,SHORT,1,25913.25,25965.00,-1039.36,-1043.72,-208.7,LOSS,STOP_HIT,25964.50,1025.00,2026-05-07 09:31:08
2026-03-27,2026-03-27 11:40:00,2026-03-27 12:00:00,OG,Backtest,AdxDiCrossBracketOG,OG_AdxDiCrossBracketOG,OG,NQ,NQ JUN26,LONG,1,23597.00,23559.75,-749.36,-753.72,-150.7,LOSS,STOP_HIT,23514.00,1660.00,2026-05-07 09:31:08
2026-01-06,2026-01-06 11:00:00,2026-01-06 11:10:00,OG,Backtest,AdxDiCrossBracketOG,OG_AdxDiCrossBracketOG,OG,NQ,NQ JUN26,SHORT,1,25909.25,25866.25,855.64,851.28,170.3,WIN,TARGET_HIT,25952.75,870.00,2026-05-07 09:31:08
2026-01-09,2026-01-09 09:55:00,2026-01-09 09:55:00,OG,Backtest,AdxDiCrossBracketOG,OG_AdxDiCrossBracketOG,OG,NQ,NQ JUN26,SHORT,1,25913.25,25948.25,-704.36,-708.72,-141.7,LOSS,STOP_HIT,25947.75,690.00,2026-05-07 09:31:08
2026-01-07,2026-01-07 09:50:00,2026-01-07 10:00:00,OG,Backtest,AdxDiCrossBracketOG,OG_AdxDiCrossBracketOG,OG,NQ,NQ JUN26,LONG,1,26063.75,26063.00,-19.36,-23.72,-4.7,LOSS,STOP_HIT,26039.00,495.00,2026-05-07 09:31:08
2026-03-19,2026-03-19 11:15:00,2026-03-19 11:25:00,OG,Backtest,AdxDiCrossBracketOG,OG_AdxDiCrossBracketOG,OG,NQ,NQ JUN26,LONG,1,24530.25,24486.25,-884.36,-888.72,-177.7,LOSS,STOP_HIT,24473.00,1145.00,2026-05-07 09:31:08
2026-04-07,2026-04-07 11:40:00,2026-04-07 12:00:00,OG,Backtest,AdxDiCrossBracketOG,OG_AdxDiCrossBracketOG,OG,NQ,NQ JUN26,LONG,1,24071.50,24083.00,225.64,221.28,44.3,WIN,STOP_HIT,24001.75,1395.00,2026-05-07 09:31:08
2026-02-05,2026-02-05 11:40:00,2026-02-05 11:50:00,OG,Backtest,AdxDiCrossBracketOG,OG_AdxDiCrossBracketOG,OG,NQ,NQ JUN26,LONG,1,25025.50,24992.25,-669.36,-673.72,-134.7,LOSS,STOP_HIT,24895.00,2610.00,2026-05-07 09:31:08
2026-01-09,2026-01-09 09:55:00,2026-01-09 09:55:00,OG,Backtest,AdxDiCrossBracketOG,OG_AdxDiCrossBracketOG,OG,NQ,NQ JUN26,SHORT,1,25913.25,25965.00,-1039.36,-1043.72,-208.7,LOSS,STOP_HIT,25964.50,1025.00,2026-05-07 09:31:08
2026-01-21,2026-01-21 11:45:00,2026-01-21 11:45:00,OG,Backtest,AdxDiCrossBracketOG,OG_AdxDiCrossBracketOG,OG,NQ,NQ JUN26,SHORT,1,25543.75,25505.75,755.64,751.28,150.3,WIN,TARGET_HIT,25582.25,770.00,2026-05-07 09:31:08
2026-01-06,2026-01-06 11:00:00,2026-01-06 11:05:00,OG,Backtest,AdxDiCrossBracketOG,OG_AdxDiCrossBracketOG,OG,NQ,NQ JUN26,SHORT,1,25909.25,25880.75,565.64,561.28,112.3,WIN,TARGET_HIT,25938.25,580.00,2026-05-07 09:31:08
2026-03-27,2026-03-27 11:40:00,2026-03-27 12:00:00,OG,Backtest,AdxDiCrossBracketOG,OG_AdxDiCrossBracketOG,OG,NQ,NQ JUN26,LONG,1,23597.00,23559.75,-749.36,-753.72,-150.7,LOSS,STOP_HIT,23514.00,1660.00,2026-05-07 09:31:08
2026-02-11,2026-02-11 11:05:00,2026-02-11 11:10:00,OG,Backtest,AdxDiCrossBracketOG,OG_AdxDiCrossBracketOG,OG,NQ,NQ JUN26,LONG,1,25453.50,25418.25,-709.36,-713.72,-142.7,LOSS,STOP_HIT,25363.00,1810.00,2026-05-07 09:31:08
2026-01-07,2026-01-07 09:50:00,2026-01-07 09:50:00,OG,Backtest,AdxDiCrossBracketOG,OG_AdxDiCrossBracketOG,OG,NQ,NQ JUN26,LONG,1,26063.75,26079.75,315.64,311.28,62.3,WIN,TARGET_HIT,26047.25,330.00,2026-05-07 09:31:08
2026-02-11,2026-02-11 10:20:00,2026-02-11 10:20:00,OG,Backtest,AdxDiCrossBracketOG,OG_AdxDiCrossBracketOG,OG,NQ,NQ JUN26,SHORT,1,25396.00,25345.50,1005.64,1001.28,200.3,WIN,TARGET_HIT,25448.50,1050.00,2026-05-07 09:31:08
2026-02-13,2026-02-13 10:35:00,2026-02-13 10:35:00,OG,Backtest,AdxDiCrossBracketOG,OG_AdxDiCrossBracketOG,OG,NQ,NQ JUN26,LONG,1,25058.00,25127.00,1375.64,1371.28,274.3,WIN,TARGET_HIT,24987.50,1410.00,2026-05-07 09:31:08
2026-02-11,2026-02-11 10:20:00,2026-02-11 10:20:00,OG,Backtest,AdxDiCrossBracketOG,OG_AdxDiCrossBracketOG,OG,NQ,NQ JUN26,SHORT,1,25396.00,25345.50,1005.64,1001.28,200.3,WIN,TARGET_HIT,25448.50,1050.00,2026-05-07 09:31:08
2026-04-06,2026-04-06 10:55:00,2026-04-06 11:00:00,OG,Backtest,AdxDiCrossBracketOG,OG_AdxDiCrossBracketOG,OG,NQ,NQ JUN26,SHORT,1,24269.25,24321.50,-1049.36,-1053.72,-210.7,LOSS,STOP_HIT,24321.00,1035.00,2026-05-07 09:31:08
2026-02-05,2026-02-05 11:40:00,2026-02-05 11:50:00,OG,Backtest,AdxDiCrossBracketOG,OG_AdxDiCrossBracketOG,OG,NQ,NQ JUN26,LONG,1,25025.50,24992.25,-669.36,-673.72,-134.7,LOSS,STOP_HIT,24895.00,2610.00,2026-05-07 09:31:08
2026-02-13,2026-02-13 10:35:00,2026-02-13 10:50:00,OG,Backtest,AdxDiCrossBracketOG,OG_AdxDiCrossBracketOG,OG,NQ,NQ JUN26,LONG,1,25058.00,24983.00,-1504.36,-1508.72,-301.7,LOSS,STOP_HIT,24952.50,2110.00,2026-05-07 09:31:08
2026-02-24,2026-02-24 10:15:00,2026-02-24 10:30:00,OG,Backtest,AdxDiCrossBracketOG,OG_AdxDiCrossBracketOG,OG,NQ,NQ JUN26,LONG,1,25109.25,25175.00,1310.64,1306.28,261.3,WIN,TARGET_HIT,25042.00,1345.00,2026-05-07 09:31:08
2026-02-17,2026-02-17 11:10:00,2026-02-17 11:10:00,OG,Backtest,AdxDiCrossBracketOG,OG_AdxDiCrossBracketOG,OG,NQ,NQ JUN26,LONG,1,24861.25,24927.25,1315.64,1311.28,262.3,WIN,TARGET_HIT,24793.75,1350.00,2026-05-07 09:31:08
2026-01-20,2026-01-20 10:50:00,2026-01-20 10:55:00,OG,Backtest,AdxDiCrossBracketOG,OG_AdxDiCrossBracketOG,OG,NQ,NQ JUN26,LONG,1,25598.00,25559.50,-774.36,-778.72,-155.7,LOSS,STOP_HIT,25550.75,945.00,2026-05-07 09:31:08
2026-01-21,2026-01-21 11:45:00,2026-01-21 11:45:00,OG,Backtest,AdxDiCrossBracketOG,OG_AdxDiCrossBracketOG,OG,NQ,NQ JUN26,SHORT,1,25543.75,25505.75,755.64,751.28,150.3,WIN,TARGET_HIT,25582.25,770.00,2026-05-07 09:31:08
2026-01-06,2026-01-06 11:00:00,2026-01-06 11:10:00,OG,Backtest,AdxDiCrossBracketOG,OG_AdxDiCrossBracketOG,OG,NQ,NQ JUN26,SHORT,1,25909.25,25866.25,855.64,851.28,170.3,WIN,TARGET_HIT,25952.75,870.00,2026-05-07 09:31:08
2026-03-27,2026-03-27 11:40:00,2026-03-27 12:00:00,OG,Backtest,AdxDiCrossBracketOG,OG_AdxDiCrossBracketOG,OG,NQ,NQ JUN26,LONG,1,23597.00,23559.75,-749.36,-753.72,-150.7,LOSS,STOP_HIT,23514.00,1660.00,2026-05-07 09:31:08
2026-02-10,2026-02-10 09:45:00,2026-02-10 09:45:00,OG,Backtest,AdxDiCrossBracketOG,OG_AdxDiCrossBracketOG,OG,NQ,NQ JUN26,SHORT,1,25535.25,25500.25,695.64,691.28,138.3,WIN,TARGET_HIT,25571.75,730.00,2026-05-07 09:31:08
2026-05-01,2026-05-01 11:10:00,2026-05-01 11:15:00,OG,Backtest,AdxDiCrossBracketOG,OG_AdxDiCrossBracketOG,OG,NQ,NQ JUN26,SHORT,1,27795.25,27837.00,-839.36,-843.72,-168.7,LOSS,STOP_HIT,27836.50,825.00,2026-05-07 09:31:08
2026-02-24,2026-02-24 10:10:00,2026-02-24 10:10:00,OG,Backtest,AdxDiCrossBracketOG,OG_AdxDiCrossBracketOG,OG,NQ,NQ JUN26,SHORT,1,25048.75,25114.00,-1309.36,-1313.72,-262.7,LOSS,STOP_HIT,25113.50,1295.00,2026-05-07 09:31:08
2026-02-13,2026-02-13 10:35:00,2026-02-13 10:35:00,OG,Backtest,AdxDiCrossBracketOG,OG_AdxDiCrossBracketOG,OG,NQ,NQ JUN26,LONG,1,25058.00,25127.00,1375.64,1371.28,274.3,WIN,TARGET_HIT,24987.50,1410.00,2026-05-07 09:31:08
2026-02-11,2026-02-11 11:05:00,2026-02-11 11:10:00,OG,Backtest,AdxDiCrossBracketOG,OG_AdxDiCrossBracketOG,OG,NQ,NQ JUN26,LONG,1,25453.50,25418.25,-709.36,-713.72,-142.7,LOSS,STOP_HIT,25363.00,1810.00,2026-05-07 09:31:08
2026-02-24,2026-02-24 10:10:00,2026-02-24 10:10:00,OG,Backtest,AdxDiCrossBracketOG,OG_AdxDiCrossBracketOG,OG,NQ,NQ JUN26,SHORT,1,25048.75,25114.00,-1309.36,-1313.72,-262.7,LOSS,STOP_HIT,25113.50,1295.00,2026-05-07 09:31:08
2026-02-24,2026-02-24 10:10:00,2026-02-24 10:10:00,OG,Backtest,AdxDiCrossBracketOG,OG_AdxDiCrossBracketOG,OG,NQ,NQ JUN26,SHORT,1,25048.75,25092.75,-884.36,-888.72,-177.7,LOSS,STOP_HIT,25092.25,870.00,2026-05-07 09:31:08
2026-02-11,2026-02-11 11:05:00,2026-02-11 11:10:00,OG,Backtest,AdxDiCrossBracketOG,OG_AdxDiCrossBracketOG,OG,NQ,NQ JUN26,LONG,1,25453.50,25418.25,-709.36,-713.72,-142.7,LOSS,STOP_HIT,25393.00,1210.00,2026-05-07 09:31:08
2026-03-24,2026-03-24 11:00:00,2026-03-24 11:00:00,OG,Backtest,AdxDiCrossBracketOG,OG_AdxDiCrossBracketOG,OG,NQ,NQ JUN26,LONG,1,24281.50,24186.50,-1904.36,-1908.72,-381.7,LOSS,STOP_HIT,24187.00,1890.00,2026-05-07 09:31:08
2026-02-24,2026-02-24 09:50:00,2026-02-24 09:50:00,OG,Backtest,AdxDiCrossBracketOG,OG_AdxDiCrossBracketOG,OG,NQ,NQ JUN26,LONG,1,25120.50,25157.50,735.64,731.28,146.3,WIN,TARGET_HIT,25081.50,780.00,2026-05-07 09:31:08
2026-02-24,2026-02-24 10:10:00,2026-02-24 10:10:00,OG,Backtest,AdxDiCrossBracketOG,OG_AdxDiCrossBracketOG,OG,NQ,NQ JUN26,SHORT,1,25048.75,25114.00,-1309.36,-1313.72,-262.7,LOSS,STOP_HIT,25113.50,1295.00,2026-05-07 09:31:08
2026-03-27,2026-03-27 11:40:00,2026-03-27 12:00:00,OG,Backtest,AdxDiCrossBracketOG,OG_AdxDiCrossBracketOG,OG,NQ,NQ JUN26,LONG,1,23597.00,23559.75,-749.36,-753.72,-150.7,LOSS,STOP_HIT,23514.00,1660.00,2026-05-07 09:31:08
2026-01-20,2026-01-20 10:50:00,2026-01-20 10:55:00,OG,Backtest,AdxDiCrossBracketOG,OG_AdxDiCrossBracketOG,OG,NQ,NQ JUN26,LONG,1,25598.00,25559.50,-774.36,-778.72,-155.7,LOSS,STOP_HIT,25527.25,1415.00,2026-05-07 09:31:08
2026-02-05,2026-02-05 11:40:00,2026-02-05 11:50:00,OG,Backtest,AdxDiCrossBracketOG,OG_AdxDiCrossBracketOG,OG,NQ,NQ JUN26,LONG,1,25025.50,24992.25,-669.36,-673.72,-134.7,LOSS,STOP_HIT,24895.00,2610.00,2026-05-07 09:31:08
2026-02-24,2026-02-24 10:15:00,2026-02-24 10:15:00,OG,Backtest,AdxDiCrossBracketOG,OG_AdxDiCrossBracketOG,OG,NQ,NQ JUN26,LONG,1,25109.25,25063.75,-914.36,-918.72,-183.7,LOSS,STOP_HIT,25064.25,900.00,2026-05-07 09:31:08
2026-01-06,2026-01-06 11:00:00,2026-01-06 11:10:00,OG,Backtest,AdxDiCrossBracketOG,OG_AdxDiCrossBracketOG,OG,NQ,NQ JUN26,SHORT,1,25909.25,25866.25,855.64,851.28,170.3,WIN,TARGET_HIT,25952.75,870.00,2026-05-07 09:31:08
2026-03-25,2026-03-25 11:20:00,2026-03-25 11:20:00,OG,Backtest,AdxDiCrossBracketOG,OG_AdxDiCrossBracketOG,OG,NQ,NQ JUN26,SHORT,1,24386.00,24336.50,985.64,981.28,196.3,WIN,TARGET_HIT,24438.00,1040.00,2026-05-07 09:31:08
2026-02-24,2026-02-24 10:10:00,2026-02-24 10:10:00,OG,Backtest,AdxDiCrossBracketOG,OG_AdxDiCrossBracketOG,OG,NQ,NQ JUN26,SHORT,1,25048.75,25114.00,-1309.36,-1313.72,-262.7,LOSS,STOP_HIT,25113.50,1295.00,2026-05-07 09:31:08
2026-02-03,2026-02-03 09:50:00,2026-02-03 09:50:00,OG,Backtest,AdxDiCrossBracketOG,OG_AdxDiCrossBracketOG,OG,NQ,NQ JUN26,SHORT,1,25960.75,25998.50,-759.36,-763.72,-152.7,LOSS,STOP_HIT,25998.00,745.00,2026-05-07 09:31:08
2026-02-24,2026-02-24 10:15:00,2026-02-24 10:30:00,OG,Backtest,AdxDiCrossBracketOG,OG_AdxDiCrossBracketOG,OG,NQ,NQ JUN26,LONG,1,25109.25,25175.00,1310.64,1306.28,261.3,WIN,TARGET_HIT,25042.00,1345.00,2026-05-07 09:31:08
2026-03-12,2026-03-12 11:50:00,2026-03-12 11:50:00,OG,Backtest,AdxDiCrossBracketOG,OG_AdxDiCrossBracketOG,OG,NQ,NQ JUN26,LONG,1,24898.00,24844.00,-1084.36,-1088.72,-217.7,LOSS,STOP_HIT,24844.50,1070.00,2026-05-07 09:31:08
2026-03-25,2026-03-25 11:20:00,2026-03-25 11:20:00,OG,Backtest,AdxDiCrossBracketOG,OG_AdxDiCrossBracketOG,OG,NQ,NQ JUN26,SHORT,1,24386.00,24311.00,1495.64,1491.28,298.3,WIN,TARGET_HIT,24463.50,1550.00,2026-05-07 09:31:08
2026-04-06,2026-04-06 10:55:00,2026-04-06 11:00:00,OG,Backtest,AdxDiCrossBracketOG,OG_AdxDiCrossBracketOG,OG,NQ,NQ JUN26,SHORT,1,24269.25,24321.50,-1049.36,-1053.72,-210.7,LOSS,STOP_HIT,24321.00,1035.00,2026-05-07 09:31:08
2026-04-07,2026-04-07 11:40:00,2026-04-07 12:00:00,OG,Backtest,AdxDiCrossBracketOG,OG_AdxDiCrossBracketOG,OG,NQ,NQ JUN26,LONG,1,24071.50,24083.00,225.64,221.28,44.3,WIN,STOP_HIT,24025.00,930.00,2026-05-07 09:31:08
2026-03-06,2026-03-06 11:10:00,2026-03-06 11:15:00,OG,Backtest,AdxDiCrossBracketOG,OG_AdxDiCrossBracketOG,OG,NQ,NQ JUN26,LONG,1,25101.50,25059.00,-854.36,-858.72,-171.7,LOSS,STOP_HIT,25007.25,1885.00,2026-05-07 09:31:08
2026-04-21,2026-04-21 11:05:00,2026-04-21 11:05:00,OG,Backtest,AdxDiCrossBracketOG,OG_AdxDiCrossBracketOG,OG,NQ,NQ JUN26,SHORT,1,26737.25,26684.75,1045.64,1041.28,208.3,WIN,TARGET_HIT,26788.75,1030.00,2026-05-07 09:31:08
2026-03-24,2026-03-24 11:00:00,2026-03-24 11:00:00,OG,Backtest,AdxDiCrossBracketOG,OG_AdxDiCrossBracketOG,OG,NQ,NQ JUN26,LONG,1,24281.50,24217.75,-1279.36,-1283.72,-256.7,LOSS,STOP_HIT,24218.25,1265.00,2026-05-07 09:31:08
2026-03-19,2026-03-19 11:15:00,2026-03-19 11:25:00,OG,Backtest,AdxDiCrossBracketOG,OG_AdxDiCrossBracketOG,OG,NQ,NQ JUN26,LONG,1,24530.25,24486.25,-884.36,-888.72,-177.7,LOSS,STOP_HIT,24473.00,1145.00,2026-05-07 09:31:08
2026-03-19,2026-03-19 11:15:00,2026-03-19 11:25:00,OG,Backtest,AdxDiCrossBracketOG,OG_AdxDiCrossBracketOG,OG,NQ,NQ JUN26,LONG,1,24530.25,24486.25,-884.36,-888.72,-177.7,LOSS,STOP_HIT,24473.00,1145.00,2026-05-07 09:31:08
2026-04-21,2026-04-21 11:05:00,2026-04-21 11:05:00,OG,Backtest,AdxDiCrossBracketOG,OG_AdxDiCrossBracketOG,OG,NQ,NQ JUN26,SHORT,1,26737.25,26684.75,1045.64,1041.28,208.3,WIN,TARGET_HIT,26788.75,1030.00,2026-05-07 09:31:08
2026-03-27,2026-03-27 11:40:00,2026-03-27 11:45:00,OG,Backtest,AdxDiCrossBracketOG,OG_AdxDiCrossBracketOG,OG,NQ,NQ JUN26,LONG,1,23597.00,23541.00,-1124.36,-1128.72,-225.7,LOSS,STOP_HIT,23541.50,1110.00,2026-05-07 09:31:08
2026-03-19,2026-03-19 11:15:00,2026-03-19 11:25:00,OG,Backtest,AdxDiCrossBracketOG,OG_AdxDiCrossBracketOG,OG,NQ,NQ JUN26,LONG,1,24530.25,24486.25,-884.36,-888.72,-177.7,LOSS,STOP_HIT,24444.75,1710.00,2026-05-07 09:31:08
2026-04-16,2026-04-16 10:15:00,2026-04-16 10:15:00,OG,Backtest,AdxDiCrossBracketOG,OG_AdxDiCrossBracketOG,OG,NQ,NQ JUN26,LONG,1,26347.25,26381.00,670.64,666.28,133.3,WIN,TARGET_HIT,26311.50,715.00,2026-05-07 09:31:08
2026-02-24,2026-02-24 10:10:00,2026-02-24 10:10:00,OG,Backtest,AdxDiCrossBracketOG,OG_AdxDiCrossBracketOG,OG,NQ,NQ JUN26,SHORT,1,25048.75,25092.75,-884.36,-888.72,-177.7,LOSS,STOP_HIT,25092.25,870.00,2026-05-07 09:31:08
2026-01-09,2026-01-09 09:55:00,2026-01-09 09:55:00,OG,Backtest,AdxDiCrossBracketOG,OG_AdxDiCrossBracketOG,OG,NQ,NQ JUN26,SHORT,1,25913.25,25965.00,-1039.36,-1043.72,-208.7,LOSS,STOP_HIT,25964.50,1025.00,2026-05-07 09:31:08
2026-03-03,2026-03-03 11:25:00,2026-03-03 11:40:00,OG,Backtest,AdxDiCrossBracketOG,OG_AdxDiCrossBracketOG,OG,NQ,NQ JUN26,LONG,1,24794.50,24817.25,450.64,446.28,89.3,WIN,STOP_HIT,24689.25,2105.00,2026-05-07 09:31:08
2026-02-13,2026-02-13 10:35:00,2026-02-13 10:50:00,OG,Backtest,AdxDiCrossBracketOG,OG_AdxDiCrossBracketOG,OG,NQ,NQ JUN26,LONG,1,25058.00,24983.00,-1504.36,-1508.72,-301.7,LOSS,STOP_HIT,24952.50,2110.00,2026-05-07 09:31:08
2026-04-02,2026-04-02 10:45:00,2026-04-02 10:55:00,OG,Backtest,AdxDiCrossBracketOG,OG_AdxDiCrossBracketOG,OG,NQ,NQ JUN26,LONG,1,24210.25,24096.25,-2284.36,-2288.72,-457.7,LOSS,STOP_HIT,24096.75,2270.00,2026-05-07 09:31:08
2026-03-20,2026-03-20 11:30:00,2026-03-20 11:55:00,OG,Backtest,AdxDiCrossBracketOG,OG_AdxDiCrossBracketOG,OG,NQ,NQ JUN26,LONG,1,24274.25,24294.00,390.64,386.28,77.3,WIN,STOP_HIT,24192.75,1630.00,2026-05-07 09:31:08
2026-04-16,2026-04-16 10:15:00,2026-04-16 10:15:00,OG,Backtest,AdxDiCrossBracketOG,OG_AdxDiCrossBracketOG,OG,NQ,NQ JUN26,LONG,1,26347.25,26381.00,670.64,666.28,133.3,WIN,TARGET_HIT,26311.50,715.00,2026-05-07 09:31:08
2026-02-24,2026-02-24 09:50:00,2026-02-24 10:05:00,OG,Backtest,AdxDiCrossBracketOG,OG_AdxDiCrossBracketOG,OG,NQ,NQ JUN26,LONG,1,25120.50,25068.25,-1049.36,-1053.72,-210.7,LOSS,STOP_HIT,25062.50,1160.00,2026-05-07 09:31:08
2026-03-12,2026-03-12 11:50:00,2026-03-12 11:55:00,OG,Backtest,AdxDiCrossBracketOG,OG_AdxDiCrossBracketOG,OG,NQ,NQ JUN26,LONG,1,24898.00,24865.50,-654.36,-658.72,-131.7,LOSS,STOP_HIT,24818.25,1595.00,2026-05-07 09:31:08
2026-01-09,2026-01-09 09:55:00,2026-01-09 09:55:00,OG,Backtest,AdxDiCrossBracketOG,OG_AdxDiCrossBracketOG,OG,NQ,NQ JUN26,SHORT,1,25913.25,25965.00,-1039.36,-1043.72,-208.7,LOSS,STOP_HIT,25964.50,1025.00,2026-05-07 09:31:08
2026-04-21,2026-04-21 11:05:00,2026-04-21 11:05:00,OG,Backtest,AdxDiCrossBracketOG,OG_AdxDiCrossBracketOG,OG,NQ,NQ JUN26,SHORT,1,26737.25,26702.00,700.64,696.28,139.3,WIN,TARGET_HIT,26771.50,685.00,2026-05-07 09:31:08
2026-02-17,2026-02-17 11:10:00,2026-02-17 11:10:00,OG,Backtest,AdxDiCrossBracketOG,OG_AdxDiCrossBracketOG,OG,NQ,NQ JUN26,LONG,1,24861.25,24927.25,1315.64,1311.28,262.3,WIN,TARGET_HIT,24793.75,1350.00,2026-05-07 09:31:08
2026-02-10,2026-02-10 09:45:00,2026-02-10 09:45:00,OG,Backtest,AdxDiCrossBracketOG,OG_AdxDiCrossBracketOG,OG,NQ,NQ JUN26,SHORT,1,25535.25,25500.25,695.64,691.28,138.3,WIN,TARGET_HIT,25571.75,730.00,2026-05-07 09:31:08
2026-03-24,2026-03-24 11:00:00,2026-03-24 11:00:00,OG,Backtest,AdxDiCrossBracketOG,OG_AdxDiCrossBracketOG,OG,NQ,NQ JUN26,LONG,1,24281.50,24186.50,-1904.36,-1908.72,-381.7,LOSS,STOP_HIT,24187.00,1890.00,2026-05-07 09:31:08
2026-05-01,2026-05-01 11:20:00,2026-05-01 11:40:00,OG,Backtest,AdxDiCrossBracketOG,OG_AdxDiCrossBracketOG,OG,NQ,NQ JUN26,LONG,1,27837.25,27877.75,805.64,801.28,160.3,WIN,TARGET_HIT,27796.25,820.00,2026-05-07 09:31:08
2026-01-21,2026-01-21 11:45:00,2026-01-21 11:50:00,OG,Backtest,AdxDiCrossBracketOG,OG_AdxDiCrossBracketOG,OG,NQ,NQ JUN26,SHORT,1,25543.75,25486.50,1140.64,1136.28,227.3,WIN,TARGET_HIT,25601.50,1155.00,2026-05-07 09:31:08
2026-03-27,2026-03-27 11:40:00,2026-03-27 11:45:00,OG,Backtest,AdxDiCrossBracketOG,OG_AdxDiCrossBracketOG,OG,NQ,NQ JUN26,LONG,1,23597.00,23541.00,-1124.36,-1128.72,-225.7,LOSS,STOP_HIT,23541.50,1110.00,2026-05-07 09:31:08
2026-02-24,2026-02-24 10:15:00,2026-02-24 10:15:00,OG,Backtest,AdxDiCrossBracketOG,OG_AdxDiCrossBracketOG,OG,NQ,NQ JUN26,LONG,1,25109.25,25063.75,-914.36,-918.72,-183.7,LOSS,STOP_HIT,25064.25,900.00,2026-05-07 09:31:08
2026-05-01,2026-05-01 11:20:00,2026-05-01 11:40:00,OG,Backtest,AdxDiCrossBracketOG,OG_AdxDiCrossBracketOG,OG,NQ,NQ JUN26,LONG,1,27837.25,27877.75,805.64,801.28,160.3,WIN,TARGET_HIT,27796.25,820.00,2026-05-07 09:31:08
2026-01-21,2026-01-21 11:45:00,2026-01-21 11:50:00,OG,Backtest,AdxDiCrossBracketOG,OG_AdxDiCrossBracketOG,OG,NQ,NQ JUN26,SHORT,1,25543.75,25486.50,1140.64,1136.28,227.3,WIN,TARGET_HIT,25601.50,1155.00,2026-05-07 09:31:08
2026-02-24,2026-02-24 09:50:00,2026-02-24 10:05:00,OG,Backtest,AdxDiCrossBracketOG,OG_AdxDiCrossBracketOG,OG,NQ,NQ JUN26,LONG,1,25120.50,25062.00,-1174.36,-1178.72,-235.7,LOSS,STOP_HIT,25062.50,1160.00,2026-05-07 09:31:08
2026-01-16,2026-01-16 11:30:00,2026-01-16 11:35:00,OG,Backtest,AdxDiCrossBracketOG,OG_AdxDiCrossBracketOG,OG,NQ,NQ JUN26,LONG,1,25911.50,25925.25,270.64,266.28,53.3,WIN,STOP_HIT,25857.00,1090.00,2026-05-07 09:31:08
2026-01-09,2026-01-09 09:55:00,2026-01-09 09:55:00,OG,Backtest,AdxDiCrossBracketOG,OG_AdxDiCrossBracketOG,OG,NQ,NQ JUN26,SHORT,1,25913.25,25965.00,-1039.36,-1043.72,-208.7,LOSS,STOP_HIT,25964.50,1025.00,2026-05-07 09:31:08
2026-01-06,2026-01-06 11:00:00,2026-01-06 11:10:00,OG,Backtest,AdxDiCrossBracketOG,OG_AdxDiCrossBracketOG,OG,NQ,NQ JUN26,SHORT,1,25909.25,25866.25,855.64,851.28,170.3,WIN,TARGET_HIT,25952.75,870.00,2026-05-07 09:31:08
2026-03-20,2026-03-20 11:30:00,2026-03-20 11:55:00,OG,Backtest,AdxDiCrossBracketOG,OG_AdxDiCrossBracketOG,OG,NQ,NQ JUN26,LONG,1,24274.25,24294.00,390.64,386.28,77.3,WIN,STOP_HIT,24192.75,1630.00,2026-05-07 09:31:08
2026-02-10,2026-02-10 09:45:00,2026-02-10 09:45:00,OG,Backtest,AdxDiCrossBracketOG,OG_AdxDiCrossBracketOG,OG,NQ,NQ JUN26,SHORT,1,25535.25,25500.25,695.64,691.28,138.3,WIN,TARGET_HIT,25571.75,730.00,2026-05-07 09:31:08
2026-02-17,2026-02-17 11:10:00,2026-02-17 11:15:00,OG,Backtest,AdxDiCrossBracketOG,OG_AdxDiCrossBracketOG,OG,NQ,NQ JUN26,LONG,1,24861.25,24960.75,1985.64,1981.28,396.3,WIN,TARGET_HIT,24760.25,2020.00,2026-05-07 09:31:08
2026-02-11,2026-02-11 10:20:00,2026-02-11 10:25:00,OG,Backtest,AdxDiCrossBracketOG,OG_AdxDiCrossBracketOG,OG,NQ,NQ JUN26,SHORT,1,25396.00,25319.50,1525.64,1521.28,304.3,WIN,TARGET_HIT,25474.50,1570.00,2026-05-07 09:31:08
2026-01-09,2026-01-09 09:45:00,2026-01-09 09:50:00,OG,Backtest,AdxDiCrossBracketOG,OG_AdxDiCrossBracketOG,OG,NQ,NQ JUN26,LONG,1,25965.00,25937.50,-554.36,-558.72,-111.7,LOSS,STOP_HIT,25938.00,540.00,2026-05-07 09:31:08
2026-03-25,2026-03-25 11:20:00,2026-03-25 11:20:00,OG,Backtest,AdxDiCrossBracketOG,OG_AdxDiCrossBracketOG,OG,NQ,NQ JUN26,SHORT,1,24386.00,24311.00,1495.64,1491.28,298.3,WIN,TARGET_HIT,24463.50,1550.00,2026-05-07 09:31:08
2026-03-24,2026-03-24 11:00:00,2026-03-24 11:00:00,OG,Backtest,AdxDiCrossBracketOG,OG_AdxDiCrossBracketOG,OG,NQ,NQ JUN26,LONG,1,24281.50,24217.75,-1279.36,-1283.72,-256.7,LOSS,STOP_HIT,24218.25,1265.00,2026-05-07 09:31:08
2026-01-20,2026-01-20 10:50:00,2026-01-20 10:55:00,OG,Backtest,AdxDiCrossBracketOG,OG_AdxDiCrossBracketOG,OG,NQ,NQ JUN26,LONG,1,25598.00,25559.50,-774.36,-778.72,-155.7,LOSS,STOP_HIT,25527.25,1415.00,2026-05-07 09:31:08
2026-02-11,2026-02-11 10:20:00,2026-02-11 10:25:00,OG,Backtest,AdxDiCrossBracketOG,OG_AdxDiCrossBracketOG,OG,NQ,NQ JUN26,SHORT,1,25396.00,25319.50,1525.64,1521.28,304.3,WIN,TARGET_HIT,25474.50,1570.00,2026-05-07 09:31:08
2026-01-21,2026-01-21 11:45:00,2026-01-21 11:45:00,OG,Backtest,AdxDiCrossBracketOG,OG_AdxDiCrossBracketOG,OG,NQ,NQ JUN26,SHORT,1,25543.75,25505.75,755.64,751.28,150.3,WIN,TARGET_HIT,25582.25,770.00,2026-05-07 09:31:08
2026-02-17,2026-02-17 11:10:00,2026-02-17 11:15:00,OG,Backtest,AdxDiCrossBracketOG,OG_AdxDiCrossBracketOG,OG,NQ,NQ JUN26,LONG,1,24861.25,24960.75,1985.64,1981.28,396.3,WIN,TARGET_HIT,24760.25,2020.00,2026-05-07 09:31:08
2026-01-28,2026-01-28 10:55:00,2026-01-28 11:15:00,OG,Backtest,AdxDiCrossBracketOG,OG_AdxDiCrossBracketOG,OG,NQ,NQ JUN26,SHORT,1,26395.25,26395.00,0.64,-3.72,-0.7,LOSS,STOP_HIT,26429.00,675.00,2026-05-07 09:31:08
2026-01-20,2026-01-20 10:50:00,2026-01-20 10:55:00,OG,Backtest,AdxDiCrossBracketOG,OG_AdxDiCrossBracketOG,OG,NQ,NQ JUN26,LONG,1,25598.00,25559.50,-774.36,-778.72,-155.7,LOSS,STOP_HIT,25550.75,945.00,2026-05-07 09:31:08
2026-02-11,2026-02-11 10:20:00,2026-02-11 10:25:00,OG,Backtest,AdxDiCrossBracketOG,OG_AdxDiCrossBracketOG,OG,NQ,NQ JUN26,SHORT,1,25396.00,25319.50,1525.64,1521.28,304.3,WIN,TARGET_HIT,25474.50,1570.00,2026-05-07 09:31:08
2026-02-24,2026-02-24 10:15:00,2026-02-24 10:30:00,OG,Backtest,AdxDiCrossBracketOG,OG_AdxDiCrossBracketOG,OG,NQ,NQ JUN26,LONG,1,25109.25,25175.00,1310.64,1306.28,261.3,WIN,TARGET_HIT,25042.00,1345.00,2026-05-07 09:31:08
2026-01-16,2026-01-16 11:30:00,2026-01-16 11:35:00,OG,Backtest,AdxDiCrossBracketOG,OG_AdxDiCrossBracketOG,OG,NQ,NQ JUN26,LONG,1,25911.50,25925.25,270.64,266.28,53.3,WIN,STOP_HIT,25857.00,1090.00,2026-05-07 09:31:08
2026-02-24,2026-02-24 10:15:00,2026-02-24 10:30:00,OG,Backtest,AdxDiCrossBracketOG,OG_AdxDiCrossBracketOG,OG,NQ,NQ JUN26,LONG,1,25109.25,25175.00,1310.64,1306.28,261.3,WIN,TARGET_HIT,25042.00,1345.00,2026-05-07 09:31:08
2026-01-16,2026-01-16 11:30:00,2026-01-16 11:35:00,OG,Backtest,AdxDiCrossBracketOG,OG_AdxDiCrossBracketOG,OG,NQ,NQ JUN26,LONG,1,25911.50,25925.25,270.64,266.28,53.3,WIN,STOP_HIT,25874.75,735.00,2026-05-07 09:31:08
2026-01-07,2026-01-07 09:50:00,2026-01-07 10:00:00,OG,Backtest,AdxDiCrossBracketOG,OG_AdxDiCrossBracketOG,OG,NQ,NQ JUN26,LONG,1,26063.75,26063.00,-19.36,-23.72,-4.7,LOSS,STOP_HIT,26039.00,495.00,2026-05-07 09:31:08
2026-02-13,2026-02-13 10:35:00,2026-02-13 10:50:00,OG,Backtest,AdxDiCrossBracketOG,OG_AdxDiCrossBracketOG,OG,NQ,NQ JUN26,LONG,1,25058.00,24983.00,-1504.36,-1508.72,-301.7,LOSS,STOP_HIT,24952.50,2110.00,2026-05-07 09:31:08
2026-03-24,2026-03-24 11:00:00,2026-03-24 11:00:00,OG,Backtest,AdxDiCrossBracketOG,OG_AdxDiCrossBracketOG,OG,NQ,NQ JUN26,LONG,1,24281.50,24186.50,-1904.36,-1908.72,-381.7,LOSS,STOP_HIT,24187.00,1890.00,2026-05-07 09:31:08
2026-03-09,2026-03-09 10:45:00,2026-03-09 11:05:00,OG,Backtest,AdxDiCrossBracketOG,OG_AdxDiCrossBracketOG,OG,NQ,NQ JUN26,LONG,1,24692.00,24797.25,2100.64,2096.28,419.3,WIN,TARGET_HIT,24587.25,2095.00,2026-05-07 09:31:08
2026-02-11,2026-02-11 11:05:00,2026-02-11 11:10:00,OG,Backtest,AdxDiCrossBracketOG,OG_AdxDiCrossBracketOG,OG,NQ,NQ JUN26,LONG,1,25453.50,25418.25,-709.36,-713.72,-142.7,LOSS,STOP_HIT,25393.00,1210.00,2026-05-07 09:31:08
2026-02-11,2026-02-11 11:05:00,2026-02-11 11:10:00,OG,Backtest,AdxDiCrossBracketOG,OG_AdxDiCrossBracketOG,OG,NQ,NQ JUN26,LONG,1,25453.50,25418.25,-709.36,-713.72,-142.7,LOSS,STOP_HIT,25393.00,1210.00,2026-05-07 09:31:08
2026-01-20,2026-01-20 10:50:00,2026-01-20 10:55:00,OG,Backtest,AdxDiCrossBracketOG,OG_AdxDiCrossBracketOG,OG,NQ,NQ JUN26,LONG,1,25598.00,25559.50,-774.36,-778.72,-155.7,LOSS,STOP_HIT,25527.25,1415.00,2026-05-07 09:31:08
2026-03-27,2026-03-27 11:40:00,2026-03-27 12:00:00,OG,Backtest,AdxDiCrossBracketOG,OG_AdxDiCrossBracketOG,OG,NQ,NQ JUN26,LONG,1,23597.00,23559.75,-749.36,-753.72,-150.7,LOSS,STOP_HIT,23514.00,1660.00,2026-05-07 09:31:08
2026-01-09,2026-01-09 09:55:00,2026-01-09 09:55:00,OG,Backtest,AdxDiCrossBracketOG,OG_AdxDiCrossBracketOG,OG,NQ,NQ JUN26,SHORT,1,25913.25,25948.25,-704.36,-708.72,-141.7,LOSS,STOP_HIT,25947.75,690.00,2026-05-07 09:31:08
2026-02-13,2026-02-13 10:35:00,2026-02-13 10:50:00,OG,Backtest,AdxDiCrossBracketOG,OG_AdxDiCrossBracketOG,OG,NQ,NQ JUN26,LONG,1,25058.00,24983.00,-1504.36,-1508.72,-301.7,LOSS,STOP_HIT,24952.50,2110.00,2026-05-07 09:31:08
2026-02-05,2026-02-05 11:40:00,2026-02-05 11:50:00,OG,Backtest,AdxDiCrossBracketOG,OG_AdxDiCrossBracketOG,OG,NQ,NQ JUN26,LONG,1,25025.50,24992.25,-669.36,-673.72,-134.7,LOSS,STOP_HIT,24895.00,2610.00,2026-05-07 09:31:08
2026-02-13,2026-02-13 10:35:00,2026-02-13 10:35:00,OG,Backtest,AdxDiCrossBracketOG,OG_AdxDiCrossBracketOG,OG,NQ,NQ JUN26,LONG,1,25058.00,25127.00,1375.64,1371.28,274.3,WIN,TARGET_HIT,24987.50,1410.00,2026-05-07 09:31:08
2026-01-06,2026-01-06 11:00:00,2026-01-06 11:05:00,OG,Backtest,AdxDiCrossBracketOG,OG_AdxDiCrossBracketOG,OG,NQ,NQ JUN26,SHORT,1,25909.25,25880.75,565.64,561.28,112.3,WIN,TARGET_HIT,25938.25,580.00,2026-05-07 09:31:08
2026-03-09,2026-03-09 10:45:00,2026-03-09 11:05:00,OG,Backtest,AdxDiCrossBracketOG,OG_AdxDiCrossBracketOG,OG,NQ,NQ JUN26,LONG,1,24692.00,24797.25,2100.64,2096.28,419.3,WIN,TARGET_HIT,24587.25,2095.00,2026-05-07 09:31:08
2026-03-06,2026-03-06 11:10:00,2026-03-06 11:15:00,OG,Backtest,AdxDiCrossBracketOG,OG_AdxDiCrossBracketOG,OG,NQ,NQ JUN26,LONG,1,25101.50,25059.00,-854.36,-858.72,-171.7,LOSS,STOP_HIT,25038.75,1255.00,2026-05-07 09:31:08
2026-03-12,2026-03-12 11:50:00,2026-03-12 11:50:00,OG,Backtest,AdxDiCrossBracketOG,OG_AdxDiCrossBracketOG,OG,NQ,NQ JUN26,LONG,1,24898.00,24844.00,-1084.36,-1088.72,-217.7,LOSS,STOP_HIT,24844.50,1070.00,2026-05-07 09:31:08
2026-02-10,2026-02-10 09:45:00,2026-02-10 09:45:00,OG,Backtest,AdxDiCrossBracketOG,OG_AdxDiCrossBracketOG,OG,NQ,NQ JUN26,SHORT,1,25535.25,25500.25,695.64,691.28,138.3,WIN,TARGET_HIT,25571.75,730.00,2026-05-07 09:31:08
2026-04-07,2026-04-07 11:40:00,2026-04-07 12:00:00,OG,Backtest,AdxDiCrossBracketOG,OG_AdxDiCrossBracketOG,OG,NQ,NQ JUN26,LONG,1,24071.50,24083.00,225.64,221.28,44.3,WIN,STOP_HIT,24001.75,1395.00,2026-05-07 09:31:08
2026-02-11,2026-02-11 10:20:00,2026-02-11 10:25:00,OG,Backtest,AdxDiCrossBracketOG,OG_AdxDiCrossBracketOG,OG,NQ,NQ JUN26,SHORT,1,25396.00,25319.50,1525.64,1521.28,304.3,WIN,TARGET_HIT,25474.50,1570.00,2026-05-07 09:31:08
2026-03-19,2026-03-19 11:15:00,2026-03-19 11:25:00,OG,Backtest,AdxDiCrossBracketOG,OG_AdxDiCrossBracketOG,OG,NQ,NQ JUN26,LONG,1,24530.25,24486.25,-884.36,-888.72,-177.7,LOSS,STOP_HIT,24473.00,1145.00,2026-05-07 09:31:08
2026-02-11,2026-02-11 11:05:00,2026-02-11 11:10:00,OG,Backtest,AdxDiCrossBracketOG,OG_AdxDiCrossBracketOG,OG,NQ,NQ JUN26,LONG,1,25453.50,25418.25,-709.36,-713.72,-142.7,LOSS,STOP_HIT,25363.00,1810.00,2026-05-07 09:31:08
2026-04-06,2026-04-06 10:55:00,2026-04-06 11:05:00,OG,Backtest,AdxDiCrossBracketOG,OG_AdxDiCrossBracketOG,OG,NQ,NQ JUN26,SHORT,1,24269.25,24306.75,-754.36,-758.72,-151.7,LOSS,STOP_HIT,24347.00,1555.00,2026-05-07 09:31:08
2026-02-11,2026-02-11 11:05:00,2026-02-11 11:10:00,OG,Backtest,AdxDiCrossBracketOG,OG_AdxDiCrossBracketOG,OG,NQ,NQ JUN26,LONG,1,25453.50,25418.25,-709.36,-713.72,-142.7,LOSS,STOP_HIT,25363.00,1810.00,2026-05-07 09:31:08
2026-02-17,2026-02-17 11:10:00,2026-02-17 11:15:00,OG,Backtest,AdxDiCrossBracketOG,OG_AdxDiCrossBracketOG,OG,NQ,NQ JUN26,LONG,1,24861.25,24960.75,1985.64,1981.28,396.3,WIN,TARGET_HIT,24760.25,2020.00,2026-05-07 09:31:08
2026-02-13,2026-02-13 10:35:00,2026-02-13 10:50:00,OG,Backtest,AdxDiCrossBracketOG,OG_AdxDiCrossBracketOG,OG,NQ,NQ JUN26,LONG,1,25058.00,24983.00,-1504.36,-1508.72,-301.7,LOSS,STOP_HIT,24952.50,2110.00,2026-05-07 09:31:09
2026-01-09,2026-01-09 09:55:00,2026-01-09 09:55:00,OG,Backtest,AdxDiCrossBracketOG,OG_AdxDiCrossBracketOG,OG,NQ,NQ JUN26,SHORT,1,25913.25,25965.00,-1039.36,-1043.72,-208.7,LOSS,STOP_HIT,25964.50,1025.00,2026-05-07 09:31:09
2026-02-24,2026-02-24 10:10:00,2026-02-24 10:10:00,OG,Backtest,AdxDiCrossBracketOG,OG_AdxDiCrossBracketOG,OG,NQ,NQ JUN26,SHORT,1,25048.75,25114.00,-1309.36,-1313.72,-262.7,LOSS,STOP_HIT,25113.50,1295.00,2026-05-07 09:31:09
2026-01-09,2026-01-09 09:45:00,2026-01-09 09:50:00,OG,Backtest,AdxDiCrossBracketOG,OG_AdxDiCrossBracketOG,OG,NQ,NQ JUN26,LONG,1,25965.00,25924.25,-819.36,-823.72,-164.7,LOSS,STOP_HIT,25924.75,805.00,2026-05-07 09:31:09
2026-03-27,2026-03-27 11:40:00,2026-03-27 11:45:00,OG,Backtest,AdxDiCrossBracketOG,OG_AdxDiCrossBracketOG,OG,NQ,NQ JUN26,LONG,1,23597.00,23541.00,-1124.36,-1128.72,-225.7,LOSS,STOP_HIT,23541.50,1110.00,2026-05-07 09:31:09
2026-02-24,2026-02-24 10:10:00,2026-02-24 10:10:00,OG,Backtest,AdxDiCrossBracketOG,OG_AdxDiCrossBracketOG,OG,NQ,NQ JUN26,SHORT,1,25048.75,25114.00,-1309.36,-1313.72,-262.7,LOSS,STOP_HIT,25113.50,1295.00,2026-05-07 09:31:09
2026-02-24,2026-02-24 10:15:00,2026-02-24 10:30:00,OG,Backtest,AdxDiCrossBracketOG,OG_AdxDiCrossBracketOG,OG,NQ,NQ JUN26,LONG,1,25109.25,25175.00,1310.64,1306.28,261.3,WIN,TARGET_HIT,25042.00,1345.00,2026-05-07 09:31:09
2026-04-16,2026-04-16 10:00:00,2026-04-16 10:05:00,OG,Backtest,AdxDiCrossBracketOG,OG_AdxDiCrossBracketOG,OG,NQ,NQ JUN26,SHORT,1,26282.00,26330.25,-969.36,-973.72,-194.7,LOSS,STOP_HIT,26329.75,955.00,2026-05-07 09:31:09
2026-03-20,2026-03-20 11:30:00,2026-03-20 11:55:00,OG,Backtest,AdxDiCrossBracketOG,OG_AdxDiCrossBracketOG,OG,NQ,NQ JUN26,LONG,1,24274.25,24294.00,390.64,386.28,77.3,WIN,STOP_HIT,24192.75,1630.00,2026-05-07 09:31:09
2026-01-20,2026-01-20 10:50:00,2026-01-20 10:55:00,OG,Backtest,AdxDiCrossBracketOG,OG_AdxDiCrossBracketOG,OG,NQ,NQ JUN26,LONG,1,25598.00,25559.50,-774.36,-778.72,-155.7,LOSS,STOP_HIT,25527.25,1415.00,2026-05-07 09:31:09
2026-04-06,2026-04-06 11:05:00,2026-04-06 11:25:00,OG,Backtest,AdxDiCrossBracketOG,OG_AdxDiCrossBracketOG,OG,NQ,NQ JUN26,LONG,1,24306.75,24291.50,-309.36,-313.72,-62.7,LOSS,STOP_HIT,24255.50,1025.00,2026-05-07 09:31:09
2026-03-19,2026-03-19 11:15:00,2026-03-19 11:25:00,OG,Backtest,AdxDiCrossBracketOG,OG_AdxDiCrossBracketOG,OG,NQ,NQ JUN26,LONG,1,24530.25,24486.25,-884.36,-888.72,-177.7,LOSS,STOP_HIT,24473.00,1145.00,2026-05-07 09:31:09
2026-02-03,2026-02-03 09:50:00,2026-02-03 09:50:00,OG,Backtest,AdxDiCrossBracketOG,OG_AdxDiCrossBracketOG,OG,NQ,NQ JUN26,SHORT,1,25960.75,26016.50,-1119.36,-1123.72,-224.7,LOSS,STOP_HIT,26016.00,1105.00,2026-05-07 09:31:09
2026-03-25,2026-03-25 11:20:00,2026-03-25 11:20:00,OG,Backtest,AdxDiCrossBracketOG,OG_AdxDiCrossBracketOG,OG,NQ,NQ JUN26,SHORT,1,24386.00,24311.00,1495.64,1491.28,298.3,WIN,TARGET_HIT,24463.50,1550.00,2026-05-07 09:31:09
2026-04-16,2026-04-16 10:15:00,2026-04-16 10:15:00,OG,Backtest,AdxDiCrossBracketOG,OG_AdxDiCrossBracketOG,OG,NQ,NQ JUN26,LONG,1,26347.25,26381.00,670.64,666.28,133.3,WIN,TARGET_HIT,26311.50,715.00,2026-05-07 09:31:09
2026-03-03,2026-03-03 11:40:00,2026-03-03 11:50:00,OG,Backtest,AdxDiCrossBracketOG,OG_AdxDiCrossBracketOG,OG,NQ,NQ JUN26,SHORT,1,24817.25,24864.25,-944.36,-948.72,-189.7,LOSS,STOP_HIT,24915.75,1970.00,2026-05-07 09:31:09
2026-03-09,2026-03-09 10:45:00,2026-03-09 11:05:00,OG,Backtest,AdxDiCrossBracketOG,OG_AdxDiCrossBracketOG,OG,NQ,NQ JUN26,LONG,1,24692.00,24797.25,2100.64,2096.28,419.3,WIN,TARGET_HIT,24587.25,2095.00,2026-05-07 09:31:09
2026-01-16,2026-01-16 11:30:00,2026-01-16 11:35:00,OG,Backtest,AdxDiCrossBracketOG,OG_AdxDiCrossBracketOG,OG,NQ,NQ JUN26,LONG,1,25911.50,25925.25,270.64,266.28,53.3,WIN,STOP_HIT,25857.00,1090.00,2026-05-07 09:31:09
2026-04-16,2026-04-16 10:15:00,2026-04-16 10:15:00,OG,Backtest,AdxDiCrossBracketOG,OG_AdxDiCrossBracketOG,OG,NQ,NQ JUN26,LONG,1,26347.25,26381.00,670.64,666.28,133.3,WIN,TARGET_HIT,26311.50,715.00,2026-05-07 09:31:09
2026-04-07,2026-04-07 11:40:00,2026-04-07 12:00:00,OG,Backtest,AdxDiCrossBracketOG,OG_AdxDiCrossBracketOG,OG,NQ,NQ JUN26,LONG,1,24071.50,24083.00,225.64,221.28,44.3,WIN,STOP_HIT,24025.00,930.00,2026-05-07 09:31:09
2026-01-21,2026-01-21 11:45:00,2026-01-21 11:50:00,OG,Backtest,AdxDiCrossBracketOG,OG_AdxDiCrossBracketOG,OG,NQ,NQ JUN26,SHORT,1,25543.75,25486.50,1140.64,1136.28,227.3,WIN,TARGET_HIT,25601.50,1155.00,2026-05-07 09:31:09
2026-03-24,2026-03-24 11:00:00,2026-03-24 11:00:00,OG,Backtest,AdxDiCrossBracketOG,OG_AdxDiCrossBracketOG,OG,NQ,NQ JUN26,LONG,1,24281.50,24186.50,-1904.36,-1908.72,-381.7,LOSS,STOP_HIT,24187.00,1890.00,2026-05-07 09:31:09
2026-04-16,2026-04-16 10:15:00,2026-04-16 10:50:00,OG,Backtest,AdxDiCrossBracketOG,OG_AdxDiCrossBracketOG,OG,NQ,NQ JUN26,LONG,1,26347.25,26398.25,1015.64,1011.28,202.3,WIN,TARGET_HIT,26294.25,1060.00,2026-05-07 09:31:09
2026-01-20,2026-01-20 10:50:00,2026-01-20 10:55:00,OG,Backtest,AdxDiCrossBracketOG,OG_AdxDiCrossBracketOG,OG,NQ,NQ JUN26,LONG,1,25598.00,25559.50,-774.36,-778.72,-155.7,LOSS,STOP_HIT,25527.25,1415.00,2026-05-07 09:31:09
2026-03-24,2026-03-24 11:00:00,2026-03-24 11:00:00,OG,Backtest,AdxDiCrossBracketOG,OG_AdxDiCrossBracketOG,OG,NQ,NQ JUN26,LONG,1,24281.50,24186.50,-1904.36,-1908.72,-381.7,LOSS,STOP_HIT,24187.00,1890.00,2026-05-07 09:31:09
2026-04-02,2026-04-02 10:45:00,2026-04-02 10:55:00,OG,Backtest,AdxDiCrossBracketOG,OG_AdxDiCrossBracketOG,OG,NQ,NQ JUN26,LONG,1,24210.25,24096.25,-2284.36,-2288.72,-457.7,LOSS,STOP_HIT,24096.75,2270.00,2026-05-07 09:31:09
2026-04-02,2026-04-02 10:45:00,2026-04-02 10:55:00,OG,Backtest,AdxDiCrossBracketOG,OG_AdxDiCrossBracketOG,OG,NQ,NQ JUN26,LONG,1,24210.25,24096.25,-2284.36,-2288.72,-457.7,LOSS,STOP_HIT,24096.75,2270.00,2026-05-07 09:31:09
2026-01-09,2026-01-09 09:45:00,2026-01-09 09:50:00,OG,Backtest,AdxDiCrossBracketOG,OG_AdxDiCrossBracketOG,OG,NQ,NQ JUN26,LONG,1,25965.00,25924.25,-819.36,-823.72,-164.7,LOSS,STOP_HIT,25924.75,805.00,2026-05-07 09:31:09
2026-02-13,2026-02-13 10:35:00,2026-02-13 10:50:00,OG,Backtest,AdxDiCrossBracketOG,OG_AdxDiCrossBracketOG,OG,NQ,NQ JUN26,LONG,1,25058.00,24983.00,-1504.36,-1508.72,-301.7,LOSS,STOP_HIT,24952.50,2110.00,2026-05-07 09:31:09
2026-03-03,2026-03-03 11:25:00,2026-03-03 11:40:00,OG,Backtest,AdxDiCrossBracketOG,OG_AdxDiCrossBracketOG,OG,NQ,NQ JUN26,LONG,1,24794.50,24817.25,450.64,446.28,89.3,WIN,STOP_HIT,24689.25,2105.00,2026-05-07 09:31:09
2026-04-06,2026-04-06 10:55:00,2026-04-06 11:05:00,OG,Backtest,AdxDiCrossBracketOG,OG_AdxDiCrossBracketOG,OG,NQ,NQ JUN26,SHORT,1,24269.25,24306.75,-754.36,-758.72,-151.7,LOSS,STOP_HIT,24347.00,1555.00,2026-05-07 09:31:09
2026-02-03,2026-02-03 09:50:00,2026-02-03 09:50:00,OG,Backtest,AdxDiCrossBracketOG,OG_AdxDiCrossBracketOG,OG,NQ,NQ JUN26,SHORT,1,25960.75,26016.50,-1119.36,-1123.72,-224.7,LOSS,STOP_HIT,26016.00,1105.00,2026-05-07 09:31:09
2026-03-24,2026-03-24 11:00:00,2026-03-24 11:00:00,OG,Backtest,AdxDiCrossBracketOG,OG_AdxDiCrossBracketOG,OG,NQ,NQ JUN26,LONG,1,24281.50,24217.75,-1279.36,-1283.72,-256.7,LOSS,STOP_HIT,24218.25,1265.00,2026-05-07 09:31:09
2026-03-06,2026-03-06 11:10:00,2026-03-06 11:15:00,OG,Backtest,AdxDiCrossBracketOG,OG_AdxDiCrossBracketOG,OG,NQ,NQ JUN26,LONG,1,25101.50,25059.00,-854.36,-858.72,-171.7,LOSS,STOP_HIT,25007.25,1885.00,2026-05-07 09:31:09
2026-02-11,2026-02-11 11:05:00,2026-02-11 11:10:00,OG,Backtest,AdxDiCrossBracketOG,OG_AdxDiCrossBracketOG,OG,NQ,NQ JUN26,LONG,1,25453.50,25418.25,-709.36,-713.72,-142.7,LOSS,STOP_HIT,25363.00,1810.00,2026-05-07 09:31:09
2026-04-16,2026-04-16 10:00:00,2026-04-16 10:00:00,OG,Backtest,AdxDiCrossBracketOG,OG_AdxDiCrossBracketOG,OG,NQ,NQ JUN26,SHORT,1,26282.00,26314.50,-654.36,-658.72,-131.7,LOSS,STOP_HIT,26314.00,640.00,2026-05-07 09:31:09
2026-02-11,2026-02-11 10:20:00,2026-02-11 10:25:00,OG,Backtest,AdxDiCrossBracketOG,OG_AdxDiCrossBracketOG,OG,NQ,NQ JUN26,SHORT,1,25396.00,25319.50,1525.64,1521.28,304.3,WIN,TARGET_HIT,25474.50,1570.00,2026-05-07 09:31:09
2026-01-09,2026-01-09 09:45:00,2026-01-09 09:50:00,OG,Backtest,AdxDiCrossBracketOG,OG_AdxDiCrossBracketOG,OG,NQ,NQ JUN26,LONG,1,25965.00,25924.25,-819.36,-823.72,-164.7,LOSS,STOP_HIT,25924.75,805.00,2026-05-07 09:31:09
2026-04-06,2026-04-06 10:55:00,2026-04-06 11:00:00,OG,Backtest,AdxDiCrossBracketOG,OG_AdxDiCrossBracketOG,OG,NQ,NQ JUN26,SHORT,1,24269.25,24321.50,-1049.36,-1053.72,-210.7,LOSS,STOP_HIT,24321.00,1035.00,2026-05-07 09:31:09
2026-01-09,2026-01-09 09:55:00,2026-01-09 09:55:00,OG,Backtest,AdxDiCrossBracketOG,OG_AdxDiCrossBracketOG,OG,NQ,NQ JUN26,SHORT,1,25913.25,25965.00,-1039.36,-1043.72,-208.7,LOSS,STOP_HIT,25964.50,1025.00,2026-05-07 09:31:09
2026-03-24,2026-03-24 11:00:00,2026-03-24 11:00:00,OG,Backtest,AdxDiCrossBracketOG,OG_AdxDiCrossBracketOG,OG,NQ,NQ JUN26,LONG,1,24281.50,24186.50,-1904.36,-1908.72,-381.7,LOSS,STOP_HIT,24187.00,1890.00,2026-05-07 09:31:09
2026-02-11,2026-02-11 10:20:00,2026-02-11 10:25:00,OG,Backtest,AdxDiCrossBracketOG,OG_AdxDiCrossBracketOG,OG,NQ,NQ JUN26,SHORT,1,25396.00,25319.50,1525.64,1521.28,304.3,WIN,TARGET_HIT,25474.50,1570.00,2026-05-07 09:31:09
2026-05-01,2026-05-01 11:20:00,2026-05-01 11:40:00,OG,Backtest,AdxDiCrossBracketOG,OG_AdxDiCrossBracketOG,OG,NQ,NQ JUN26,LONG,1,27837.25,27877.75,805.64,801.28,160.3,WIN,TARGET_HIT,27796.25,820.00,2026-05-07 09:31:09
2026-03-03,2026-03-03 11:25:00,2026-03-03 11:35:00,OG,Backtest,AdxDiCrossBracketOG,OG_AdxDiCrossBracketOG,OG,NQ,NQ JUN26,LONG,1,24794.50,24819.00,485.64,481.28,96.3,WIN,STOP_HIT,24689.25,2105.00,2026-05-07 09:31:09
2026-02-11,2026-02-11 11:05:00,2026-02-11 11:10:00,OG,Backtest,AdxDiCrossBracketOG,OG_AdxDiCrossBracketOG,OG,NQ,NQ JUN26,LONG,1,25453.50,25418.25,-709.36,-713.72,-142.7,LOSS,STOP_HIT,25363.00,1810.00,2026-05-07 09:31:09
2026-02-13,2026-02-13 10:35:00,2026-02-13 10:50:00,OG,Backtest,AdxDiCrossBracketOG,OG_AdxDiCrossBracketOG,OG,NQ,NQ JUN26,LONG,1,25058.00,24983.00,-1504.36,-1508.72,-301.7,LOSS,STOP_HIT,24952.50,2110.00,2026-05-07 09:31:09
2026-01-28,2026-01-28 10:55:00,2026-01-28 11:15:00,OG,Backtest,AdxDiCrossBracketOG,OG_AdxDiCrossBracketOG,OG,NQ,NQ JUN26,SHORT,1,26395.25,26395.00,0.64,-3.72,-0.7,LOSS,STOP_HIT,26445.25,1000.00,2026-05-07 09:31:09
2026-03-20,2026-03-20 11:30:00,2026-03-20 11:55:00,OG,Backtest,AdxDiCrossBracketOG,OG_AdxDiCrossBracketOG,OG,NQ,NQ JUN26,LONG,1,24274.25,24294.00,390.64,386.28,77.3,WIN,STOP_HIT,24192.75,1630.00,2026-05-07 09:31:09
2026-04-06,2026-04-06 10:55:00,2026-04-06 11:05:00,OG,Backtest,AdxDiCrossBracketOG,OG_AdxDiCrossBracketOG,OG,NQ,NQ JUN26,SHORT,1,24269.25,24306.75,-754.36,-758.72,-151.7,LOSS,STOP_HIT,24347.00,1555.00,2026-05-07 09:31:09
2026-03-09,2026-03-09 10:45:00,2026-03-09 11:00:00,OG,Backtest,AdxDiCrossBracketOG,OG_AdxDiCrossBracketOG,OG,NQ,NQ JUN26,LONG,1,24692.00,24753.50,1225.64,1221.28,244.3,WIN,STOP_HIT,24587.25,2095.00,2026-05-07 09:31:09
2026-05-01,2026-05-01 11:10:00,2026-05-01 11:15:00,OG,Backtest,AdxDiCrossBracketOG,OG_AdxDiCrossBracketOG,OG,NQ,NQ JUN26,SHORT,1,27795.25,27837.00,-839.36,-843.72,-168.7,LOSS,STOP_HIT,27836.50,825.00,2026-05-07 09:31:09
2026-02-24,2026-02-24 09:50:00,2026-02-24 10:00:00,OG,Backtest,AdxDiCrossBracketOG,OG_AdxDiCrossBracketOG,OG,NQ,NQ JUN26,LONG,1,25120.50,25108.50,-244.36,-248.72,-49.7,LOSS,STOP_HIT,25062.50,1160.00,2026-05-07 09:31:09
2026-02-24,2026-02-24 10:15:00,2026-02-24 10:30:00,OG,Backtest,AdxDiCrossBracketOG,OG_AdxDiCrossBracketOG,OG,NQ,NQ JUN26,LONG,1,25109.25,25175.00,1310.64,1306.28,261.3,WIN,TARGET_HIT,25042.00,1345.00,2026-05-07 09:31:09
2026-02-24,2026-02-24 10:15:00,2026-02-24 10:30:00,OG,Backtest,AdxDiCrossBracketOG,OG_AdxDiCrossBracketOG,OG,NQ,NQ JUN26,LONG,1,25109.25,25175.00,1310.64,1306.28,261.3,WIN,TARGET_HIT,25042.00,1345.00,2026-05-07 09:31:09
2026-02-24,2026-02-24 10:15:00,2026-02-24 10:30:00,OG,Backtest,AdxDiCrossBracketOG,OG_AdxDiCrossBracketOG,OG,NQ,NQ JUN26,LONG,1,25109.25,25175.00,1310.64,1306.28,261.3,WIN,TARGET_HIT,25042.00,1345.00,2026-05-07 09:31:09
2026-01-06,2026-01-06 11:00:00,2026-01-06 11:05:00,OG,Backtest,AdxDiCrossBracketOG,OG_AdxDiCrossBracketOG,OG,NQ,NQ JUN26,SHORT,1,25909.25,25880.75,565.64,561.28,112.3,WIN,TARGET_HIT,25938.25,580.00,2026-05-07 09:31:09
2026-03-06,2026-03-06 11:10:00,2026-03-06 11:15:00,OG,Backtest,AdxDiCrossBracketOG,OG_AdxDiCrossBracketOG,OG,NQ,NQ JUN26,LONG,1,25101.50,25059.00,-854.36,-858.72,-171.7,LOSS,STOP_HIT,25007.25,1885.00,2026-05-07 09:31:09
2026-03-25,2026-03-25 11:20:00,2026-03-25 11:20:00,OG,Backtest,AdxDiCrossBracketOG,OG_AdxDiCrossBracketOG,OG,NQ,NQ JUN26,SHORT,1,24386.00,24311.00,1495.64,1491.28,298.3,WIN,TARGET_HIT,24463.50,1550.00,2026-05-07 09:31:09
2026-01-20,2026-01-20 10:50:00,2026-01-20 10:55:00,OG,Backtest,AdxDiCrossBracketOG,OG_AdxDiCrossBracketOG,OG,NQ,NQ JUN26,LONG,1,25598.00,25559.50,-774.36,-778.72,-155.7,LOSS,STOP_HIT,25550.75,945.00,2026-05-07 09:31:09
2026-01-28,2026-01-28 10:55:00,2026-01-28 11:15:00,OG,Backtest,AdxDiCrossBracketOG,OG_AdxDiCrossBracketOG,OG,NQ,NQ JUN26,SHORT,1,26395.25,26395.00,0.64,-3.72,-0.7,LOSS,STOP_HIT,26429.00,675.00,2026-05-07 09:31:09
2026-01-16,2026-01-16 11:30:00,2026-01-16 11:35:00,OG,Backtest,AdxDiCrossBracketOG,OG_AdxDiCrossBracketOG,OG,NQ,NQ JUN26,LONG,1,25911.50,25925.25,270.64,266.28,53.3,WIN,STOP_HIT,25857.00,1090.00,2026-05-07 09:31:09
2026-03-19,2026-03-19 11:15:00,2026-03-19 11:25:00,OG,Backtest,AdxDiCrossBracketOG,OG_AdxDiCrossBracketOG,OG,NQ,NQ JUN26,LONG,1,24530.25,24486.25,-884.36,-888.72,-177.7,LOSS,STOP_HIT,24444.75,1710.00,2026-05-07 09:31:09
2026-03-19,2026-03-19 11:15:00,2026-03-19 11:25:00,OG,Backtest,AdxDiCrossBracketOG,OG_AdxDiCrossBracketOG,OG,NQ,NQ JUN26,LONG,1,24530.25,24486.25,-884.36,-888.72,-177.7,LOSS,STOP_HIT,24444.75,1710.00,2026-05-07 09:31:09
2026-04-06,2026-04-06 10:55:00,2026-04-06 11:05:00,OG,Backtest,AdxDiCrossBracketOG,OG_AdxDiCrossBracketOG,OG,NQ,NQ JUN26,SHORT,1,24269.25,24306.75,-754.36,-758.72,-151.7,LOSS,STOP_HIT,24347.00,1555.00,2026-05-07 09:31:09
2026-01-06,2026-01-06 11:00:00,2026-01-06 11:10:00,OG,Backtest,AdxDiCrossBracketOG,OG_AdxDiCrossBracketOG,OG,NQ,NQ JUN26,SHORT,1,25909.25,25866.25,855.64,851.28,170.3,WIN,TARGET_HIT,25952.75,870.00,2026-05-07 09:31:09
2026-01-21,2026-01-21 11:45:00,2026-01-21 11:50:00,OG,Backtest,AdxDiCrossBracketOG,OG_AdxDiCrossBracketOG,OG,NQ,NQ JUN26,SHORT,1,25543.75,25486.50,1140.64,1136.28,227.3,WIN,TARGET_HIT,25601.50,1155.00,2026-05-07 09:31:09
2026-01-07,2026-01-07 09:50:00,2026-01-07 10:00:00,OG,Backtest,AdxDiCrossBracketOG,OG_AdxDiCrossBracketOG,OG,NQ,NQ JUN26,LONG,1,26063.75,26063.00,-19.36,-23.72,-4.7,LOSS,STOP_HIT,26039.00,495.00,2026-05-07 09:31:09
2026-04-21,2026-04-21 11:05:00,2026-04-21 11:05:00,OG,Backtest,AdxDiCrossBracketOG,OG_AdxDiCrossBracketOG,OG,NQ,NQ JUN26,SHORT,1,26737.25,26684.75,1045.64,1041.28,208.3,WIN,TARGET_HIT,26788.75,1030.00,2026-05-07 09:31:09
2026-02-03,2026-02-03 09:50:00,2026-02-03 09:50:00,OG,Backtest,AdxDiCrossBracketOG,OG_AdxDiCrossBracketOG,OG,NQ,NQ JUN26,SHORT,1,25960.75,26016.50,-1119.36,-1123.72,-224.7,LOSS,STOP_HIT,26016.00,1105.00,2026-05-07 09:31:09
2026-01-09,2026-01-09 09:55:00,2026-01-09 09:55:00,OG,Backtest,AdxDiCrossBracketOG,OG_AdxDiCrossBracketOG,OG,NQ,NQ JUN26,SHORT,1,25913.25,25965.00,-1039.36,-1043.72,-208.7,LOSS,STOP_HIT,25964.50,1025.00,2026-05-07 09:31:09
2026-02-13,2026-02-13 10:35:00,2026-02-13 10:35:00,OG,Backtest,AdxDiCrossBracketOG,OG_AdxDiCrossBracketOG,OG,NQ,NQ JUN26,LONG,1,25058.00,25127.00,1375.64,1371.28,274.3,WIN,TARGET_HIT,24987.50,1410.00,2026-05-07 09:31:09
2026-01-06,2026-01-06 11:00:00,2026-01-06 11:05:00,OG,Backtest,AdxDiCrossBracketOG,OG_AdxDiCrossBracketOG,OG,NQ,NQ JUN26,SHORT,1,25909.25,25880.75,565.64,561.28,112.3,WIN,TARGET_HIT,25938.25,580.00,2026-05-07 09:31:09
2026-03-19,2026-03-19 11:15:00,2026-03-19 11:25:00,OG,Backtest,AdxDiCrossBracketOG,OG_AdxDiCrossBracketOG,OG,NQ,NQ JUN26,LONG,1,24530.25,24486.25,-884.36,-888.72,-177.7,LOSS,STOP_HIT,24444.75,1710.00,2026-05-07 09:31:09
2026-02-24,2026-02-24 09:50:00,2026-02-24 09:50:00,OG,Backtest,AdxDiCrossBracketOG,OG_AdxDiCrossBracketOG,OG,NQ,NQ JUN26,LONG,1,25120.50,25157.50,735.64,731.28,146.3,WIN,TARGET_HIT,25081.50,780.00,2026-05-07 09:31:09
2026-03-03,2026-03-03 11:25:00,2026-03-03 11:40:00,OG,Backtest,AdxDiCrossBracketOG,OG_AdxDiCrossBracketOG,OG,NQ,NQ JUN26,LONG,1,24794.50,24817.25,450.64,446.28,89.3,WIN,STOP_HIT,24724.00,1410.00,2026-05-07 09:31:09
2026-01-28,2026-01-28 10:55:00,2026-01-28 11:15:00,OG,Backtest,AdxDiCrossBracketOG,OG_AdxDiCrossBracketOG,OG,NQ,NQ JUN26,SHORT,1,26395.25,26395.00,0.64,-3.72,-0.7,LOSS,STOP_HIT,26445.25,1000.00,2026-05-07 09:31:09
2026-04-16,2026-04-16 10:15:00,2026-04-16 10:50:00,OG,Backtest,AdxDiCrossBracketOG,OG_AdxDiCrossBracketOG,OG,NQ,NQ JUN26,LONG,1,26347.25,26398.25,1015.64,1011.28,202.3,WIN,TARGET_HIT,26294.25,1060.00,2026-05-07 09:31:09
2026-02-11,2026-02-11 10:20:00,2026-02-11 10:25:00,OG,Backtest,AdxDiCrossBracketOG,OG_AdxDiCrossBracketOG,OG,NQ,NQ JUN26,SHORT,1,25396.00,25319.50,1525.64,1521.28,304.3,WIN,TARGET_HIT,25474.50,1570.00,2026-05-07 09:31:09
2026-02-11,2026-02-11 11:05:00,2026-02-11 11:10:00,OG,Backtest,AdxDiCrossBracketOG,OG_AdxDiCrossBracketOG,OG,NQ,NQ JUN26,LONG,1,25453.50,25418.25,-709.36,-713.72,-142.7,LOSS,STOP_HIT,25393.00,1210.00,2026-05-07 09:31:09
2026-03-25,2026-03-25 11:20:00,2026-03-25 11:20:00,OG,Backtest,AdxDiCrossBracketOG,OG_AdxDiCrossBracketOG,OG,NQ,NQ JUN26,SHORT,1,24386.00,24311.00,1495.64,1491.28,298.3,WIN,TARGET_HIT,24463.50,1550.00,2026-05-07 09:31:09
2026-02-11,2026-02-11 11:05:00,2026-02-11 11:10:00,OG,Backtest,AdxDiCrossBracketOG,OG_AdxDiCrossBracketOG,OG,NQ,NQ JUN26,LONG,1,25453.50,25418.25,-709.36,-713.72,-142.7,LOSS,STOP_HIT,25363.00,1810.00,2026-05-07 09:31:09
2026-02-10,2026-02-10 09:45:00,2026-02-10 09:45:00,OG,Backtest,AdxDiCrossBracketOG,OG_AdxDiCrossBracketOG,OG,NQ,NQ JUN26,SHORT,1,25535.25,25512.25,455.64,451.28,90.3,WIN,TARGET_HIT,25559.75,490.00,2026-05-07 09:31:09
2026-02-24,2026-02-24 09:50:00,2026-02-24 10:00:00,OG,Backtest,AdxDiCrossBracketOG,OG_AdxDiCrossBracketOG,OG,NQ,NQ JUN26,LONG,1,25120.50,25108.50,-244.36,-248.72,-49.7,LOSS,STOP_HIT,25062.50,1160.00,2026-05-07 09:31:09
2026-02-11,2026-02-11 10:20:00,2026-02-11 10:25:00,OG,Backtest,AdxDiCrossBracketOG,OG_AdxDiCrossBracketOG,OG,NQ,NQ JUN26,SHORT,1,25396.00,25319.50,1525.64,1521.28,304.3,WIN,TARGET_HIT,25474.50,1570.00,2026-05-07 09:31:09
2026-01-07,2026-01-07 09:50:00,2026-01-07 10:00:00,OG,Backtest,AdxDiCrossBracketOG,OG_AdxDiCrossBracketOG,OG,NQ,NQ JUN26,LONG,1,26063.75,26063.00,-19.36,-23.72,-4.7,LOSS,STOP_HIT,26039.00,495.00,2026-05-07 09:31:09
2026-02-24,2026-02-24 10:15:00,2026-02-24 10:30:00,OG,Backtest,AdxDiCrossBracketOG,OG_AdxDiCrossBracketOG,OG,NQ,NQ JUN26,LONG,1,25109.25,25175.00,1310.64,1306.28,261.3,WIN,TARGET_HIT,25042.00,1345.00,2026-05-07 09:31:09
2026-03-24,2026-03-24 11:00:00,2026-03-24 11:00:00,OG,Backtest,AdxDiCrossBracketOG,OG_AdxDiCrossBracketOG,OG,NQ,NQ JUN26,LONG,1,24281.50,24217.75,-1279.36,-1283.72,-256.7,LOSS,STOP_HIT,24218.25,1265.00,2026-05-07 09:31:09
2026-01-16,2026-01-16 11:30:00,2026-01-16 11:35:00,OG,Backtest,AdxDiCrossBracketOG,OG_AdxDiCrossBracketOG,OG,NQ,NQ JUN26,LONG,1,25911.50,25925.25,270.64,266.28,53.3,WIN,STOP_HIT,25857.00,1090.00,2026-05-07 09:31:09
2026-02-03,2026-02-03 09:50:00,2026-02-03 09:50:00,OG,Backtest,AdxDiCrossBracketOG,OG_AdxDiCrossBracketOG,OG,NQ,NQ JUN26,SHORT,1,25960.75,25998.50,-759.36,-763.72,-152.7,LOSS,STOP_HIT,25998.00,745.00,2026-05-07 09:31:09
2026-03-03,2026-03-03 11:25:00,2026-03-03 11:35:00,OG,Backtest,AdxDiCrossBracketOG,OG_AdxDiCrossBracketOG,OG,NQ,NQ JUN26,LONG,1,24794.50,24819.00,485.64,481.28,96.3,WIN,STOP_HIT,24689.25,2105.00,2026-05-07 09:31:09
2026-02-24,2026-02-24 10:15:00,2026-02-24 10:30:00,OG,Backtest,AdxDiCrossBracketOG,OG_AdxDiCrossBracketOG,OG,NQ,NQ JUN26,LONG,1,25109.25,25175.00,1310.64,1306.28,261.3,WIN,TARGET_HIT,25042.00,1345.00,2026-05-07 09:31:09
2026-04-02,2026-04-02 10:45:00,2026-04-02 10:45:00,OG,Backtest,AdxDiCrossBracketOG,OG_AdxDiCrossBracketOG,OG,NQ,NQ JUN26,LONG,1,24210.25,24134.00,-1529.36,-1533.72,-306.7,LOSS,STOP_HIT,24134.50,1515.00,2026-05-07 09:31:09
2026-01-07,2026-01-07 09:50:00,2026-01-07 10:00:00,OG,Backtest,AdxDiCrossBracketOG,OG_AdxDiCrossBracketOG,OG,NQ,NQ JUN26,LONG,1,26063.75,26063.00,-19.36,-23.72,-4.7,LOSS,STOP_HIT,26030.75,660.00,2026-05-07 09:31:09
2026-03-12,2026-03-12 11:50:00,2026-03-12 11:55:00,OG,Backtest,AdxDiCrossBracketOG,OG_AdxDiCrossBracketOG,OG,NQ,NQ JUN26,LONG,1,24898.00,24865.50,-654.36,-658.72,-131.7,LOSS,STOP_HIT,24818.25,1595.00,2026-05-07 09:31:09
2026-03-20,2026-03-20 11:30:00,2026-03-20 11:55:00,OG,Backtest,AdxDiCrossBracketOG,OG_AdxDiCrossBracketOG,OG,NQ,NQ JUN26,LONG,1,24274.25,24294.00,390.64,386.28,77.3,WIN,STOP_HIT,24192.75,1630.00,2026-05-07 09:31:09
2026-01-09,2026-01-09 09:55:00,2026-01-09 10:05:00,OG,Backtest,AdxDiCrossBracketOG,OG_AdxDiCrossBracketOG,OG,NQ,NQ JUN26,SHORT,1,25913.25,25956.50,-869.36,-873.72,-174.7,LOSS,STOP_HIT,25981.00,1355.00,2026-05-07 09:31:09
2026-03-09,2026-03-09 10:45:00,2026-03-09 10:50:00,OG,Backtest,AdxDiCrossBracketOG,OG_AdxDiCrossBracketOG,OG,NQ,NQ JUN26,LONG,1,24692.00,24762.25,1400.64,1396.28,279.3,WIN,TARGET_HIT,24622.25,1395.00,2026-05-07 09:31:09
2026-01-07,2026-01-07 09:50:00,2026-01-07 10:00:00,OG,Backtest,AdxDiCrossBracketOG,OG_AdxDiCrossBracketOG,OG,NQ,NQ JUN26,LONG,1,26063.75,26063.00,-19.36,-23.72,-4.7,LOSS,STOP_HIT,26039.00,495.00,2026-05-07 09:31:09
2026-03-25,2026-03-25 11:20:00,2026-03-25 11:20:00,OG,Backtest,AdxDiCrossBracketOG,OG_AdxDiCrossBracketOG,OG,NQ,NQ JUN26,SHORT,1,24386.00,24311.00,1495.64,1491.28,298.3,WIN,TARGET_HIT,24463.50,1550.00,2026-05-07 09:31:09
2026-04-02,2026-04-02 10:45:00,2026-04-02 10:55:00,OG,Backtest,AdxDiCrossBracketOG,OG_AdxDiCrossBracketOG,OG,NQ,NQ JUN26,LONG,1,24210.25,24096.25,-2284.36,-2288.72,-457.7,LOSS,STOP_HIT,24096.75,2270.00,2026-05-07 09:31:09
2026-02-24,2026-02-24 10:10:00,2026-02-24 10:10:00,OG,Backtest,AdxDiCrossBracketOG,OG_AdxDiCrossBracketOG,OG,NQ,NQ JUN26,SHORT,1,25048.75,25114.00,-1309.36,-1313.72,-262.7,LOSS,STOP_HIT,25113.50,1295.00,2026-05-07 09:31:09
2026-03-24,2026-03-24 11:00:00,2026-03-24 11:00:00,OG,Backtest,AdxDiCrossBracketOG,OG_AdxDiCrossBracketOG,OG,NQ,NQ JUN26,LONG,1,24281.50,24186.50,-1904.36,-1908.72,-381.7,LOSS,STOP_HIT,24187.00,1890.00,2026-05-07 09:31:09
2026-01-09,2026-01-09 09:55:00,2026-01-09 09:55:00,OG,Backtest,AdxDiCrossBracketOG,OG_AdxDiCrossBracketOG,OG,NQ,NQ JUN26,SHORT,1,25913.25,25965.00,-1039.36,-1043.72,-208.7,LOSS,STOP_HIT,25964.50,1025.00,2026-05-07 09:31:09
2026-04-16,2026-04-16 10:15:00,2026-04-16 10:15:00,OG,Backtest,AdxDiCrossBracketOG,OG_AdxDiCrossBracketOG,OG,NQ,NQ JUN26,LONG,1,26347.25,26381.00,670.64,666.28,133.3,WIN,TARGET_HIT,26311.50,715.00,2026-05-07 09:31:09
2026-04-06,2026-04-06 10:55:00,2026-04-06 11:05:00,OG,Backtest,AdxDiCrossBracketOG,OG_AdxDiCrossBracketOG,OG,NQ,NQ JUN26,SHORT,1,24269.25,24306.75,-754.36,-758.72,-151.7,LOSS,STOP_HIT,24347.00,1555.00,2026-05-07 09:31:09
2026-04-21,2026-04-21 11:05:00,2026-04-21 11:05:00,OG,Backtest,AdxDiCrossBracketOG,OG_AdxDiCrossBracketOG,OG,NQ,NQ JUN26,SHORT,1,26737.25,26702.00,700.64,696.28,139.3,WIN,TARGET_HIT,26771.50,685.00,2026-05-07 09:31:09
2026-03-25,2026-03-25 11:20:00,2026-03-25 11:20:00,OG,Backtest,AdxDiCrossBracketOG,OG_AdxDiCrossBracketOG,OG,NQ,NQ JUN26,SHORT,1,24386.00,24311.00,1495.64,1491.28,298.3,WIN,TARGET_HIT,24463.50,1550.00,2026-05-07 09:31:09
2026-03-27,2026-03-27 11:40:00,2026-03-27 12:00:00,OG,Backtest,AdxDiCrossBracketOG,OG_AdxDiCrossBracketOG,OG,NQ,NQ JUN26,LONG,1,23597.00,23559.75,-749.36,-753.72,-150.7,LOSS,STOP_HIT,23514.00,1660.00,2026-05-07 09:31:09
2026-01-20,2026-01-20 10:50:00,2026-01-20 10:55:00,OG,Backtest,AdxDiCrossBracketOG,OG_AdxDiCrossBracketOG,OG,NQ,NQ JUN26,LONG,1,25598.00,25559.50,-774.36,-778.72,-155.7,LOSS,STOP_HIT,25527.25,1415.00,2026-05-07 09:31:09
2026-04-07,2026-04-07 11:40:00,2026-04-07 12:00:00,OG,Backtest,AdxDiCrossBracketOG,OG_AdxDiCrossBracketOG,OG,NQ,NQ JUN26,LONG,1,24071.50,24083.00,225.64,221.28,44.3,WIN,STOP_HIT,24001.75,1395.00,2026-05-07 09:31:09
2026-02-13,2026-02-13 10:35:00,2026-02-13 10:45:00,OG,Backtest,AdxDiCrossBracketOG,OG_AdxDiCrossBracketOG,OG,NQ,NQ JUN26,LONG,1,25058.00,25033.25,-499.36,-503.72,-100.7,LOSS,STOP_HIT,24917.50,2810.00,2026-05-07 09:31:09
2026-02-11,2026-02-11 10:20:00,2026-02-11 10:25:00,OG,Backtest,AdxDiCrossBracketOG,OG_AdxDiCrossBracketOG,OG,NQ,NQ JUN26,SHORT,1,25396.00,25319.50,1525.64,1521.28,304.3,WIN,TARGET_HIT,25474.50,1570.00,2026-05-07 09:31:09
2026-03-20,2026-03-20 11:30:00,2026-03-20 11:55:00,OG,Backtest,AdxDiCrossBracketOG,OG_AdxDiCrossBracketOG,OG,NQ,NQ JUN26,LONG,1,24274.25,24294.00,390.64,386.28,77.3,WIN,STOP_HIT,24192.75,1630.00,2026-05-07 09:31:09
2026-03-03,2026-03-03 11:25:00,2026-03-03 11:40:00,OG,Backtest,AdxDiCrossBracketOG,OG_AdxDiCrossBracketOG,OG,NQ,NQ JUN26,LONG,1,24794.50,24817.25,450.64,446.28,89.3,WIN,STOP_HIT,24689.25,2105.00,2026-05-07 09:31:09
2026-02-05,2026-02-05 11:40:00,2026-02-05 11:50:00,OG,Backtest,AdxDiCrossBracketOG,OG_AdxDiCrossBracketOG,OG,NQ,NQ JUN26,LONG,1,25025.50,24992.25,-669.36,-673.72,-134.7,LOSS,STOP_HIT,24895.00,2610.00,2026-05-07 09:31:09
2026-04-07,2026-04-07 11:40:00,2026-04-07 12:00:00,OG,Backtest,AdxDiCrossBracketOG,OG_AdxDiCrossBracketOG,OG,NQ,NQ JUN26,LONG,1,24071.50,24083.00,225.64,221.28,44.3,WIN,STOP_HIT,24001.75,1395.00,2026-05-07 09:31:09
2026-05-01,2026-05-01 11:10:00,2026-05-01 11:20:00,OG,Backtest,AdxDiCrossBracketOG,OG_AdxDiCrossBracketOG,OG,NQ,NQ JUN26,SHORT,1,27795.25,27837.25,-844.36,-848.72,-169.7,LOSS,STOP_HIT,27857.00,1235.00,2026-05-07 09:31:09
2026-01-07,2026-01-07 09:50:00,2026-01-07 10:00:00,OG,Backtest,AdxDiCrossBracketOG,OG_AdxDiCrossBracketOG,OG,NQ,NQ JUN26,LONG,1,26063.75,26063.00,-19.36,-23.72,-4.7,LOSS,STOP_HIT,26030.75,660.00,2026-05-07 09:31:09
2026-02-10,2026-02-10 09:45:00,2026-02-10 09:45:00,OG,Backtest,AdxDiCrossBracketOG,OG_AdxDiCrossBracketOG,OG,NQ,NQ JUN26,SHORT,1,25535.25,25500.25,695.64,691.28,138.3,WIN,TARGET_HIT,25571.75,730.00,2026-05-07 09:31:09
2026-02-24,2026-02-24 10:10:00,2026-02-24 10:10:00,OG,Backtest,AdxDiCrossBracketOG,OG_AdxDiCrossBracketOG,OG,NQ,NQ JUN26,SHORT,1,25048.75,25114.00,-1309.36,-1313.72,-262.7,LOSS,STOP_HIT,25113.50,1295.00,2026-05-07 09:31:09
2026-04-21,2026-04-21 11:05:00,2026-04-21 11:05:00,OG,Backtest,AdxDiCrossBracketOG,OG_AdxDiCrossBracketOG,OG,NQ,NQ JUN26,SHORT,1,26737.25,26684.75,1045.64,1041.28,208.3,WIN,TARGET_HIT,26788.75,1030.00,2026-05-07 09:31:09
2026-03-03,2026-03-03 11:25:00,2026-03-03 11:40:00,OG,Backtest,AdxDiCrossBracketOG,OG_AdxDiCrossBracketOG,OG,NQ,NQ JUN26,LONG,1,24794.50,24817.25,450.64,446.28,89.3,WIN,STOP_HIT,24689.25,2105.00,2026-05-07 09:31:09
2026-01-09,2026-01-09 09:55:00,2026-01-09 10:05:00,OG,Backtest,AdxDiCrossBracketOG,OG_AdxDiCrossBracketOG,OG,NQ,NQ JUN26,SHORT,1,25913.25,25956.50,-869.36,-873.72,-174.7,LOSS,STOP_HIT,25981.00,1355.00,2026-05-07 09:31:09
2026-04-07,2026-04-07 11:40:00,2026-04-07 12:00:00,OG,Backtest,AdxDiCrossBracketOG,OG_AdxDiCrossBracketOG,OG,NQ,NQ JUN26,LONG,1,24071.50,24083.00,225.64,221.28,44.3,WIN,STOP_HIT,24001.75,1395.00,2026-05-07 09:31:09
2026-03-06,2026-03-06 11:10:00,2026-03-06 11:15:00,OG,Backtest,AdxDiCrossBracketOG,OG_AdxDiCrossBracketOG,OG,NQ,NQ JUN26,LONG,1,25101.50,25059.00,-854.36,-858.72,-171.7,LOSS,STOP_HIT,25007.25,1885.00,2026-05-07 09:31:09
2026-03-19,2026-03-19 11:15:00,2026-03-19 11:25:00,OG,Backtest,AdxDiCrossBracketOG,OG_AdxDiCrossBracketOG,OG,NQ,NQ JUN26,LONG,1,24530.25,24486.25,-884.36,-888.72,-177.7,LOSS,STOP_HIT,24416.25,2280.00,2026-05-07 09:31:09
2026-05-01,2026-05-01 11:20:00,2026-05-01 11:40:00,OG,Backtest,AdxDiCrossBracketOG,OG_AdxDiCrossBracketOG,OG,NQ,NQ JUN26,LONG,1,27837.25,27877.75,805.64,801.28,160.3,WIN,TARGET_HIT,27796.25,820.00,2026-05-07 09:31:09
2026-05-01,2026-05-01 11:10:00,2026-05-01 11:20:00,OG,Backtest,AdxDiCrossBracketOG,OG_AdxDiCrossBracketOG,OG,NQ,NQ JUN26,SHORT,1,27795.25,27837.25,-844.36,-848.72,-169.7,LOSS,STOP_HIT,27857.00,1235.00,2026-05-07 09:31:09
2026-03-20,2026-03-20 11:30:00,2026-03-20 11:55:00,OG,Backtest,AdxDiCrossBracketOG,OG_AdxDiCrossBracketOG,OG,NQ,NQ JUN26,LONG,1,24274.25,24294.00,390.64,386.28,77.3,WIN,STOP_HIT,24165.75,2170.00,2026-05-07 09:31:09
2026-03-12,2026-03-12 11:50:00,2026-03-12 11:55:00,OG,Backtest,AdxDiCrossBracketOG,OG_AdxDiCrossBracketOG,OG,NQ,NQ JUN26,LONG,1,24898.00,24865.50,-654.36,-658.72,-131.7,LOSS,STOP_HIT,24818.25,1595.00,2026-05-07 09:31:09
2026-02-05,2026-02-05 11:40:00,2026-02-05 11:50:00,OG,Backtest,AdxDiCrossBracketOG,OG_AdxDiCrossBracketOG,OG,NQ,NQ JUN26,LONG,1,25025.50,24992.25,-669.36,-673.72,-134.7,LOSS,STOP_HIT,24851.75,3475.00,2026-05-07 09:31:09
2026-02-05,2026-02-05 11:40:00,2026-02-05 11:50:00,OG,Backtest,AdxDiCrossBracketOG,OG_AdxDiCrossBracketOG,OG,NQ,NQ JUN26,LONG,1,25025.50,24992.25,-669.36,-673.72,-134.7,LOSS,STOP_HIT,24851.75,3475.00,2026-05-07 09:31:09
2026-04-16,2026-04-16 10:00:00,2026-04-16 10:05:00,OG,Backtest,AdxDiCrossBracketOG,OG_AdxDiCrossBracketOG,OG,NQ,NQ JUN26,SHORT,1,26282.00,26330.25,-969.36,-973.72,-194.7,LOSS,STOP_HIT,26329.75,955.00,2026-05-07 09:31:09
2026-03-06,2026-03-06 11:10:00,2026-03-06 11:15:00,OG,Backtest,AdxDiCrossBracketOG,OG_AdxDiCrossBracketOG,OG,NQ,NQ JUN26,LONG,1,25101.50,25059.00,-854.36,-858.72,-171.7,LOSS,STOP_HIT,25007.25,1885.00,2026-05-07 09:31:09
2026-03-06,2026-03-06 11:10:00,2026-03-06 11:15:00,OG,Backtest,AdxDiCrossBracketOG,OG_AdxDiCrossBracketOG,OG,NQ,NQ JUN26,LONG,1,25101.50,25059.00,-854.36,-858.72,-171.7,LOSS,STOP_HIT,25007.25,1885.00,2026-05-07 09:31:09
2026-04-16,2026-04-16 10:15:00,2026-04-16 10:50:00,OG,Backtest,AdxDiCrossBracketOG,OG_AdxDiCrossBracketOG,OG,NQ,NQ JUN26,LONG,1,26347.25,26398.25,1015.64,1011.28,202.3,WIN,TARGET_HIT,26294.25,1060.00,2026-05-07 09:31:09
2026-03-24,2026-03-24 11:00:00,2026-03-24 11:00:00,OG,Backtest,AdxDiCrossBracketOG,OG_AdxDiCrossBracketOG,OG,NQ,NQ JUN26,LONG,1,24281.50,24186.50,-1904.36,-1908.72,-381.7,LOSS,STOP_HIT,24187.00,1890.00,2026-05-07 09:31:09
2026-03-20,2026-03-20 11:30:00,2026-03-20 11:55:00,OG,Backtest,AdxDiCrossBracketOG,OG_AdxDiCrossBracketOG,OG,NQ,NQ JUN26,LONG,1,24274.25,24294.00,390.64,386.28,77.3,WIN,STOP_HIT,24192.75,1630.00,2026-05-07 09:31:09
2026-02-17,2026-02-17 11:10:00,2026-02-17 11:15:00,OG,Backtest,AdxDiCrossBracketOG,OG_AdxDiCrossBracketOG,OG,NQ,NQ JUN26,LONG,1,24861.25,24994.25,2655.64,2651.28,530.3,WIN,TARGET_HIT,24726.75,2690.00,2026-05-07 09:31:09
2026-04-16,2026-04-16 10:15:00,2026-04-16 10:25:00,OG,Backtest,AdxDiCrossBracketOG,OG_AdxDiCrossBracketOG,OG,NQ,NQ JUN26,LONG,1,26347.25,26314.50,-659.36,-663.72,-132.7,LOSS,STOP_HIT,26277.00,1405.00,2026-05-07 09:31:10
2026-02-24,2026-02-24 09:50:00,2026-02-24 10:00:00,OG,Backtest,AdxDiCrossBracketOG,OG_AdxDiCrossBracketOG,OG,NQ,NQ JUN26,LONG,1,25120.50,25108.50,-244.36,-248.72,-49.7,LOSS,STOP_HIT,25043.75,1535.00,2026-05-07 09:31:10
2026-03-27,2026-03-27 11:40:00,2026-03-27 12:00:00,OG,Backtest,AdxDiCrossBracketOG,OG_AdxDiCrossBracketOG,OG,NQ,NQ JUN26,LONG,1,23597.00,23559.75,-749.36,-753.72,-150.7,LOSS,STOP_HIT,23514.00,1660.00,2026-05-07 09:31:10
2026-03-25,2026-03-25 11:20:00,2026-03-25 11:20:00,OG,Backtest,AdxDiCrossBracketOG,OG_AdxDiCrossBracketOG,OG,NQ,NQ JUN26,SHORT,1,24386.00,24311.00,1495.64,1491.28,298.3,WIN,TARGET_HIT,24463.50,1550.00,2026-05-07 09:31:10
2026-04-16,2026-04-16 10:00:00,2026-04-16 10:05:00,OG,Backtest,AdxDiCrossBracketOG,OG_AdxDiCrossBracketOG,OG,NQ,NQ JUN26,SHORT,1,26282.00,26330.25,-969.36,-973.72,-194.7,LOSS,STOP_HIT,26329.75,955.00,2026-05-07 09:31:10
2026-03-06,2026-03-06 11:10:00,2026-03-06 11:15:00,OG,Backtest,AdxDiCrossBracketOG,OG_AdxDiCrossBracketOG,OG,NQ,NQ JUN26,LONG,1,25101.50,25059.00,-854.36,-858.72,-171.7,LOSS,STOP_HIT,24975.75,2515.00,2026-05-07 09:31:10
2026-04-07,2026-04-07 11:40:00,2026-04-07 12:00:00,OG,Backtest,AdxDiCrossBracketOG,OG_AdxDiCrossBracketOG,OG,NQ,NQ JUN26,LONG,1,24071.50,24083.00,225.64,221.28,44.3,WIN,STOP_HIT,24001.75,1395.00,2026-05-07 09:31:10
2026-01-06,2026-01-06 11:00:00,2026-01-06 11:10:00,OG,Backtest,AdxDiCrossBracketOG,OG_AdxDiCrossBracketOG,OG,NQ,NQ JUN26,SHORT,1,25909.25,25852.00,1140.64,1136.28,227.3,WIN,TARGET_HIT,25967.00,1155.00,2026-05-07 09:31:10
2026-02-03,2026-02-03 09:50:00,2026-02-03 09:50:00,OG,Backtest,AdxDiCrossBracketOG,OG_AdxDiCrossBracketOG,OG,NQ,NQ JUN26,SHORT,1,25960.75,25998.50,-759.36,-763.72,-152.7,LOSS,STOP_HIT,25998.00,745.00,2026-05-07 09:31:10
2026-03-12,2026-03-12 11:50:00,2026-03-12 11:55:00,OG,Backtest,AdxDiCrossBracketOG,OG_AdxDiCrossBracketOG,OG,NQ,NQ JUN26,LONG,1,24898.00,24865.50,-654.36,-658.72,-131.7,LOSS,STOP_HIT,24792.00,2120.00,2026-05-07 09:31:10
2026-01-21,2026-01-21 11:45:00,2026-01-21 11:55:00,OG,Backtest,AdxDiCrossBracketOG,OG_AdxDiCrossBracketOG,OG,NQ,NQ JUN26,SHORT,1,25543.75,25467.25,1525.64,1521.28,304.3,WIN,TARGET_HIT,25620.75,1540.00,2026-05-07 09:31:10
2026-04-07,2026-04-07 11:40:00,2026-04-07 12:00:00,OG,Backtest,AdxDiCrossBracketOG,OG_AdxDiCrossBracketOG,OG,NQ,NQ JUN26,LONG,1,24071.50,24083.00,225.64,221.28,44.3,WIN,STOP_HIT,23978.75,1855.00,2026-05-07 09:31:10
2026-02-24,2026-02-24 09:50:00,2026-02-24 09:50:00,OG,Backtest,AdxDiCrossBracketOG,OG_AdxDiCrossBracketOG,OG,NQ,NQ JUN26,LONG,1,25120.50,25157.50,735.64,731.28,146.3,WIN,TARGET_HIT,25081.50,780.00,2026-05-07 09:31:10
2026-03-06,2026-03-06 11:10:00,2026-03-06 11:15:00,OG,Backtest,AdxDiCrossBracketOG,OG_AdxDiCrossBracketOG,OG,NQ,NQ JUN26,LONG,1,25101.50,25059.00,-854.36,-858.72,-171.7,LOSS,STOP_HIT,25007.25,1885.00,2026-05-07 09:31:10
2026-01-07,2026-01-07 09:50:00,2026-01-07 09:50:00,OG,Backtest,AdxDiCrossBracketOG,OG_AdxDiCrossBracketOG,OG,NQ,NQ JUN26,LONG,1,26063.75,26079.75,315.64,311.28,62.3,WIN,TARGET_HIT,26047.25,330.00,2026-05-07 09:31:10
2026-01-20,2026-01-20 10:50:00,2026-01-20 10:55:00,OG,Backtest,AdxDiCrossBracketOG,OG_AdxDiCrossBracketOG,OG,NQ,NQ JUN26,LONG,1,25598.00,25559.50,-774.36,-778.72,-155.7,LOSS,STOP_HIT,25527.25,1415.00,2026-05-07 09:31:10
2026-02-13,2026-02-13 10:35:00,2026-02-13 10:45:00,OG,Backtest,AdxDiCrossBracketOG,OG_AdxDiCrossBracketOG,OG,NQ,NQ JUN26,LONG,1,25058.00,25033.25,-499.36,-503.72,-100.7,LOSS,STOP_HIT,24952.50,2110.00,2026-05-07 09:31:10
2026-01-16,2026-01-16 11:30:00,2026-01-16 11:35:00,OG,Backtest,AdxDiCrossBracketOG,OG_AdxDiCrossBracketOG,OG,NQ,NQ JUN26,LONG,1,25911.50,25925.25,270.64,266.28,53.3,WIN,STOP_HIT,25874.75,735.00,2026-05-07 09:31:10
2026-02-05,2026-02-05 11:40:00,2026-02-05 11:50:00,OG,Backtest,AdxDiCrossBracketOG,OG_AdxDiCrossBracketOG,OG,NQ,NQ JUN26,LONG,1,25025.50,24992.25,-669.36,-673.72,-134.7,LOSS,STOP_HIT,24895.00,2610.00,2026-05-07 09:31:10
2026-03-27,2026-03-27 11:40:00,2026-03-27 12:00:00,OG,Backtest,AdxDiCrossBracketOG,OG_AdxDiCrossBracketOG,OG,NQ,NQ JUN26,LONG,1,23597.00,23559.75,-749.36,-753.72,-150.7,LOSS,STOP_HIT,23514.00,1660.00,2026-05-07 09:31:10
2026-01-06,2026-01-06 11:00:00,2026-01-06 11:10:00,OG,Backtest,AdxDiCrossBracketOG,OG_AdxDiCrossBracketOG,OG,NQ,NQ JUN26,SHORT,1,25909.25,25866.25,855.64,851.28,170.3,WIN,TARGET_HIT,25952.75,870.00,2026-05-07 09:31:10
2026-02-24,2026-02-24 10:10:00,2026-02-24 10:10:00,OG,Backtest,AdxDiCrossBracketOG,OG_AdxDiCrossBracketOG,OG,NQ,NQ JUN26,SHORT,1,25048.75,25114.00,-1309.36,-1313.72,-262.7,LOSS,STOP_HIT,25113.50,1295.00,2026-05-07 09:31:10
2026-01-09,2026-01-09 09:55:00,2026-01-09 09:55:00,OG,Backtest,AdxDiCrossBracketOG,OG_AdxDiCrossBracketOG,OG,NQ,NQ JUN26,SHORT,1,25913.25,25965.00,-1039.36,-1043.72,-208.7,LOSS,STOP_HIT,25964.50,1025.00,2026-05-07 09:31:10
2026-01-07,2026-01-07 09:50:00,2026-01-07 10:00:00,OG,Backtest,AdxDiCrossBracketOG,OG_AdxDiCrossBracketOG,OG,NQ,NQ JUN26,LONG,1,26063.75,26063.00,-19.36,-23.72,-4.7,LOSS,STOP_HIT,26039.00,495.00,2026-05-07 09:31:10
2026-01-06,2026-01-06 11:00:00,2026-01-06 11:10:00,OG,Backtest,AdxDiCrossBracketOG,OG_AdxDiCrossBracketOG,OG,NQ,NQ JUN26,SHORT,1,25909.25,25866.25,855.64,851.28,170.3,WIN,TARGET_HIT,25952.75,870.00,2026-05-07 09:31:10
2026-01-09,2026-01-09 09:55:00,2026-01-09 09:55:00,OG,Backtest,AdxDiCrossBracketOG,OG_AdxDiCrossBracketOG,OG,NQ,NQ JUN26,SHORT,1,25913.25,25965.00,-1039.36,-1043.72,-208.7,LOSS,STOP_HIT,25964.50,1025.00,2026-05-07 09:31:10
2026-02-05,2026-02-05 11:40:00,2026-02-05 11:50:00,OG,Backtest,AdxDiCrossBracketOG,OG_AdxDiCrossBracketOG,OG,NQ,NQ JUN26,LONG,1,25025.50,24992.25,-669.36,-673.72,-134.7,LOSS,STOP_HIT,24938.00,1750.00,2026-05-07 09:31:10
2026-01-16,2026-01-16 11:30:00,2026-01-16 11:35:00,OG,Backtest,AdxDiCrossBracketOG,OG_AdxDiCrossBracketOG,OG,NQ,NQ JUN26,LONG,1,25911.50,25925.25,270.64,266.28,53.3,WIN,STOP_HIT,25857.00,1090.00,2026-05-07 09:31:10
2026-02-10,2026-02-10 09:45:00,2026-02-10 09:45:00,OG,Backtest,AdxDiCrossBracketOG,OG_AdxDiCrossBracketOG,OG,NQ,NQ JUN26,SHORT,1,25535.25,25500.25,695.64,691.28,138.3,WIN,TARGET_HIT,25571.75,730.00,2026-05-07 09:31:10
2026-01-09,2026-01-09 09:45:00,2026-01-09 09:50:00,OG,Backtest,AdxDiCrossBracketOG,OG_AdxDiCrossBracketOG,OG,NQ,NQ JUN26,LONG,1,25965.00,25924.25,-819.36,-823.72,-164.7,LOSS,STOP_HIT,25924.75,805.00,2026-05-07 09:31:10
2026-03-03,2026-03-03 11:25:00,2026-03-03 11:40:00,OG,Backtest,AdxDiCrossBracketOG,OG_AdxDiCrossBracketOG,OG,NQ,NQ JUN26,LONG,1,24794.50,24817.25,450.64,446.28,89.3,WIN,STOP_HIT,24689.25,2105.00,2026-05-07 09:31:10
2026-01-09,2026-01-09 09:55:00,2026-01-09 09:55:00,OG,Backtest,AdxDiCrossBracketOG,OG_AdxDiCrossBracketOG,OG,NQ,NQ JUN26,SHORT,1,25913.25,25965.00,-1039.36,-1043.72,-208.7,LOSS,STOP_HIT,25964.50,1025.00,2026-05-07 09:31:10
2026-01-21,2026-01-21 11:45:00,2026-01-21 11:50:00,OG,Backtest,AdxDiCrossBracketOG,OG_AdxDiCrossBracketOG,OG,NQ,NQ JUN26,SHORT,1,25543.75,25486.50,1140.64,1136.28,227.3,WIN,TARGET_HIT,25601.50,1155.00,2026-05-07 09:31:10
2026-02-11,2026-02-11 11:05:00,2026-02-11 11:10:00,OG,Backtest,AdxDiCrossBracketOG,OG_AdxDiCrossBracketOG,OG,NQ,NQ JUN26,LONG,1,25453.50,25418.25,-709.36,-713.72,-142.7,LOSS,STOP_HIT,25393.00,1210.00,2026-05-07 09:31:10
2026-01-21,2026-01-21 11:45:00,2026-01-21 11:50:00,OG,Backtest,AdxDiCrossBracketOG,OG_AdxDiCrossBracketOG,OG,NQ,NQ JUN26,SHORT,1,25543.75,25486.50,1140.64,1136.28,227.3,WIN,TARGET_HIT,25601.50,1155.00,2026-05-07 09:31:10
2026-01-28,2026-01-28 10:55:00,2026-01-28 11:15:00,OG,Backtest,AdxDiCrossBracketOG,OG_AdxDiCrossBracketOG,OG,NQ,NQ JUN26,SHORT,1,26395.25,26395.00,0.64,-3.72,-0.7,LOSS,STOP_HIT,26445.25,1000.00,2026-05-07 09:31:10
2026-01-09,2026-01-09 09:55:00,2026-01-09 10:05:00,OG,Backtest,AdxDiCrossBracketOG,OG_AdxDiCrossBracketOG,OG,NQ,NQ JUN26,SHORT,1,25913.25,25956.50,-869.36,-873.72,-174.7,LOSS,STOP_HIT,25981.00,1355.00,2026-05-07 09:31:10
2026-01-07,2026-01-07 09:50:00,2026-01-07 10:00:00,OG,Backtest,AdxDiCrossBracketOG,OG_AdxDiCrossBracketOG,OG,NQ,NQ JUN26,LONG,1,26063.75,26063.00,-19.36,-23.72,-4.7,LOSS,STOP_HIT,26030.75,660.00,2026-05-07 09:31:10
2026-01-21,2026-01-21 11:45:00,2026-01-21 11:50:00,OG,Backtest,AdxDiCrossBracketOG,OG_AdxDiCrossBracketOG,OG,NQ,NQ JUN26,SHORT,1,25543.75,25486.50,1140.64,1136.28,227.3,WIN,TARGET_HIT,25601.50,1155.00,2026-05-07 09:31:10
2026-02-24,2026-02-24 09:50:00,2026-02-24 09:50:00,OG,Backtest,AdxDiCrossBracketOG,OG_AdxDiCrossBracketOG,OG,NQ,NQ JUN26,LONG,1,25120.50,25157.50,735.64,731.28,146.3,WIN,TARGET_HIT,25081.50,780.00,2026-05-07 09:31:10
2026-02-17,2026-02-17 11:10:00,2026-02-17 11:15:00,OG,Backtest,AdxDiCrossBracketOG,OG_AdxDiCrossBracketOG,OG,NQ,NQ JUN26,LONG,1,24861.25,24960.75,1985.64,1981.28,396.3,WIN,TARGET_HIT,24760.25,2020.00,2026-05-07 09:31:10
2026-01-09,2026-01-09 09:55:00,2026-01-09 10:05:00,OG,Backtest,AdxDiCrossBracketOG,OG_AdxDiCrossBracketOG,OG,NQ,NQ JUN26,SHORT,1,25913.25,25956.50,-869.36,-873.72,-174.7,LOSS,STOP_HIT,25981.00,1355.00,2026-05-07 09:31:10
2026-02-10,2026-02-10 09:45:00,2026-02-10 09:45:00,OG,Backtest,AdxDiCrossBracketOG,OG_AdxDiCrossBracketOG,OG,NQ,NQ JUN26,SHORT,1,25535.25,25500.25,695.64,691.28,138.3,WIN,TARGET_HIT,25571.75,730.00,2026-05-07 09:31:10
2026-01-16,2026-01-16 11:30:00,2026-01-16 11:35:00,OG,Backtest,AdxDiCrossBracketOG,OG_AdxDiCrossBracketOG,OG,NQ,NQ JUN26,LONG,1,25911.50,25925.25,270.64,266.28,53.3,WIN,STOP_HIT,25839.25,1445.00,2026-05-07 09:31:10
2026-02-05,2026-02-05 11:40:00,2026-02-05 11:50:00,OG,Backtest,AdxDiCrossBracketOG,OG_AdxDiCrossBracketOG,OG,NQ,NQ JUN26,LONG,1,25025.50,24992.25,-669.36,-673.72,-134.7,LOSS,STOP_HIT,24895.00,2610.00,2026-05-07 09:31:10
2026-01-20,2026-01-20 10:50:00,2026-01-20 10:55:00,OG,Backtest,AdxDiCrossBracketOG,OG_AdxDiCrossBracketOG,OG,NQ,NQ JUN26,LONG,1,25598.00,25559.50,-774.36,-778.72,-155.7,LOSS,STOP_HIT,25503.75,1885.00,2026-05-07 09:31:10
2026-04-02,2026-04-02 10:45:00,2026-04-02 10:55:00,OG,Backtest,AdxDiCrossBracketOG,OG_AdxDiCrossBracketOG,OG,NQ,NQ JUN26,LONG,1,24210.25,24096.25,-2284.36,-2288.72,-457.7,LOSS,STOP_HIT,24096.75,2270.00,2026-05-07 09:31:10
2026-03-19,2026-03-19 11:15:00,2026-03-19 11:25:00,OG,Backtest,AdxDiCrossBracketOG,OG_AdxDiCrossBracketOG,OG,NQ,NQ JUN26,LONG,1,24530.25,24486.25,-884.36,-888.72,-177.7,LOSS,STOP_HIT,24444.75,1710.00,2026-05-07 09:31:10
2026-02-11,2026-02-11 10:20:00,2026-02-11 10:25:00,OG,Backtest,AdxDiCrossBracketOG,OG_AdxDiCrossBracketOG,OG,NQ,NQ JUN26,SHORT,1,25396.00,25319.50,1525.64,1521.28,304.3,WIN,TARGET_HIT,25474.50,1570.00,2026-05-07 09:31:10
2026-02-05,2026-02-05 11:40:00,2026-02-05 11:50:00,OG,Backtest,AdxDiCrossBracketOG,OG_AdxDiCrossBracketOG,OG,NQ,NQ JUN26,LONG,1,25025.50,24992.25,-669.36,-673.72,-134.7,LOSS,STOP_HIT,24895.00,2610.00,2026-05-07 09:31:10
2026-01-20,2026-01-20 10:50:00,2026-01-20 10:55:00,OG,Backtest,AdxDiCrossBracketOG,OG_AdxDiCrossBracketOG,OG,NQ,NQ JUN26,LONG,1,25598.00,25559.50,-774.36,-778.72,-155.7,LOSS,STOP_HIT,25503.75,1885.00,2026-05-07 09:31:10
2026-02-24,2026-02-24 09:50:00,2026-02-24 10:05:00,OG,Backtest,AdxDiCrossBracketOG,OG_AdxDiCrossBracketOG,OG,NQ,NQ JUN26,LONG,1,25120.50,25062.00,-1174.36,-1178.72,-235.7,LOSS,STOP_HIT,25062.50,1160.00,2026-05-07 09:31:10
2026-01-20,2026-01-20 10:50:00,2026-01-20 10:55:00,OG,Backtest,AdxDiCrossBracketOG,OG_AdxDiCrossBracketOG,OG,NQ,NQ JUN26,LONG,1,25598.00,25559.50,-774.36,-778.72,-155.7,LOSS,STOP_HIT,25503.75,1885.00,2026-05-07 09:31:10
2026-04-16,2026-04-16 10:00:00,2026-04-16 10:05:00,OG,Backtest,AdxDiCrossBracketOG,OG_AdxDiCrossBracketOG,OG,NQ,NQ JUN26,SHORT,1,26282.00,26330.25,-969.36,-973.72,-194.7,LOSS,STOP_HIT,26329.75,955.00,2026-05-07 09:31:10
2026-01-20,2026-01-20 10:50:00,2026-01-20 10:55:00,OG,Backtest,AdxDiCrossBracketOG,OG_AdxDiCrossBracketOG,OG,NQ,NQ JUN26,LONG,1,25598.00,25559.50,-774.36,-778.72,-155.7,LOSS,STOP_HIT,25527.25,1415.00,2026-05-07 09:31:10
2026-02-24,2026-02-24 09:50:00,2026-02-24 10:05:00,OG,Backtest,AdxDiCrossBracketOG,OG_AdxDiCrossBracketOG,OG,NQ,NQ JUN26,LONG,1,25120.50,25062.00,-1174.36,-1178.72,-235.7,LOSS,STOP_HIT,25062.50,1160.00,2026-05-07 09:31:10
2026-01-28,2026-01-28 10:55:00,2026-01-28 11:10:00,OG,Backtest,AdxDiCrossBracketOG,OG_AdxDiCrossBracketOG,OG,NQ,NQ JUN26,SHORT,1,26395.25,26395.25,-4.36,-8.72,-1.7,LOSS,STOP_HIT,26461.50,1325.00,2026-05-07 09:31:10
2026-02-11,2026-02-11 10:20:00,2026-02-11 10:25:00,OG,Backtest,AdxDiCrossBracketOG,OG_AdxDiCrossBracketOG,OG,NQ,NQ JUN26,SHORT,1,25396.00,25293.75,2040.64,2036.28,407.3,WIN,TARGET_HIT,25500.25,2085.00,2026-05-07 09:31:10
2026-04-02,2026-04-02 10:45:00,2026-04-02 10:55:00,OG,Backtest,AdxDiCrossBracketOG,OG_AdxDiCrossBracketOG,OG,NQ,NQ JUN26,LONG,1,24210.25,24096.25,-2284.36,-2288.72,-457.7,LOSS,STOP_HIT,24096.75,2270.00,2026-05-07 09:31:10
2026-02-11,2026-02-11 10:20:00,2026-02-11 10:25:00,OG,Backtest,AdxDiCrossBracketOG,OG_AdxDiCrossBracketOG,OG,NQ,NQ JUN26,SHORT,1,25396.00,25319.50,1525.64,1521.28,304.3,WIN,TARGET_HIT,25474.50,1570.00,2026-05-07 09:31:10
2026-03-09,2026-03-09 10:45:00,2026-03-09 11:05:00,OG,Backtest,AdxDiCrossBracketOG,OG_AdxDiCrossBracketOG,OG,NQ,NQ JUN26,LONG,1,24692.00,24797.25,2100.64,2096.28,419.3,WIN,TARGET_HIT,24587.25,2095.00,2026-05-07 09:31:10
2026-02-13,2026-02-13 10:35:00,2026-02-13 10:45:00,OG,Backtest,AdxDiCrossBracketOG,OG_AdxDiCrossBracketOG,OG,NQ,NQ JUN26,LONG,1,25058.00,25033.25,-499.36,-503.72,-100.7,LOSS,STOP_HIT,24952.50,2110.00,2026-05-07 09:31:10
2026-02-13,2026-02-13 10:35:00,2026-02-13 10:45:00,OG,Backtest,AdxDiCrossBracketOG,OG_AdxDiCrossBracketOG,OG,NQ,NQ JUN26,LONG,1,25058.00,25033.25,-499.36,-503.72,-100.7,LOSS,STOP_HIT,24917.50,2810.00,2026-05-07 09:31:10
2026-01-07,2026-01-07 09:50:00,2026-01-07 10:00:00,OG,Backtest,AdxDiCrossBracketOG,OG_AdxDiCrossBracketOG,OG,NQ,NQ JUN26,LONG,1,26063.75,26063.00,-19.36,-23.72,-4.7,LOSS,STOP_HIT,26039.00,495.00,2026-05-07 09:31:10
2026-04-06,2026-04-06 10:55:00,2026-04-06 11:05:00,OG,Backtest,AdxDiCrossBracketOG,OG_AdxDiCrossBracketOG,OG,NQ,NQ JUN26,SHORT,1,24269.25,24306.75,-754.36,-758.72,-151.7,LOSS,STOP_HIT,24347.00,1555.00,2026-05-07 09:31:10
2026-03-09,2026-03-09 10:45:00,2026-03-09 11:05:00,OG,Backtest,AdxDiCrossBracketOG,OG_AdxDiCrossBracketOG,OG,NQ,NQ JUN26,LONG,1,24692.00,24797.25,2100.64,2096.28,419.3,WIN,TARGET_HIT,24587.25,2095.00,2026-05-07 09:31:10
2026-02-11,2026-02-11 11:05:00,2026-02-11 11:10:00,OG,Backtest,AdxDiCrossBracketOG,OG_AdxDiCrossBracketOG,OG,NQ,NQ JUN26,LONG,1,25453.50,25418.25,-709.36,-713.72,-142.7,LOSS,STOP_HIT,25333.00,2410.00,2026-05-07 09:31:10
2026-04-07,2026-04-07 11:40:00,2026-04-07 12:00:00,OG,Backtest,AdxDiCrossBracketOG,OG_AdxDiCrossBracketOG,OG,NQ,NQ JUN26,LONG,1,24071.50,24083.00,225.64,221.28,44.3,WIN,STOP_HIT,24001.75,1395.00,2026-05-07 09:31:10
2026-03-12,2026-03-12 11:50:00,2026-03-12 11:55:00,OG,Backtest,AdxDiCrossBracketOG,OG_AdxDiCrossBracketOG,OG,NQ,NQ JUN26,LONG,1,24898.00,24865.50,-654.36,-658.72,-131.7,LOSS,STOP_HIT,24818.25,1595.00,2026-05-07 09:31:10
2026-03-03,2026-03-03 11:25:00,2026-03-03 11:40:00,OG,Backtest,AdxDiCrossBracketOG,OG_AdxDiCrossBracketOG,OG,NQ,NQ JUN26,LONG,1,24794.50,24817.25,450.64,446.28,89.3,WIN,STOP_HIT,24689.25,2105.00,2026-05-07 09:31:10
2026-03-19,2026-03-19 11:15:00,2026-03-19 11:25:00,OG,Backtest,AdxDiCrossBracketOG,OG_AdxDiCrossBracketOG,OG,NQ,NQ JUN26,LONG,1,24530.25,24486.25,-884.36,-888.72,-177.7,LOSS,STOP_HIT,24444.75,1710.00,2026-05-07 09:31:10
2026-02-24,2026-02-24 09:50:00,2026-02-24 10:05:00,OG,Backtest,AdxDiCrossBracketOG,OG_AdxDiCrossBracketOG,OG,NQ,NQ JUN26,LONG,1,25120.50,25068.25,-1049.36,-1053.72,-210.7,LOSS,STOP_HIT,25043.75,1535.00,2026-05-07 09:31:10
2026-02-24,2026-02-24 10:10:00,2026-02-24 10:15:00,OG,Backtest,AdxDiCrossBracketOG,OG_AdxDiCrossBracketOG,OG,NQ,NQ JUN26,SHORT,1,25048.75,25109.25,-1214.36,-1218.72,-243.7,LOSS,STOP_HIT,25134.75,1720.00,2026-05-07 09:31:10
2026-03-06,2026-03-06 11:10:00,2026-03-06 11:15:00,OG,Backtest,AdxDiCrossBracketOG,OG_AdxDiCrossBracketOG,OG,NQ,NQ JUN26,LONG,1,25101.50,25059.00,-854.36,-858.72,-171.7,LOSS,STOP_HIT,24975.75,2515.00,2026-05-07 09:31:10
2026-03-09,2026-03-09 10:45:00,2026-03-09 11:00:00,OG,Backtest,AdxDiCrossBracketOG,OG_AdxDiCrossBracketOG,OG,NQ,NQ JUN26,LONG,1,24692.00,24753.50,1225.64,1221.28,244.3,WIN,STOP_HIT,24552.25,2795.00,2026-05-07 09:31:10
2026-02-24,2026-02-24 10:10:00,2026-02-24 10:15:00,OG,Backtest,AdxDiCrossBracketOG,OG_AdxDiCrossBracketOG,OG,NQ,NQ JUN26,SHORT,1,25048.75,25109.25,-1214.36,-1218.72,-243.7,LOSS,STOP_HIT,25134.75,1720.00,2026-05-07 09:31:10
2026-03-27,2026-03-27 11:40:00,2026-03-27 12:00:00,OG,Backtest,AdxDiCrossBracketOG,OG_AdxDiCrossBracketOG,OG,NQ,NQ JUN26,LONG,1,23597.00,23559.75,-749.36,-753.72,-150.7,LOSS,STOP_HIT,23514.00,1660.00,2026-05-07 09:31:10
2026-03-03,2026-03-03 11:25:00,2026-03-03 11:40:00,OG,Backtest,AdxDiCrossBracketOG,OG_AdxDiCrossBracketOG,OG,NQ,NQ JUN26,LONG,1,24794.50,24817.25,450.64,446.28,89.3,WIN,STOP_HIT,24689.25,2105.00,2026-05-07 09:31:10
2026-03-27,2026-03-27 11:40:00,2026-03-27 12:00:00,OG,Backtest,AdxDiCrossBracketOG,OG_AdxDiCrossBracketOG,OG,NQ,NQ JUN26,LONG,1,23597.00,23559.75,-749.36,-753.72,-150.7,LOSS,STOP_HIT,23514.00,1660.00,2026-05-07 09:31:10
2026-03-19,2026-03-19 11:15:00,2026-03-19 11:25:00,OG,Backtest,AdxDiCrossBracketOG,OG_AdxDiCrossBracketOG,OG,NQ,NQ JUN26,LONG,1,24530.25,24486.25,-884.36,-888.72,-177.7,LOSS,STOP_HIT,24444.75,1710.00,2026-05-07 09:31:10
2026-01-09,2026-01-09 09:55:00,2026-01-09 09:55:00,OG,Backtest,AdxDiCrossBracketOG,OG_AdxDiCrossBracketOG,OG,NQ,NQ JUN26,SHORT,1,25913.25,25965.00,-1039.36,-1043.72,-208.7,LOSS,STOP_HIT,25964.50,1025.00,2026-05-07 09:31:10
2026-04-16,2026-04-16 10:15:00,2026-04-16 10:50:00,OG,Backtest,AdxDiCrossBracketOG,OG_AdxDiCrossBracketOG,OG,NQ,NQ JUN26,LONG,1,26347.25,26398.25,1015.64,1011.28,202.3,WIN,TARGET_HIT,26294.25,1060.00,2026-05-07 09:31:10
2026-03-24,2026-03-24 11:00:00,2026-03-24 11:15:00,OG,Backtest,AdxDiCrossBracketOG,OG_AdxDiCrossBracketOG,OG,NQ,NQ JUN26,LONG,1,24281.50,24278.25,-69.36,-73.72,-14.7,LOSS,STOP_HIT,24156.00,2510.00,2026-05-07 09:31:10
2026-04-02,2026-04-02 10:45:00,2026-04-02 10:55:00,OG,Backtest,AdxDiCrossBracketOG,OG_AdxDiCrossBracketOG,OG,NQ,NQ JUN26,LONG,1,24210.25,24114.75,-1914.36,-1918.72,-383.7,LOSS,STOP_HIT,24059.00,3025.00,2026-05-07 09:31:10
2026-03-20,2026-03-20 11:30:00,2026-03-20 11:55:00,OG,Backtest,AdxDiCrossBracketOG,OG_AdxDiCrossBracketOG,OG,NQ,NQ JUN26,LONG,1,24274.25,24294.00,390.64,386.28,77.3,WIN,STOP_HIT,24165.75,2170.00,2026-05-07 09:31:10
2026-03-24,2026-03-24 11:00:00,2026-03-24 11:00:00,OG,Backtest,AdxDiCrossBracketOG,OG_AdxDiCrossBracketOG,OG,NQ,NQ JUN26,LONG,1,24281.50,24186.50,-1904.36,-1908.72,-381.7,LOSS,STOP_HIT,24187.00,1890.00,2026-05-07 09:31:10
2026-04-06,2026-04-06 10:55:00,2026-04-06 11:05:00,OG,Backtest,AdxDiCrossBracketOG,OG_AdxDiCrossBracketOG,OG,NQ,NQ JUN26,SHORT,1,24269.25,24306.75,-754.36,-758.72,-151.7,LOSS,STOP_HIT,24347.00,1555.00,2026-05-07 09:31:10
2026-04-02,2026-04-02 10:45:00,2026-04-02 10:55:00,OG,Backtest,AdxDiCrossBracketOG,OG_AdxDiCrossBracketOG,OG,NQ,NQ JUN26,LONG,1,24210.25,24096.25,-2284.36,-2288.72,-457.7,LOSS,STOP_HIT,24096.75,2270.00,2026-05-07 09:31:10
2026-04-06,2026-04-06 10:55:00,2026-04-06 11:05:00,OG,Backtest,AdxDiCrossBracketOG,OG_AdxDiCrossBracketOG,OG,NQ,NQ JUN26,SHORT,1,24269.25,24306.75,-754.36,-758.72,-151.7,LOSS,STOP_HIT,24372.75,2070.00,2026-05-07 09:31:10
2026-04-16,2026-04-16 10:15:00,2026-04-16 10:25:00,OG,Backtest,AdxDiCrossBracketOG,OG_AdxDiCrossBracketOG,OG,NQ,NQ JUN26,LONG,1,26347.25,26314.50,-659.36,-663.72,-132.7,LOSS,STOP_HIT,26294.25,1060.00,2026-05-07 09:31:10
2026-05-01,2026-05-01 11:10:00,2026-05-01 11:20:00,OG,Backtest,AdxDiCrossBracketOG,OG_AdxDiCrossBracketOG,OG,NQ,NQ JUN26,SHORT,1,27795.25,27837.25,-844.36,-848.72,-169.7,LOSS,STOP_HIT,27857.00,1235.00,2026-05-07 09:31:10
2026-05-01,2026-05-01 11:10:00,2026-05-01 11:20:00,OG,Backtest,AdxDiCrossBracketOG,OG_AdxDiCrossBracketOG,OG,NQ,NQ JUN26,SHORT,1,27795.25,27837.25,-844.36,-848.72,-169.7,LOSS,STOP_HIT,27857.00,1235.00,2026-05-07 09:31:10
2026-04-07,2026-04-07 11:40:00,2026-04-07 12:00:00,OG,Backtest,AdxDiCrossBracketOG,OG_AdxDiCrossBracketOG,OG,NQ,NQ JUN26,LONG,1,24071.50,24083.00,225.64,221.28,44.3,WIN,STOP_HIT,23978.75,1855.00,2026-05-07 09:31:10
2026-04-16,2026-04-16 10:15:00,2026-04-16 10:25:00,OG,Backtest,AdxDiCrossBracketOG,OG_AdxDiCrossBracketOG,OG,NQ,NQ JUN26,LONG,1,26347.25,26314.50,-659.36,-663.72,-132.7,LOSS,STOP_HIT,26277.00,1405.00,2026-05-07 09:31:10
2026-04-21,2026-04-21 11:05:00,2026-04-21 11:05:00,OG,Backtest,AdxDiCrossBracketOG,OG_AdxDiCrossBracketOG,OG,NQ,NQ JUN26,SHORT,1,26737.25,26684.75,1045.64,1041.28,208.3,WIN,TARGET_HIT,26788.75,1030.00,2026-05-07 09:31:10
2026-02-13,2026-02-13 10:35:00,2026-02-13 10:45:00,OG,Backtest,AdxDiCrossBracketOG,OG_AdxDiCrossBracketOG,OG,NQ,NQ JUN26,LONG,1,25058.00,25033.25,-499.36,-503.72,-100.7,LOSS,STOP_HIT,24952.50,2110.00,2026-05-07 09:31:10
2026-05-01,2026-05-01 11:10:00,2026-05-01 11:20:00,OG,Backtest,AdxDiCrossBracketOG,OG_AdxDiCrossBracketOG,OG,NQ,NQ JUN26,SHORT,1,27795.25,27837.25,-844.36,-848.72,-169.7,LOSS,STOP_HIT,27877.50,1645.00,2026-05-07 09:31:10
2026-03-24,2026-03-24 11:00:00,2026-03-24 11:35:00,OG,Backtest,AdxDiCrossBracketOG,OG_AdxDiCrossBracketOG,OG,NQ,NQ JUN26,LONG,1,24281.50,24311.75,600.64,596.28,119.3,WIN,STOP_HIT,24156.00,2510.00,2026-05-07 09:31:10
2026-02-17,2026-02-17 11:10:00,2026-02-17 11:15:00,OG,Backtest,AdxDiCrossBracketOG,OG_AdxDiCrossBracketOG,OG,NQ,NQ JUN26,LONG,1,24861.25,24994.25,2655.64,2651.28,530.3,WIN,TARGET_HIT,24726.75,2690.00,2026-05-07 09:31:10
2026-03-12,2026-03-12 11:50:00,2026-03-12 11:55:00,OG,Backtest,AdxDiCrossBracketOG,OG_AdxDiCrossBracketOG,OG,NQ,NQ JUN26,LONG,1,24898.00,24865.50,-654.36,-658.72,-131.7,LOSS,STOP_HIT,24818.25,1595.00,2026-05-07 09:31:10
2026-01-09,2026-01-09 09:45:00,2026-01-09 09:50:00,OG,Backtest,AdxDiCrossBracketOG,OG_AdxDiCrossBracketOG,OG,NQ,NQ JUN26,LONG,1,25965.00,25924.25,-819.36,-823.72,-164.7,LOSS,STOP_HIT,25924.75,805.00,2026-05-07 09:31:10
2026-02-10,2026-02-10 09:45:00,2026-02-10 09:45:00,OG,Backtest,AdxDiCrossBracketOG,OG_AdxDiCrossBracketOG,OG,NQ,NQ JUN26,SHORT,1,25535.25,25500.25,695.64,691.28,138.3,WIN,TARGET_HIT,25571.75,730.00,2026-05-07 09:31:10
2026-01-09,2026-01-09 09:55:00,2026-01-09 09:55:00,OG,Backtest,AdxDiCrossBracketOG,OG_AdxDiCrossBracketOG,OG,NQ,NQ JUN26,SHORT,1,25913.25,25965.00,-1039.36,-1043.72,-208.7,LOSS,STOP_HIT,25964.50,1025.00,2026-05-07 09:31:10
2026-03-20,2026-03-20 11:30:00,2026-03-20 11:55:00,OG,Backtest,AdxDiCrossBracketOG,OG_AdxDiCrossBracketOG,OG,NQ,NQ JUN26,LONG,1,24274.25,24294.00,390.64,386.28,77.3,WIN,STOP_HIT,24192.75,1630.00,2026-05-07 09:31:10
2026-02-05,2026-02-05 11:40:00,2026-02-05 11:50:00,OG,Backtest,AdxDiCrossBracketOG,OG_AdxDiCrossBracketOG,OG,NQ,NQ JUN26,LONG,1,25025.50,24992.25,-669.36,-673.72,-134.7,LOSS,STOP_HIT,24851.75,3475.00,2026-05-07 09:31:10
2026-03-24,2026-03-24 11:00:00,2026-03-24 11:00:00,OG,Backtest,AdxDiCrossBracketOG,OG_AdxDiCrossBracketOG,OG,NQ,NQ JUN26,LONG,1,24281.50,24186.50,-1904.36,-1908.72,-381.7,LOSS,STOP_HIT,24187.00,1890.00,2026-05-07 09:31:10
2026-04-06,2026-04-06 10:55:00,2026-04-06 11:05:00,OG,Backtest,AdxDiCrossBracketOG,OG_AdxDiCrossBracketOG,OG,NQ,NQ JUN26,SHORT,1,24269.25,24306.75,-754.36,-758.72,-151.7,LOSS,STOP_HIT,24372.75,2070.00,2026-05-07 09:31:10
2026-03-03,2026-03-03 11:25:00,2026-03-03 11:40:00,OG,Backtest,AdxDiCrossBracketOG,OG_AdxDiCrossBracketOG,OG,NQ,NQ JUN26,LONG,1,24794.50,24817.25,450.64,446.28,89.3,WIN,STOP_HIT,24689.25,2105.00,2026-05-07 09:31:10
2026-02-10,2026-02-10 09:45:00,2026-02-10 09:45:00,OG,Backtest,AdxDiCrossBracketOG,OG_AdxDiCrossBracketOG,OG,NQ,NQ JUN26,SHORT,1,25535.25,25500.25,695.64,691.28,138.3,WIN,TARGET_HIT,25571.75,730.00,2026-05-07 09:31:10
2026-04-16,2026-04-16 10:15:00,2026-04-16 10:25:00,OG,Backtest,AdxDiCrossBracketOG,OG_AdxDiCrossBracketOG,OG,NQ,NQ JUN26,LONG,1,26347.25,26314.50,-659.36,-663.72,-132.7,LOSS,STOP_HIT,26277.00,1405.00,2026-05-07 09:31:10
2026-01-06,2026-01-06 11:00:00,2026-01-06 11:10:00,OG,Backtest,AdxDiCrossBracketOG,OG_AdxDiCrossBracketOG,OG,NQ,NQ JUN26,SHORT,1,25909.25,25852.00,1140.64,1136.28,227.3,WIN,TARGET_HIT,25967.00,1155.00,2026-05-07 09:31:10
2026-04-07,2026-04-07 11:40:00,2026-04-07 12:00:00,OG,Backtest,AdxDiCrossBracketOG,OG_AdxDiCrossBracketOG,OG,NQ,NQ JUN26,LONG,1,24071.50,24083.00,225.64,221.28,44.3,WIN,STOP_HIT,24001.75,1395.00,2026-05-07 09:31:10
2026-01-20,2026-01-20 10:50:00,2026-01-20 10:55:00,OG,Backtest,AdxDiCrossBracketOG,OG_AdxDiCrossBracketOG,OG,NQ,NQ JUN26,LONG,1,25598.00,25559.50,-774.36,-778.72,-155.7,LOSS,STOP_HIT,25527.25,1415.00,2026-05-07 09:31:10
2026-01-09,2026-01-09 09:55:00,2026-01-09 10:05:00,OG,Backtest,AdxDiCrossBracketOG,OG_AdxDiCrossBracketOG,OG,NQ,NQ JUN26,SHORT,1,25913.25,25956.50,-869.36,-873.72,-174.7,LOSS,STOP_HIT,25981.00,1355.00,2026-05-07 09:31:10
2026-02-24,2026-02-24 09:50:00,2026-02-24 10:05:00,OG,Backtest,AdxDiCrossBracketOG,OG_AdxDiCrossBracketOG,OG,NQ,NQ JUN26,LONG,1,25120.50,25062.00,-1174.36,-1178.72,-235.7,LOSS,STOP_HIT,25062.50,1160.00,2026-05-07 09:31:10
2026-02-24,2026-02-24 10:10:00,2026-02-24 10:10:00,OG,Backtest,AdxDiCrossBracketOG,OG_AdxDiCrossBracketOG,OG,NQ,NQ JUN26,SHORT,1,25048.75,25114.00,-1309.36,-1313.72,-262.7,LOSS,STOP_HIT,25113.50,1295.00,2026-05-07 09:31:10
2026-01-20,2026-01-20 10:50:00,2026-01-20 10:55:00,OG,Backtest,AdxDiCrossBracketOG,OG_AdxDiCrossBracketOG,OG,NQ,NQ JUN26,LONG,1,25598.00,25559.50,-774.36,-778.72,-155.7,LOSS,STOP_HIT,25503.75,1885.00,2026-05-07 09:31:10
2026-02-24,2026-02-24 10:15:00,2026-02-24 10:30:00,OG,Backtest,AdxDiCrossBracketOG,OG_AdxDiCrossBracketOG,OG,NQ,NQ JUN26,LONG,1,25109.25,25175.00,1310.64,1306.28,261.3,WIN,TARGET_HIT,25042.00,1345.00,2026-05-07 09:31:10
2026-03-03,2026-03-03 11:25:00,2026-03-03 11:40:00,OG,Backtest,AdxDiCrossBracketOG,OG_AdxDiCrossBracketOG,OG,NQ,NQ JUN26,LONG,1,24794.50,24817.25,450.64,446.28,89.3,WIN,STOP_HIT,24689.25,2105.00,2026-05-07 09:31:10
2026-02-03,2026-02-03 09:50:00,2026-02-03 10:00:00,OG,Backtest,AdxDiCrossBracketOG,OG_AdxDiCrossBracketOG,OG,NQ,NQ JUN26,SHORT,1,25960.75,25888.75,1435.64,1431.28,286.3,WIN,TARGET_HIT,26034.25,1470.00,2026-05-07 09:31:10
2026-02-10,2026-02-10 09:45:00,2026-02-10 09:45:00,OG,Backtest,AdxDiCrossBracketOG,OG_AdxDiCrossBracketOG,OG,NQ,NQ JUN26,SHORT,1,25535.25,25500.25,695.64,691.28,138.3,WIN,TARGET_HIT,25571.75,730.00,2026-05-07 09:31:10
2026-01-09,2026-01-09 09:45:00,2026-01-09 09:50:00,OG,Backtest,AdxDiCrossBracketOG,OG_AdxDiCrossBracketOG,OG,NQ,NQ JUN26,LONG,1,25965.00,25924.25,-819.36,-823.72,-164.7,LOSS,STOP_HIT,25924.75,805.00,2026-05-07 09:31:10
2026-02-11,2026-02-11 11:05:00,2026-02-11 11:10:00,OG,Backtest,AdxDiCrossBracketOG,OG_AdxDiCrossBracketOG,OG,NQ,NQ JUN26,LONG,1,25453.50,25418.25,-709.36,-713.72,-142.7,LOSS,STOP_HIT,25363.00,1810.00,2026-05-07 09:31:10
2026-03-12,2026-03-12 11:50:00,2026-03-12 11:55:00,OG,Backtest,AdxDiCrossBracketOG,OG_AdxDiCrossBracketOG,OG,NQ,NQ JUN26,LONG,1,24898.00,24865.50,-654.36,-658.72,-131.7,LOSS,STOP_HIT,24818.25,1595.00,2026-05-07 09:31:10
2026-03-03,2026-03-03 11:40:00,2026-03-03 11:50:00,OG,Backtest,AdxDiCrossBracketOG,OG_AdxDiCrossBracketOG,OG,NQ,NQ JUN26,SHORT,1,24817.25,24864.25,-944.36,-948.72,-189.7,LOSS,STOP_HIT,24948.50,2625.00,2026-05-07 09:31:10
2026-01-07,2026-01-07 09:50:00,2026-01-07 10:00:00,OG,Backtest,AdxDiCrossBracketOG,OG_AdxDiCrossBracketOG,OG,NQ,NQ JUN26,LONG,1,26063.75,26063.00,-19.36,-23.72,-4.7,LOSS,STOP_HIT,26039.00,495.00,2026-05-07 09:31:10
2026-05-01,2026-05-01 11:10:00,2026-05-01 11:20:00,OG,Backtest,AdxDiCrossBracketOG,OG_AdxDiCrossBracketOG,OG,NQ,NQ JUN26,SHORT,1,27795.25,27837.25,-844.36,-848.72,-169.7,LOSS,STOP_HIT,27857.00,1235.00,2026-05-07 09:31:10
2026-01-28,2026-01-28 10:55:00,2026-01-28 11:15:00,OG,Backtest,AdxDiCrossBracketOG,OG_AdxDiCrossBracketOG,OG,NQ,NQ JUN26,SHORT,1,26395.25,26395.00,0.64,-3.72,-0.7,LOSS,STOP_HIT,26445.25,1000.00,2026-05-07 09:31:10
2026-03-20,2026-03-20 11:30:00,2026-03-20 11:55:00,OG,Backtest,AdxDiCrossBracketOG,OG_AdxDiCrossBracketOG,OG,NQ,NQ JUN26,LONG,1,24274.25,24294.00,390.64,386.28,77.3,WIN,STOP_HIT,24192.75,1630.00,2026-05-07 09:31:10
2026-01-28,2026-01-28 10:55:00,2026-01-28 11:05:00,OG,Backtest,AdxDiCrossBracketOG,OG_AdxDiCrossBracketOG,OG,NQ,NQ JUN26,SHORT,1,26395.25,26393.25,35.64,31.28,6.3,WIN,STOP_HIT,26445.25,1000.00,2026-05-07 09:31:10
2026-03-25,2026-03-25 11:20:00,2026-03-25 11:20:00,OG,Backtest,AdxDiCrossBracketOG,OG_AdxDiCrossBracketOG,OG,NQ,NQ JUN26,SHORT,1,24386.00,24311.00,1495.64,1491.28,298.3,WIN,TARGET_HIT,24463.50,1550.00,2026-05-07 09:31:10
2026-01-28,2026-01-28 10:55:00,2026-01-28 11:10:00,OG,Backtest,AdxDiCrossBracketOG,OG_AdxDiCrossBracketOG,OG,NQ,NQ JUN26,SHORT,1,26395.25,26395.25,-4.36,-8.72,-1.7,LOSS,STOP_HIT,26461.50,1325.00,2026-05-07 09:31:10
2026-02-03,2026-02-03 09:50:00,2026-02-03 09:50:00,OG,Backtest,AdxDiCrossBracketOG,OG_AdxDiCrossBracketOG,OG,NQ,NQ JUN26,SHORT,1,25960.75,26016.50,-1119.36,-1123.72,-224.7,LOSS,STOP_HIT,26016.00,1105.00,2026-05-07 09:31:10
2026-02-11,2026-02-11 10:20:00,2026-02-11 10:25:00,OG,Backtest,AdxDiCrossBracketOG,OG_AdxDiCrossBracketOG,OG,NQ,NQ JUN26,SHORT,1,25396.00,25319.50,1525.64,1521.28,304.3,WIN,TARGET_HIT,25474.50,1570.00,2026-05-07 09:31:10
2026-01-07,2026-01-07 09:50:00,2026-01-07 10:00:00,OG,Backtest,AdxDiCrossBracketOG,OG_AdxDiCrossBracketOG,OG,NQ,NQ JUN26,LONG,1,26063.75,26063.00,-19.36,-23.72,-4.7,LOSS,STOP_HIT,26039.00,495.00,2026-05-07 09:31:10
2026-01-09,2026-01-09 09:55:00,2026-01-09 10:10:00,OG,Backtest,AdxDiCrossBracketOG,OG_AdxDiCrossBracketOG,OG,NQ,NQ JUN26,SHORT,1,25913.25,25921.75,-174.36,-178.72,-35.7,LOSS,STOP_HIT,25981.00,1355.00,2026-05-07 09:31:11
2026-02-11,2026-02-11 11:05:00,2026-02-11 11:10:00,OG,Backtest,AdxDiCrossBracketOG,OG_AdxDiCrossBracketOG,OG,NQ,NQ JUN26,LONG,1,25453.50,25418.25,-709.36,-713.72,-142.7,LOSS,STOP_HIT,25363.00,1810.00,2026-05-07 09:31:11
2026-02-13,2026-02-13 10:35:00,2026-02-13 10:50:00,OG,Backtest,AdxDiCrossBracketOG,OG_AdxDiCrossBracketOG,OG,NQ,NQ JUN26,LONG,1,25058.00,24983.00,-1504.36,-1508.72,-301.7,LOSS,STOP_HIT,24952.50,2110.00,2026-05-07 09:31:11
2026-01-09,2026-01-09 09:55:00,2026-01-09 09:55:00,OG,Backtest,AdxDiCrossBracketOG,OG_AdxDiCrossBracketOG,OG,NQ,NQ JUN26,SHORT,1,25913.25,25965.00,-1039.36,-1043.72,-208.7,LOSS,STOP_HIT,25964.50,1025.00,2026-05-07 09:31:11
2026-02-11,2026-02-11 11:05:00,2026-02-11 11:10:00,OG,Backtest,AdxDiCrossBracketOG,OG_AdxDiCrossBracketOG,OG,NQ,NQ JUN26,LONG,1,25453.50,25418.25,-709.36,-713.72,-142.7,LOSS,STOP_HIT,25363.00,1810.00,2026-05-07 09:31:11
2026-01-09,2026-01-09 09:45:00,2026-01-09 09:50:00,OG,Backtest,AdxDiCrossBracketOG,OG_AdxDiCrossBracketOG,OG,NQ,NQ JUN26,LONG,1,25965.00,25910.75,-1089.36,-1093.72,-218.7,LOSS,STOP_HIT,25911.25,1075.00,2026-05-07 09:31:11
2026-01-20,2026-01-20 10:50:00,2026-01-20 10:55:00,OG,Backtest,AdxDiCrossBracketOG,OG_AdxDiCrossBracketOG,OG,NQ,NQ JUN26,LONG,1,25598.00,25559.50,-774.36,-778.72,-155.7,LOSS,STOP_HIT,25503.75,1885.00,2026-05-07 09:31:11
2026-02-11,2026-02-11 11:05:00,2026-02-11 11:10:00,OG,Backtest,AdxDiCrossBracketOG,OG_AdxDiCrossBracketOG,OG,NQ,NQ JUN26,LONG,1,25453.50,25418.25,-709.36,-713.72,-142.7,LOSS,STOP_HIT,25333.00,2410.00,2026-05-07 09:31:11
2026-02-24,2026-02-24 09:50:00,2026-02-24 10:05:00,OG,Backtest,AdxDiCrossBracketOG,OG_AdxDiCrossBracketOG,OG,NQ,NQ JUN26,LONG,1,25120.50,25062.00,-1174.36,-1178.72,-235.7,LOSS,STOP_HIT,25062.50,1160.00,2026-05-07 09:31:11
2026-01-06,2026-01-06 11:00:00,2026-01-06 11:10:00,OG,Backtest,AdxDiCrossBracketOG,OG_AdxDiCrossBracketOG,OG,NQ,NQ JUN26,SHORT,1,25909.25,25852.00,1140.64,1136.28,227.3,WIN,TARGET_HIT,25967.00,1155.00,2026-05-07 09:31:11
2026-01-09,2026-01-09 09:45:00,2026-01-09 09:50:00,OG,Backtest,AdxDiCrossBracketOG,OG_AdxDiCrossBracketOG,OG,NQ,NQ JUN26,LONG,1,25965.00,25924.25,-819.36,-823.72,-164.7,LOSS,STOP_HIT,25924.75,805.00,2026-05-07 09:31:11
2026-01-06,2026-01-06 11:00:00,2026-01-06 11:10:00,OG,Backtest,AdxDiCrossBracketOG,OG_AdxDiCrossBracketOG,OG,NQ,NQ JUN26,SHORT,1,25909.25,25866.25,855.64,851.28,170.3,WIN,TARGET_HIT,25952.75,870.00,2026-05-07 09:31:11
2026-02-24,2026-02-24 10:15:00,2026-02-24 10:30:00,OG,Backtest,AdxDiCrossBracketOG,OG_AdxDiCrossBracketOG,OG,NQ,NQ JUN26,LONG,1,25109.25,25175.00,1310.64,1306.28,261.3,WIN,TARGET_HIT,25042.00,1345.00,2026-05-07 09:31:11
2026-02-03,2026-02-03 09:50:00,2026-02-03 10:00:00,OG,Backtest,AdxDiCrossBracketOG,OG_AdxDiCrossBracketOG,OG,NQ,NQ JUN26,SHORT,1,25960.75,25888.75,1435.64,1431.28,286.3,WIN,TARGET_HIT,26034.25,1470.00,2026-05-07 09:31:11
2026-02-03,2026-02-03 09:50:00,2026-02-03 10:00:00,OG,Backtest,AdxDiCrossBracketOG,OG_AdxDiCrossBracketOG,OG,NQ,NQ JUN26,SHORT,1,25960.75,25888.75,1435.64,1431.28,286.3,WIN,TARGET_HIT,26034.25,1470.00,2026-05-07 09:31:11
2026-02-10,2026-02-10 09:45:00,2026-02-10 09:45:00,OG,Backtest,AdxDiCrossBracketOG,OG_AdxDiCrossBracketOG,OG,NQ,NQ JUN26,SHORT,1,25535.25,25488.50,930.64,926.28,185.3,WIN,TARGET_HIT,25583.50,965.00,2026-05-07 09:31:11
2026-01-21,2026-01-21 11:45:00,2026-01-21 11:55:00,OG,Backtest,AdxDiCrossBracketOG,OG_AdxDiCrossBracketOG,OG,NQ,NQ JUN26,SHORT,1,25543.75,25467.25,1525.64,1521.28,304.3,WIN,TARGET_HIT,25620.75,1540.00,2026-05-07 09:31:11
2026-03-06,2026-03-06 11:10:00,2026-03-06 11:15:00,OG,Backtest,AdxDiCrossBracketOG,OG_AdxDiCrossBracketOG,OG,NQ,NQ JUN26,LONG,1,25101.50,25059.00,-854.36,-858.72,-171.7,LOSS,STOP_HIT,25007.25,1885.00,2026-05-07 09:31:11
2026-02-11,2026-02-11 11:05:00,2026-02-11 11:10:00,OG,Backtest,AdxDiCrossBracketOG,OG_AdxDiCrossBracketOG,OG,NQ,NQ JUN26,LONG,1,25453.50,25418.25,-709.36,-713.72,-142.7,LOSS,STOP_HIT,25333.00,2410.00,2026-05-07 09:31:11
2026-01-20,2026-01-20 10:50:00,2026-01-20 10:55:00,OG,Backtest,AdxDiCrossBracketOG,OG_AdxDiCrossBracketOG,OG,NQ,NQ JUN26,LONG,1,25598.00,25559.50,-774.36,-778.72,-155.7,LOSS,STOP_HIT,25503.75,1885.00,2026-05-07 09:31:11
2026-02-10,2026-02-10 09:45:00,2026-02-10 09:45:00,OG,Backtest,AdxDiCrossBracketOG,OG_AdxDiCrossBracketOG,OG,NQ,NQ JUN26,SHORT,1,25535.25,25500.25,695.64,691.28,138.3,WIN,TARGET_HIT,25571.75,730.00,2026-05-07 09:31:11
2026-03-19,2026-03-19 11:15:00,2026-03-19 11:25:00,OG,Backtest,AdxDiCrossBracketOG,OG_AdxDiCrossBracketOG,OG,NQ,NQ JUN26,LONG,1,24530.25,24486.25,-884.36,-888.72,-177.7,LOSS,STOP_HIT,24444.75,1710.00,2026-05-07 09:31:11
2026-02-13,2026-02-13 10:35:00,2026-02-13 10:50:00,OG,Backtest,AdxDiCrossBracketOG,OG_AdxDiCrossBracketOG,OG,NQ,NQ JUN26,LONG,1,25058.00,24983.00,-1504.36,-1508.72,-301.7,LOSS,STOP_HIT,24917.50,2810.00,2026-05-07 09:31:11
2026-02-10,2026-02-10 09:45:00,2026-02-10 09:45:00,OG,Backtest,AdxDiCrossBracketOG,OG_AdxDiCrossBracketOG,OG,NQ,NQ JUN26,SHORT,1,25535.25,25488.50,930.64,926.28,185.3,WIN,TARGET_HIT,25583.50,965.00,2026-05-07 09:31:11
2026-01-28,2026-01-28 10:55:00,2026-01-28 11:10:00,OG,Backtest,AdxDiCrossBracketOG,OG_AdxDiCrossBracketOG,OG,NQ,NQ JUN26,SHORT,1,26395.25,26395.25,-4.36,-8.72,-1.7,LOSS,STOP_HIT,26461.50,1325.00,2026-05-07 09:31:11
2026-02-13,2026-02-13 10:35:00,2026-02-13 10:50:00,OG,Backtest,AdxDiCrossBracketOG,OG_AdxDiCrossBracketOG,OG,NQ,NQ JUN26,LONG,1,25058.00,24983.00,-1504.36,-1508.72,-301.7,LOSS,STOP_HIT,24917.50,2810.00,2026-05-07 09:31:11
2026-02-13,2026-02-13 10:35:00,2026-02-13 10:45:00,OG,Backtest,AdxDiCrossBracketOG,OG_AdxDiCrossBracketOG,OG,NQ,NQ JUN26,LONG,1,25058.00,25033.25,-499.36,-503.72,-100.7,LOSS,STOP_HIT,24917.50,2810.00,2026-05-07 09:31:11
2026-02-24,2026-02-24 09:50:00,2026-02-24 10:05:00,OG,Backtest,AdxDiCrossBracketOG,OG_AdxDiCrossBracketOG,OG,NQ,NQ JUN26,LONG,1,25120.50,25068.25,-1049.36,-1053.72,-210.7,LOSS,STOP_HIT,25043.75,1535.00,2026-05-07 09:31:11
2026-02-17,2026-02-17 11:10:00,2026-02-17 11:15:00,OG,Backtest,AdxDiCrossBracketOG,OG_AdxDiCrossBracketOG,OG,NQ,NQ JUN26,LONG,1,24861.25,24994.25,2655.64,2651.28,530.3,WIN,TARGET_HIT,24726.75,2690.00,2026-05-07 09:31:11
2026-03-09,2026-03-09 10:45:00,2026-03-09 11:05:00,OG,Backtest,AdxDiCrossBracketOG,OG_AdxDiCrossBracketOG,OG,NQ,NQ JUN26,LONG,1,24692.00,24797.25,2100.64,2096.28,419.3,WIN,TARGET_HIT,24587.25,2095.00,2026-05-07 09:31:11
2026-02-24,2026-02-24 10:15:00,2026-02-24 10:30:00,OG,Backtest,AdxDiCrossBracketOG,OG_AdxDiCrossBracketOG,OG,NQ,NQ JUN26,LONG,1,25109.25,25175.00,1310.64,1306.28,261.3,WIN,TARGET_HIT,25042.00,1345.00,2026-05-07 09:31:11
2026-02-11,2026-02-11 11:05:00,2026-02-11 11:10:00,OG,Backtest,AdxDiCrossBracketOG,OG_AdxDiCrossBracketOG,OG,NQ,NQ JUN26,LONG,1,25453.50,25418.25,-709.36,-713.72,-142.7,LOSS,STOP_HIT,25333.00,2410.00,2026-05-07 09:31:11
2026-03-03,2026-03-03 11:40:00,2026-03-03 11:50:00,OG,Backtest,AdxDiCrossBracketOG,OG_AdxDiCrossBracketOG,OG,NQ,NQ JUN26,SHORT,1,24817.25,24864.25,-944.36,-948.72,-189.7,LOSS,STOP_HIT,24948.50,2625.00,2026-05-07 09:31:11
2026-03-03,2026-03-03 11:25:00,2026-03-03 11:40:00,OG,Backtest,AdxDiCrossBracketOG,OG_AdxDiCrossBracketOG,OG,NQ,NQ JUN26,LONG,1,24794.50,24817.25,450.64,446.28,89.3,WIN,STOP_HIT,24689.25,2105.00,2026-05-07 09:31:11
2026-03-03,2026-03-03 11:25:00,2026-03-03 11:40:00,OG,Backtest,AdxDiCrossBracketOG,OG_AdxDiCrossBracketOG,OG,NQ,NQ JUN26,LONG,1,24794.50,24817.25,450.64,446.28,89.3,WIN,STOP_HIT,24654.75,2795.00,2026-05-07 09:31:11
2026-04-06,2026-04-06 10:55:00,2026-04-06 11:05:00,OG,Backtest,AdxDiCrossBracketOG,OG_AdxDiCrossBracketOG,OG,NQ,NQ JUN26,SHORT,1,24269.25,24306.75,-754.36,-758.72,-151.7,LOSS,STOP_HIT,24372.75,2070.00,2026-05-07 09:31:11
2026-03-09,2026-03-09 10:45:00,2026-03-09 11:05:00,OG,Backtest,AdxDiCrossBracketOG,OG_AdxDiCrossBracketOG,OG,NQ,NQ JUN26,LONG,1,24692.00,24797.25,2100.64,2096.28,419.3,WIN,TARGET_HIT,24587.25,2095.00,2026-05-07 09:31:11
2026-02-24,2026-02-24 09:50:00,2026-02-24 10:05:00,OG,Backtest,AdxDiCrossBracketOG,OG_AdxDiCrossBracketOG,OG,NQ,NQ JUN26,LONG,1,25120.50,25043.25,-1549.36,-1553.72,-310.7,LOSS,STOP_HIT,25043.75,1535.00,2026-05-07 09:31:11
2026-04-02,2026-04-02 10:45:00,2026-04-02 11:25:00,OG,Backtest,AdxDiCrossBracketOG,OG_AdxDiCrossBracketOG,OG,NQ,NQ JUN26,LONG,1,24210.25,24151.25,-1184.36,-1188.72,-237.7,LOSS,STOP_HIT,24059.00,3025.00,2026-05-07 09:31:11
2026-03-12,2026-03-12 11:50:00,2026-03-12 11:55:00,OG,Backtest,AdxDiCrossBracketOG,OG_AdxDiCrossBracketOG,OG,NQ,NQ JUN26,LONG,1,24898.00,24865.50,-654.36,-658.72,-131.7,LOSS,STOP_HIT,24818.25,1595.00,2026-05-07 09:31:11
2026-01-16,2026-01-16 11:30:00,2026-01-16 11:35:00,OG,Backtest,AdxDiCrossBracketOG,OG_AdxDiCrossBracketOG,OG,NQ,NQ JUN26,LONG,1,25911.50,25925.25,270.64,266.28,53.3,WIN,STOP_HIT,25857.00,1090.00,2026-05-07 09:31:11
2026-03-06,2026-03-06 11:10:00,2026-03-06 11:15:00,OG,Backtest,AdxDiCrossBracketOG,OG_AdxDiCrossBracketOG,OG,NQ,NQ JUN26,LONG,1,25101.50,25059.00,-854.36,-858.72,-171.7,LOSS,STOP_HIT,25007.25,1885.00,2026-05-07 09:31:11
2026-02-11,2026-02-11 10:20:00,2026-02-11 10:25:00,OG,Backtest,AdxDiCrossBracketOG,OG_AdxDiCrossBracketOG,OG,NQ,NQ JUN26,SHORT,1,25396.00,25319.50,1525.64,1521.28,304.3,WIN,TARGET_HIT,25474.50,1570.00,2026-05-07 09:31:11
2026-02-24,2026-02-24 09:50:00,2026-02-24 10:05:00,OG,Backtest,AdxDiCrossBracketOG,OG_AdxDiCrossBracketOG,OG,NQ,NQ JUN26,LONG,1,25120.50,25068.25,-1049.36,-1053.72,-210.7,LOSS,STOP_HIT,25062.50,1160.00,2026-05-07 09:31:11
2026-03-20,2026-03-20 11:30:00,2026-03-20 11:55:00,OG,Backtest,AdxDiCrossBracketOG,OG_AdxDiCrossBracketOG,OG,NQ,NQ JUN26,LONG,1,24274.25,24294.00,390.64,386.28,77.3,WIN,STOP_HIT,24165.75,2170.00,2026-05-07 09:31:11
2026-04-07,2026-04-07 11:40:00,2026-04-07 12:00:00,OG,Backtest,AdxDiCrossBracketOG,OG_AdxDiCrossBracketOG,OG,NQ,NQ JUN26,LONG,1,24071.50,24083.00,225.64,221.28,44.3,WIN,STOP_HIT,23978.75,1855.00,2026-05-07 09:31:11
2026-03-24,2026-03-24 11:00:00,2026-03-24 11:35:00,OG,Backtest,AdxDiCrossBracketOG,OG_AdxDiCrossBracketOG,OG,NQ,NQ JUN26,LONG,1,24281.50,24311.75,600.64,596.28,119.3,WIN,STOP_HIT,24156.00,2510.00,2026-05-07 09:31:11
2026-03-03,2026-03-03 11:25:00,2026-03-03 11:35:00,OG,Backtest,AdxDiCrossBracketOG,OG_AdxDiCrossBracketOG,OG,NQ,NQ JUN26,LONG,1,24794.50,24819.00,485.64,481.28,96.3,WIN,STOP_HIT,24689.25,2105.00,2026-05-07 09:31:11
2026-03-24,2026-03-24 11:00:00,2026-03-24 11:35:00,OG,Backtest,AdxDiCrossBracketOG,OG_AdxDiCrossBracketOG,OG,NQ,NQ JUN26,LONG,1,24281.50,24311.75,600.64,596.28,119.3,WIN,STOP_HIT,24156.00,2510.00,2026-05-07 09:31:11
2026-03-12,2026-03-12 11:50:00,2026-03-12 11:55:00,OG,Backtest,AdxDiCrossBracketOG,OG_AdxDiCrossBracketOG,OG,NQ,NQ JUN26,LONG,1,24898.00,24865.50,-654.36,-658.72,-131.7,LOSS,STOP_HIT,24792.00,2120.00,2026-05-07 09:31:11
2026-04-16,2026-04-16 10:15:00,2026-04-16 10:50:00,OG,Backtest,AdxDiCrossBracketOG,OG_AdxDiCrossBracketOG,OG,NQ,NQ JUN26,LONG,1,26347.25,26415.50,1360.64,1356.28,271.3,WIN,TARGET_HIT,26277.00,1405.00,2026-05-07 09:31:11
2026-03-27,2026-03-27 11:40:00,2026-03-27 12:00:00,OG,Backtest,AdxDiCrossBracketOG,OG_AdxDiCrossBracketOG,OG,NQ,NQ JUN26,LONG,1,23597.00,23559.75,-749.36,-753.72,-150.7,LOSS,STOP_HIT,23486.50,2210.00,2026-05-07 09:31:11
2026-01-20,2026-01-20 10:50:00,2026-01-20 10:55:00,OG,Backtest,AdxDiCrossBracketOG,OG_AdxDiCrossBracketOG,OG,NQ,NQ JUN26,LONG,1,25598.00,25559.50,-774.36,-778.72,-155.7,LOSS,STOP_HIT,25527.25,1415.00,2026-05-07 09:31:11
2026-04-02,2026-04-02 10:45:00,2026-04-02 11:25:00,OG,Backtest,AdxDiCrossBracketOG,OG_AdxDiCrossBracketOG,OG,NQ,NQ JUN26,LONG,1,24210.25,24151.25,-1184.36,-1188.72,-237.7,LOSS,STOP_HIT,24059.00,3025.00,2026-05-07 09:31:11
2026-03-24,2026-03-24 11:00:00,2026-03-24 11:35:00,OG,Backtest,AdxDiCrossBracketOG,OG_AdxDiCrossBracketOG,OG,NQ,NQ JUN26,LONG,1,24281.50,24304.75,460.64,456.28,91.3,WIN,STOP_HIT,24156.00,2510.00,2026-05-07 09:31:11
2026-04-06,2026-04-06 10:55:00,2026-04-06 11:05:00,OG,Backtest,AdxDiCrossBracketOG,OG_AdxDiCrossBracketOG,OG,NQ,NQ JUN26,SHORT,1,24269.25,24306.75,-754.36,-758.72,-151.7,LOSS,STOP_HIT,24347.00,1555.00,2026-05-07 09:31:11
2026-03-25,2026-03-25 11:20:00,2026-03-25 12:00:00,OG,Backtest,AdxDiCrossBracketOG,OG_AdxDiCrossBracketOG,OG,NQ,NQ JUN26,SHORT,1,24386.00,24392.50,-134.36,-138.72,-27.7,LOSS,STOP_HIT,24488.75,2055.00,2026-05-07 09:31:11
2026-03-19,2026-03-19 11:15:00,2026-03-19 11:25:00,OG,Backtest,AdxDiCrossBracketOG,OG_AdxDiCrossBracketOG,OG,NQ,NQ JUN26,LONG,1,24530.25,24486.25,-884.36,-888.72,-177.7,LOSS,STOP_HIT,24444.75,1710.00,2026-05-07 09:31:11
2026-03-24,2026-03-24 11:00:00,2026-03-24 11:35:00,OG,Backtest,AdxDiCrossBracketOG,OG_AdxDiCrossBracketOG,OG,NQ,NQ JUN26,LONG,1,24281.50,24311.75,600.64,596.28,119.3,WIN,STOP_HIT,24156.00,2510.00,2026-05-07 09:31:11
2026-04-16,2026-04-16 10:15:00,2026-04-16 10:50:00,OG,Backtest,AdxDiCrossBracketOG,OG_AdxDiCrossBracketOG,OG,NQ,NQ JUN26,LONG,1,26347.25,26415.50,1360.64,1356.28,271.3,WIN,TARGET_HIT,26277.00,1405.00,2026-05-07 09:31:11
2026-02-05,2026-02-05 11:40:00,2026-02-05 11:50:00,OG,Backtest,AdxDiCrossBracketOG,OG_AdxDiCrossBracketOG,OG,NQ,NQ JUN26,LONG,1,25025.50,24992.25,-669.36,-673.72,-134.7,LOSS,STOP_HIT,24895.00,2610.00,2026-05-07 09:31:11
2026-05-01,2026-05-01 11:10:00,2026-05-01 11:20:00,OG,Backtest,AdxDiCrossBracketOG,OG_AdxDiCrossBracketOG,OG,NQ,NQ JUN26,SHORT,1,27795.25,27837.25,-844.36,-848.72,-169.7,LOSS,STOP_HIT,27857.00,1235.00,2026-05-07 09:31:11
2026-04-06,2026-04-06 10:55:00,2026-04-06 11:05:00,OG,Backtest,AdxDiCrossBracketOG,OG_AdxDiCrossBracketOG,OG,NQ,NQ JUN26,SHORT,1,24269.25,24306.75,-754.36,-758.72,-151.7,LOSS,STOP_HIT,24372.75,2070.00,2026-05-07 09:31:11
2026-04-21,2026-04-21 11:05:00,2026-04-21 11:10:00,OG,Backtest,AdxDiCrossBracketOG,OG_AdxDiCrossBracketOG,OG,NQ,NQ JUN26,SHORT,1,26737.25,26667.50,1390.64,1386.28,277.3,WIN,TARGET_HIT,26806.00,1375.00,2026-05-07 09:31:11
2026-05-01,2026-05-01 11:10:00,2026-05-01 11:20:00,OG,Backtest,AdxDiCrossBracketOG,OG_AdxDiCrossBracketOG,OG,NQ,NQ JUN26,SHORT,1,27795.25,27837.25,-844.36,-848.72,-169.7,LOSS,STOP_HIT,27877.50,1645.00,2026-05-07 09:31:11
2026-05-01,2026-05-01 11:10:00,2026-05-01 11:20:00,OG,Backtest,AdxDiCrossBracketOG,OG_AdxDiCrossBracketOG,OG,NQ,NQ JUN26,SHORT,1,27795.25,27837.25,-844.36,-848.72,-169.7,LOSS,STOP_HIT,27877.50,1645.00,2026-05-07 09:31:11
2026-04-16,2026-04-16 10:00:00,2026-04-16 10:10:00,OG,Backtest,AdxDiCrossBracketOG,OG_AdxDiCrossBracketOG,OG,NQ,NQ JUN26,SHORT,1,26282.00,26336.75,-1099.36,-1103.72,-220.7,LOSS,STOP_HIT,26345.50,1270.00,2026-05-07 09:31:11
2026-04-21,2026-04-21 11:05:00,2026-04-21 11:05:00,OG,Backtest,AdxDiCrossBracketOG,OG_AdxDiCrossBracketOG,OG,NQ,NQ JUN26,SHORT,1,26737.25,26684.75,1045.64,1041.28,208.3,WIN,TARGET_HIT,26788.75,1030.00,2026-05-07 09:31:11
2026-04-07,2026-04-07 11:40:00,2026-04-07 12:00:00,OG,Backtest,AdxDiCrossBracketOG,OG_AdxDiCrossBracketOG,OG,NQ,NQ JUN26,LONG,1,24071.50,24083.00,225.64,221.28,44.3,WIN,STOP_HIT,24001.75,1395.00,2026-05-07 09:31:11
2026-04-21,2026-04-21 11:05:00,2026-04-21 11:10:00,OG,Backtest,AdxDiCrossBracketOG,OG_AdxDiCrossBracketOG,OG,NQ,NQ JUN26,SHORT,1,26737.25,26667.50,1390.64,1386.28,277.3,WIN,TARGET_HIT,26806.00,1375.00,2026-05-07 09:31:11
2026-04-06,2026-04-06 10:55:00,2026-04-06 11:05:00,OG,Backtest,AdxDiCrossBracketOG,OG_AdxDiCrossBracketOG,OG,NQ,NQ JUN26,SHORT,1,24269.25,24306.75,-754.36,-758.72,-151.7,LOSS,STOP_HIT,24347.00,1555.00,2026-05-07 09:31:11
2026-03-06,2026-03-06 11:10:00,2026-03-06 11:15:00,OG,Backtest,AdxDiCrossBracketOG,OG_AdxDiCrossBracketOG,OG,NQ,NQ JUN26,LONG,1,25101.50,25059.00,-854.36,-858.72,-171.7,LOSS,STOP_HIT,25007.25,1885.00,2026-05-07 09:31:11
2026-02-24,2026-02-24 09:50:00,2026-02-24 10:05:00,OG,Backtest,AdxDiCrossBracketOG,OG_AdxDiCrossBracketOG,OG,NQ,NQ JUN26,LONG,1,25120.50,25062.00,-1174.36,-1178.72,-235.7,LOSS,STOP_HIT,25062.50,1160.00,2026-05-07 09:31:11
2026-04-16,2026-04-16 10:00:00,2026-04-16 10:05:00,OG,Backtest,AdxDiCrossBracketOG,OG_AdxDiCrossBracketOG,OG,NQ,NQ JUN26,SHORT,1,26282.00,26330.25,-969.36,-973.72,-194.7,LOSS,STOP_HIT,26329.75,955.00,2026-05-07 09:31:11
2026-01-20,2026-01-20 10:50:00,2026-01-20 10:55:00,OG,Backtest,AdxDiCrossBracketOG,OG_AdxDiCrossBracketOG,OG,NQ,NQ JUN26,LONG,1,25598.00,25559.50,-774.36,-778.72,-155.7,LOSS,STOP_HIT,25503.75,1885.00,2026-05-07 09:31:11
2026-01-16,2026-01-16 11:30:00,2026-01-16 11:35:00,OG,Backtest,AdxDiCrossBracketOG,OG_AdxDiCrossBracketOG,OG,NQ,NQ JUN26,LONG,1,25911.50,25925.25,270.64,266.28,53.3,WIN,STOP_HIT,25857.00,1090.00,2026-05-07 09:31:11
2026-04-21,2026-04-21 11:05:00,2026-04-21 11:05:00,OG,Backtest,AdxDiCrossBracketOG,OG_AdxDiCrossBracketOG,OG,NQ,NQ JUN26,SHORT,1,26737.25,26684.75,1045.64,1041.28,208.3,WIN,TARGET_HIT,26788.75,1030.00,2026-05-07 09:31:11
2026-01-09,2026-01-09 09:45:00,2026-01-09 09:50:00,OG,Backtest,AdxDiCrossBracketOG,OG_AdxDiCrossBracketOG,OG,NQ,NQ JUN26,LONG,1,25965.00,25910.75,-1089.36,-1093.72,-218.7,LOSS,STOP_HIT,25911.25,1075.00,2026-05-07 09:31:11
2026-01-07,2026-01-07 09:50:00,2026-01-07 10:00:00,OG,Backtest,AdxDiCrossBracketOG,OG_AdxDiCrossBracketOG,OG,NQ,NQ JUN26,LONG,1,26063.75,26063.00,-19.36,-23.72,-4.7,LOSS,STOP_HIT,26039.00,495.00,2026-05-07 09:31:11
2026-01-21,2026-01-21 11:45:00,2026-01-21 11:50:00,OG,Backtest,AdxDiCrossBracketOG,OG_AdxDiCrossBracketOG,OG,NQ,NQ JUN26,SHORT,1,25543.75,25486.50,1140.64,1136.28,227.3,WIN,TARGET_HIT,25601.50,1155.00,2026-05-07 09:31:11
2026-03-12,2026-03-12 11:50:00,2026-03-12 11:55:00,OG,Backtest,AdxDiCrossBracketOG,OG_AdxDiCrossBracketOG,OG,NQ,NQ JUN26,LONG,1,24898.00,24865.50,-654.36,-658.72,-131.7,LOSS,STOP_HIT,24818.25,1595.00,2026-05-07 09:31:11
2026-01-20,2026-01-20 10:50:00,2026-01-20 10:55:00,OG,Backtest,AdxDiCrossBracketOG,OG_AdxDiCrossBracketOG,OG,NQ,NQ JUN26,LONG,1,25598.00,25559.50,-774.36,-778.72,-155.7,LOSS,STOP_HIT,25503.75,1885.00,2026-05-07 09:31:11
2026-05-01,2026-05-01 11:10:00,2026-05-01 11:20:00,OG,Backtest,AdxDiCrossBracketOG,OG_AdxDiCrossBracketOG,OG,NQ,NQ JUN26,SHORT,1,27795.25,27837.25,-844.36,-848.72,-169.7,LOSS,STOP_HIT,27857.00,1235.00,2026-05-07 09:31:11
2026-01-16,2026-01-16 11:30:00,2026-01-16 11:35:00,OG,Backtest,AdxDiCrossBracketOG,OG_AdxDiCrossBracketOG,OG,NQ,NQ JUN26,LONG,1,25911.50,25925.25,270.64,266.28,53.3,WIN,STOP_HIT,25857.00,1090.00,2026-05-07 09:31:11
2026-04-06,2026-04-06 10:55:00,2026-04-06 11:05:00,OG,Backtest,AdxDiCrossBracketOG,OG_AdxDiCrossBracketOG,OG,NQ,NQ JUN26,SHORT,1,24269.25,24306.75,-754.36,-758.72,-151.7,LOSS,STOP_HIT,24372.75,2070.00,2026-05-07 09:31:11
2026-01-06,2026-01-06 11:00:00,2026-01-06 11:10:00,OG,Backtest,AdxDiCrossBracketOG,OG_AdxDiCrossBracketOG,OG,NQ,NQ JUN26,SHORT,1,25909.25,25852.00,1140.64,1136.28,227.3,WIN,TARGET_HIT,25967.00,1155.00,2026-05-07 09:31:11
2026-04-07,2026-04-07 11:40:00,2026-04-07 12:00:00,OG,Backtest,AdxDiCrossBracketOG,OG_AdxDiCrossBracketOG,OG,NQ,NQ JUN26,LONG,1,24071.50,24083.00,225.64,221.28,44.3,WIN,STOP_HIT,23978.75,1855.00,2026-05-07 09:31:11
2026-01-09,2026-01-09 09:55:00,2026-01-09 10:05:00,OG,Backtest,AdxDiCrossBracketOG,OG_AdxDiCrossBracketOG,OG,NQ,NQ JUN26,SHORT,1,25913.25,25956.50,-869.36,-873.72,-174.7,LOSS,STOP_HIT,25981.00,1355.00,2026-05-07 09:31:11
2026-01-07,2026-01-07 09:50:00,2026-01-07 10:00:00,OG,Backtest,AdxDiCrossBracketOG,OG_AdxDiCrossBracketOG,OG,NQ,NQ JUN26,LONG,1,26063.75,26063.00,-19.36,-23.72,-4.7,LOSS,STOP_HIT,26030.75,660.00,2026-05-07 09:31:11
2026-02-05,2026-02-05 11:40:00,2026-02-05 11:50:00,OG,Backtest,AdxDiCrossBracketOG,OG_AdxDiCrossBracketOG,OG,NQ,NQ JUN26,LONG,1,25025.50,24992.25,-669.36,-673.72,-134.7,LOSS,STOP_HIT,24851.75,3475.00,2026-05-07 09:31:11
2026-04-02,2026-04-02 10:45:00,2026-04-02 10:55:00,OG,Backtest,AdxDiCrossBracketOG,OG_AdxDiCrossBracketOG,OG,NQ,NQ JUN26,LONG,1,24210.25,24096.25,-2284.36,-2288.72,-457.7,LOSS,STOP_HIT,24096.75,2270.00,2026-05-07 09:31:11
2026-01-20,2026-01-20 10:50:00,2026-01-20 10:55:00,OG,Backtest,AdxDiCrossBracketOG,OG_AdxDiCrossBracketOG,OG,NQ,NQ JUN26,LONG,1,25598.00,25559.50,-774.36,-778.72,-155.7,LOSS,STOP_HIT,25503.75,1885.00,2026-05-07 09:31:11
2026-02-24,2026-02-24 09:50:00,2026-02-24 10:05:00,OG,Backtest,AdxDiCrossBracketOG,OG_AdxDiCrossBracketOG,OG,NQ,NQ JUN26,LONG,1,25120.50,25062.00,-1174.36,-1178.72,-235.7,LOSS,STOP_HIT,25062.50,1160.00,2026-05-07 09:31:11
2026-01-09,2026-01-09 09:55:00,2026-01-09 10:10:00,OG,Backtest,AdxDiCrossBracketOG,OG_AdxDiCrossBracketOG,OG,NQ,NQ JUN26,SHORT,1,25913.25,25921.75,-174.36,-178.72,-35.7,LOSS,STOP_HIT,25981.00,1355.00,2026-05-07 09:31:11
2026-01-06,2026-01-06 11:00:00,2026-01-06 11:10:00,OG,Backtest,AdxDiCrossBracketOG,OG_AdxDiCrossBracketOG,OG,NQ,NQ JUN26,SHORT,1,25909.25,25866.25,855.64,851.28,170.3,WIN,TARGET_HIT,25952.75,870.00,2026-05-07 09:31:11
2026-01-21,2026-01-21 11:45:00,2026-01-21 11:50:00,OG,Backtest,AdxDiCrossBracketOG,OG_AdxDiCrossBracketOG,OG,NQ,NQ JUN26,SHORT,1,25543.75,25486.50,1140.64,1136.28,227.3,WIN,TARGET_HIT,25601.50,1155.00,2026-05-07 09:31:11
2026-01-09,2026-01-09 09:55:00,2026-01-09 10:10:00,OG,Backtest,AdxDiCrossBracketOG,OG_AdxDiCrossBracketOG,OG,NQ,NQ JUN26,SHORT,1,25913.25,25921.75,-174.36,-178.72,-35.7,LOSS,STOP_HIT,25981.00,1355.00,2026-05-07 09:31:11
2026-01-21,2026-01-21 11:45:00,2026-01-21 11:55:00,OG,Backtest,AdxDiCrossBracketOG,OG_AdxDiCrossBracketOG,OG,NQ,NQ JUN26,SHORT,1,25543.75,25467.25,1525.64,1521.28,304.3,WIN,TARGET_HIT,25620.75,1540.00,2026-05-07 09:31:11
2026-02-24,2026-02-24 10:10:00,2026-02-24 10:10:00,OG,Backtest,AdxDiCrossBracketOG,OG_AdxDiCrossBracketOG,OG,NQ,NQ JUN26,SHORT,1,25048.75,25114.00,-1309.36,-1313.72,-262.7,LOSS,STOP_HIT,25113.50,1295.00,2026-05-07 09:31:11
2026-01-16,2026-01-16 11:30:00,2026-01-16 11:35:00,OG,Backtest,AdxDiCrossBracketOG,OG_AdxDiCrossBracketOG,OG,NQ,NQ JUN26,LONG,1,25911.50,25925.25,270.64,266.28,53.3,WIN,STOP_HIT,25857.00,1090.00,2026-05-07 09:31:11
2026-02-05,2026-02-05 11:40:00,2026-02-05 11:50:00,OG,Backtest,AdxDiCrossBracketOG,OG_AdxDiCrossBracketOG,OG,NQ,NQ JUN26,LONG,1,25025.50,24992.25,-669.36,-673.72,-134.7,LOSS,STOP_HIT,24851.75,3475.00,2026-05-07 09:31:11
2026-02-03,2026-02-03 09:50:00,2026-02-03 09:50:00,OG,Backtest,AdxDiCrossBracketOG,OG_AdxDiCrossBracketOG,OG,NQ,NQ JUN26,SHORT,1,25960.75,26016.50,-1119.36,-1123.72,-224.7,LOSS,STOP_HIT,26016.00,1105.00,2026-05-07 09:31:11
2026-01-20,2026-01-20 10:50:00,2026-01-20 10:55:00,OG,Backtest,AdxDiCrossBracketOG,OG_AdxDiCrossBracketOG,OG,NQ,NQ JUN26,LONG,1,25598.00,25559.50,-774.36,-778.72,-155.7,LOSS,STOP_HIT,25527.25,1415.00,2026-05-07 09:31:11
2026-01-16,2026-01-16 11:30:00,2026-01-16 11:35:00,OG,Backtest,AdxDiCrossBracketOG,OG_AdxDiCrossBracketOG,OG,NQ,NQ JUN26,LONG,1,25911.50,25925.25,270.64,266.28,53.3,WIN,STOP_HIT,25839.25,1445.00,2026-05-07 09:31:11
2026-02-11,2026-02-11 10:20:00,2026-02-11 10:25:00,OG,Backtest,AdxDiCrossBracketOG,OG_AdxDiCrossBracketOG,OG,NQ,NQ JUN26,SHORT,1,25396.00,25293.75,2040.64,2036.28,407.3,WIN,TARGET_HIT,25500.25,2085.00,2026-05-07 09:31:11
2026-03-19,2026-03-19 11:15:00,2026-03-19 11:25:00,OG,Backtest,AdxDiCrossBracketOG,OG_AdxDiCrossBracketOG,OG,NQ,NQ JUN26,LONG,1,24530.25,24486.25,-884.36,-888.72,-177.7,LOSS,STOP_HIT,24444.75,1710.00,2026-05-07 09:31:11
2026-02-05,2026-02-05 11:40:00,2026-02-05 11:50:00,OG,Backtest,AdxDiCrossBracketOG,OG_AdxDiCrossBracketOG,OG,NQ,NQ JUN26,LONG,1,25025.50,24992.25,-669.36,-673.72,-134.7,LOSS,STOP_HIT,24895.00,2610.00,2026-05-07 09:31:11
2026-02-03,2026-02-03 09:50:00,2026-02-03 10:00:00,OG,Backtest,AdxDiCrossBracketOG,OG_AdxDiCrossBracketOG,OG,NQ,NQ JUN26,SHORT,1,25960.75,25888.75,1435.64,1431.28,286.3,WIN,TARGET_HIT,26034.25,1470.00,2026-05-07 09:31:11
2026-02-03,2026-02-03 09:50:00,2026-02-03 09:50:00,OG,Backtest,AdxDiCrossBracketOG,OG_AdxDiCrossBracketOG,OG,NQ,NQ JUN26,SHORT,1,25960.75,26016.50,-1119.36,-1123.72,-224.7,LOSS,STOP_HIT,26016.00,1105.00,2026-05-07 09:31:11
2026-02-11,2026-02-11 10:20:00,2026-02-11 10:25:00,OG,Backtest,AdxDiCrossBracketOG,OG_AdxDiCrossBracketOG,OG,NQ,NQ JUN26,SHORT,1,25396.00,25293.75,2040.64,2036.28,407.3,WIN,TARGET_HIT,25500.25,2085.00,2026-05-07 09:31:11
2026-02-10,2026-02-10 09:45:00,2026-02-10 09:45:00,OG,Backtest,AdxDiCrossBracketOG,OG_AdxDiCrossBracketOG,OG,NQ,NQ JUN26,SHORT,1,25535.25,25500.25,695.64,691.28,138.3,WIN,TARGET_HIT,25571.75,730.00,2026-05-07 09:31:11
2026-02-03,2026-02-03 09:50:00,2026-02-03 09:50:00,OG,Backtest,AdxDiCrossBracketOG,OG_AdxDiCrossBracketOG,OG,NQ,NQ JUN26,SHORT,1,25960.75,26016.50,-1119.36,-1123.72,-224.7,LOSS,STOP_HIT,26016.00,1105.00,2026-05-07 09:31:11
2026-02-11,2026-02-11 10:20:00,2026-02-11 10:25:00,OG,Backtest,AdxDiCrossBracketOG,OG_AdxDiCrossBracketOG,OG,NQ,NQ JUN26,SHORT,1,25396.00,25293.75,2040.64,2036.28,407.3,WIN,TARGET_HIT,25500.25,2085.00,2026-05-07 09:31:11
2026-02-10,2026-02-10 09:45:00,2026-02-10 09:45:00,OG,Backtest,AdxDiCrossBracketOG,OG_AdxDiCrossBracketOG,OG,NQ,NQ JUN26,SHORT,1,25535.25,25500.25,695.64,691.28,138.3,WIN,TARGET_HIT,25571.75,730.00,2026-05-07 09:31:11
2026-02-24,2026-02-24 10:10:00,2026-02-24 10:15:00,OG,Backtest,AdxDiCrossBracketOG,OG_AdxDiCrossBracketOG,OG,NQ,NQ JUN26,SHORT,1,25048.75,25109.25,-1214.36,-1218.72,-243.7,LOSS,STOP_HIT,25134.75,1720.00,2026-05-07 09:31:11
2026-02-11,2026-02-11 11:05:00,2026-02-11 11:10:00,OG,Backtest,AdxDiCrossBracketOG,OG_AdxDiCrossBracketOG,OG,NQ,NQ JUN26,LONG,1,25453.50,25418.25,-709.36,-713.72,-142.7,LOSS,STOP_HIT,25333.00,2410.00,2026-05-07 09:31:11
2026-03-20,2026-03-20 11:30:00,2026-03-20 11:55:00,OG,Backtest,AdxDiCrossBracketOG,OG_AdxDiCrossBracketOG,OG,NQ,NQ JUN26,LONG,1,24274.25,24294.00,390.64,386.28,77.3,WIN,STOP_HIT,24165.75,2170.00,2026-05-07 09:31:11
2026-01-20,2026-01-20 10:50:00,2026-01-20 10:55:00,OG,Backtest,AdxDiCrossBracketOG,OG_AdxDiCrossBracketOG,OG,NQ,NQ JUN26,LONG,1,25598.00,25559.50,-774.36,-778.72,-155.7,LOSS,STOP_HIT,25503.75,1885.00,2026-05-07 09:31:11
2026-02-24,2026-02-24 10:10:00,2026-02-24 10:10:00,OG,Backtest,AdxDiCrossBracketOG,OG_AdxDiCrossBracketOG,OG,NQ,NQ JUN26,SHORT,1,25048.75,25114.00,-1309.36,-1313.72,-262.7,LOSS,STOP_HIT,25113.50,1295.00,2026-05-07 09:31:11
2026-01-21,2026-01-21 11:45:00,2026-01-21 11:55:00,OG,Backtest,AdxDiCrossBracketOG,OG_AdxDiCrossBracketOG,OG,NQ,NQ JUN26,SHORT,1,25543.75,25467.25,1525.64,1521.28,304.3,WIN,TARGET_HIT,25620.75,1540.00,2026-05-07 09:31:11
2026-02-17,2026-02-17 11:10:00,2026-02-17 11:15:00,OG,Backtest,AdxDiCrossBracketOG,OG_AdxDiCrossBracketOG,OG,NQ,NQ JUN26,LONG,1,24861.25,24994.25,2655.64,2651.28,530.3,WIN,TARGET_HIT,24726.75,2690.00,2026-05-07 09:31:11
2026-03-09,2026-03-09 10:45:00,2026-03-09 11:20:00,OG,Backtest,AdxDiCrossBracketOG,OG_AdxDiCrossBracketOG,OG,NQ,NQ JUN26,LONG,1,24692.00,24832.25,2800.64,2796.28,559.3,WIN,TARGET_HIT,24552.25,2795.00,2026-05-07 09:31:11
2026-02-13,2026-02-13 10:35:00,2026-02-13 10:50:00,OG,Backtest,AdxDiCrossBracketOG,OG_AdxDiCrossBracketOG,OG,NQ,NQ JUN26,LONG,1,25058.00,24983.00,-1504.36,-1508.72,-301.7,LOSS,STOP_HIT,24952.50,2110.00,2026-05-07 09:31:11
2026-03-27,2026-03-27 11:40:00,2026-03-27 12:00:00,OG,Backtest,AdxDiCrossBracketOG,OG_AdxDiCrossBracketOG,OG,NQ,NQ JUN26,LONG,1,23597.00,23559.75,-749.36,-753.72,-150.7,LOSS,STOP_HIT,23486.50,2210.00,2026-05-07 09:31:11
2026-03-24,2026-03-24 11:00:00,2026-03-24 11:00:00,OG,Backtest,AdxDiCrossBracketOG,OG_AdxDiCrossBracketOG,OG,NQ,NQ JUN26,LONG,1,24281.50,24186.50,-1904.36,-1908.72,-381.7,LOSS,STOP_HIT,24187.00,1890.00,2026-05-07 09:31:11
2026-04-16,2026-04-16 10:15:00,2026-04-16 10:50:00,OG,Backtest,AdxDiCrossBracketOG,OG_AdxDiCrossBracketOG,OG,NQ,NQ JUN26,LONG,1,26347.25,26415.50,1360.64,1356.28,271.3,WIN,TARGET_HIT,26277.00,1405.00,2026-05-07 09:31:11
2026-01-06,2026-01-06 11:00:00,2026-01-06 11:10:00,OG,Backtest,AdxDiCrossBracketOG,OG_AdxDiCrossBracketOG,OG,NQ,NQ JUN26,SHORT,1,25909.25,25866.25,855.64,851.28,170.3,WIN,TARGET_HIT,25952.75,870.00,2026-05-07 09:31:11
2026-04-06,2026-04-06 10:55:00,2026-04-06 11:05:00,OG,Backtest,AdxDiCrossBracketOG,OG_AdxDiCrossBracketOG,OG,NQ,NQ JUN26,SHORT,1,24269.25,24306.75,-754.36,-758.72,-151.7,LOSS,STOP_HIT,24372.75,2070.00,2026-05-07 09:31:11
2026-01-20,2026-01-20 10:50:00,2026-01-20 10:55:00,OG,Backtest,AdxDiCrossBracketOG,OG_AdxDiCrossBracketOG,OG,NQ,NQ JUN26,LONG,1,25598.00,25559.50,-774.36,-778.72,-155.7,LOSS,STOP_HIT,25503.75,1885.00,2026-05-07 09:31:11
2026-03-20,2026-03-20 11:30:00,2026-03-20 11:55:00,OG,Backtest,AdxDiCrossBracketOG,OG_AdxDiCrossBracketOG,OG,NQ,NQ JUN26,LONG,1,24274.25,24294.00,390.64,386.28,77.3,WIN,STOP_HIT,24165.75,2170.00,2026-05-07 09:31:11
2026-03-12,2026-03-12 11:50:00,2026-03-12 11:55:00,OG,Backtest,AdxDiCrossBracketOG,OG_AdxDiCrossBracketOG,OG,NQ,NQ JUN26,LONG,1,24898.00,24865.50,-654.36,-658.72,-131.7,LOSS,STOP_HIT,24792.00,2120.00,2026-05-07 09:31:11
2026-04-21,2026-04-21 11:05:00,2026-04-21 11:10:00,OG,Backtest,AdxDiCrossBracketOG,OG_AdxDiCrossBracketOG,OG,NQ,NQ JUN26,SHORT,1,26737.25,26667.50,1390.64,1386.28,277.3,WIN,TARGET_HIT,26806.00,1375.00,2026-05-07 09:31:11
2026-04-16,2026-04-16 10:15:00,2026-04-16 10:50:00,OG,Backtest,AdxDiCrossBracketOG,OG_AdxDiCrossBracketOG,OG,NQ,NQ JUN26,LONG,1,26347.25,26398.25,1015.64,1011.28,202.3,WIN,TARGET_HIT,26294.25,1060.00,2026-05-07 09:31:11
2026-05-01,2026-05-01 11:10:00,2026-05-01 11:20:00,OG,Backtest,AdxDiCrossBracketOG,OG_AdxDiCrossBracketOG,OG,NQ,NQ JUN26,SHORT,1,27795.25,27837.25,-844.36,-848.72,-169.7,LOSS,STOP_HIT,27877.50,1645.00,2026-05-07 09:31:11
2026-04-02,2026-04-02 10:45:00,2026-04-02 11:25:00,OG,Backtest,AdxDiCrossBracketOG,OG_AdxDiCrossBracketOG,OG,NQ,NQ JUN26,LONG,1,24210.25,24121.00,-1789.36,-1793.72,-358.7,LOSS,STOP_HIT,24059.00,3025.00,2026-05-07 09:31:11
2026-04-21,2026-04-21 11:05:00,2026-04-21 11:10:00,OG,Backtest,AdxDiCrossBracketOG,OG_AdxDiCrossBracketOG,OG,NQ,NQ JUN26,SHORT,1,26737.25,26667.50,1390.64,1386.28,277.3,WIN,TARGET_HIT,26806.00,1375.00,2026-05-07 09:31:11
2026-02-05,2026-02-05 11:40:00,2026-02-05 11:50:00,OG,Backtest,AdxDiCrossBracketOG,OG_AdxDiCrossBracketOG,OG,NQ,NQ JUN26,LONG,1,25025.50,24992.25,-669.36,-673.72,-134.7,LOSS,STOP_HIT,24851.75,3475.00,2026-05-07 09:31:11
2026-03-24,2026-03-24 11:00:00,2026-03-24 11:00:00,OG,Backtest,AdxDiCrossBracketOG,OG_AdxDiCrossBracketOG,OG,NQ,NQ JUN26,LONG,1,24281.50,24186.50,-1904.36,-1908.72,-381.7,LOSS,STOP_HIT,24187.00,1890.00,2026-05-07 09:31:11
2026-03-24,2026-03-24 11:00:00,2026-03-24 11:35:00,OG,Backtest,AdxDiCrossBracketOG,OG_AdxDiCrossBracketOG,OG,NQ,NQ JUN26,LONG,1,24281.50,24304.75,460.64,456.28,91.3,WIN,STOP_HIT,24156.00,2510.00,2026-05-07 09:31:11
2026-03-25,2026-03-25 11:20:00,2026-03-25 11:20:00,OG,Backtest,AdxDiCrossBracketOG,OG_AdxDiCrossBracketOG,OG,NQ,NQ JUN26,SHORT,1,24386.00,24311.00,1495.64,1491.28,298.3,WIN,TARGET_HIT,24463.50,1550.00,2026-05-07 09:31:11
2026-01-20,2026-01-20 10:50:00,2026-01-20 10:55:00,OG,Backtest,AdxDiCrossBracketOG,OG_AdxDiCrossBracketOG,OG,NQ,NQ JUN26,LONG,1,25598.00,25559.50,-774.36,-778.72,-155.7,LOSS,STOP_HIT,25503.75,1885.00,2026-05-07 09:31:11
2026-04-16,2026-04-16 10:15:00,2026-04-16 10:50:00,OG,Backtest,AdxDiCrossBracketOG,OG_AdxDiCrossBracketOG,OG,NQ,NQ JUN26,LONG,1,26347.25,26415.50,1360.64,1356.28,271.3,WIN,TARGET_HIT,26277.00,1405.00,2026-05-07 09:31:11
2026-05-01,2026-05-01 11:10:00,2026-05-01 11:20:00,OG,Backtest,AdxDiCrossBracketOG,OG_AdxDiCrossBracketOG,OG,NQ,NQ JUN26,SHORT,1,27795.25,27837.25,-844.36,-848.72,-169.7,LOSS,STOP_HIT,27857.00,1235.00,2026-05-07 09:31:11
2026-01-16,2026-01-16 11:30:00,2026-01-16 11:35:00,OG,Backtest,AdxDiCrossBracketOG,OG_AdxDiCrossBracketOG,OG,NQ,NQ JUN26,LONG,1,25911.50,25925.25,270.64,266.28,53.3,WIN,STOP_HIT,25839.25,1445.00,2026-05-07 09:31:11
2026-04-06,2026-04-06 10:55:00,2026-04-06 11:05:00,OG,Backtest,AdxDiCrossBracketOG,OG_AdxDiCrossBracketOG,OG,NQ,NQ JUN26,SHORT,1,24269.25,24306.75,-754.36,-758.72,-151.7,LOSS,STOP_HIT,24372.75,2070.00,2026-05-07 09:31:11
2026-02-24,2026-02-24 09:50:00,2026-02-24 10:05:00,OG,Backtest,AdxDiCrossBracketOG,OG_AdxDiCrossBracketOG,OG,NQ,NQ JUN26,LONG,1,25120.50,25043.25,-1549.36,-1553.72,-310.7,LOSS,STOP_HIT,25043.75,1535.00,2026-05-07 09:31:11
2026-04-06,2026-04-06 10:55:00,2026-04-06 11:05:00,OG,Backtest,AdxDiCrossBracketOG,OG_AdxDiCrossBracketOG,OG,NQ,NQ JUN26,SHORT,1,24269.25,24306.75,-754.36,-758.72,-151.7,LOSS,STOP_HIT,24347.00,1555.00,2026-05-07 09:31:12
2026-01-09,2026-01-09 09:55:00,2026-01-09 09:55:00,OG,Backtest,AdxDiCrossBracketOG,OG_AdxDiCrossBracketOG,OG,NQ,NQ JUN26,SHORT,1,25913.25,25965.00,-1039.36,-1043.72,-208.7,LOSS,STOP_HIT,25964.50,1025.00,2026-05-07 09:31:12
2026-04-16,2026-04-16 10:00:00,2026-04-16 10:05:00,OG,Backtest,AdxDiCrossBracketOG,OG_AdxDiCrossBracketOG,OG,NQ,NQ JUN26,SHORT,1,26282.00,26330.25,-969.36,-973.72,-194.7,LOSS,STOP_HIT,26329.75,955.00,2026-05-07 09:31:12
2026-04-16,2026-04-16 10:15:00,2026-04-16 10:50:00,OG,Backtest,AdxDiCrossBracketOG,OG_AdxDiCrossBracketOG,OG,NQ,NQ JUN26,LONG,1,26347.25,26415.50,1360.64,1356.28,271.3,WIN,TARGET_HIT,26277.00,1405.00,2026-05-07 09:31:12
2026-03-24,2026-03-24 11:00:00,2026-03-24 11:15:00,OG,Backtest,AdxDiCrossBracketOG,OG_AdxDiCrossBracketOG,OG,NQ,NQ JUN26,LONG,1,24281.50,24278.25,-69.36,-73.72,-14.7,LOSS,STOP_HIT,24156.00,2510.00,2026-05-07 09:31:12
2026-04-16,2026-04-16 10:15:00,2026-04-16 10:50:00,OG,Backtest,AdxDiCrossBracketOG,OG_AdxDiCrossBracketOG,OG,NQ,NQ JUN26,LONG,1,26347.25,26398.25,1015.64,1011.28,202.3,WIN,TARGET_HIT,26294.25,1060.00,2026-05-07 09:31:12
2026-02-05,2026-02-05 11:40:00,2026-02-05 11:50:00,OG,Backtest,AdxDiCrossBracketOG,OG_AdxDiCrossBracketOG,OG,NQ,NQ JUN26,LONG,1,25025.50,24992.25,-669.36,-673.72,-134.7,LOSS,STOP_HIT,24851.75,3475.00,2026-05-07 09:31:12
2026-01-21,2026-01-21 11:45:00,2026-01-21 11:50:00,OG,Backtest,AdxDiCrossBracketOG,OG_AdxDiCrossBracketOG,OG,NQ,NQ JUN26,SHORT,1,25543.75,25486.50,1140.64,1136.28,227.3,WIN,TARGET_HIT,25601.50,1155.00,2026-05-07 09:31:12
2026-05-01,2026-05-01 11:10:00,2026-05-01 11:20:00,OG,Backtest,AdxDiCrossBracketOG,OG_AdxDiCrossBracketOG,OG,NQ,NQ JUN26,SHORT,1,27795.25,27837.25,-844.36,-848.72,-169.7,LOSS,STOP_HIT,27857.00,1235.00,2026-05-07 09:31:12
2026-02-17,2026-02-17 11:10:00,2026-02-17 11:15:00,OG,Backtest,AdxDiCrossBracketOG,OG_AdxDiCrossBracketOG,OG,NQ,NQ JUN26,LONG,1,24861.25,24994.25,2655.64,2651.28,530.3,WIN,TARGET_HIT,24726.75,2690.00,2026-05-07 09:31:12
2026-01-07,2026-01-07 09:50:00,2026-01-07 10:00:00,OG,Backtest,AdxDiCrossBracketOG,OG_AdxDiCrossBracketOG,OG,NQ,NQ JUN26,LONG,1,26063.75,26063.00,-19.36,-23.72,-4.7,LOSS,STOP_HIT,26030.75,660.00,2026-05-07 09:31:12
2026-03-24,2026-03-24 11:00:00,2026-03-24 11:35:00,OG,Backtest,AdxDiCrossBracketOG,OG_AdxDiCrossBracketOG,OG,NQ,NQ JUN26,LONG,1,24281.50,24304.75,460.64,456.28,91.3,WIN,STOP_HIT,24156.00,2510.00,2026-05-07 09:31:12
2026-01-09,2026-01-09 09:45:00,2026-01-09 09:50:00,OG,Backtest,AdxDiCrossBracketOG,OG_AdxDiCrossBracketOG,OG,NQ,NQ JUN26,LONG,1,25965.00,25910.75,-1089.36,-1093.72,-218.7,LOSS,STOP_HIT,25911.25,1075.00,2026-05-07 09:31:12
2026-01-09,2026-01-09 09:55:00,2026-01-09 10:10:00,OG,Backtest,AdxDiCrossBracketOG,OG_AdxDiCrossBracketOG,OG,NQ,NQ JUN26,SHORT,1,25913.25,25921.75,-174.36,-178.72,-35.7,LOSS,STOP_HIT,25981.00,1355.00,2026-05-07 09:31:12
2026-04-16,2026-04-16 10:00:00,2026-04-16 10:10:00,OG,Backtest,AdxDiCrossBracketOG,OG_AdxDiCrossBracketOG,OG,NQ,NQ JUN26,SHORT,1,26282.00,26336.75,-1099.36,-1103.72,-220.7,LOSS,STOP_HIT,26345.50,1270.00,2026-05-07 09:31:12
2026-01-28,2026-01-28 10:55:00,2026-01-28 11:15:00,OG,Backtest,AdxDiCrossBracketOG,OG_AdxDiCrossBracketOG,OG,NQ,NQ JUN26,SHORT,1,26395.25,26395.00,0.64,-3.72,-0.7,LOSS,STOP_HIT,26461.50,1325.00,2026-05-07 09:31:12
2026-01-16,2026-01-16 11:30:00,2026-01-16 11:35:00,OG,Backtest,AdxDiCrossBracketOG,OG_AdxDiCrossBracketOG,OG,NQ,NQ JUN26,LONG,1,25911.50,25925.25,270.64,266.28,53.3,WIN,STOP_HIT,25839.25,1445.00,2026-05-07 09:31:12
2026-01-20,2026-01-20 10:50:00,2026-01-20 10:55:00,OG,Backtest,AdxDiCrossBracketOG,OG_AdxDiCrossBracketOG,OG,NQ,NQ JUN26,LONG,1,25598.00,25559.50,-774.36,-778.72,-155.7,LOSS,STOP_HIT,25503.75,1885.00,2026-05-07 09:31:12
2026-02-13,2026-02-13 10:35:00,2026-02-13 10:50:00,OG,Backtest,AdxDiCrossBracketOG,OG_AdxDiCrossBracketOG,OG,NQ,NQ JUN26,LONG,1,25058.00,24983.00,-1504.36,-1508.72,-301.7,LOSS,STOP_HIT,24952.50,2110.00,2026-05-07 09:31:12
2026-04-07,2026-04-07 11:40:00,2026-04-07 12:00:00,OG,Backtest,AdxDiCrossBracketOG,OG_AdxDiCrossBracketOG,OG,NQ,NQ JUN26,LONG,1,24071.50,24083.00,225.64,221.28,44.3,WIN,STOP_HIT,23978.75,1855.00,2026-05-07 09:31:12
2026-01-28,2026-01-28 10:55:00,2026-01-28 11:15:00,OG,Backtest,AdxDiCrossBracketOG,OG_AdxDiCrossBracketOG,OG,NQ,NQ JUN26,SHORT,1,26395.25,26395.00,0.64,-3.72,-0.7,LOSS,STOP_HIT,26461.50,1325.00,2026-05-07 09:31:12
2026-01-21,2026-01-21 11:45:00,2026-01-21 11:55:00,OG,Backtest,AdxDiCrossBracketOG,OG_AdxDiCrossBracketOG,OG,NQ,NQ JUN26,SHORT,1,25543.75,25467.25,1525.64,1521.28,304.3,WIN,TARGET_HIT,25620.75,1540.00,2026-05-07 09:31:12
2026-01-07,2026-01-07 09:50:00,2026-01-07 10:00:00,OG,Backtest,AdxDiCrossBracketOG,OG_AdxDiCrossBracketOG,OG,NQ,NQ JUN26,LONG,1,26063.75,26063.00,-19.36,-23.72,-4.7,LOSS,STOP_HIT,26030.75,660.00,2026-05-07 09:31:12
2026-03-19,2026-03-19 11:15:00,2026-03-19 11:25:00,OG,Backtest,AdxDiCrossBracketOG,OG_AdxDiCrossBracketOG,OG,NQ,NQ JUN26,LONG,1,24530.25,24486.25,-884.36,-888.72,-177.7,LOSS,STOP_HIT,24416.25,2280.00,2026-05-07 09:31:12
2026-02-05,2026-02-05 11:40:00,2026-02-05 11:50:00,OG,Backtest,AdxDiCrossBracketOG,OG_AdxDiCrossBracketOG,OG,NQ,NQ JUN26,LONG,1,25025.50,24992.25,-669.36,-673.72,-134.7,LOSS,STOP_HIT,24851.75,3475.00,2026-05-07 09:31:12
2026-04-07,2026-04-07 11:40:00,2026-04-07 12:00:00,OG,Backtest,AdxDiCrossBracketOG,OG_AdxDiCrossBracketOG,OG,NQ,NQ JUN26,LONG,1,24071.50,24083.00,225.64,221.28,44.3,WIN,STOP_HIT,23978.75,1855.00,2026-05-07 09:31:12
2026-02-11,2026-02-11 10:20:00,2026-02-11 10:25:00,OG,Backtest,AdxDiCrossBracketOG,OG_AdxDiCrossBracketOG,OG,NQ,NQ JUN26,SHORT,1,25396.00,25293.75,2040.64,2036.28,407.3,WIN,TARGET_HIT,25500.25,2085.00,2026-05-07 09:31:12
2026-02-05,2026-02-05 11:40:00,2026-02-05 11:50:00,OG,Backtest,AdxDiCrossBracketOG,OG_AdxDiCrossBracketOG,OG,NQ,NQ JUN26,LONG,1,25025.50,24992.25,-669.36,-673.72,-134.7,LOSS,STOP_HIT,24851.75,3475.00,2026-05-07 09:31:12
2026-02-24,2026-02-24 10:10:00,2026-02-24 10:15:00,OG,Backtest,AdxDiCrossBracketOG,OG_AdxDiCrossBracketOG,OG,NQ,NQ JUN26,SHORT,1,25048.75,25109.25,-1214.36,-1218.72,-243.7,LOSS,STOP_HIT,25134.75,1720.00,2026-05-07 09:31:12
2026-03-25,2026-03-25 11:20:00,2026-03-25 11:30:00,OG,Backtest,AdxDiCrossBracketOG,OG_AdxDiCrossBracketOG,OG,NQ,NQ JUN26,SHORT,1,24386.00,24410.75,-499.36,-503.72,-100.7,LOSS,STOP_HIT,24488.75,2055.00,2026-05-07 09:31:12
2026-02-13,2026-02-13 10:35:00,2026-02-13 10:50:00,OG,Backtest,AdxDiCrossBracketOG,OG_AdxDiCrossBracketOG,OG,NQ,NQ JUN26,LONG,1,25058.00,24983.00,-1504.36,-1508.72,-301.7,LOSS,STOP_HIT,24917.50,2810.00,2026-05-07 09:31:12
2026-03-03,2026-03-03 11:25:00,2026-03-03 11:40:00,OG,Backtest,AdxDiCrossBracketOG,OG_AdxDiCrossBracketOG,OG,NQ,NQ JUN26,LONG,1,24794.50,24817.25,450.64,446.28,89.3,WIN,STOP_HIT,24654.75,2795.00,2026-05-07 09:31:12
2026-01-09,2026-01-09 09:55:00,2026-01-09 09:55:00,OG,Backtest,AdxDiCrossBracketOG,OG_AdxDiCrossBracketOG,OG,NQ,NQ JUN26,SHORT,1,25913.25,25965.00,-1039.36,-1043.72,-208.7,LOSS,STOP_HIT,25964.50,1025.00,2026-05-07 09:31:12
2026-01-06,2026-01-06 11:00:00,2026-01-06 11:10:00,OG,Backtest,AdxDiCrossBracketOG,OG_AdxDiCrossBracketOG,OG,NQ,NQ JUN26,SHORT,1,25909.25,25866.25,855.64,851.28,170.3,WIN,TARGET_HIT,25952.75,870.00,2026-05-07 09:31:12
2026-03-12,2026-03-12 11:50:00,2026-03-12 11:55:00,OG,Backtest,AdxDiCrossBracketOG,OG_AdxDiCrossBracketOG,OG,NQ,NQ JUN26,LONG,1,24898.00,24865.50,-654.36,-658.72,-131.7,LOSS,STOP_HIT,24818.25,1595.00,2026-05-07 09:31:12
2026-01-20,2026-01-20 10:50:00,2026-01-20 10:55:00,OG,Backtest,AdxDiCrossBracketOG,OG_AdxDiCrossBracketOG,OG,NQ,NQ JUN26,LONG,1,25598.00,25559.50,-774.36,-778.72,-155.7,LOSS,STOP_HIT,25527.25,1415.00,2026-05-07 09:31:12
2026-03-03,2026-03-03 11:25:00,2026-03-03 11:40:00,OG,Backtest,AdxDiCrossBracketOG,OG_AdxDiCrossBracketOG,OG,NQ,NQ JUN26,LONG,1,24794.50,24817.25,450.64,446.28,89.3,WIN,STOP_HIT,24654.75,2795.00,2026-05-07 09:31:12
2026-01-28,2026-01-28 10:55:00,2026-01-28 11:15:00,OG,Backtest,AdxDiCrossBracketOG,OG_AdxDiCrossBracketOG,OG,NQ,NQ JUN26,SHORT,1,26395.25,26395.00,0.64,-3.72,-0.7,LOSS,STOP_HIT,26461.50,1325.00,2026-05-07 09:31:12
2026-02-10,2026-02-10 09:45:00,2026-02-10 09:45:00,OG,Backtest,AdxDiCrossBracketOG,OG_AdxDiCrossBracketOG,OG,NQ,NQ JUN26,SHORT,1,25535.25,25488.50,930.64,926.28,185.3,WIN,TARGET_HIT,25583.50,965.00,2026-05-07 09:31:12
2026-01-21,2026-01-21 11:45:00,2026-01-21 11:55:00,OG,Backtest,AdxDiCrossBracketOG,OG_AdxDiCrossBracketOG,OG,NQ,NQ JUN26,SHORT,1,25543.75,25467.25,1525.64,1521.28,304.3,WIN,TARGET_HIT,25620.75,1540.00,2026-05-07 09:31:12
2026-02-05,2026-02-05 11:40:00,2026-02-05 11:50:00,OG,Backtest,AdxDiCrossBracketOG,OG_AdxDiCrossBracketOG,OG,NQ,NQ JUN26,LONG,1,25025.50,24992.25,-669.36,-673.72,-134.7,LOSS,STOP_HIT,24851.75,3475.00,2026-05-07 09:31:12
2026-01-06,2026-01-06 11:00:00,2026-01-06 11:10:00,OG,Backtest,AdxDiCrossBracketOG,OG_AdxDiCrossBracketOG,OG,NQ,NQ JUN26,SHORT,1,25909.25,25852.00,1140.64,1136.28,227.3,WIN,TARGET_HIT,25967.00,1155.00,2026-05-07 09:31:12
2026-01-09,2026-01-09 09:45:00,2026-01-09 09:50:00,OG,Backtest,AdxDiCrossBracketOG,OG_AdxDiCrossBracketOG,OG,NQ,NQ JUN26,LONG,1,25965.00,25910.75,-1089.36,-1093.72,-218.7,LOSS,STOP_HIT,25911.25,1075.00,2026-05-07 09:31:12
2026-03-20,2026-03-20 11:30:00,2026-03-20 11:55:00,OG,Backtest,AdxDiCrossBracketOG,OG_AdxDiCrossBracketOG,OG,NQ,NQ JUN26,LONG,1,24274.25,24294.00,390.64,386.28,77.3,WIN,STOP_HIT,24165.75,2170.00,2026-05-07 09:31:12
2026-02-11,2026-02-11 10:20:00,2026-02-11 10:25:00,OG,Backtest,AdxDiCrossBracketOG,OG_AdxDiCrossBracketOG,OG,NQ,NQ JUN26,SHORT,1,25396.00,25293.75,2040.64,2036.28,407.3,WIN,TARGET_HIT,25500.25,2085.00,2026-05-07 09:31:12
2026-01-16,2026-01-16 11:30:00,2026-01-16 11:35:00,OG,Backtest,AdxDiCrossBracketOG,OG_AdxDiCrossBracketOG,OG,NQ,NQ JUN26,LONG,1,25911.50,25925.25,270.64,266.28,53.3,WIN,STOP_HIT,25857.00,1090.00,2026-05-07 09:31:12
2026-01-28,2026-01-28 10:55:00,2026-01-28 11:15:00,OG,Backtest,AdxDiCrossBracketOG,OG_AdxDiCrossBracketOG,OG,NQ,NQ JUN26,SHORT,1,26395.25,26395.00,0.64,-3.72,-0.7,LOSS,STOP_HIT,26445.25,1000.00,2026-05-07 09:31:12
2026-01-16,2026-01-16 11:30:00,2026-01-16 11:35:00,OG,Backtest,AdxDiCrossBracketOG,OG_AdxDiCrossBracketOG,OG,NQ,NQ JUN26,LONG,1,25911.50,25925.25,270.64,266.28,53.3,WIN,STOP_HIT,25839.25,1445.00,2026-05-07 09:31:12
2026-04-16,2026-04-16 10:00:00,2026-04-16 10:05:00,OG,Backtest,AdxDiCrossBracketOG,OG_AdxDiCrossBracketOG,OG,NQ,NQ JUN26,SHORT,1,26282.00,26330.25,-969.36,-973.72,-194.7,LOSS,STOP_HIT,26329.75,955.00,2026-05-07 09:31:12
2026-02-17,2026-02-17 11:10:00,2026-02-17 11:15:00,OG,Backtest,AdxDiCrossBracketOG,OG_AdxDiCrossBracketOG,OG,NQ,NQ JUN26,LONG,1,24861.25,24994.25,2655.64,2651.28,530.3,WIN,TARGET_HIT,24726.75,2690.00,2026-05-07 09:31:12
2026-01-06,2026-01-06 11:00:00,2026-01-06 11:10:00,OG,Backtest,AdxDiCrossBracketOG,OG_AdxDiCrossBracketOG,OG,NQ,NQ JUN26,SHORT,1,25909.25,25866.25,855.64,851.28,170.3,WIN,TARGET_HIT,25952.75,870.00,2026-05-07 09:31:12
2026-01-09,2026-01-09 09:55:00,2026-01-09 09:55:00,OG,Backtest,AdxDiCrossBracketOG,OG_AdxDiCrossBracketOG,OG,NQ,NQ JUN26,SHORT,1,25913.25,25965.00,-1039.36,-1043.72,-208.7,LOSS,STOP_HIT,25964.50,1025.00,2026-05-07 09:31:12
2026-01-21,2026-01-21 11:45:00,2026-01-21 11:55:00,OG,Backtest,AdxDiCrossBracketOG,OG_AdxDiCrossBracketOG,OG,NQ,NQ JUN26,SHORT,1,25543.75,25467.25,1525.64,1521.28,304.3,WIN,TARGET_HIT,25620.75,1540.00,2026-05-07 09:31:12
2026-02-03,2026-02-03 09:50:00,2026-02-03 09:50:00,OG,Backtest,AdxDiCrossBracketOG,OG_AdxDiCrossBracketOG,OG,NQ,NQ JUN26,SHORT,1,25960.75,26016.50,-1119.36,-1123.72,-224.7,LOSS,STOP_HIT,26016.00,1105.00,2026-05-07 09:31:12
2026-02-05,2026-02-05 11:40:00,2026-02-05 11:50:00,OG,Backtest,AdxDiCrossBracketOG,OG_AdxDiCrossBracketOG,OG,NQ,NQ JUN26,LONG,1,25025.50,24992.25,-669.36,-673.72,-134.7,LOSS,STOP_HIT,24851.75,3475.00,2026-05-07 09:31:12
2026-02-05,2026-02-05 11:40:00,2026-02-05 11:50:00,OG,Backtest,AdxDiCrossBracketOG,OG_AdxDiCrossBracketOG,OG,NQ,NQ JUN26,LONG,1,25025.50,24992.25,-669.36,-673.72,-134.7,LOSS,STOP_HIT,24895.00,2610.00,2026-05-07 09:31:12
2026-02-13,2026-02-13 10:35:00,2026-02-13 10:50:00,OG,Backtest,AdxDiCrossBracketOG,OG_AdxDiCrossBracketOG,OG,NQ,NQ JUN26,LONG,1,25058.00,24983.00,-1504.36,-1508.72,-301.7,LOSS,STOP_HIT,24952.50,2110.00,2026-05-07 09:31:12
2026-03-19,2026-03-19 11:15:00,2026-03-19 11:25:00,OG,Backtest,AdxDiCrossBracketOG,OG_AdxDiCrossBracketOG,OG,NQ,NQ JUN26,LONG,1,24530.25,24486.25,-884.36,-888.72,-177.7,LOSS,STOP_HIT,24444.75,1710.00,2026-05-07 09:31:12
2026-02-10,2026-02-10 09:45:00,2026-02-10 09:45:00,OG,Backtest,AdxDiCrossBracketOG,OG_AdxDiCrossBracketOG,OG,NQ,NQ JUN26,SHORT,1,25535.25,25500.25,695.64,691.28,138.3,WIN,TARGET_HIT,25571.75,730.00,2026-05-07 09:31:12
2026-01-28,2026-01-28 10:55:00,2026-01-28 11:15:00,OG,Backtest,AdxDiCrossBracketOG,OG_AdxDiCrossBracketOG,OG,NQ,NQ JUN26,SHORT,1,26395.25,26395.00,0.64,-3.72,-0.7,LOSS,STOP_HIT,26445.25,1000.00,2026-05-07 09:31:12
2026-02-11,2026-02-11 10:20:00,2026-02-11 10:25:00,OG,Backtest,AdxDiCrossBracketOG,OG_AdxDiCrossBracketOG,OG,NQ,NQ JUN26,SHORT,1,25396.00,25319.50,1525.64,1521.28,304.3,WIN,TARGET_HIT,25474.50,1570.00,2026-05-07 09:31:12
2026-03-20,2026-03-20 11:30:00,2026-03-20 11:55:00,OG,Backtest,AdxDiCrossBracketOG,OG_AdxDiCrossBracketOG,OG,NQ,NQ JUN26,LONG,1,24274.25,24294.00,390.64,386.28,77.3,WIN,STOP_HIT,24165.75,2170.00,2026-05-07 09:31:12
2026-02-11,2026-02-11 11:05:00,2026-02-11 11:10:00,OG,Backtest,AdxDiCrossBracketOG,OG_AdxDiCrossBracketOG,OG,NQ,NQ JUN26,LONG,1,25453.50,25418.25,-709.36,-713.72,-142.7,LOSS,STOP_HIT,25363.00,1810.00,2026-05-07 09:31:12
2026-02-17,2026-02-17 11:10:00,2026-02-17 11:15:00,OG,Backtest,AdxDiCrossBracketOG,OG_AdxDiCrossBracketOG,OG,NQ,NQ JUN26,LONG,1,24861.25,24994.25,2655.64,2651.28,530.3,WIN,TARGET_HIT,24726.75,2690.00,2026-05-07 09:31:12
2026-02-13,2026-02-13 10:35:00,2026-02-13 10:50:00,OG,Backtest,AdxDiCrossBracketOG,OG_AdxDiCrossBracketOG,OG,NQ,NQ JUN26,LONG,1,25058.00,24983.00,-1504.36,-1508.72,-301.7,LOSS,STOP_HIT,24952.50,2110.00,2026-05-07 09:31:12
2026-03-25,2026-03-25 11:20:00,2026-03-25 11:35:00,OG,Backtest,AdxDiCrossBracketOG,OG_AdxDiCrossBracketOG,OG,NQ,NQ JUN26,SHORT,1,24386.00,24430.00,-884.36,-888.72,-177.7,LOSS,STOP_HIT,24488.75,2055.00,2026-05-07 09:31:12
2026-02-17,2026-02-17 11:10:00,2026-02-17 11:15:00,OG,Backtest,AdxDiCrossBracketOG,OG_AdxDiCrossBracketOG,OG,NQ,NQ JUN26,LONG,1,24861.25,24960.75,1985.64,1981.28,396.3,WIN,TARGET_HIT,24760.25,2020.00,2026-05-07 09:31:12
2026-01-28,2026-01-28 10:55:00,2026-01-28 11:15:00,OG,Backtest,AdxDiCrossBracketOG,OG_AdxDiCrossBracketOG,OG,NQ,NQ JUN26,SHORT,1,26395.25,26395.00,0.64,-3.72,-0.7,LOSS,STOP_HIT,26461.50,1325.00,2026-05-07 09:31:12
2026-03-09,2026-03-09 10:45:00,2026-03-09 11:20:00,OG,Backtest,AdxDiCrossBracketOG,OG_AdxDiCrossBracketOG,OG,NQ,NQ JUN26,LONG,1,24692.00,24832.25,2800.64,2796.28,559.3,WIN,TARGET_HIT,24552.25,2795.00,2026-05-07 09:31:12
2026-01-09,2026-01-09 09:55:00,2026-01-09 10:10:00,OG,Backtest,AdxDiCrossBracketOG,OG_AdxDiCrossBracketOG,OG,NQ,NQ JUN26,SHORT,1,25913.25,25921.75,-174.36,-178.72,-35.7,LOSS,STOP_HIT,25981.00,1355.00,2026-05-07 09:31:12
2026-02-13,2026-02-13 10:35:00,2026-02-13 10:50:00,OG,Backtest,AdxDiCrossBracketOG,OG_AdxDiCrossBracketOG,OG,NQ,NQ JUN26,LONG,1,25058.00,24983.00,-1504.36,-1508.72,-301.7,LOSS,STOP_HIT,24952.50,2110.00,2026-05-07 09:31:12
2026-03-12,2026-03-12 11:50:00,2026-03-12 11:55:00,OG,Backtest,AdxDiCrossBracketOG,OG_AdxDiCrossBracketOG,OG,NQ,NQ JUN26,LONG,1,24898.00,24865.50,-654.36,-658.72,-131.7,LOSS,STOP_HIT,24792.00,2120.00,2026-05-07 09:31:12
2026-02-17,2026-02-17 11:10:00,2026-02-17 11:15:00,OG,Backtest,AdxDiCrossBracketOG,OG_AdxDiCrossBracketOG,OG,NQ,NQ JUN26,LONG,1,24861.25,24960.75,1985.64,1981.28,396.3,WIN,TARGET_HIT,24760.25,2020.00,2026-05-07 09:31:12
2026-03-09,2026-03-09 10:45:00,2026-03-09 11:05:00,OG,Backtest,AdxDiCrossBracketOG,OG_AdxDiCrossBracketOG,OG,NQ,NQ JUN26,LONG,1,24692.00,24797.25,2100.64,2096.28,419.3,WIN,TARGET_HIT,24587.25,2095.00,2026-05-07 09:31:12
2026-03-09,2026-03-09 10:45:00,2026-03-09 11:20:00,OG,Backtest,AdxDiCrossBracketOG,OG_AdxDiCrossBracketOG,OG,NQ,NQ JUN26,LONG,1,24692.00,24832.25,2800.64,2796.28,559.3,WIN,TARGET_HIT,24552.25,2795.00,2026-05-07 09:31:12
2026-04-06,2026-04-06 10:55:00,2026-04-06 11:05:00,OG,Backtest,AdxDiCrossBracketOG,OG_AdxDiCrossBracketOG,OG,NQ,NQ JUN26,SHORT,1,24269.25,24306.75,-754.36,-758.72,-151.7,LOSS,STOP_HIT,24372.75,2070.00,2026-05-07 09:31:12
2026-01-06,2026-01-06 11:00:00,2026-01-06 11:10:00,OG,Backtest,AdxDiCrossBracketOG,OG_AdxDiCrossBracketOG,OG,NQ,NQ JUN26,SHORT,1,25909.25,25852.00,1140.64,1136.28,227.3,WIN,TARGET_HIT,25967.00,1155.00,2026-05-07 09:31:12
2026-02-11,2026-02-11 11:05:00,2026-02-11 11:10:00,OG,Backtest,AdxDiCrossBracketOG,OG_AdxDiCrossBracketOG,OG,NQ,NQ JUN26,LONG,1,25453.50,25418.25,-709.36,-713.72,-142.7,LOSS,STOP_HIT,25333.00,2410.00,2026-05-07 09:31:12
2026-01-09,2026-01-09 09:45:00,2026-01-09 09:50:00,OG,Backtest,AdxDiCrossBracketOG,OG_AdxDiCrossBracketOG,OG,NQ,NQ JUN26,LONG,1,25965.00,25910.75,-1089.36,-1093.72,-218.7,LOSS,STOP_HIT,25911.25,1075.00,2026-05-07 09:31:12
2026-04-16,2026-04-16 10:00:00,2026-04-16 10:10:00,OG,Backtest,AdxDiCrossBracketOG,OG_AdxDiCrossBracketOG,OG,NQ,NQ JUN26,SHORT,1,26282.00,26346.00,-1284.36,-1288.72,-257.7,LOSS,STOP_HIT,26345.50,1270.00,2026-05-07 09:31:12
2026-03-20,2026-03-20 11:30:00,2026-03-20 11:55:00,OG,Backtest,AdxDiCrossBracketOG,OG_AdxDiCrossBracketOG,OG,NQ,NQ JUN26,LONG,1,24274.25,24294.00,390.64,386.28,77.3,WIN,STOP_HIT,24165.75,2170.00,2026-05-07 09:31:12
2026-03-27,2026-03-27 11:40:00,2026-03-27 12:00:00,OG,Backtest,AdxDiCrossBracketOG,OG_AdxDiCrossBracketOG,OG,NQ,NQ JUN26,LONG,1,23597.00,23559.75,-749.36,-753.72,-150.7,LOSS,STOP_HIT,23486.50,2210.00,2026-05-07 09:31:12
2026-04-06,2026-04-06 10:55:00,2026-04-06 11:05:00,OG,Backtest,AdxDiCrossBracketOG,OG_AdxDiCrossBracketOG,OG,NQ,NQ JUN26,SHORT,1,24269.25,24306.75,-754.36,-758.72,-151.7,LOSS,STOP_HIT,24372.75,2070.00,2026-05-07 09:31:12
2026-02-11,2026-02-11 11:05:00,2026-02-11 11:10:00,OG,Backtest,AdxDiCrossBracketOG,OG_AdxDiCrossBracketOG,OG,NQ,NQ JUN26,LONG,1,25453.50,25418.25,-709.36,-713.72,-142.7,LOSS,STOP_HIT,25333.00,2410.00,2026-05-07 09:31:12
2026-03-27,2026-03-27 11:40:00,2026-03-27 12:00:00,OG,Backtest,AdxDiCrossBracketOG,OG_AdxDiCrossBracketOG,OG,NQ,NQ JUN26,LONG,1,23597.00,23559.75,-749.36,-753.72,-150.7,LOSS,STOP_HIT,23486.50,2210.00,2026-05-07 09:31:12
2026-02-03,2026-02-03 09:50:00,2026-02-03 10:00:00,OG,Backtest,AdxDiCrossBracketOG,OG_AdxDiCrossBracketOG,OG,NQ,NQ JUN26,SHORT,1,25960.75,25888.75,1435.64,1431.28,286.3,WIN,TARGET_HIT,26034.25,1470.00,2026-05-07 09:31:12
2026-01-06,2026-01-06 11:00:00,2026-01-06 11:10:00,OG,Backtest,AdxDiCrossBracketOG,OG_AdxDiCrossBracketOG,OG,NQ,NQ JUN26,SHORT,1,25909.25,25852.00,1140.64,1136.28,227.3,WIN,TARGET_HIT,25967.00,1155.00,2026-05-07 09:31:12
2026-04-07,2026-04-07 11:40:00,2026-04-07 12:00:00,OG,Backtest,AdxDiCrossBracketOG,OG_AdxDiCrossBracketOG,OG,NQ,NQ JUN26,LONG,1,24071.50,24083.00,225.64,221.28,44.3,WIN,STOP_HIT,23978.75,1855.00,2026-05-07 09:31:12
2026-04-16,2026-04-16 10:15:00,2026-04-16 10:50:00,OG,Backtest,AdxDiCrossBracketOG,OG_AdxDiCrossBracketOG,OG,NQ,NQ JUN26,LONG,1,26347.25,26415.50,1360.64,1356.28,271.3,WIN,TARGET_HIT,26277.00,1405.00,2026-05-07 09:31:12
2026-03-12,2026-03-12 11:50:00,2026-03-12 11:55:00,OG,Backtest,AdxDiCrossBracketOG,OG_AdxDiCrossBracketOG,OG,NQ,NQ JUN26,LONG,1,24898.00,24865.50,-654.36,-658.72,-131.7,LOSS,STOP_HIT,24818.25,1595.00,2026-05-07 09:31:12
2026-02-10,2026-02-10 09:45:00,2026-02-10 09:45:00,OG,Backtest,AdxDiCrossBracketOG,OG_AdxDiCrossBracketOG,OG,NQ,NQ JUN26,SHORT,1,25535.25,25488.50,930.64,926.28,185.3,WIN,TARGET_HIT,25583.50,965.00,2026-05-07 09:31:12
2026-02-03,2026-02-03 09:50:00,2026-02-03 10:00:00,OG,Backtest,AdxDiCrossBracketOG,OG_AdxDiCrossBracketOG,OG,NQ,NQ JUN26,SHORT,1,25960.75,25888.75,1435.64,1431.28,286.3,WIN,TARGET_HIT,26034.25,1470.00,2026-05-07 09:31:12
2026-04-21,2026-04-21 11:05:00,2026-04-21 11:10:00,OG,Backtest,AdxDiCrossBracketOG,OG_AdxDiCrossBracketOG,OG,NQ,NQ JUN26,SHORT,1,26737.25,26667.50,1390.64,1386.28,277.3,WIN,TARGET_HIT,26806.00,1375.00,2026-05-07 09:31:12
2026-04-06,2026-04-06 10:55:00,2026-04-06 11:05:00,OG,Backtest,AdxDiCrossBracketOG,OG_AdxDiCrossBracketOG,OG,NQ,NQ JUN26,SHORT,1,24269.25,24306.75,-754.36,-758.72,-151.7,LOSS,STOP_HIT,24347.00,1555.00,2026-05-07 09:31:12
2026-04-16,2026-04-16 10:15:00,2026-04-16 10:50:00,OG,Backtest,AdxDiCrossBracketOG,OG_AdxDiCrossBracketOG,OG,NQ,NQ JUN26,LONG,1,26347.25,26415.50,1360.64,1356.28,271.3,WIN,TARGET_HIT,26277.00,1405.00,2026-05-07 09:31:12
2026-03-12,2026-03-12 11:50:00,2026-03-12 11:55:00,OG,Backtest,AdxDiCrossBracketOG,OG_AdxDiCrossBracketOG,OG,NQ,NQ JUN26,LONG,1,24898.00,24865.50,-654.36,-658.72,-131.7,LOSS,STOP_HIT,24792.00,2120.00,2026-05-07 09:31:12
2026-04-07,2026-04-07 11:40:00,2026-04-07 12:00:00,OG,Backtest,AdxDiCrossBracketOG,OG_AdxDiCrossBracketOG,OG,NQ,NQ JUN26,LONG,1,24071.50,24083.00,225.64,221.28,44.3,WIN,STOP_HIT,24001.75,1395.00,2026-05-07 09:31:12
2026-02-13,2026-02-13 10:35:00,2026-02-13 10:50:00,OG,Backtest,AdxDiCrossBracketOG,OG_AdxDiCrossBracketOG,OG,NQ,NQ JUN26,LONG,1,25058.00,24983.00,-1504.36,-1508.72,-301.7,LOSS,STOP_HIT,24917.50,2810.00,2026-05-07 09:31:12
2026-05-01,2026-05-01 11:10:00,2026-05-01 11:20:00,OG,Backtest,AdxDiCrossBracketOG,OG_AdxDiCrossBracketOG,OG,NQ,NQ JUN26,SHORT,1,27795.25,27837.25,-844.36,-848.72,-169.7,LOSS,STOP_HIT,27857.00,1235.00,2026-05-07 09:31:12
2026-03-20,2026-03-20 11:30:00,2026-03-20 11:55:00,OG,Backtest,AdxDiCrossBracketOG,OG_AdxDiCrossBracketOG,OG,NQ,NQ JUN26,LONG,1,24274.25,24294.00,390.64,386.28,77.3,WIN,STOP_HIT,24165.75,2170.00,2026-05-07 09:31:12
2026-02-17,2026-02-17 11:10:00,2026-02-17 11:15:00,OG,Backtest,AdxDiCrossBracketOG,OG_AdxDiCrossBracketOG,OG,NQ,NQ JUN26,LONG,1,24861.25,24994.25,2655.64,2651.28,530.3,WIN,TARGET_HIT,24726.75,2690.00,2026-05-07 09:31:12
2026-02-11,2026-02-11 10:20:00,2026-02-11 10:25:00,OG,Backtest,AdxDiCrossBracketOG,OG_AdxDiCrossBracketOG,OG,NQ,NQ JUN26,SHORT,1,25396.00,25293.75,2040.64,2036.28,407.3,WIN,TARGET_HIT,25500.25,2085.00,2026-05-07 09:31:12
2026-02-10,2026-02-10 09:45:00,2026-02-10 09:45:00,OG,Backtest,AdxDiCrossBracketOG,OG_AdxDiCrossBracketOG,OG,NQ,NQ JUN26,SHORT,1,25535.25,25488.50,930.64,926.28,185.3,WIN,TARGET_HIT,25583.50,965.00,2026-05-07 09:31:12
2026-01-09,2026-01-09 09:55:00,2026-01-09 10:10:00,OG,Backtest,AdxDiCrossBracketOG,OG_AdxDiCrossBracketOG,OG,NQ,NQ JUN26,SHORT,1,25913.25,25921.75,-174.36,-178.72,-35.7,LOSS,STOP_HIT,25981.00,1355.00,2026-05-07 09:31:12
2026-02-24,2026-02-24 10:10:00,2026-02-24 10:15:00,OG,Backtest,AdxDiCrossBracketOG,OG_AdxDiCrossBracketOG,OG,NQ,NQ JUN26,SHORT,1,25048.75,25109.25,-1214.36,-1218.72,-243.7,LOSS,STOP_HIT,25134.75,1720.00,2026-05-07 09:31:12
2026-01-06,2026-01-06 11:00:00,2026-01-06 11:10:00,OG,Backtest,AdxDiCrossBracketOG,OG_AdxDiCrossBracketOG,OG,NQ,NQ JUN26,SHORT,1,25909.25,25866.25,855.64,851.28,170.3,WIN,TARGET_HIT,25952.75,870.00,2026-05-07 09:31:12
2026-03-06,2026-03-06 11:10:00,2026-03-06 11:15:00,OG,Backtest,AdxDiCrossBracketOG,OG_AdxDiCrossBracketOG,OG,NQ,NQ JUN26,LONG,1,25101.50,25059.00,-854.36,-858.72,-171.7,LOSS,STOP_HIT,24975.75,2515.00,2026-05-07 09:31:12
2026-02-13,2026-02-13 10:35:00,2026-02-13 10:50:00,OG,Backtest,AdxDiCrossBracketOG,OG_AdxDiCrossBracketOG,OG,NQ,NQ JUN26,LONG,1,25058.00,24983.00,-1504.36,-1508.72,-301.7,LOSS,STOP_HIT,24917.50,2810.00,2026-05-07 09:31:12
2026-03-03,2026-03-03 11:25:00,2026-03-03 11:40:00,OG,Backtest,AdxDiCrossBracketOG,OG_AdxDiCrossBracketOG,OG,NQ,NQ JUN26,LONG,1,24794.50,24817.25,450.64,446.28,89.3,WIN,STOP_HIT,24654.75,2795.00,2026-05-07 09:31:12
2026-01-09,2026-01-09 09:55:00,2026-01-09 10:10:00,OG,Backtest,AdxDiCrossBracketOG,OG_AdxDiCrossBracketOG,OG,NQ,NQ JUN26,SHORT,1,25913.25,25921.75,-174.36,-178.72,-35.7,LOSS,STOP_HIT,25981.00,1355.00,2026-05-07 09:31:12
2026-01-07,2026-01-07 09:50:00,2026-01-07 10:00:00,OG,Backtest,AdxDiCrossBracketOG,OG_AdxDiCrossBracketOG,OG,NQ,NQ JUN26,LONG,1,26063.75,26063.00,-19.36,-23.72,-4.7,LOSS,STOP_HIT,26030.75,660.00,2026-05-07 09:31:12
2026-01-07,2026-01-07 09:50:00,2026-01-07 10:00:00,OG,Backtest,AdxDiCrossBracketOG,OG_AdxDiCrossBracketOG,OG,NQ,NQ JUN26,LONG,1,26063.75,26063.00,-19.36,-23.72,-4.7,LOSS,STOP_HIT,26030.75,660.00,2026-05-07 09:31:12
2026-02-03,2026-02-03 09:50:00,2026-02-03 10:00:00,OG,Backtest,AdxDiCrossBracketOG,OG_AdxDiCrossBracketOG,OG,NQ,NQ JUN26,SHORT,1,25960.75,25888.75,1435.64,1431.28,286.3,WIN,TARGET_HIT,26034.25,1470.00,2026-05-07 09:31:12
2026-04-07,2026-04-07 11:40:00,2026-04-07 12:00:00,OG,Backtest,AdxDiCrossBracketOG,OG_AdxDiCrossBracketOG,OG,NQ,NQ JUN26,LONG,1,24071.50,24083.00,225.64,221.28,44.3,WIN,STOP_HIT,23978.75,1855.00,2026-05-07 09:31:12
2026-01-09,2026-01-09 09:45:00,2026-01-09 09:50:00,OG,Backtest,AdxDiCrossBracketOG,OG_AdxDiCrossBracketOG,OG,NQ,NQ JUN26,LONG,1,25965.00,25910.75,-1089.36,-1093.72,-218.7,LOSS,STOP_HIT,25911.25,1075.00,2026-05-07 09:31:12
2026-03-25,2026-03-25 11:20:00,2026-03-25 11:35:00,OG,Backtest,AdxDiCrossBracketOG,OG_AdxDiCrossBracketOG,OG,NQ,NQ JUN26,SHORT,1,24386.00,24430.00,-884.36,-888.72,-177.7,LOSS,STOP_HIT,24488.75,2055.00,2026-05-07 09:31:12
2026-04-16,2026-04-16 10:00:00,2026-04-16 10:10:00,OG,Backtest,AdxDiCrossBracketOG,OG_AdxDiCrossBracketOG,OG,NQ,NQ JUN26,SHORT,1,26282.00,26346.00,-1284.36,-1288.72,-257.7,LOSS,STOP_HIT,26345.50,1270.00,2026-05-07 09:31:12
2026-02-13,2026-02-13 10:35:00,2026-02-13 10:50:00,OG,Backtest,AdxDiCrossBracketOG,OG_AdxDiCrossBracketOG,OG,NQ,NQ JUN26,LONG,1,25058.00,24983.00,-1504.36,-1508.72,-301.7,LOSS,STOP_HIT,24917.50,2810.00,2026-05-07 09:31:12
2026-01-09,2026-01-09 09:55:00,2026-01-09 10:10:00,OG,Backtest,AdxDiCrossBracketOG,OG_AdxDiCrossBracketOG,OG,NQ,NQ JUN26,SHORT,1,25913.25,25921.75,-174.36,-178.72,-35.7,LOSS,STOP_HIT,25981.00,1355.00,2026-05-07 09:31:12
2026-01-07,2026-01-07 09:50:00,2026-01-07 10:00:00,OG,Backtest,AdxDiCrossBracketOG,OG_AdxDiCrossBracketOG,OG,NQ,NQ JUN26,LONG,1,26063.75,26063.00,-19.36,-23.72,-4.7,LOSS,STOP_HIT,26030.75,660.00,2026-05-07 09:31:12
2026-02-03,2026-02-03 09:50:00,2026-02-03 09:50:00,OG,Backtest,AdxDiCrossBracketOG,OG_AdxDiCrossBracketOG,OG,NQ,NQ JUN26,SHORT,1,25960.75,26016.50,-1119.36,-1123.72,-224.7,LOSS,STOP_HIT,26016.00,1105.00,2026-05-07 09:31:12
2026-04-21,2026-04-21 11:05:00,2026-04-21 11:10:00,OG,Backtest,AdxDiCrossBracketOG,OG_AdxDiCrossBracketOG,OG,NQ,NQ JUN26,SHORT,1,26737.25,26667.50,1390.64,1386.28,277.3,WIN,TARGET_HIT,26806.00,1375.00,2026-05-07 09:31:12
2026-04-06,2026-04-06 10:55:00,2026-04-06 11:05:00,OG,Backtest,AdxDiCrossBracketOG,OG_AdxDiCrossBracketOG,OG,NQ,NQ JUN26,SHORT,1,24269.25,24306.75,-754.36,-758.72,-151.7,LOSS,STOP_HIT,24372.75,2070.00,2026-05-07 09:31:12
2026-02-10,2026-02-10 09:45:00,2026-02-10 09:45:00,OG,Backtest,AdxDiCrossBracketOG,OG_AdxDiCrossBracketOG,OG,NQ,NQ JUN26,SHORT,1,25535.25,25488.50,930.64,926.28,185.3,WIN,TARGET_HIT,25583.50,965.00,2026-05-07 09:31:12
2026-02-11,2026-02-11 10:20:00,2026-02-11 10:25:00,OG,Backtest,AdxDiCrossBracketOG,OG_AdxDiCrossBracketOG,OG,NQ,NQ JUN26,SHORT,1,25396.00,25293.75,2040.64,2036.28,407.3,WIN,TARGET_HIT,25500.25,2085.00,2026-05-07 09:31:12
2026-02-17,2026-02-17 11:10:00,2026-02-17 11:15:00,OG,Backtest,AdxDiCrossBracketOG,OG_AdxDiCrossBracketOG,OG,NQ,NQ JUN26,LONG,1,24861.25,24994.25,2655.64,2651.28,530.3,WIN,TARGET_HIT,24726.75,2690.00,2026-05-07 09:31:12
2026-01-07,2026-01-07 09:50:00,2026-01-07 10:00:00,OG,Backtest,AdxDiCrossBracketOG,OG_AdxDiCrossBracketOG,OG,NQ,NQ JUN26,LONG,1,26063.75,26063.00,-19.36,-23.72,-4.7,LOSS,STOP_HIT,26030.75,660.00,2026-05-07 09:31:12
2026-03-03,2026-03-03 11:25:00,2026-03-03 11:40:00,OG,Backtest,AdxDiCrossBracketOG,OG_AdxDiCrossBracketOG,OG,NQ,NQ JUN26,LONG,1,24794.50,24817.25,450.64,446.28,89.3,WIN,STOP_HIT,24654.75,2795.00,2026-05-07 09:31:12
2026-02-05,2026-02-05 11:40:00,2026-02-05 11:50:00,OG,Backtest,AdxDiCrossBracketOG,OG_AdxDiCrossBracketOG,OG,NQ,NQ JUN26,LONG,1,25025.50,24992.25,-669.36,-673.72,-134.7,LOSS,STOP_HIT,24851.75,3475.00,2026-05-07 09:31:12
2026-02-03,2026-02-03 09:50:00,2026-02-03 10:00:00,OG,Backtest,AdxDiCrossBracketOG,OG_AdxDiCrossBracketOG,OG,NQ,NQ JUN26,SHORT,1,25960.75,25888.75,1435.64,1431.28,286.3,WIN,TARGET_HIT,26034.25,1470.00,2026-05-07 09:31:12
2026-04-07,2026-04-07 11:40:00,2026-04-07 12:00:00,OG,Backtest,AdxDiCrossBracketOG,OG_AdxDiCrossBracketOG,OG,NQ,NQ JUN26,LONG,1,24071.50,24083.00,225.64,221.28,44.3,WIN,STOP_HIT,23978.75,1855.00,2026-05-07 09:31:12
2026-01-16,2026-01-16 11:30:00,2026-01-16 11:35:00,OG,Backtest,AdxDiCrossBracketOG,OG_AdxDiCrossBracketOG,OG,NQ,NQ JUN26,LONG,1,25911.50,25925.25,270.64,266.28,53.3,WIN,STOP_HIT,25857.00,1090.00,2026-05-07 09:31:12
2026-01-28,2026-01-28 10:55:00,2026-01-28 11:15:00,OG,Backtest,AdxDiCrossBracketOG,OG_AdxDiCrossBracketOG,OG,NQ,NQ JUN26,SHORT,1,26395.25,26395.00,0.64,-3.72,-0.7,LOSS,STOP_HIT,26461.50,1325.00,2026-05-07 09:31:12
2026-02-24,2026-02-24 09:50:00,2026-02-24 10:00:00,OG,Backtest,AdxDiCrossBracketOG,OG_AdxDiCrossBracketOG,OG,NQ,NQ JUN26,LONG,1,25120.50,25108.50,-244.36,-248.72,-49.7,LOSS,STOP_HIT,25043.75,1535.00,2026-05-07 09:31:12
2026-01-28,2026-01-28 10:55:00,2026-01-28 11:15:00,OG,Backtest,AdxDiCrossBracketOG,OG_AdxDiCrossBracketOG,OG,NQ,NQ JUN26,SHORT,1,26395.25,26395.00,0.64,-3.72,-0.7,LOSS,STOP_HIT,26445.25,1000.00,2026-05-07 09:31:12
2026-01-09,2026-01-09 09:45:00,2026-01-09 09:50:00,OG,Backtest,AdxDiCrossBracketOG,OG_AdxDiCrossBracketOG,OG,NQ,NQ JUN26,LONG,1,25965.00,25924.25,-819.36,-823.72,-164.7,LOSS,STOP_HIT,25924.75,805.00,2026-05-07 09:31:12
2026-01-28,2026-01-28 10:55:00,2026-01-28 11:15:00,OG,Backtest,AdxDiCrossBracketOG,OG_AdxDiCrossBracketOG,OG,NQ,NQ JUN26,SHORT,1,26395.25,26395.00,0.64,-3.72,-0.7,LOSS,STOP_HIT,26445.25,1000.00,2026-05-07 09:31:12
2026-03-12,2026-03-12 11:50:00,2026-03-12 11:55:00,OG,Backtest,AdxDiCrossBracketOG,OG_AdxDiCrossBracketOG,OG,NQ,NQ JUN26,LONG,1,24898.00,24865.50,-654.36,-658.72,-131.7,LOSS,STOP_HIT,24792.00,2120.00,2026-05-07 09:31:12
2026-02-05,2026-02-05 11:40:00,2026-02-05 11:50:00,OG,Backtest,AdxDiCrossBracketOG,OG_AdxDiCrossBracketOG,OG,NQ,NQ JUN26,LONG,1,25025.50,24992.25,-669.36,-673.72,-134.7,LOSS,STOP_HIT,24895.00,2610.00,2026-05-07 09:31:12
2026-03-09,2026-03-09 10:45:00,2026-03-09 11:20:00,OG,Backtest,AdxDiCrossBracketOG,OG_AdxDiCrossBracketOG,OG,NQ,NQ JUN26,LONG,1,24692.00,24832.25,2800.64,2796.28,559.3,WIN,TARGET_HIT,24552.25,2795.00,2026-05-07 09:31:12
2026-02-24,2026-02-24 09:50:00,2026-02-24 10:05:00,OG,Backtest,AdxDiCrossBracketOG,OG_AdxDiCrossBracketOG,OG,NQ,NQ JUN26,LONG,1,25120.50,25043.25,-1549.36,-1553.72,-310.7,LOSS,STOP_HIT,25043.75,1535.00,2026-05-07 09:31:12
2026-01-07,2026-01-07 09:50:00,2026-01-07 10:00:00,OG,Backtest,AdxDiCrossBracketOG,OG_AdxDiCrossBracketOG,OG,NQ,NQ JUN26,LONG,1,26063.75,26063.00,-19.36,-23.72,-4.7,LOSS,STOP_HIT,26030.75,660.00,2026-05-07 09:31:12
2026-03-09,2026-03-09 10:45:00,2026-03-09 11:05:00,OG,Backtest,AdxDiCrossBracketOG,OG_AdxDiCrossBracketOG,OG,NQ,NQ JUN26,LONG,1,24692.00,24797.25,2100.64,2096.28,419.3,WIN,TARGET_HIT,24587.25,2095.00,2026-05-07 09:31:12
2026-01-07,2026-01-07 09:50:00,2026-01-07 10:00:00,OG,Backtest,AdxDiCrossBracketOG,OG_AdxDiCrossBracketOG,OG,NQ,NQ JUN26,LONG,1,26063.75,26063.00,-19.36,-23.72,-4.7,LOSS,STOP_HIT,26039.00,495.00,2026-05-07 09:31:12
2026-02-11,2026-02-11 10:20:00,2026-02-11 10:25:00,OG,Backtest,AdxDiCrossBracketOG,OG_AdxDiCrossBracketOG,OG,NQ,NQ JUN26,SHORT,1,25396.00,25293.75,2040.64,2036.28,407.3,WIN,TARGET_HIT,25500.25,2085.00,2026-05-07 09:31:12
2026-03-24,2026-03-24 11:00:00,2026-03-24 11:35:00,OG,Backtest,AdxDiCrossBracketOG,OG_AdxDiCrossBracketOG,OG,NQ,NQ JUN26,LONG,1,24281.50,24311.75,600.64,596.28,119.3,WIN,STOP_HIT,24156.00,2510.00,2026-05-07 09:31:13
2026-02-24,2026-02-24 10:10:00,2026-02-24 10:15:00,OG,Backtest,AdxDiCrossBracketOG,OG_AdxDiCrossBracketOG,OG,NQ,NQ JUN26,SHORT,1,25048.75,25109.25,-1214.36,-1218.72,-243.7,LOSS,STOP_HIT,25134.75,1720.00,2026-05-07 09:31:13
2026-02-13,2026-02-13 10:35:00,2026-02-13 10:45:00,OG,Backtest,AdxDiCrossBracketOG,OG_AdxDiCrossBracketOG,OG,NQ,NQ JUN26,LONG,1,25058.00,25033.25,-499.36,-503.72,-100.7,LOSS,STOP_HIT,24917.50,2810.00,2026-05-07 09:31:13
2026-02-13,2026-02-13 10:35:00,2026-02-13 10:50:00,OG,Backtest,AdxDiCrossBracketOG,OG_AdxDiCrossBracketOG,OG,NQ,NQ JUN26,LONG,1,25058.00,24983.00,-1504.36,-1508.72,-301.7,LOSS,STOP_HIT,24952.50,2110.00,2026-05-07 09:31:13
2026-04-16,2026-04-16 10:00:00,2026-04-16 10:10:00,OG,Backtest,AdxDiCrossBracketOG,OG_AdxDiCrossBracketOG,OG,NQ,NQ JUN26,SHORT,1,26282.00,26346.00,-1284.36,-1288.72,-257.7,LOSS,STOP_HIT,26345.50,1270.00,2026-05-07 09:31:13
2026-03-20,2026-03-20 11:30:00,2026-03-20 11:55:00,OG,Backtest,AdxDiCrossBracketOG,OG_AdxDiCrossBracketOG,OG,NQ,NQ JUN26,LONG,1,24274.25,24294.00,390.64,386.28,77.3,WIN,STOP_HIT,24165.75,2170.00,2026-05-07 09:31:13
2026-02-24,2026-02-24 10:15:00,2026-02-24 10:30:00,OG,Backtest,AdxDiCrossBracketOG,OG_AdxDiCrossBracketOG,OG,NQ,NQ JUN26,LONG,1,25109.25,25175.00,1310.64,1306.28,261.3,WIN,TARGET_HIT,25042.00,1345.00,2026-05-07 09:31:13
2026-03-06,2026-03-06 11:10:00,2026-03-06 11:15:00,OG,Backtest,AdxDiCrossBracketOG,OG_AdxDiCrossBracketOG,OG,NQ,NQ JUN26,LONG,1,25101.50,25059.00,-854.36,-858.72,-171.7,LOSS,STOP_HIT,24975.75,2515.00,2026-05-07 09:31:13
2026-01-16,2026-01-16 11:30:00,2026-01-16 11:35:00,OG,Backtest,AdxDiCrossBracketOG,OG_AdxDiCrossBracketOG,OG,NQ,NQ JUN26,LONG,1,25911.50,25925.25,270.64,266.28,53.3,WIN,STOP_HIT,25839.25,1445.00,2026-05-07 09:31:13
2026-02-11,2026-02-11 11:05:00,2026-02-11 11:10:00,OG,Backtest,AdxDiCrossBracketOG,OG_AdxDiCrossBracketOG,OG,NQ,NQ JUN26,LONG,1,25453.50,25418.25,-709.36,-713.72,-142.7,LOSS,STOP_HIT,25333.00,2410.00,2026-05-07 09:31:13
2026-03-06,2026-03-06 11:10:00,2026-03-06 11:15:00,OG,Backtest,AdxDiCrossBracketOG,OG_AdxDiCrossBracketOG,OG,NQ,NQ JUN26,LONG,1,25101.50,25059.00,-854.36,-858.72,-171.7,LOSS,STOP_HIT,25007.25,1885.00,2026-05-07 09:31:13
2026-04-07,2026-04-07 11:40:00,2026-04-07 12:00:00,OG,Backtest,AdxDiCrossBracketOG,OG_AdxDiCrossBracketOG,OG,NQ,NQ JUN26,LONG,1,24071.50,24083.00,225.64,221.28,44.3,WIN,STOP_HIT,23978.75,1855.00,2026-05-07 09:31:13
2026-01-21,2026-01-21 11:45:00,2026-01-21 11:55:00,OG,Backtest,AdxDiCrossBracketOG,OG_AdxDiCrossBracketOG,OG,NQ,NQ JUN26,SHORT,1,25543.75,25467.25,1525.64,1521.28,304.3,WIN,TARGET_HIT,25620.75,1540.00,2026-05-07 09:31:13
2026-04-06,2026-04-06 10:55:00,2026-04-06 11:05:00,OG,Backtest,AdxDiCrossBracketOG,OG_AdxDiCrossBracketOG,OG,NQ,NQ JUN26,SHORT,1,24269.25,24306.75,-754.36,-758.72,-151.7,LOSS,STOP_HIT,24372.75,2070.00,2026-05-07 09:31:13
2026-01-09,2026-01-09 09:55:00,2026-01-09 10:10:00,OG,Backtest,AdxDiCrossBracketOG,OG_AdxDiCrossBracketOG,OG,NQ,NQ JUN26,SHORT,1,25913.25,25921.75,-174.36,-178.72,-35.7,LOSS,STOP_HIT,25981.00,1355.00,2026-05-07 09:31:13
2026-03-19,2026-03-19 11:15:00,2026-03-19 11:25:00,OG,Backtest,AdxDiCrossBracketOG,OG_AdxDiCrossBracketOG,OG,NQ,NQ JUN26,LONG,1,24530.25,24486.25,-884.36,-888.72,-177.7,LOSS,STOP_HIT,24444.75,1710.00,2026-05-07 09:31:13
2026-02-03,2026-02-03 09:50:00,2026-02-03 10:00:00,OG,Backtest,AdxDiCrossBracketOG,OG_AdxDiCrossBracketOG,OG,NQ,NQ JUN26,SHORT,1,25960.75,25888.75,1435.64,1431.28,286.3,WIN,TARGET_HIT,26034.25,1470.00,2026-05-07 09:31:13
2026-04-07,2026-04-07 11:40:00,2026-04-07 12:00:00,OG,Backtest,AdxDiCrossBracketOG,OG_AdxDiCrossBracketOG,OG,NQ,NQ JUN26,LONG,1,24071.50,24083.00,225.64,221.28,44.3,WIN,STOP_HIT,23978.75,1855.00,2026-05-07 09:31:13
2026-04-21,2026-04-21 11:05:00,2026-04-21 11:05:00,OG,Backtest,AdxDiCrossBracketOG,OG_AdxDiCrossBracketOG,OG,NQ,NQ JUN26,SHORT,1,26737.25,26684.75,1045.64,1041.28,208.3,WIN,TARGET_HIT,26788.75,1030.00,2026-05-07 09:31:13
2026-02-11,2026-02-11 11:05:00,2026-02-11 11:10:00,OG,Backtest,AdxDiCrossBracketOG,OG_AdxDiCrossBracketOG,OG,NQ,NQ JUN26,LONG,1,25453.50,25418.25,-709.36,-713.72,-142.7,LOSS,STOP_HIT,25363.00,1810.00,2026-05-07 09:31:13
2026-04-07,2026-04-07 11:40:00,2026-04-07 12:00:00,OG,Backtest,AdxDiCrossBracketOG,OG_AdxDiCrossBracketOG,OG,NQ,NQ JUN26,LONG,1,24071.50,24083.00,225.64,221.28,44.3,WIN,STOP_HIT,23978.75,1855.00,2026-05-07 09:31:13
2026-02-13,2026-02-13 10:35:00,2026-02-13 10:50:00,OG,Backtest,AdxDiCrossBracketOG,OG_AdxDiCrossBracketOG,OG,NQ,NQ JUN26,LONG,1,25058.00,24983.00,-1504.36,-1508.72,-301.7,LOSS,STOP_HIT,24952.50,2110.00,2026-05-07 09:31:13
2026-02-24,2026-02-24 10:10:00,2026-02-24 10:15:00,OG,Backtest,AdxDiCrossBracketOG,OG_AdxDiCrossBracketOG,OG,NQ,NQ JUN26,SHORT,1,25048.75,25109.25,-1214.36,-1218.72,-243.7,LOSS,STOP_HIT,25134.75,1720.00,2026-05-07 09:31:13
2026-04-06,2026-04-06 10:55:00,2026-04-06 11:05:00,OG,Backtest,AdxDiCrossBracketOG,OG_AdxDiCrossBracketOG,OG,NQ,NQ JUN26,SHORT,1,24269.25,24306.75,-754.36,-758.72,-151.7,LOSS,STOP_HIT,24372.75,2070.00,2026-05-07 09:31:13
2026-01-21,2026-01-21 11:45:00,2026-01-21 11:55:00,OG,Backtest,AdxDiCrossBracketOG,OG_AdxDiCrossBracketOG,OG,NQ,NQ JUN26,SHORT,1,25543.75,25467.25,1525.64,1521.28,304.3,WIN,TARGET_HIT,25620.75,1540.00,2026-05-07 09:31:13
2026-04-02,2026-04-02 10:45:00,2026-04-02 10:55:00,OG,Backtest,AdxDiCrossBracketOG,OG_AdxDiCrossBracketOG,OG,NQ,NQ JUN26,LONG,1,24210.25,24096.25,-2284.36,-2288.72,-457.7,LOSS,STOP_HIT,24096.75,2270.00,2026-05-07 09:31:13
2026-02-13,2026-02-13 10:35:00,2026-02-13 10:50:00,OG,Backtest,AdxDiCrossBracketOG,OG_AdxDiCrossBracketOG,OG,NQ,NQ JUN26,LONG,1,25058.00,24983.00,-1504.36,-1508.72,-301.7,LOSS,STOP_HIT,24917.50,2810.00,2026-05-07 09:31:13
2026-03-27,2026-03-27 11:40:00,2026-03-27 12:00:00,OG,Backtest,AdxDiCrossBracketOG,OG_AdxDiCrossBracketOG,OG,NQ,NQ JUN26,LONG,1,23597.00,23559.75,-749.36,-753.72,-150.7,LOSS,STOP_HIT,23486.50,2210.00,2026-05-07 09:31:13
2026-04-21,2026-04-21 11:05:00,2026-04-21 11:10:00,OG,Backtest,AdxDiCrossBracketOG,OG_AdxDiCrossBracketOG,OG,NQ,NQ JUN26,SHORT,1,26737.25,26667.50,1390.64,1386.28,277.3,WIN,TARGET_HIT,26806.00,1375.00,2026-05-07 09:31:13
2026-04-16,2026-04-16 10:15:00,2026-04-16 10:50:00,OG,Backtest,AdxDiCrossBracketOG,OG_AdxDiCrossBracketOG,OG,NQ,NQ JUN26,LONG,1,26347.25,26415.50,1360.64,1356.28,271.3,WIN,TARGET_HIT,26277.00,1405.00,2026-05-07 09:31:13
2026-04-02,2026-04-02 10:45:00,2026-04-02 10:55:00,OG,Backtest,AdxDiCrossBracketOG,OG_AdxDiCrossBracketOG,OG,NQ,NQ JUN26,LONG,1,24210.25,24096.25,-2284.36,-2288.72,-457.7,LOSS,STOP_HIT,24096.75,2270.00,2026-05-07 09:31:13
2026-03-20,2026-03-20 11:30:00,2026-03-20 11:55:00,OG,Backtest,AdxDiCrossBracketOG,OG_AdxDiCrossBracketOG,OG,NQ,NQ JUN26,LONG,1,24274.25,24294.00,390.64,386.28,77.3,WIN,STOP_HIT,24192.75,1630.00,2026-05-07 09:31:13
2026-04-06,2026-04-06 10:55:00,2026-04-06 11:05:00,OG,Backtest,AdxDiCrossBracketOG,OG_AdxDiCrossBracketOG,OG,NQ,NQ JUN26,SHORT,1,24269.25,24306.75,-754.36,-758.72,-151.7,LOSS,STOP_HIT,24347.00,1555.00,2026-05-07 09:31:13
2026-04-07,2026-04-07 11:40:00,2026-04-07 12:00:00,OG,Backtest,AdxDiCrossBracketOG,OG_AdxDiCrossBracketOG,OG,NQ,NQ JUN26,LONG,1,24071.50,24083.00,225.64,221.28,44.3,WIN,STOP_HIT,23978.75,1855.00,2026-05-07 09:31:13
2026-04-07,2026-04-07 11:40:00,2026-04-07 12:00:00,OG,Backtest,AdxDiCrossBracketOG,OG_AdxDiCrossBracketOG,OG,NQ,NQ JUN26,LONG,1,24071.50,24083.00,225.64,221.28,44.3,WIN,STOP_HIT,24001.75,1395.00,2026-05-07 09:31:13
2026-03-09,2026-03-09 10:45:00,2026-03-09 11:20:00,OG,Backtest,AdxDiCrossBracketOG,OG_AdxDiCrossBracketOG,OG,NQ,NQ JUN26,LONG,1,24692.00,24832.25,2800.64,2796.28,559.3,WIN,TARGET_HIT,24552.25,2795.00,2026-05-07 09:31:13
2026-03-27,2026-03-27 11:40:00,2026-03-27 12:00:00,OG,Backtest,AdxDiCrossBracketOG,OG_AdxDiCrossBracketOG,OG,NQ,NQ JUN26,LONG,1,23597.00,23559.75,-749.36,-753.72,-150.7,LOSS,STOP_HIT,23486.50,2210.00,2026-05-07 09:31:13
2026-03-12,2026-03-12 11:50:00,2026-03-12 11:55:00,OG,Backtest,AdxDiCrossBracketOG,OG_AdxDiCrossBracketOG,OG,NQ,NQ JUN26,LONG,1,24898.00,24865.50,-654.36,-658.72,-131.7,LOSS,STOP_HIT,24792.00,2120.00,2026-05-07 09:31:13
2026-03-20,2026-03-20 11:30:00,2026-03-20 11:55:00,OG,Backtest,AdxDiCrossBracketOG,OG_AdxDiCrossBracketOG,OG,NQ,NQ JUN26,LONG,1,24274.25,24294.00,390.64,386.28,77.3,WIN,STOP_HIT,24192.75,1630.00,2026-05-07 09:31:13
2026-02-17,2026-02-17 11:10:00,2026-02-17 11:15:00,OG,Backtest,AdxDiCrossBracketOG,OG_AdxDiCrossBracketOG,OG,NQ,NQ JUN26,LONG,1,24861.25,24994.25,2655.64,2651.28,530.3,WIN,TARGET_HIT,24726.75,2690.00,2026-05-07 09:31:13
2026-03-03,2026-03-03 11:25:00,2026-03-03 11:40:00,OG,Backtest,AdxDiCrossBracketOG,OG_AdxDiCrossBracketOG,OG,NQ,NQ JUN26,LONG,1,24794.50,24817.25,450.64,446.28,89.3,WIN,STOP_HIT,24654.75,2795.00,2026-05-07 09:31:13
2026-01-09,2026-01-09 09:55:00,2026-01-09 10:10:00,OG,Backtest,AdxDiCrossBracketOG,OG_AdxDiCrossBracketOG,OG,NQ,NQ JUN26,SHORT,1,25913.25,25921.75,-174.36,-178.72,-35.7,LOSS,STOP_HIT,25981.00,1355.00,2026-05-07 09:31:13
2026-03-20,2026-03-20 11:30:00,2026-03-20 11:55:00,OG,Backtest,AdxDiCrossBracketOG,OG_AdxDiCrossBracketOG,OG,NQ,NQ JUN26,LONG,1,24274.25,24294.00,390.64,386.28,77.3,WIN,STOP_HIT,24165.75,2170.00,2026-05-07 09:31:13
2026-01-20,2026-01-20 10:50:00,2026-01-20 10:55:00,OG,Backtest,AdxDiCrossBracketOG,OG_AdxDiCrossBracketOG,OG,NQ,NQ JUN26,LONG,1,25598.00,25559.50,-774.36,-778.72,-155.7,LOSS,STOP_HIT,25503.75,1885.00,2026-05-07 09:31:13
2026-03-24,2026-03-24 11:00:00,2026-03-24 11:45:00,OG,Backtest,AdxDiCrossBracketOG,OG_AdxDiCrossBracketOG,OG,NQ,NQ JUN26,LONG,1,24281.50,24348.25,1330.64,1326.28,265.3,WIN,STOP_HIT,24156.00,2510.00,2026-05-07 09:31:13
2026-04-02,2026-04-02 10:45:00,2026-04-02 10:55:00,OG,Backtest,AdxDiCrossBracketOG,OG_AdxDiCrossBracketOG,OG,NQ,NQ JUN26,LONG,1,24210.25,24096.25,-2284.36,-2288.72,-457.7,LOSS,STOP_HIT,24096.75,2270.00,2026-05-07 09:31:13
2026-01-21,2026-01-21 11:45:00,2026-01-21 11:55:00,OG,Backtest,AdxDiCrossBracketOG,OG_AdxDiCrossBracketOG,OG,NQ,NQ JUN26,SHORT,1,25543.75,25467.25,1525.64,1521.28,304.3,WIN,TARGET_HIT,25620.75,1540.00,2026-05-07 09:31:13
2026-01-28,2026-01-28 10:55:00,2026-01-28 11:15:00,OG,Backtest,AdxDiCrossBracketOG,OG_AdxDiCrossBracketOG,OG,NQ,NQ JUN26,SHORT,1,26395.25,26395.00,0.64,-3.72,-0.7,LOSS,STOP_HIT,26461.50,1325.00,2026-05-07 09:31:13
2026-03-09,2026-03-09 10:45:00,2026-03-09 11:00:00,OG,Backtest,AdxDiCrossBracketOG,OG_AdxDiCrossBracketOG,OG,NQ,NQ JUN26,LONG,1,24692.00,24753.50,1225.64,1221.28,244.3,WIN,STOP_HIT,24552.25,2795.00,2026-05-07 09:31:13
2026-04-02,2026-04-02 10:45:00,2026-04-02 11:55:00,OG,Backtest,AdxDiCrossBracketOG,OG_AdxDiCrossBracketOG,OG,NQ,NQ JUN26,LONG,1,24210.25,24132.25,-1564.36,-1568.72,-313.7,LOSS,STOP_HIT,24059.00,3025.00,2026-05-07 09:31:13
2026-02-05,2026-02-05 11:40:00,2026-02-05 11:50:00,OG,Backtest,AdxDiCrossBracketOG,OG_AdxDiCrossBracketOG,OG,NQ,NQ JUN26,LONG,1,25025.50,24992.25,-669.36,-673.72,-134.7,LOSS,STOP_HIT,24851.75,3475.00,2026-05-07 09:31:13
2026-04-06,2026-04-06 10:55:00,2026-04-06 11:05:00,OG,Backtest,AdxDiCrossBracketOG,OG_AdxDiCrossBracketOG,OG,NQ,NQ JUN26,SHORT,1,24269.25,24306.75,-754.36,-758.72,-151.7,LOSS,STOP_HIT,24372.75,2070.00,2026-05-07 09:31:13
2026-02-10,2026-02-10 09:45:00,2026-02-10 09:45:00,OG,Backtest,AdxDiCrossBracketOG,OG_AdxDiCrossBracketOG,OG,NQ,NQ JUN26,SHORT,1,25535.25,25488.50,930.64,926.28,185.3,WIN,TARGET_HIT,25583.50,965.00,2026-05-07 09:31:13
2026-04-21,2026-04-21 11:05:00,2026-04-21 11:05:00,OG,Backtest,AdxDiCrossBracketOG,OG_AdxDiCrossBracketOG,OG,NQ,NQ JUN26,SHORT,1,26737.25,26684.75,1045.64,1041.28,208.3,WIN,TARGET_HIT,26788.75,1030.00,2026-05-07 09:31:13
2026-04-16,2026-04-16 10:00:00,2026-04-16 10:10:00,OG,Backtest,AdxDiCrossBracketOG,OG_AdxDiCrossBracketOG,OG,NQ,NQ JUN26,SHORT,1,26282.00,26346.00,-1284.36,-1288.72,-257.7,LOSS,STOP_HIT,26345.50,1270.00,2026-05-07 09:31:13
2026-03-25,2026-03-25 11:20:00,2026-03-25 11:30:00,OG,Backtest,AdxDiCrossBracketOG,OG_AdxDiCrossBracketOG,OG,NQ,NQ JUN26,SHORT,1,24386.00,24410.75,-499.36,-503.72,-100.7,LOSS,STOP_HIT,24488.75,2055.00,2026-05-07 09:31:13
2026-02-17,2026-02-17 11:10:00,2026-02-17 11:15:00,OG,Backtest,AdxDiCrossBracketOG,OG_AdxDiCrossBracketOG,OG,NQ,NQ JUN26,LONG,1,24861.25,24994.25,2655.64,2651.28,530.3,WIN,TARGET_HIT,24726.75,2690.00,2026-05-07 09:31:13
2026-03-27,2026-03-27 11:40:00,2026-03-27 12:00:00,OG,Backtest,AdxDiCrossBracketOG,OG_AdxDiCrossBracketOG,OG,NQ,NQ JUN26,LONG,1,23597.00,23559.75,-749.36,-753.72,-150.7,LOSS,STOP_HIT,23486.50,2210.00,2026-05-07 09:31:13
2026-01-07,2026-01-07 09:50:00,2026-01-07 10:00:00,OG,Backtest,AdxDiCrossBracketOG,OG_AdxDiCrossBracketOG,OG,NQ,NQ JUN26,LONG,1,26063.75,26063.00,-19.36,-23.72,-4.7,LOSS,STOP_HIT,26039.00,495.00,2026-05-07 09:31:13
2026-02-24,2026-02-24 10:10:00,2026-02-24 10:15:00,OG,Backtest,AdxDiCrossBracketOG,OG_AdxDiCrossBracketOG,OG,NQ,NQ JUN26,SHORT,1,25048.75,25109.25,-1214.36,-1218.72,-243.7,LOSS,STOP_HIT,25134.75,1720.00,2026-05-07 09:31:13
2026-03-06,2026-03-06 11:10:00,2026-03-06 11:15:00,OG,Backtest,AdxDiCrossBracketOG,OG_AdxDiCrossBracketOG,OG,NQ,NQ JUN26,LONG,1,25101.50,25059.00,-854.36,-858.72,-171.7,LOSS,STOP_HIT,24975.75,2515.00,2026-05-07 09:31:13
2026-03-03,2026-03-03 11:25:00,2026-03-03 11:40:00,OG,Backtest,AdxDiCrossBracketOG,OG_AdxDiCrossBracketOG,OG,NQ,NQ JUN26,LONG,1,24794.50,24817.25,450.64,446.28,89.3,WIN,STOP_HIT,24654.75,2795.00,2026-05-07 09:31:13
2026-01-07,2026-01-07 09:50:00,2026-01-07 10:00:00,OG,Backtest,AdxDiCrossBracketOG,OG_AdxDiCrossBracketOG,OG,NQ,NQ JUN26,LONG,1,26063.75,26063.00,-19.36,-23.72,-4.7,LOSS,STOP_HIT,26030.75,660.00,2026-05-07 09:31:13
2026-03-06,2026-03-06 11:10:00,2026-03-06 11:15:00,OG,Backtest,AdxDiCrossBracketOG,OG_AdxDiCrossBracketOG,OG,NQ,NQ JUN26,LONG,1,25101.50,25059.00,-854.36,-858.72,-171.7,LOSS,STOP_HIT,24975.75,2515.00,2026-05-07 09:31:13
2026-04-16,2026-04-16 10:15:00,2026-04-16 10:25:00,OG,Backtest,AdxDiCrossBracketOG,OG_AdxDiCrossBracketOG,OG,NQ,NQ JUN26,LONG,1,26347.25,26314.50,-659.36,-663.72,-132.7,LOSS,STOP_HIT,26277.00,1405.00,2026-05-07 09:31:13
2026-01-09,2026-01-09 09:55:00,2026-01-09 10:10:00,OG,Backtest,AdxDiCrossBracketOG,OG_AdxDiCrossBracketOG,OG,NQ,NQ JUN26,SHORT,1,25913.25,25921.75,-174.36,-178.72,-35.7,LOSS,STOP_HIT,25981.00,1355.00,2026-05-07 09:31:13
2026-04-21,2026-04-21 11:05:00,2026-04-21 11:10:00,OG,Backtest,AdxDiCrossBracketOG,OG_AdxDiCrossBracketOG,OG,NQ,NQ JUN26,SHORT,1,26737.25,26667.50,1390.64,1386.28,277.3,WIN,TARGET_HIT,26806.00,1375.00,2026-05-07 09:31:13
2026-02-03,2026-02-03 09:50:00,2026-02-03 09:50:00,OG,Backtest,AdxDiCrossBracketOG,OG_AdxDiCrossBracketOG,OG,NQ,NQ JUN26,SHORT,1,25960.75,26016.50,-1119.36,-1123.72,-224.7,LOSS,STOP_HIT,26016.00,1105.00,2026-05-07 09:31:13
2026-01-16,2026-01-16 11:30:00,2026-01-16 11:35:00,OG,Backtest,AdxDiCrossBracketOG,OG_AdxDiCrossBracketOG,OG,NQ,NQ JUN26,LONG,1,25911.50,25925.25,270.64,266.28,53.3,WIN,STOP_HIT,25839.25,1445.00,2026-05-07 09:31:13
2026-02-05,2026-02-05 11:40:00,2026-02-05 11:50:00,OG,Backtest,AdxDiCrossBracketOG,OG_AdxDiCrossBracketOG,OG,NQ,NQ JUN26,LONG,1,25025.50,24992.25,-669.36,-673.72,-134.7,LOSS,STOP_HIT,24895.00,2610.00,2026-05-07 09:31:13
2026-03-27,2026-03-27 11:40:00,2026-03-27 12:00:00,OG,Backtest,AdxDiCrossBracketOG,OG_AdxDiCrossBracketOG,OG,NQ,NQ JUN26,LONG,1,23597.00,23559.75,-749.36,-753.72,-150.7,LOSS,STOP_HIT,23486.50,2210.00,2026-05-07 09:31:13
2026-03-25,2026-03-25 11:20:00,2026-03-25 12:25:00,OG,Backtest,AdxDiCrossBracketOG,OG_AdxDiCrossBracketOG,OG,NQ,NQ JUN26,SHORT,1,24386.00,24388.75,-59.36,-63.72,-12.7,LOSS,STOP_HIT,24488.75,2055.00,2026-05-07 09:31:13
2026-01-28,2026-01-28 10:55:00,2026-01-28 11:05:00,OG,Backtest,AdxDiCrossBracketOG,OG_AdxDiCrossBracketOG,OG,NQ,NQ JUN26,SHORT,1,26395.25,26393.25,35.64,31.28,6.3,WIN,STOP_HIT,26461.50,1325.00,2026-05-07 09:31:13
2026-04-06,2026-04-06 10:55:00,2026-04-06 11:05:00,OG,Backtest,AdxDiCrossBracketOG,OG_AdxDiCrossBracketOG,OG,NQ,NQ JUN26,SHORT,1,24269.25,24306.75,-754.36,-758.72,-151.7,LOSS,STOP_HIT,24372.75,2070.00,2026-05-07 09:31:13
2026-02-13,2026-02-13 10:35:00,2026-02-13 10:50:00,OG,Backtest,AdxDiCrossBracketOG,OG_AdxDiCrossBracketOG,OG,NQ,NQ JUN26,LONG,1,25058.00,24983.00,-1504.36,-1508.72,-301.7,LOSS,STOP_HIT,24952.50,2110.00,2026-05-07 09:31:13
2026-01-07,2026-01-07 09:50:00,2026-01-07 10:00:00,OG,Backtest,AdxDiCrossBracketOG,OG_AdxDiCrossBracketOG,OG,NQ,NQ JUN26,LONG,1,26063.75,26063.00,-19.36,-23.72,-4.7,LOSS,STOP_HIT,26030.75,660.00,2026-05-07 09:31:13
2026-01-09,2026-01-09 09:45:00,2026-01-09 09:50:00,OG,Backtest,AdxDiCrossBracketOG,OG_AdxDiCrossBracketOG,OG,NQ,NQ JUN26,LONG,1,25965.00,25910.75,-1089.36,-1093.72,-218.7,LOSS,STOP_HIT,25911.25,1075.00,2026-05-07 09:31:13
2026-04-07,2026-04-07 11:40:00,2026-04-07 12:00:00,OG,Backtest,AdxDiCrossBracketOG,OG_AdxDiCrossBracketOG,OG,NQ,NQ JUN26,LONG,1,24071.50,24083.00,225.64,221.28,44.3,WIN,STOP_HIT,23978.75,1855.00,2026-05-07 09:31:13
2026-01-09,2026-01-09 09:55:00,2026-01-09 10:10:00,OG,Backtest,AdxDiCrossBracketOG,OG_AdxDiCrossBracketOG,OG,NQ,NQ JUN26,SHORT,1,25913.25,25921.75,-174.36,-178.72,-35.7,LOSS,STOP_HIT,25981.00,1355.00,2026-05-07 09:31:13
2026-02-11,2026-02-11 11:05:00,2026-02-11 11:10:00,OG,Backtest,AdxDiCrossBracketOG,OG_AdxDiCrossBracketOG,OG,NQ,NQ JUN26,LONG,1,25453.50,25418.25,-709.36,-713.72,-142.7,LOSS,STOP_HIT,25333.00,2410.00,2026-05-07 09:31:13
2026-01-07,2026-01-07 09:50:00,2026-01-07 10:00:00,OG,Backtest,AdxDiCrossBracketOG,OG_AdxDiCrossBracketOG,OG,NQ,NQ JUN26,LONG,1,26063.75,26063.00,-19.36,-23.72,-4.7,LOSS,STOP_HIT,26030.75,660.00,2026-05-07 09:31:13
2026-03-03,2026-03-03 11:25:00,2026-03-03 11:40:00,OG,Backtest,AdxDiCrossBracketOG,OG_AdxDiCrossBracketOG,OG,NQ,NQ JUN26,LONG,1,24794.50,24817.25,450.64,446.28,89.3,WIN,STOP_HIT,24689.25,2105.00,2026-05-07 09:31:13
2026-01-07,2026-01-07 09:50:00,2026-01-07 10:00:00,OG,Backtest,AdxDiCrossBracketOG,OG_AdxDiCrossBracketOG,OG,NQ,NQ JUN26,LONG,1,26063.75,26063.00,-19.36,-23.72,-4.7,LOSS,STOP_HIT,26030.75,660.00,2026-05-07 09:31:13
2026-01-09,2026-01-09 09:55:00,2026-01-09 10:05:00,OG,Backtest,AdxDiCrossBracketOG,OG_AdxDiCrossBracketOG,OG,NQ,NQ JUN26,SHORT,1,25913.25,25956.50,-869.36,-873.72,-174.7,LOSS,STOP_HIT,25981.00,1355.00,2026-05-07 09:31:13
2026-02-03,2026-02-03 09:50:00,2026-02-03 10:00:00,OG,Backtest,AdxDiCrossBracketOG,OG_AdxDiCrossBracketOG,OG,NQ,NQ JUN26,SHORT,1,25960.75,25888.75,1435.64,1431.28,286.3,WIN,TARGET_HIT,26034.25,1470.00,2026-05-07 09:31:13
2026-02-03,2026-02-03 09:50:00,2026-02-03 10:00:00,OG,Backtest,AdxDiCrossBracketOG,OG_AdxDiCrossBracketOG,OG,NQ,NQ JUN26,SHORT,1,25960.75,25888.75,1435.64,1431.28,286.3,WIN,TARGET_HIT,26034.25,1470.00,2026-05-07 09:31:13
2026-02-05,2026-02-05 11:40:00,2026-02-05 11:50:00,OG,Backtest,AdxDiCrossBracketOG,OG_AdxDiCrossBracketOG,OG,NQ,NQ JUN26,LONG,1,25025.50,24992.25,-669.36,-673.72,-134.7,LOSS,STOP_HIT,24851.75,3475.00,2026-05-07 09:31:13
2026-03-06,2026-03-06 11:10:00,2026-03-06 11:15:00,OG,Backtest,AdxDiCrossBracketOG,OG_AdxDiCrossBracketOG,OG,NQ,NQ JUN26,LONG,1,25101.50,25059.00,-854.36,-858.72,-171.7,LOSS,STOP_HIT,24975.75,2515.00,2026-05-07 09:31:13
2026-02-10,2026-02-10 09:45:00,2026-02-10 09:45:00,OG,Backtest,AdxDiCrossBracketOG,OG_AdxDiCrossBracketOG,OG,NQ,NQ JUN26,SHORT,1,25535.25,25488.50,930.64,926.28,185.3,WIN,TARGET_HIT,25583.50,965.00,2026-05-07 09:31:13
2026-01-20,2026-01-20 10:50:00,2026-01-20 10:55:00,OG,Backtest,AdxDiCrossBracketOG,OG_AdxDiCrossBracketOG,OG,NQ,NQ JUN26,LONG,1,25598.00,25559.50,-774.36,-778.72,-155.7,LOSS,STOP_HIT,25503.75,1885.00,2026-05-07 09:31:13
2026-01-28,2026-01-28 10:55:00,2026-01-28 11:05:00,OG,Backtest,AdxDiCrossBracketOG,OG_AdxDiCrossBracketOG,OG,NQ,NQ JUN26,SHORT,1,26395.25,26393.25,35.64,31.28,6.3,WIN,STOP_HIT,26461.50,1325.00,2026-05-07 09:31:13
2026-02-11,2026-02-11 11:05:00,2026-02-11 11:10:00,OG,Backtest,AdxDiCrossBracketOG,OG_AdxDiCrossBracketOG,OG,NQ,NQ JUN26,LONG,1,25453.50,25418.25,-709.36,-713.72,-142.7,LOSS,STOP_HIT,25333.00,2410.00,2026-05-07 09:31:13
2026-01-28,2026-01-28 10:55:00,2026-01-28 11:05:00,OG,Backtest,AdxDiCrossBracketOG,OG_AdxDiCrossBracketOG,OG,NQ,NQ JUN26,SHORT,1,26395.25,26393.25,35.64,31.28,6.3,WIN,STOP_HIT,26461.50,1325.00,2026-05-07 09:31:13
2026-03-27,2026-03-27 11:40:00,2026-03-27 12:00:00,OG,Backtest,AdxDiCrossBracketOG,OG_AdxDiCrossBracketOG,OG,NQ,NQ JUN26,LONG,1,23597.00,23559.75,-749.36,-753.72,-150.7,LOSS,STOP_HIT,23514.00,1660.00,2026-05-07 09:31:13
2026-02-17,2026-02-17 11:10:00,2026-02-17 11:15:00,OG,Backtest,AdxDiCrossBracketOG,OG_AdxDiCrossBracketOG,OG,NQ,NQ JUN26,LONG,1,24861.25,24994.25,2655.64,2651.28,530.3,WIN,TARGET_HIT,24726.75,2690.00,2026-05-07 09:31:13
2026-04-02,2026-04-02 10:45:00,2026-04-02 10:55:00,OG,Backtest,AdxDiCrossBracketOG,OG_AdxDiCrossBracketOG,OG,NQ,NQ JUN26,LONG,1,24210.25,24096.25,-2284.36,-2288.72,-457.7,LOSS,STOP_HIT,24096.75,2270.00,2026-05-07 09:31:13
2026-01-21,2026-01-21 11:45:00,2026-01-21 11:55:00,OG,Backtest,AdxDiCrossBracketOG,OG_AdxDiCrossBracketOG,OG,NQ,NQ JUN26,SHORT,1,25543.75,25467.25,1525.64,1521.28,304.3,WIN,TARGET_HIT,25620.75,1540.00,2026-05-07 09:31:13
2026-03-25,2026-03-25 11:20:00,2026-03-25 12:00:00,OG,Backtest,AdxDiCrossBracketOG,OG_AdxDiCrossBracketOG,OG,NQ,NQ JUN26,SHORT,1,24386.00,24392.50,-134.36,-138.72,-27.7,LOSS,STOP_HIT,24488.75,2055.00,2026-05-07 09:31:13
2026-04-07,2026-04-07 11:40:00,2026-04-07 12:00:00,OG,Backtest,AdxDiCrossBracketOG,OG_AdxDiCrossBracketOG,OG,NQ,NQ JUN26,LONG,1,24071.50,24083.00,225.64,221.28,44.3,WIN,STOP_HIT,24001.75,1395.00,2026-05-07 09:31:13
2026-02-11,2026-02-11 10:20:00,2026-02-11 10:25:00,OG,Backtest,AdxDiCrossBracketOG,OG_AdxDiCrossBracketOG,OG,NQ,NQ JUN26,SHORT,1,25396.00,25293.75,2040.64,2036.28,407.3,WIN,TARGET_HIT,25500.25,2085.00,2026-05-07 09:31:13
2026-03-27,2026-03-27 11:40:00,2026-03-27 12:00:00,OG,Backtest,AdxDiCrossBracketOG,OG_AdxDiCrossBracketOG,OG,NQ,NQ JUN26,LONG,1,23597.00,23559.75,-749.36,-753.72,-150.7,LOSS,STOP_HIT,23486.50,2210.00,2026-05-07 09:31:13
2026-02-11,2026-02-11 11:05:00,2026-02-11 11:10:00,OG,Backtest,AdxDiCrossBracketOG,OG_AdxDiCrossBracketOG,OG,NQ,NQ JUN26,LONG,1,25453.50,25418.25,-709.36,-713.72,-142.7,LOSS,STOP_HIT,25333.00,2410.00,2026-05-07 09:31:13
2026-04-02,2026-04-02 10:45:00,2026-04-02 11:25:00,OG,Backtest,AdxDiCrossBracketOG,OG_AdxDiCrossBracketOG,OG,NQ,NQ JUN26,LONG,1,24210.25,24121.00,-1789.36,-1793.72,-358.7,LOSS,STOP_HIT,24059.00,3025.00,2026-05-07 09:31:13
2026-01-20,2026-01-20 10:50:00,2026-01-20 10:55:00,OG,Backtest,AdxDiCrossBracketOG,OG_AdxDiCrossBracketOG,OG,NQ,NQ JUN26,LONG,1,25598.00,25559.50,-774.36,-778.72,-155.7,LOSS,STOP_HIT,25503.75,1885.00,2026-05-07 09:31:13
2026-02-11,2026-02-11 11:05:00,2026-02-11 11:10:00,OG,Backtest,AdxDiCrossBracketOG,OG_AdxDiCrossBracketOG,OG,NQ,NQ JUN26,LONG,1,25453.50,25418.25,-709.36,-713.72,-142.7,LOSS,STOP_HIT,25333.00,2410.00,2026-05-07 09:31:13
2026-02-24,2026-02-24 10:10:00,2026-02-24 10:15:00,OG,Backtest,AdxDiCrossBracketOG,OG_AdxDiCrossBracketOG,OG,NQ,NQ JUN26,SHORT,1,25048.75,25109.25,-1214.36,-1218.72,-243.7,LOSS,STOP_HIT,25134.75,1720.00,2026-05-07 09:31:13
2026-02-03,2026-02-03 09:50:00,2026-02-03 10:00:00,OG,Backtest,AdxDiCrossBracketOG,OG_AdxDiCrossBracketOG,OG,NQ,NQ JUN26,SHORT,1,25960.75,25888.75,1435.64,1431.28,286.3,WIN,TARGET_HIT,26034.25,1470.00,2026-05-07 09:31:13
2026-02-24,2026-02-24 09:50:00,2026-02-24 10:00:00,OG,Backtest,AdxDiCrossBracketOG,OG_AdxDiCrossBracketOG,OG,NQ,NQ JUN26,LONG,1,25120.50,25108.50,-244.36,-248.72,-49.7,LOSS,STOP_HIT,25043.75,1535.00,2026-05-07 09:31:13
2026-01-16,2026-01-16 11:30:00,2026-01-16 11:35:00,OG,Backtest,AdxDiCrossBracketOG,OG_AdxDiCrossBracketOG,OG,NQ,NQ JUN26,LONG,1,25911.50,25925.25,270.64,266.28,53.3,WIN,STOP_HIT,25839.25,1445.00,2026-05-07 09:31:13
2026-04-16,2026-04-16 10:00:00,2026-04-16 10:10:00,OG,Backtest,AdxDiCrossBracketOG,OG_AdxDiCrossBracketOG,OG,NQ,NQ JUN26,SHORT,1,26282.00,26336.75,-1099.36,-1103.72,-220.7,LOSS,STOP_HIT,26345.50,1270.00,2026-05-07 09:31:13
2026-02-10,2026-02-10 09:45:00,2026-02-10 09:45:00,OG,Backtest,AdxDiCrossBracketOG,OG_AdxDiCrossBracketOG,OG,NQ,NQ JUN26,SHORT,1,25535.25,25488.50,930.64,926.28,185.3,WIN,TARGET_HIT,25583.50,965.00,2026-05-07 09:31:13
2026-02-13,2026-02-13 10:35:00,2026-02-13 10:45:00,OG,Backtest,AdxDiCrossBracketOG,OG_AdxDiCrossBracketOG,OG,NQ,NQ JUN26,LONG,1,25058.00,25033.25,-499.36,-503.72,-100.7,LOSS,STOP_HIT,24917.50,2810.00,2026-05-07 09:31:13
2026-02-05,2026-02-05 11:40:00,2026-02-05 11:50:00,OG,Backtest,AdxDiCrossBracketOG,OG_AdxDiCrossBracketOG,OG,NQ,NQ JUN26,LONG,1,25025.50,24992.25,-669.36,-673.72,-134.7,LOSS,STOP_HIT,24851.75,3475.00,2026-05-07 09:31:13
2026-03-09,2026-03-09 10:45:00,2026-03-09 11:00:00,OG,Backtest,AdxDiCrossBracketOG,OG_AdxDiCrossBracketOG,OG,NQ,NQ JUN26,LONG,1,24692.00,24753.50,1225.64,1221.28,244.3,WIN,STOP_HIT,24552.25,2795.00,2026-05-07 09:31:13
2026-03-27,2026-03-27 11:40:00,2026-03-27 12:00:00,OG,Backtest,AdxDiCrossBracketOG,OG_AdxDiCrossBracketOG,OG,NQ,NQ JUN26,LONG,1,23597.00,23559.75,-749.36,-753.72,-150.7,LOSS,STOP_HIT,23486.50,2210.00,2026-05-07 09:31:13
2026-02-24,2026-02-24 09:50:00,2026-02-24 10:00:00,OG,Backtest,AdxDiCrossBracketOG,OG_AdxDiCrossBracketOG,OG,NQ,NQ JUN26,LONG,1,25120.50,25108.50,-244.36,-248.72,-49.7,LOSS,STOP_HIT,25043.75,1535.00,2026-05-07 09:31:13
2026-04-02,2026-04-02 10:45:00,2026-04-02 11:25:00,OG,Backtest,AdxDiCrossBracketOG,OG_AdxDiCrossBracketOG,OG,NQ,NQ JUN26,LONG,1,24210.25,24121.00,-1789.36,-1793.72,-358.7,LOSS,STOP_HIT,24059.00,3025.00,2026-05-07 09:31:13
2026-02-03,2026-02-03 09:50:00,2026-02-03 10:00:00,OG,Backtest,AdxDiCrossBracketOG,OG_AdxDiCrossBracketOG,OG,NQ,NQ JUN26,SHORT,1,25960.75,25888.75,1435.64,1431.28,286.3,WIN,TARGET_HIT,26034.25,1470.00,2026-05-07 09:31:13
2026-02-11,2026-02-11 10:20:00,2026-02-11 10:25:00,OG,Backtest,AdxDiCrossBracketOG,OG_AdxDiCrossBracketOG,OG,NQ,NQ JUN26,SHORT,1,25396.00,25293.75,2040.64,2036.28,407.3,WIN,TARGET_HIT,25500.25,2085.00,2026-05-07 09:31:13
2026-04-16,2026-04-16 10:00:00,2026-04-16 10:10:00,OG,Backtest,AdxDiCrossBracketOG,OG_AdxDiCrossBracketOG,OG,NQ,NQ JUN26,SHORT,1,26282.00,26346.00,-1284.36,-1288.72,-257.7,LOSS,STOP_HIT,26345.50,1270.00,2026-05-07 09:31:13
2026-03-20,2026-03-20 11:30:00,2026-03-20 11:55:00,OG,Backtest,AdxDiCrossBracketOG,OG_AdxDiCrossBracketOG,OG,NQ,NQ JUN26,LONG,1,24274.25,24294.00,390.64,386.28,77.3,WIN,STOP_HIT,24165.75,2170.00,2026-05-07 09:31:13
2026-04-16,2026-04-16 10:15:00,2026-04-16 10:50:00,OG,Backtest,AdxDiCrossBracketOG,OG_AdxDiCrossBracketOG,OG,NQ,NQ JUN26,LONG,1,26347.25,26415.50,1360.64,1356.28,271.3,WIN,TARGET_HIT,26277.00,1405.00,2026-05-07 09:31:13
2026-02-11,2026-02-11 10:20:00,2026-02-11 10:25:00,OG,Backtest,AdxDiCrossBracketOG,OG_AdxDiCrossBracketOG,OG,NQ,NQ JUN26,SHORT,1,25396.00,25293.75,2040.64,2036.28,407.3,WIN,TARGET_HIT,25500.25,2085.00,2026-05-07 09:31:13
2026-04-02,2026-04-02 10:45:00,2026-04-02 10:55:00,OG,Backtest,AdxDiCrossBracketOG,OG_AdxDiCrossBracketOG,OG,NQ,NQ JUN26,LONG,1,24210.25,24114.75,-1914.36,-1918.72,-383.7,LOSS,STOP_HIT,24059.00,3025.00,2026-05-07 09:31:13
2026-02-11,2026-02-11 11:05:00,2026-02-11 11:10:00,OG,Backtest,AdxDiCrossBracketOG,OG_AdxDiCrossBracketOG,OG,NQ,NQ JUN26,LONG,1,25453.50,25418.25,-709.36,-713.72,-142.7,LOSS,STOP_HIT,25333.00,2410.00,2026-05-07 09:31:13
2026-03-12,2026-03-12 11:50:00,2026-03-12 11:55:00,OG,Backtest,AdxDiCrossBracketOG,OG_AdxDiCrossBracketOG,OG,NQ,NQ JUN26,LONG,1,24898.00,24865.50,-654.36,-658.72,-131.7,LOSS,STOP_HIT,24792.00,2120.00,2026-05-07 09:31:13
2026-04-02,2026-04-02 10:45:00,2026-04-02 11:25:00,OG,Backtest,AdxDiCrossBracketOG,OG_AdxDiCrossBracketOG,OG,NQ,NQ JUN26,LONG,1,24210.25,24151.25,-1184.36,-1188.72,-237.7,LOSS,STOP_HIT,24059.00,3025.00,2026-05-07 09:31:13
2026-04-07,2026-04-07 11:40:00,2026-04-07 12:00:00,OG,Backtest,AdxDiCrossBracketOG,OG_AdxDiCrossBracketOG,OG,NQ,NQ JUN26,LONG,1,24071.50,24083.00,225.64,221.28,44.3,WIN,STOP_HIT,23978.75,1855.00,2026-05-07 09:31:13
2026-04-06,2026-04-06 10:55:00,2026-04-06 11:05:00,OG,Backtest,AdxDiCrossBracketOG,OG_AdxDiCrossBracketOG,OG,NQ,NQ JUN26,SHORT,1,24269.25,24306.75,-754.36,-758.72,-151.7,LOSS,STOP_HIT,24372.75,2070.00,2026-05-07 09:31:13
2026-03-03,2026-03-03 11:25:00,2026-03-03 11:40:00,OG,Backtest,AdxDiCrossBracketOG,OG_AdxDiCrossBracketOG,OG,NQ,NQ JUN26,LONG,1,24794.50,24817.25,450.64,446.28,89.3,WIN,STOP_HIT,24654.75,2795.00,2026-05-07 09:31:13
2026-04-16,2026-04-16 10:15:00,2026-04-16 10:25:00,OG,Backtest,AdxDiCrossBracketOG,OG_AdxDiCrossBracketOG,OG,NQ,NQ JUN26,LONG,1,26347.25,26314.50,-659.36,-663.72,-132.7,LOSS,STOP_HIT,26277.00,1405.00,2026-05-07 09:31:13
2026-04-21,2026-04-21 11:05:00,2026-04-21 11:10:00,OG,Backtest,AdxDiCrossBracketOG,OG_AdxDiCrossBracketOG,OG,NQ,NQ JUN26,SHORT,1,26737.25,26667.50,1390.64,1386.28,277.3,WIN,TARGET_HIT,26806.00,1375.00,2026-05-07 09:31:13
2026-03-12,2026-03-12 11:50:00,2026-03-12 11:55:00,OG,Backtest,AdxDiCrossBracketOG,OG_AdxDiCrossBracketOG,OG,NQ,NQ JUN26,LONG,1,24898.00,24865.50,-654.36,-658.72,-131.7,LOSS,STOP_HIT,24792.00,2120.00,2026-05-07 09:31:13
2026-04-16,2026-04-16 10:15:00,2026-04-16 10:50:00,OG,Backtest,AdxDiCrossBracketOG,OG_AdxDiCrossBracketOG,OG,NQ,NQ JUN26,LONG,1,26347.25,26415.50,1360.64,1356.28,271.3,WIN,TARGET_HIT,26277.00,1405.00,2026-05-07 09:31:13
2026-05-01,2026-05-01 11:10:00,2026-05-01 11:20:00,OG,Backtest,AdxDiCrossBracketOG,OG_AdxDiCrossBracketOG,OG,NQ,NQ JUN26,SHORT,1,27795.25,27837.25,-844.36,-848.72,-169.7,LOSS,STOP_HIT,27877.50,1645.00,2026-05-07 09:31:13
2026-03-12,2026-03-12 11:50:00,2026-03-12 11:55:00,OG,Backtest,AdxDiCrossBracketOG,OG_AdxDiCrossBracketOG,OG,NQ,NQ JUN26,LONG,1,24898.00,24865.50,-654.36,-658.72,-131.7,LOSS,STOP_HIT,24792.00,2120.00,2026-05-07 09:31:13
2026-03-09,2026-03-09 10:45:00,2026-03-09 11:20:00,OG,Backtest,AdxDiCrossBracketOG,OG_AdxDiCrossBracketOG,OG,NQ,NQ JUN26,LONG,1,24692.00,24832.25,2800.64,2796.28,559.3,WIN,TARGET_HIT,24552.25,2795.00,2026-05-07 09:31:13
2026-03-19,2026-03-19 11:15:00,2026-03-19 11:25:00,OG,Backtest,AdxDiCrossBracketOG,OG_AdxDiCrossBracketOG,OG,NQ,NQ JUN26,LONG,1,24530.25,24486.25,-884.36,-888.72,-177.7,LOSS,STOP_HIT,24416.25,2280.00,2026-05-07 09:31:13
2026-04-16,2026-04-16 10:00:00,2026-04-16 10:10:00,OG,Backtest,AdxDiCrossBracketOG,OG_AdxDiCrossBracketOG,OG,NQ,NQ JUN26,SHORT,1,26282.00,26336.75,-1099.36,-1103.72,-220.7,LOSS,STOP_HIT,26345.50,1270.00,2026-05-07 09:31:13
2026-03-19,2026-03-19 11:15:00,2026-03-19 11:25:00,OG,Backtest,AdxDiCrossBracketOG,OG_AdxDiCrossBracketOG,OG,NQ,NQ JUN26,LONG,1,24530.25,24486.25,-884.36,-888.72,-177.7,LOSS,STOP_HIT,24416.25,2280.00,2026-05-07 09:31:13
2026-05-01,2026-05-01 11:10:00,2026-05-01 11:20:00,OG,Backtest,AdxDiCrossBracketOG,OG_AdxDiCrossBracketOG,OG,NQ,NQ JUN26,SHORT,1,27795.25,27837.25,-844.36,-848.72,-169.7,LOSS,STOP_HIT,27877.50,1645.00,2026-05-07 09:31:13
2026-04-21,2026-04-21 11:05:00,2026-04-21 11:10:00,OG,Backtest,AdxDiCrossBracketOG,OG_AdxDiCrossBracketOG,OG,NQ,NQ JUN26,SHORT,1,26737.25,26667.50,1390.64,1386.28,277.3,WIN,TARGET_HIT,26806.00,1375.00,2026-05-07 09:31:13
2026-03-25,2026-03-25 11:20:00,2026-03-25 11:35:00,OG,Backtest,AdxDiCrossBracketOG,OG_AdxDiCrossBracketOG,OG,NQ,NQ JUN26,SHORT,1,24386.00,24430.00,-884.36,-888.72,-177.7,LOSS,STOP_HIT,24488.75,2055.00,2026-05-07 09:31:13
2026-04-07,2026-04-07 11:40:00,2026-04-07 12:00:00,OG,Backtest,AdxDiCrossBracketOG,OG_AdxDiCrossBracketOG,OG,NQ,NQ JUN26,LONG,1,24071.50,24083.00,225.64,221.28,44.3,WIN,STOP_HIT,23978.75,1855.00,2026-05-07 09:31:13
2026-05-01,2026-05-01 11:10:00,2026-05-01 11:20:00,OG,Backtest,AdxDiCrossBracketOG,OG_AdxDiCrossBracketOG,OG,NQ,NQ JUN26,SHORT,1,27795.25,27837.25,-844.36,-848.72,-169.7,LOSS,STOP_HIT,27877.50,1645.00,2026-05-07 09:31:13
2026-04-16,2026-04-16 10:00:00,2026-04-16 10:10:00,OG,Backtest,AdxDiCrossBracketOG,OG_AdxDiCrossBracketOG,OG,NQ,NQ JUN26,SHORT,1,26282.00,26336.75,-1099.36,-1103.72,-220.7,LOSS,STOP_HIT,26345.50,1270.00,2026-05-07 09:31:13
2026-04-07,2026-04-07 11:40:00,2026-04-07 12:00:00,OG,Backtest,AdxDiCrossBracketOG,OG_AdxDiCrossBracketOG,OG,NQ,NQ JUN26,LONG,1,24071.50,24083.00,225.64,221.28,44.3,WIN,STOP_HIT,23978.75,1855.00,2026-05-07 09:31:13
2026-01-06,2026-01-06 11:00:00,2026-01-06 11:10:00,OG,Backtest,AdxDiCrossBracketOG,OG_AdxDiCrossBracketOG,OG,NQ,NQ JUN26,SHORT,1,25909.25,25852.00,1140.64,1136.28,227.3,WIN,TARGET_HIT,25967.00,1155.00,2026-05-07 09:31:13
2026-04-16,2026-04-16 10:00:00,2026-04-16 10:10:00,OG,Backtest,AdxDiCrossBracketOG,OG_AdxDiCrossBracketOG,OG,NQ,NQ JUN26,SHORT,1,26282.00,26346.00,-1284.36,-1288.72,-257.7,LOSS,STOP_HIT,26345.50,1270.00,2026-05-07 09:31:13
2026-05-01,2026-05-01 11:10:00,2026-05-01 11:20:00,OG,Backtest,AdxDiCrossBracketOG,OG_AdxDiCrossBracketOG,OG,NQ,NQ JUN26,SHORT,1,27795.25,27837.25,-844.36,-848.72,-169.7,LOSS,STOP_HIT,27877.50,1645.00,2026-05-07 09:31:13
2026-04-16,2026-04-16 10:15:00,2026-04-16 10:50:00,OG,Backtest,AdxDiCrossBracketOG,OG_AdxDiCrossBracketOG,OG,NQ,NQ JUN26,LONG,1,26347.25,26415.50,1360.64,1356.28,271.3,WIN,TARGET_HIT,26277.00,1405.00,2026-05-07 09:31:13
2026-01-16,2026-01-16 11:30:00,2026-01-16 11:35:00,OG,Backtest,AdxDiCrossBracketOG,OG_AdxDiCrossBracketOG,OG,NQ,NQ JUN26,LONG,1,25911.50,25925.25,270.64,266.28,53.3,WIN,STOP_HIT,25839.25,1445.00,2026-05-07 09:31:13
2026-04-21,2026-04-21 11:05:00,2026-04-21 11:10:00,OG,Backtest,AdxDiCrossBracketOG,OG_AdxDiCrossBracketOG,OG,NQ,NQ JUN26,SHORT,1,26737.25,26667.50,1390.64,1386.28,277.3,WIN,TARGET_HIT,26806.00,1375.00,2026-05-07 09:31:13
2026-01-21,2026-01-21 11:45:00,2026-01-21 11:55:00,OG,Backtest,AdxDiCrossBracketOG,OG_AdxDiCrossBracketOG,OG,NQ,NQ JUN26,SHORT,1,25543.75,25467.25,1525.64,1521.28,304.3,WIN,TARGET_HIT,25620.75,1540.00,2026-05-07 09:31:13
2026-05-01,2026-05-01 11:10:00,2026-05-01 11:20:00,OG,Backtest,AdxDiCrossBracketOG,OG_AdxDiCrossBracketOG,OG,NQ,NQ JUN26,SHORT,1,27795.25,27837.25,-844.36,-848.72,-169.7,LOSS,STOP_HIT,27877.50,1645.00,2026-05-07 09:31:13
2026-01-28,2026-01-28 10:55:00,2026-01-28 11:05:00,OG,Backtest,AdxDiCrossBracketOG,OG_AdxDiCrossBracketOG,OG,NQ,NQ JUN26,SHORT,1,26395.25,26393.25,35.64,31.28,6.3,WIN,STOP_HIT,26461.50,1325.00,2026-05-07 09:31:13
2026-02-03,2026-02-03 09:50:00,2026-02-03 10:00:00,OG,Backtest,AdxDiCrossBracketOG,OG_AdxDiCrossBracketOG,OG,NQ,NQ JUN26,SHORT,1,25960.75,25888.75,1435.64,1431.28,286.3,WIN,TARGET_HIT,26034.25,1470.00,2026-05-07 09:31:13
2026-02-05,2026-02-05 11:40:00,2026-02-05 11:50:00,OG,Backtest,AdxDiCrossBracketOG,OG_AdxDiCrossBracketOG,OG,NQ,NQ JUN26,LONG,1,25025.50,24992.25,-669.36,-673.72,-134.7,LOSS,STOP_HIT,24851.75,3475.00,2026-05-07 09:31:13
2026-02-10,2026-02-10 09:45:00,2026-02-10 09:45:00,OG,Backtest,AdxDiCrossBracketOG,OG_AdxDiCrossBracketOG,OG,NQ,NQ JUN26,SHORT,1,25535.25,25488.50,930.64,926.28,185.3,WIN,TARGET_HIT,25583.50,965.00,2026-05-07 09:31:13
2026-01-06,2026-01-06 11:00:00,2026-01-06 11:10:00,OG,Backtest,AdxDiCrossBracketOG,OG_AdxDiCrossBracketOG,OG,NQ,NQ JUN26,SHORT,1,25909.25,25852.00,1140.64,1136.28,227.3,WIN,TARGET_HIT,25967.00,1155.00,2026-05-07 09:31:13
2026-02-11,2026-02-11 11:05:00,2026-02-11 11:10:00,OG,Backtest,AdxDiCrossBracketOG,OG_AdxDiCrossBracketOG,OG,NQ,NQ JUN26,LONG,1,25453.50,25418.25,-709.36,-713.72,-142.7,LOSS,STOP_HIT,25333.00,2410.00,2026-05-07 09:31:13
2026-01-09,2026-01-09 09:55:00,2026-01-09 10:10:00,OG,Backtest,AdxDiCrossBracketOG,OG_AdxDiCrossBracketOG,OG,NQ,NQ JUN26,SHORT,1,25913.25,25921.75,-174.36,-178.72,-35.7,LOSS,STOP_HIT,25981.00,1355.00,2026-05-07 09:31:13
2026-02-24,2026-02-24 09:50:00,2026-02-24 10:00:00,OG,Backtest,AdxDiCrossBracketOG,OG_AdxDiCrossBracketOG,OG,NQ,NQ JUN26,LONG,1,25120.50,25108.50,-244.36,-248.72,-49.7,LOSS,STOP_HIT,25043.75,1535.00,2026-05-07 09:31:13
2026-01-16,2026-01-16 11:30:00,2026-01-16 11:35:00,OG,Backtest,AdxDiCrossBracketOG,OG_AdxDiCrossBracketOG,OG,NQ,NQ JUN26,LONG,1,25911.50,25925.25,270.64,266.28,53.3,WIN,STOP_HIT,25839.25,1445.00,2026-05-07 09:31:13
2026-03-03,2026-03-03 11:25:00,2026-03-03 11:35:00,OG,Backtest,AdxDiCrossBracketOG,OG_AdxDiCrossBracketOG,OG,NQ,NQ JUN26,LONG,1,24794.50,24819.00,485.64,481.28,96.3,WIN,STOP_HIT,24654.75,2795.00,2026-05-07 09:31:13
2026-01-20,2026-01-20 10:50:00,2026-01-20 10:55:00,OG,Backtest,AdxDiCrossBracketOG,OG_AdxDiCrossBracketOG,OG,NQ,NQ JUN26,LONG,1,25598.00,25559.50,-774.36,-778.72,-155.7,LOSS,STOP_HIT,25503.75,1885.00,2026-05-07 09:31:13
2026-03-06,2026-03-06 11:10:00,2026-03-06 11:15:00,OG,Backtest,AdxDiCrossBracketOG,OG_AdxDiCrossBracketOG,OG,NQ,NQ JUN26,LONG,1,25101.50,25059.00,-854.36,-858.72,-171.7,LOSS,STOP_HIT,24975.75,2515.00,2026-05-07 09:31:13
2026-03-09,2026-03-09 10:45:00,2026-03-09 11:00:00,OG,Backtest,AdxDiCrossBracketOG,OG_AdxDiCrossBracketOG,OG,NQ,NQ JUN26,LONG,1,24692.00,24753.50,1225.64,1221.28,244.3,WIN,STOP_HIT,24552.25,2795.00,2026-05-07 09:31:13
2026-02-03,2026-02-03 09:50:00,2026-02-03 10:00:00,OG,Backtest,AdxDiCrossBracketOG,OG_AdxDiCrossBracketOG,OG,NQ,NQ JUN26,SHORT,1,25960.75,25888.75,1435.64,1431.28,286.3,WIN,TARGET_HIT,26034.25,1470.00,2026-05-07 09:31:13
2026-02-05,2026-02-05 11:40:00,2026-02-05 11:50:00,OG,Backtest,AdxDiCrossBracketOG,OG_AdxDiCrossBracketOG,OG,NQ,NQ JUN26,LONG,1,25025.50,24992.25,-669.36,-673.72,-134.7,LOSS,STOP_HIT,24851.75,3475.00,2026-05-07 09:31:13
2026-03-24,2026-03-24 11:00:00,2026-03-24 11:15:00,OG,Backtest,AdxDiCrossBracketOG,OG_AdxDiCrossBracketOG,OG,NQ,NQ JUN26,LONG,1,24281.50,24278.25,-69.36,-73.72,-14.7,LOSS,STOP_HIT,24156.00,2510.00,2026-05-07 09:31:13
2026-02-11,2026-02-11 11:05:00,2026-02-11 11:10:00,OG,Backtest,AdxDiCrossBracketOG,OG_AdxDiCrossBracketOG,OG,NQ,NQ JUN26,LONG,1,25453.50,25418.25,-709.36,-713.72,-142.7,LOSS,STOP_HIT,25333.00,2410.00,2026-05-07 09:31:13
2026-02-13,2026-02-13 10:35:00,2026-02-13 10:50:00,OG,Backtest,AdxDiCrossBracketOG,OG_AdxDiCrossBracketOG,OG,NQ,NQ JUN26,LONG,1,25058.00,24983.00,-1504.36,-1508.72,-301.7,LOSS,STOP_HIT,24917.50,2810.00,2026-05-07 09:31:13
2026-02-17,2026-02-17 11:10:00,2026-02-17 11:15:00,OG,Backtest,AdxDiCrossBracketOG,OG_AdxDiCrossBracketOG,OG,NQ,NQ JUN26,LONG,1,24861.25,24994.25,2655.64,2651.28,530.3,WIN,TARGET_HIT,24726.75,2690.00,2026-05-07 09:31:13
2026-04-07,2026-04-07 11:40:00,2026-04-07 12:00:00,OG,Backtest,AdxDiCrossBracketOG,OG_AdxDiCrossBracketOG,OG,NQ,NQ JUN26,LONG,1,24071.50,24083.00,225.64,221.28,44.3,WIN,STOP_HIT,23978.75,1855.00,2026-05-07 09:31:13
2026-02-24,2026-02-24 09:50:00,2026-02-24 10:05:00,OG,Backtest,AdxDiCrossBracketOG,OG_AdxDiCrossBracketOG,OG,NQ,NQ JUN26,LONG,1,25120.50,25043.25,-1549.36,-1553.72,-310.7,LOSS,STOP_HIT,25043.75,1535.00,2026-05-07 09:31:13
2026-04-16,2026-04-16 10:00:00,2026-04-16 10:10:00,OG,Backtest,AdxDiCrossBracketOG,OG_AdxDiCrossBracketOG,OG,NQ,NQ JUN26,SHORT,1,26282.00,26336.75,-1099.36,-1103.72,-220.7,LOSS,STOP_HIT,26345.50,1270.00,2026-05-07 09:31:13
2026-02-24,2026-02-24 10:10:00,2026-02-24 10:15:00,OG,Backtest,AdxDiCrossBracketOG,OG_AdxDiCrossBracketOG,OG,NQ,NQ JUN26,SHORT,1,25048.75,25109.25,-1214.36,-1218.72,-243.7,LOSS,STOP_HIT,25134.75,1720.00,2026-05-07 09:31:13
2026-04-16,2026-04-16 10:15:00,2026-04-16 10:25:00,OG,Backtest,AdxDiCrossBracketOG,OG_AdxDiCrossBracketOG,OG,NQ,NQ JUN26,LONG,1,26347.25,26314.50,-659.36,-663.72,-132.7,LOSS,STOP_HIT,26277.00,1405.00,2026-05-07 09:31:13
2026-03-03,2026-03-03 11:25:00,2026-03-03 11:40:00,OG,Backtest,AdxDiCrossBracketOG,OG_AdxDiCrossBracketOG,OG,NQ,NQ JUN26,LONG,1,24794.50,24817.25,450.64,446.28,89.3,WIN,STOP_HIT,24654.75,2795.00,2026-05-07 09:31:13
2026-04-21,2026-04-21 11:05:00,2026-04-21 11:10:00,OG,Backtest,AdxDiCrossBracketOG,OG_AdxDiCrossBracketOG,OG,NQ,NQ JUN26,SHORT,1,26737.25,26667.50,1390.64,1386.28,277.3,WIN,TARGET_HIT,26806.00,1375.00,2026-05-07 09:31:13
2026-03-06,2026-03-06 11:10:00,2026-03-06 11:15:00,OG,Backtest,AdxDiCrossBracketOG,OG_AdxDiCrossBracketOG,OG,NQ,NQ JUN26,LONG,1,25101.50,25059.00,-854.36,-858.72,-171.7,LOSS,STOP_HIT,24975.75,2515.00,2026-05-07 09:31:13
2026-03-09,2026-03-09 10:45:00,2026-03-09 11:20:00,OG,Backtest,AdxDiCrossBracketOG,OG_AdxDiCrossBracketOG,OG,NQ,NQ JUN26,LONG,1,24692.00,24832.25,2800.64,2796.28,559.3,WIN,TARGET_HIT,24552.25,2795.00,2026-05-07 09:31:13
2026-03-12,2026-03-12 11:50:00,2026-03-12 11:55:00,OG,Backtest,AdxDiCrossBracketOG,OG_AdxDiCrossBracketOG,OG,NQ,NQ JUN26,LONG,1,24898.00,24865.50,-654.36,-658.72,-131.7,LOSS,STOP_HIT,24792.00,2120.00,2026-05-07 09:31:13
2026-03-19,2026-03-19 11:15:00,2026-03-19 11:25:00,OG,Backtest,AdxDiCrossBracketOG,OG_AdxDiCrossBracketOG,OG,NQ,NQ JUN26,LONG,1,24530.25,24486.25,-884.36,-888.72,-177.7,LOSS,STOP_HIT,24416.25,2280.00,2026-05-07 09:31:13
2026-01-07,2026-01-07 09:50:00,2026-01-07 10:00:00,OG,Backtest,AdxDiCrossBracketOG,OG_AdxDiCrossBracketOG,OG,NQ,NQ JUN26,LONG,1,26063.75,26063.00,-19.36,-23.72,-4.7,LOSS,STOP_HIT,26030.75,660.00,2026-05-07 09:31:13
2026-03-24,2026-03-24 11:00:00,2026-03-24 11:35:00,OG,Backtest,AdxDiCrossBracketOG,OG_AdxDiCrossBracketOG,OG,NQ,NQ JUN26,LONG,1,24281.50,24304.75,460.64,456.28,91.3,WIN,STOP_HIT,24156.00,2510.00,2026-05-07 09:31:13
2026-01-09,2026-01-09 09:55:00,2026-01-09 10:10:00,OG,Backtest,AdxDiCrossBracketOG,OG_AdxDiCrossBracketOG,OG,NQ,NQ JUN26,SHORT,1,25913.25,25921.75,-174.36,-178.72,-35.7,LOSS,STOP_HIT,25981.00,1355.00,2026-05-07 09:31:13
2026-03-27,2026-03-27 11:40:00,2026-03-27 12:00:00,OG,Backtest,AdxDiCrossBracketOG,OG_AdxDiCrossBracketOG,OG,NQ,NQ JUN26,LONG,1,23597.00,23559.75,-749.36,-753.72,-150.7,LOSS,STOP_HIT,23486.50,2210.00,2026-05-07 09:31:13
2026-01-16,2026-01-16 11:30:00,2026-01-16 11:35:00,OG,Backtest,AdxDiCrossBracketOG,OG_AdxDiCrossBracketOG,OG,NQ,NQ JUN26,LONG,1,25911.50,25925.25,270.64,266.28,53.3,WIN,STOP_HIT,25839.25,1445.00,2026-05-07 09:31:13
2026-04-02,2026-04-02 10:45:00,2026-04-02 11:25:00,OG,Backtest,AdxDiCrossBracketOG,OG_AdxDiCrossBracketOG,OG,NQ,NQ JUN26,LONG,1,24210.25,24121.00,-1789.36,-1793.72,-358.7,LOSS,STOP_HIT,24059.00,3025.00,2026-05-07 09:31:13
2026-01-20,2026-01-20 10:50:00,2026-01-20 10:55:00,OG,Backtest,AdxDiCrossBracketOG,OG_AdxDiCrossBracketOG,OG,NQ,NQ JUN26,LONG,1,25598.00,25559.50,-774.36,-778.72,-155.7,LOSS,STOP_HIT,25503.75,1885.00,2026-05-07 09:31:13
2026-01-06,2026-01-06 11:00:00,2026-01-06 11:10:00,OG,Backtest,AdxDiCrossBracketOG,OG_AdxDiCrossBracketOG,OG,NQ,NQ JUN26,SHORT,1,25909.25,25852.00,1140.64,1136.28,227.3,WIN,TARGET_HIT,25967.00,1155.00,2026-05-07 09:31:13
2026-01-21,2026-01-21 11:45:00,2026-01-21 11:55:00,OG,Backtest,AdxDiCrossBracketOG,OG_AdxDiCrossBracketOG,OG,NQ,NQ JUN26,SHORT,1,25543.75,25467.25,1525.64,1521.28,304.3,WIN,TARGET_HIT,25620.75,1540.00,2026-05-07 09:31:13
2026-01-09,2026-01-09 09:45:00,2026-01-09 09:50:00,OG,Backtest,AdxDiCrossBracketOG,OG_AdxDiCrossBracketOG,OG,NQ,NQ JUN26,LONG,1,25965.00,25910.75,-1089.36,-1093.72,-218.7,LOSS,STOP_HIT,25911.25,1075.00,2026-05-07 09:31:13
2026-01-28,2026-01-28 10:55:00,2026-01-28 11:10:00,OG,Backtest,AdxDiCrossBracketOG,OG_AdxDiCrossBracketOG,OG,NQ,NQ JUN26,SHORT,1,26395.25,26395.25,-4.36,-8.72,-1.7,LOSS,STOP_HIT,26461.50,1325.00,2026-05-07 09:31:13
2026-04-21,2026-04-21 11:05:00,2026-04-21 11:10:00,OG,Backtest,AdxDiCrossBracketOG,OG_AdxDiCrossBracketOG,OG,NQ,NQ JUN26,SHORT,1,26737.25,26667.50,1390.64,1386.28,277.3,WIN,TARGET_HIT,26806.00,1375.00,2026-05-07 09:31:13
2026-01-20,2026-01-20 10:50:00,2026-01-20 10:55:00,OG,Backtest,AdxDiCrossBracketOG,OG_AdxDiCrossBracketOG,OG,NQ,NQ JUN26,LONG,1,25598.00,25559.50,-774.36,-778.72,-155.7,LOSS,STOP_HIT,25503.75,1885.00,2026-05-07 09:31:13
2026-02-10,2026-02-10 09:45:00,2026-02-10 09:45:00,OG,Backtest,AdxDiCrossBracketOG,OG_AdxDiCrossBracketOG,OG,NQ,NQ JUN26,SHORT,1,25535.25,25488.50,930.64,926.28,185.3,WIN,TARGET_HIT,25583.50,965.00,2026-05-07 09:31:13
2026-01-09,2026-01-09 09:45:00,2026-01-09 09:50:00,OG,Backtest,AdxDiCrossBracketOG,OG_AdxDiCrossBracketOG,OG,NQ,NQ JUN26,LONG,1,25965.00,25910.75,-1089.36,-1093.72,-218.7,LOSS,STOP_HIT,25911.25,1075.00,2026-05-07 09:31:13
2026-05-01,2026-05-01 11:10:00,2026-05-01 11:20:00,OG,Backtest,AdxDiCrossBracketOG,OG_AdxDiCrossBracketOG,OG,NQ,NQ JUN26,SHORT,1,27795.25,27837.25,-844.36,-848.72,-169.7,LOSS,STOP_HIT,27877.50,1645.00,2026-05-07 09:31:13
2026-02-11,2026-02-11 11:05:00,2026-02-11 11:10:00,OG,Backtest,AdxDiCrossBracketOG,OG_AdxDiCrossBracketOG,OG,NQ,NQ JUN26,LONG,1,25453.50,25418.25,-709.36,-713.72,-142.7,LOSS,STOP_HIT,25333.00,2410.00,2026-05-07 09:31:13
2026-02-03,2026-02-03 09:50:00,2026-02-03 10:00:00,OG,Backtest,AdxDiCrossBracketOG,OG_AdxDiCrossBracketOG,OG,NQ,NQ JUN26,SHORT,1,25960.75,25888.75,1435.64,1431.28,286.3,WIN,TARGET_HIT,26034.25,1470.00,2026-05-07 09:31:13
2026-01-20,2026-01-20 10:50:00,2026-01-20 10:55:00,OG,Backtest,AdxDiCrossBracketOG,OG_AdxDiCrossBracketOG,OG,NQ,NQ JUN26,LONG,1,25598.00,25559.50,-774.36,-778.72,-155.7,LOSS,STOP_HIT,25503.75,1885.00,2026-05-07 09:31:13
2026-02-10,2026-02-10 09:45:00,2026-02-10 09:45:00,OG,Backtest,AdxDiCrossBracketOG,OG_AdxDiCrossBracketOG,OG,NQ,NQ JUN26,SHORT,1,25535.25,25488.50,930.64,926.28,185.3,WIN,TARGET_HIT,25583.50,965.00,2026-05-07 09:31:13
2026-02-24,2026-02-24 10:10:00,2026-02-24 10:15:00,OG,Backtest,AdxDiCrossBracketOG,OG_AdxDiCrossBracketOG,OG,NQ,NQ JUN26,SHORT,1,25048.75,25109.25,-1214.36,-1218.72,-243.7,LOSS,STOP_HIT,25134.75,1720.00,2026-05-07 09:31:13
2026-01-07,2026-01-07 09:50:00,2026-01-07 10:00:00,OG,Backtest,AdxDiCrossBracketOG,OG_AdxDiCrossBracketOG,OG,NQ,NQ JUN26,LONG,1,26063.75,26063.00,-19.36,-23.72,-4.7,LOSS,STOP_HIT,26030.75,660.00,2026-05-07 09:31:13
2026-02-11,2026-02-11 11:05:00,2026-02-11 11:10:00,OG,Backtest,AdxDiCrossBracketOG,OG_AdxDiCrossBracketOG,OG,NQ,NQ JUN26,LONG,1,25453.50,25418.25,-709.36,-713.72,-142.7,LOSS,STOP_HIT,25333.00,2410.00,2026-05-07 09:31:13
2026-03-06,2026-03-06 11:10:00,2026-03-06 11:15:00,OG,Backtest,AdxDiCrossBracketOG,OG_AdxDiCrossBracketOG,OG,NQ,NQ JUN26,LONG,1,25101.50,25059.00,-854.36,-858.72,-171.7,LOSS,STOP_HIT,24975.75,2515.00,2026-05-07 09:31:13
2026-01-09,2026-01-09 09:55:00,2026-01-09 10:10:00,OG,Backtest,AdxDiCrossBracketOG,OG_AdxDiCrossBracketOG,OG,NQ,NQ JUN26,SHORT,1,25913.25,25921.75,-174.36,-178.72,-35.7,LOSS,STOP_HIT,25981.00,1355.00,2026-05-07 09:31:13
2026-02-17,2026-02-17 11:10:00,2026-02-17 11:15:00,OG,Backtest,AdxDiCrossBracketOG,OG_AdxDiCrossBracketOG,OG,NQ,NQ JUN26,LONG,1,24861.25,24994.25,2655.64,2651.28,530.3,WIN,TARGET_HIT,24726.75,2690.00,2026-05-07 09:31:13
2026-03-12,2026-03-12 11:50:00,2026-03-12 11:55:00,OG,Backtest,AdxDiCrossBracketOG,OG_AdxDiCrossBracketOG,OG,NQ,NQ JUN26,LONG,1,24898.00,24865.50,-654.36,-658.72,-131.7,LOSS,STOP_HIT,24792.00,2120.00,2026-05-07 09:31:13
2026-02-11,2026-02-11 11:05:00,2026-02-11 11:10:00,OG,Backtest,AdxDiCrossBracketOG,OG_AdxDiCrossBracketOG,OG,NQ,NQ JUN26,LONG,1,25453.50,25418.25,-709.36,-713.72,-142.7,LOSS,STOP_HIT,25333.00,2410.00,2026-05-07 09:31:13
2026-02-24,2026-02-24 10:10:00,2026-02-24 10:15:00,OG,Backtest,AdxDiCrossBracketOG,OG_AdxDiCrossBracketOG,OG,NQ,NQ JUN26,SHORT,1,25048.75,25109.25,-1214.36,-1218.72,-243.7,LOSS,STOP_HIT,25134.75,1720.00,2026-05-07 09:31:13
2026-01-09,2026-01-09 09:55:00,2026-01-09 10:10:00,OG,Backtest,AdxDiCrossBracketOG,OG_AdxDiCrossBracketOG,OG,NQ,NQ JUN26,SHORT,1,25913.25,25921.75,-174.36,-178.72,-35.7,LOSS,STOP_HIT,25981.00,1355.00,2026-05-07 09:31:13
2026-03-20,2026-03-20 11:30:00,2026-03-20 11:55:00,OG,Backtest,AdxDiCrossBracketOG,OG_AdxDiCrossBracketOG,OG,NQ,NQ JUN26,LONG,1,24274.25,24294.00,390.64,386.28,77.3,WIN,STOP_HIT,24165.75,2170.00,2026-05-07 09:31:13
2026-01-09,2026-01-09 09:45:00,2026-01-09 09:50:00,OG,Backtest,AdxDiCrossBracketOG,OG_AdxDiCrossBracketOG,OG,NQ,NQ JUN26,LONG,1,25965.00,25910.75,-1089.36,-1093.72,-218.7,LOSS,STOP_HIT,25911.25,1075.00,2026-05-07 09:31:13
2026-01-09,2026-01-09 09:45:00,2026-01-09 09:50:00,OG,Backtest,AdxDiCrossBracketOG,OG_AdxDiCrossBracketOG,OG,NQ,NQ JUN26,LONG,1,25965.00,25910.75,-1089.36,-1093.72,-218.7,LOSS,STOP_HIT,25911.25,1075.00,2026-05-07 09:31:13
2026-01-06,2026-01-06 11:00:00,2026-01-06 11:10:00,OG,Backtest,AdxDiCrossBracketOG,OG_AdxDiCrossBracketOG,OG,NQ,NQ JUN26,SHORT,1,25909.25,25852.00,1140.64,1136.28,227.3,WIN,TARGET_HIT,25967.00,1155.00,2026-05-07 09:31:13
2026-02-10,2026-02-10 09:45:00,2026-02-10 09:45:00,OG,Backtest,AdxDiCrossBracketOG,OG_AdxDiCrossBracketOG,OG,NQ,NQ JUN26,SHORT,1,25535.25,25488.50,930.64,926.28,185.3,WIN,TARGET_HIT,25583.50,965.00,2026-05-07 09:31:13
2026-03-12,2026-03-12 11:50:00,2026-03-12 11:55:00,OG,Backtest,AdxDiCrossBracketOG,OG_AdxDiCrossBracketOG,OG,NQ,NQ JUN26,LONG,1,24898.00,24865.50,-654.36,-658.72,-131.7,LOSS,STOP_HIT,24792.00,2120.00,2026-05-07 09:31:13
2026-01-16,2026-01-16 11:30:00,2026-01-16 11:35:00,OG,Backtest,AdxDiCrossBracketOG,OG_AdxDiCrossBracketOG,OG,NQ,NQ JUN26,LONG,1,25911.50,25925.25,270.64,266.28,53.3,WIN,STOP_HIT,25839.25,1445.00,2026-05-07 09:31:13
2026-01-06,2026-01-06 11:00:00,2026-01-06 11:10:00,OG,Backtest,AdxDiCrossBracketOG,OG_AdxDiCrossBracketOG,OG,NQ,NQ JUN26,SHORT,1,25909.25,25852.00,1140.64,1136.28,227.3,WIN,TARGET_HIT,25967.00,1155.00,2026-05-07 09:31:13
2026-03-09,2026-03-09 10:45:00,2026-03-09 11:20:00,OG,Backtest,AdxDiCrossBracketOG,OG_AdxDiCrossBracketOG,OG,NQ,NQ JUN26,LONG,1,24692.00,24832.25,2800.64,2796.28,559.3,WIN,TARGET_HIT,24552.25,2795.00,2026-05-07 09:31:13
2026-01-21,2026-01-21 11:45:00,2026-01-21 11:55:00,OG,Backtest,AdxDiCrossBracketOG,OG_AdxDiCrossBracketOG,OG,NQ,NQ JUN26,SHORT,1,25543.75,25467.25,1525.64,1521.28,304.3,WIN,TARGET_HIT,25620.75,1540.00,2026-05-07 09:31:13
2026-01-16,2026-01-16 11:30:00,2026-01-16 11:35:00,OG,Backtest,AdxDiCrossBracketOG,OG_AdxDiCrossBracketOG,OG,NQ,NQ JUN26,LONG,1,25911.50,25925.25,270.64,266.28,53.3,WIN,STOP_HIT,25839.25,1445.00,2026-05-07 09:31:13
2026-01-28,2026-01-28 10:55:00,2026-01-28 11:15:00,OG,Backtest,AdxDiCrossBracketOG,OG_AdxDiCrossBracketOG,OG,NQ,NQ JUN26,SHORT,1,26395.25,26395.00,0.64,-3.72,-0.7,LOSS,STOP_HIT,26461.50,1325.00,2026-05-07 09:31:13
2026-01-28,2026-01-28 10:55:00,2026-01-28 11:15:00,OG,Backtest,AdxDiCrossBracketOG,OG_AdxDiCrossBracketOG,OG,NQ,NQ JUN26,SHORT,1,26395.25,26395.00,0.64,-3.72,-0.7,LOSS,STOP_HIT,26461.50,1325.00,2026-05-07 09:31:13
2026-02-10,2026-02-10 09:45:00,2026-02-10 09:45:00,OG,Backtest,AdxDiCrossBracketOG,OG_AdxDiCrossBracketOG,OG,NQ,NQ JUN26,SHORT,1,25535.25,25488.50,930.64,926.28,185.3,WIN,TARGET_HIT,25583.50,965.00,2026-05-07 09:31:13
2026-03-20,2026-03-20 11:30:00,2026-03-20 11:55:00,OG,Backtest,AdxDiCrossBracketOG,OG_AdxDiCrossBracketOG,OG,NQ,NQ JUN26,LONG,1,24274.25,24294.00,390.64,386.28,77.3,WIN,STOP_HIT,24165.75,2170.00,2026-05-07 09:31:13
2026-01-09,2026-01-09 09:55:00,2026-01-09 10:05:00,OG,Backtest,AdxDiCrossBracketOG,OG_AdxDiCrossBracketOG,OG,NQ,NQ JUN26,SHORT,1,25913.25,25956.50,-869.36,-873.72,-174.7,LOSS,STOP_HIT,25981.00,1355.00,2026-05-07 09:31:13
2026-02-10,2026-02-10 09:45:00,2026-02-10 09:45:00,OG,Backtest,AdxDiCrossBracketOG,OG_AdxDiCrossBracketOG,OG,NQ,NQ JUN26,SHORT,1,25535.25,25488.50,930.64,926.28,185.3,WIN,TARGET_HIT,25583.50,965.00,2026-05-07 09:31:13
2026-02-11,2026-02-11 11:05:00,2026-02-11 11:10:00,OG,Backtest,AdxDiCrossBracketOG,OG_AdxDiCrossBracketOG,OG,NQ,NQ JUN26,LONG,1,25453.50,25418.25,-709.36,-713.72,-142.7,LOSS,STOP_HIT,25333.00,2410.00,2026-05-07 09:31:13
2026-02-17,2026-02-17 11:10:00,2026-02-17 11:15:00,OG,Backtest,AdxDiCrossBracketOG,OG_AdxDiCrossBracketOG,OG,NQ,NQ JUN26,LONG,1,24861.25,24994.25,2655.64,2651.28,530.3,WIN,TARGET_HIT,24726.75,2690.00,2026-05-07 09:31:13
2026-03-12,2026-03-12 11:50:00,2026-03-12 11:55:00,OG,Backtest,AdxDiCrossBracketOG,OG_AdxDiCrossBracketOG,OG,NQ,NQ JUN26,LONG,1,24898.00,24865.50,-654.36,-658.72,-131.7,LOSS,STOP_HIT,24792.00,2120.00,2026-05-07 09:31:13
2026-02-11,2026-02-11 11:05:00,2026-02-11 11:10:00,OG,Backtest,AdxDiCrossBracketOG,OG_AdxDiCrossBracketOG,OG,NQ,NQ JUN26,LONG,1,25453.50,25418.25,-709.36,-713.72,-142.7,LOSS,STOP_HIT,25333.00,2410.00,2026-05-07 09:31:13
2026-02-10,2026-02-10 09:45:00,2026-02-10 09:45:00,OG,Backtest,AdxDiCrossBracketOG,OG_AdxDiCrossBracketOG,OG,NQ,NQ JUN26,SHORT,1,25535.25,25488.50,930.64,926.28,185.3,WIN,TARGET_HIT,25583.50,965.00,2026-05-07 09:31:13
2026-02-24,2026-02-24 10:10:00,2026-02-24 10:15:00,OG,Backtest,AdxDiCrossBracketOG,OG_AdxDiCrossBracketOG,OG,NQ,NQ JUN26,SHORT,1,25048.75,25109.25,-1214.36,-1218.72,-243.7,LOSS,STOP_HIT,25134.75,1720.00,2026-05-07 09:31:13
2026-01-16,2026-01-16 11:30:00,2026-01-16 11:35:00,OG,Backtest,AdxDiCrossBracketOG,OG_AdxDiCrossBracketOG,OG,NQ,NQ JUN26,LONG,1,25911.50,25925.25,270.64,266.28,53.3,WIN,STOP_HIT,25839.25,1445.00,2026-05-07 09:31:13
2026-03-27,2026-03-27 11:40:00,2026-03-27 12:00:00,OG,Backtest,AdxDiCrossBracketOG,OG_AdxDiCrossBracketOG,OG,NQ,NQ JUN26,LONG,1,23597.00,23559.75,-749.36,-753.72,-150.7,LOSS,STOP_HIT,23486.50,2210.00,2026-05-07 09:31:13
2026-04-16,2026-04-16 10:15:00,2026-04-16 10:50:00,OG,Backtest,AdxDiCrossBracketOG,OG_AdxDiCrossBracketOG,OG,NQ,NQ JUN26,LONG,1,26347.25,26415.50,1360.64,1356.28,271.3,WIN,TARGET_HIT,26277.00,1405.00,2026-05-07 09:31:13
2026-03-09,2026-03-09 10:45:00,2026-03-09 11:20:00,OG,Backtest,AdxDiCrossBracketOG,OG_AdxDiCrossBracketOG,OG,NQ,NQ JUN26,LONG,1,24692.00,24832.25,2800.64,2796.28,559.3,WIN,TARGET_HIT,24552.25,2795.00,2026-05-07 09:31:13
2026-04-02,2026-04-02 10:45:00,2026-04-02 11:25:00,OG,Backtest,AdxDiCrossBracketOG,OG_AdxDiCrossBracketOG,OG,NQ,NQ JUN26,LONG,1,24210.25,24151.25,-1184.36,-1188.72,-237.7,LOSS,STOP_HIT,24059.00,3025.00,2026-05-07 09:31:13
2026-04-02,2026-04-02 10:45:00,2026-04-02 10:55:00,OG,Backtest,AdxDiCrossBracketOG,OG_AdxDiCrossBracketOG,OG,NQ,NQ JUN26,LONG,1,24210.25,24114.75,-1914.36,-1918.72,-383.7,LOSS,STOP_HIT,24059.00,3025.00,2026-05-07 09:31:13
2026-05-01,2026-05-01 11:10:00,2026-05-01 11:20:00,OG,Backtest,AdxDiCrossBracketOG,OG_AdxDiCrossBracketOG,OG,NQ,NQ JUN26,SHORT,1,27795.25,27837.25,-844.36,-848.72,-169.7,LOSS,STOP_HIT,27877.50,1645.00,2026-05-07 09:31:13
2026-02-13,2026-02-13 10:35:00,2026-02-13 10:45:00,OG,Backtest,AdxDiCrossBracketOG,OG_AdxDiCrossBracketOG,OG,NQ,NQ JUN26,LONG,1,25058.00,25033.25,-499.36,-503.72,-100.7,LOSS,STOP_HIT,24917.50,2810.00,2026-05-07 09:31:13
2026-02-05,2026-02-05 11:40:00,2026-02-05 11:50:00,OG,Backtest,AdxDiCrossBracketOG,OG_AdxDiCrossBracketOG,OG,NQ,NQ JUN26,LONG,1,25025.50,24992.25,-669.36,-673.72,-134.7,LOSS,STOP_HIT,24851.75,3475.00,2026-05-07 09:31:13
2026-04-02,2026-04-02 10:45:00,2026-04-02 11:25:00,OG,Backtest,AdxDiCrossBracketOG,OG_AdxDiCrossBracketOG,OG,NQ,NQ JUN26,LONG,1,24210.25,24121.00,-1789.36,-1793.72,-358.7,LOSS,STOP_HIT,24059.00,3025.00,2026-05-07 09:31:13
2026-03-24,2026-03-24 11:00:00,2026-03-24 11:35:00,OG,Backtest,AdxDiCrossBracketOG,OG_AdxDiCrossBracketOG,OG,NQ,NQ JUN26,LONG,1,24281.50,24311.75,600.64,596.28,119.3,WIN,STOP_HIT,24156.00,2510.00,2026-05-07 09:31:13
2026-03-20,2026-03-20 11:30:00,2026-03-20 11:55:00,OG,Backtest,AdxDiCrossBracketOG,OG_AdxDiCrossBracketOG,OG,NQ,NQ JUN26,LONG,1,24274.25,24294.00,390.64,386.28,77.3,WIN,STOP_HIT,24165.75,2170.00,2026-05-07 09:31:13
2026-02-24,2026-02-24 10:10:00,2026-02-24 10:15:00,OG,Backtest,AdxDiCrossBracketOG,OG_AdxDiCrossBracketOG,OG,NQ,NQ JUN26,SHORT,1,25048.75,25109.25,-1214.36,-1218.72,-243.7,LOSS,STOP_HIT,25134.75,1720.00,2026-05-07 09:31:13
2026-03-20,2026-03-20 11:30:00,2026-03-20 11:55:00,OG,Backtest,AdxDiCrossBracketOG,OG_AdxDiCrossBracketOG,OG,NQ,NQ JUN26,LONG,1,24274.25,24294.00,390.64,386.28,77.3,WIN,STOP_HIT,24165.75,2170.00,2026-05-07 09:31:13
2026-04-16,2026-04-16 10:15:00,2026-04-16 10:50:00,OG,Backtest,AdxDiCrossBracketOG,OG_AdxDiCrossBracketOG,OG,NQ,NQ JUN26,LONG,1,26347.25,26415.50,1360.64,1356.28,271.3,WIN,TARGET_HIT,26277.00,1405.00,2026-05-07 09:31:13
2026-04-02,2026-04-02 10:45:00,2026-04-02 10:55:00,OG,Backtest,AdxDiCrossBracketOG,OG_AdxDiCrossBracketOG,OG,NQ,NQ JUN26,LONG,1,24210.25,24114.75,-1914.36,-1918.72,-383.7,LOSS,STOP_HIT,24059.00,3025.00,2026-05-07 09:31:13
2026-02-24,2026-02-24 09:50:00,2026-02-24 10:05:00,OG,Backtest,AdxDiCrossBracketOG,OG_AdxDiCrossBracketOG,OG,NQ,NQ JUN26,LONG,1,25120.50,25043.25,-1549.36,-1553.72,-310.7,LOSS,STOP_HIT,25043.75,1535.00,2026-05-07 09:31:13
2026-04-21,2026-04-21 11:05:00,2026-04-21 11:10:00,OG,Backtest,AdxDiCrossBracketOG,OG_AdxDiCrossBracketOG,OG,NQ,NQ JUN26,SHORT,1,26737.25,26667.50,1390.64,1386.28,277.3,WIN,TARGET_HIT,26806.00,1375.00,2026-05-07 09:31:13
2026-04-06,2026-04-06 10:55:00,2026-04-06 11:05:00,OG,Backtest,AdxDiCrossBracketOG,OG_AdxDiCrossBracketOG,OG,NQ,NQ JUN26,SHORT,1,24269.25,24306.75,-754.36,-758.72,-151.7,LOSS,STOP_HIT,24372.75,2070.00,2026-05-07 09:31:13
2026-04-16,2026-04-16 10:00:00,2026-04-16 10:10:00,OG,Backtest,AdxDiCrossBracketOG,OG_AdxDiCrossBracketOG,OG,NQ,NQ JUN26,SHORT,1,26282.00,26346.00,-1284.36,-1288.72,-257.7,LOSS,STOP_HIT,26345.50,1270.00,2026-05-07 09:31:13
2026-04-07,2026-04-07 11:40:00,2026-04-07 12:00:00,OG,Backtest,AdxDiCrossBracketOG,OG_AdxDiCrossBracketOG,OG,NQ,NQ JUN26,LONG,1,24071.50,24083.00,225.64,221.28,44.3,WIN,STOP_HIT,23978.75,1855.00,2026-05-07 09:31:13
2026-04-06,2026-04-06 10:55:00,2026-04-06 11:05:00,OG,Backtest,AdxDiCrossBracketOG,OG_AdxDiCrossBracketOG,OG,NQ,NQ JUN26,SHORT,1,24269.25,24306.75,-754.36,-758.72,-151.7,LOSS,STOP_HIT,24372.75,2070.00,2026-05-07 09:31:13
2026-04-16,2026-04-16 10:15:00,2026-04-16 10:25:00,OG,Backtest,AdxDiCrossBracketOG,OG_AdxDiCrossBracketOG,OG,NQ,NQ JUN26,LONG,1,26347.25,26314.50,-659.36,-663.72,-132.7,LOSS,STOP_HIT,26277.00,1405.00,2026-05-07 09:31:13
2026-04-16,2026-04-16 10:00:00,2026-04-16 10:10:00,OG,Backtest,AdxDiCrossBracketOG,OG_AdxDiCrossBracketOG,OG,NQ,NQ JUN26,SHORT,1,26282.00,26346.00,-1284.36,-1288.72,-257.7,LOSS,STOP_HIT,26345.50,1270.00,2026-05-07 09:31:13
2026-04-21,2026-04-21 11:05:00,2026-04-21 11:10:00,OG,Backtest,AdxDiCrossBracketOG,OG_AdxDiCrossBracketOG,OG,NQ,NQ JUN26,SHORT,1,26737.25,26667.50,1390.64,1386.28,277.3,WIN,TARGET_HIT,26806.00,1375.00,2026-05-07 09:31:13
2026-04-16,2026-04-16 10:15:00,2026-04-16 10:50:00,OG,Backtest,AdxDiCrossBracketOG,OG_AdxDiCrossBracketOG,OG,NQ,NQ JUN26,LONG,1,26347.25,26415.50,1360.64,1356.28,271.3,WIN,TARGET_HIT,26277.00,1405.00,2026-05-07 09:31:13
2026-03-25,2026-03-25 11:20:00,2026-03-25 11:30:00,OG,Backtest,AdxDiCrossBracketOG,OG_AdxDiCrossBracketOG,OG,NQ,NQ JUN26,SHORT,1,24386.00,24410.75,-499.36,-503.72,-100.7,LOSS,STOP_HIT,24488.75,2055.00,2026-05-07 09:31:13
2026-04-16,2026-04-16 10:15:00,2026-04-16 10:50:00,OG,Backtest,AdxDiCrossBracketOG,OG_AdxDiCrossBracketOG,OG,NQ,NQ JUN26,LONG,1,26347.25,26415.50,1360.64,1356.28,271.3,WIN,TARGET_HIT,26277.00,1405.00,2026-05-07 09:31:13
2026-05-01,2026-05-01 11:10:00,2026-05-01 11:20:00,OG,Backtest,AdxDiCrossBracketOG,OG_AdxDiCrossBracketOG,OG,NQ,NQ JUN26,SHORT,1,27795.25,27837.25,-844.36,-848.72,-169.7,LOSS,STOP_HIT,27877.50,1645.00,2026-05-07 09:31:13
2026-01-07,2026-01-07 09:50:00,2026-01-07 10:00:00,OG,Backtest,AdxDiCrossBracketOG,OG_AdxDiCrossBracketOG,OG,NQ,NQ JUN26,LONG,1,26063.75,26063.00,-19.36,-23.72,-4.7,LOSS,STOP_HIT,26030.75,660.00,2026-05-07 09:31:13
2026-04-06,2026-04-06 10:55:00,2026-04-06 11:05:00,OG,Backtest,AdxDiCrossBracketOG,OG_AdxDiCrossBracketOG,OG,NQ,NQ JUN26,SHORT,1,24269.25,24306.75,-754.36,-758.72,-151.7,LOSS,STOP_HIT,24372.75,2070.00,2026-05-07 09:31:13
2026-01-09,2026-01-09 09:55:00,2026-01-09 10:10:00,OG,Backtest,AdxDiCrossBracketOG,OG_AdxDiCrossBracketOG,OG,NQ,NQ JUN26,SHORT,1,25913.25,25921.75,-174.36,-178.72,-35.7,LOSS,STOP_HIT,25981.00,1355.00,2026-05-07 09:31:13
2026-04-07,2026-04-07 11:40:00,2026-04-07 12:00:00,OG,Backtest,AdxDiCrossBracketOG,OG_AdxDiCrossBracketOG,OG,NQ,NQ JUN26,LONG,1,24071.50,24083.00,225.64,221.28,44.3,WIN,STOP_HIT,23978.75,1855.00,2026-05-07 09:31:13
2026-01-16,2026-01-16 11:30:00,2026-01-16 11:35:00,OG,Backtest,AdxDiCrossBracketOG,OG_AdxDiCrossBracketOG,OG,NQ,NQ JUN26,LONG,1,25911.50,25925.25,270.64,266.28,53.3,WIN,STOP_HIT,25839.25,1445.00,2026-05-07 09:31:13
2026-04-16,2026-04-16 10:15:00,2026-04-16 10:25:00,OG,Backtest,AdxDiCrossBracketOG,OG_AdxDiCrossBracketOG,OG,NQ,NQ JUN26,LONG,1,26347.25,26314.50,-659.36,-663.72,-132.7,LOSS,STOP_HIT,26277.00,1405.00,2026-05-07 09:31:13
2026-01-21,2026-01-21 11:45:00,2026-01-21 11:55:00,OG,Backtest,AdxDiCrossBracketOG,OG_AdxDiCrossBracketOG,OG,NQ,NQ JUN26,SHORT,1,25543.75,25467.25,1525.64,1521.28,304.3,WIN,TARGET_HIT,25620.75,1540.00,2026-05-07 09:31:13
2026-05-01,2026-05-01 11:10:00,2026-05-01 11:20:00,OG,Backtest,AdxDiCrossBracketOG,OG_AdxDiCrossBracketOG,OG,NQ,NQ JUN26,SHORT,1,27795.25,27837.25,-844.36,-848.72,-169.7,LOSS,STOP_HIT,27877.50,1645.00,2026-05-07 09:31:13
2026-05-01,2026-05-01 11:10:00,2026-05-01 11:20:00,OG,Backtest,AdxDiCrossBracketOG,OG_AdxDiCrossBracketOG,OG,NQ,NQ JUN26,SHORT,1,27795.25,27837.25,-844.36,-848.72,-169.7,LOSS,STOP_HIT,27877.50,1645.00,2026-05-07 09:31:13
2026-02-03,2026-02-03 09:50:00,2026-02-03 10:00:00,OG,Backtest,AdxDiCrossBracketOG,OG_AdxDiCrossBracketOG,OG,NQ,NQ JUN26,SHORT,1,25960.75,25888.75,1435.64,1431.28,286.3,WIN,TARGET_HIT,26034.25,1470.00,2026-05-07 09:31:13
2026-02-05,2026-02-05 11:40:00,2026-02-05 11:50:00,OG,Backtest,AdxDiCrossBracketOG,OG_AdxDiCrossBracketOG,OG,NQ,NQ JUN26,LONG,1,25025.50,24992.25,-669.36,-673.72,-134.7,LOSS,STOP_HIT,24851.75,3475.00,2026-05-07 09:31:13
2026-02-10,2026-02-10 09:45:00,2026-02-10 09:45:00,OG,Backtest,AdxDiCrossBracketOG,OG_AdxDiCrossBracketOG,OG,NQ,NQ JUN26,SHORT,1,25535.25,25488.50,930.64,926.28,185.3,WIN,TARGET_HIT,25583.50,965.00,2026-05-07 09:31:13
2026-02-11,2026-02-11 10:20:00,2026-02-11 10:25:00,OG,Backtest,AdxDiCrossBracketOG,OG_AdxDiCrossBracketOG,OG,NQ,NQ JUN26,SHORT,1,25396.00,25293.75,2040.64,2036.28,407.3,WIN,TARGET_HIT,25500.25,2085.00,2026-05-07 09:31:13
2026-02-11,2026-02-11 11:05:00,2026-02-11 11:10:00,OG,Backtest,AdxDiCrossBracketOG,OG_AdxDiCrossBracketOG,OG,NQ,NQ JUN26,LONG,1,25453.50,25418.25,-709.36,-713.72,-142.7,LOSS,STOP_HIT,25333.00,2410.00,2026-05-07 09:31:13
2026-02-13,2026-02-13 10:35:00,2026-02-13 10:50:00,OG,Backtest,AdxDiCrossBracketOG,OG_AdxDiCrossBracketOG,OG,NQ,NQ JUN26,LONG,1,25058.00,24983.00,-1504.36,-1508.72,-301.7,LOSS,STOP_HIT,24917.50,2810.00,2026-05-07 09:31:13
2026-02-17,2026-02-17 11:10:00,2026-02-17 11:15:00,OG,Backtest,AdxDiCrossBracketOG,OG_AdxDiCrossBracketOG,OG,NQ,NQ JUN26,LONG,1,24861.25,24994.25,2655.64,2651.28,530.3,WIN,TARGET_HIT,24726.75,2690.00,2026-05-07 09:31:13
2026-02-24,2026-02-24 09:50:00,2026-02-24 10:05:00,OG,Backtest,AdxDiCrossBracketOG,OG_AdxDiCrossBracketOG,OG,NQ,NQ JUN26,LONG,1,25120.50,25043.25,-1549.36,-1553.72,-310.7,LOSS,STOP_HIT,25043.75,1535.00,2026-05-07 09:31:13
2026-02-24,2026-02-24 10:10:00,2026-02-24 10:15:00,OG,Backtest,AdxDiCrossBracketOG,OG_AdxDiCrossBracketOG,OG,NQ,NQ JUN26,SHORT,1,25048.75,25109.25,-1214.36,-1218.72,-243.7,LOSS,STOP_HIT,25134.75,1720.00,2026-05-07 09:31:13
2026-03-03,2026-03-03 11:25:00,2026-03-03 11:40:00,OG,Backtest,AdxDiCrossBracketOG,OG_AdxDiCrossBracketOG,OG,NQ,NQ JUN26,LONG,1,24794.50,24817.25,450.64,446.28,89.3,WIN,STOP_HIT,24654.75,2795.00,2026-05-07 09:31:13
2026-03-06,2026-03-06 11:10:00,2026-03-06 11:15:00,OG,Backtest,AdxDiCrossBracketOG,OG_AdxDiCrossBracketOG,OG,NQ,NQ JUN26,LONG,1,25101.50,25059.00,-854.36,-858.72,-171.7,LOSS,STOP_HIT,24975.75,2515.00,2026-05-07 09:31:13
2026-03-09,2026-03-09 10:45:00,2026-03-09 11:20:00,OG,Backtest,AdxDiCrossBracketOG,OG_AdxDiCrossBracketOG,OG,NQ,NQ JUN26,LONG,1,24692.00,24832.25,2800.64,2796.28,559.3,WIN,TARGET_HIT,24552.25,2795.00,2026-05-07 09:31:13
2026-03-12,2026-03-12 11:50:00,2026-03-12 11:55:00,OG,Backtest,AdxDiCrossBracketOG,OG_AdxDiCrossBracketOG,OG,NQ,NQ JUN26,LONG,1,24898.00,24865.50,-654.36,-658.72,-131.7,LOSS,STOP_HIT,24792.00,2120.00,2026-05-07 09:31:13
2026-03-19,2026-03-19 11:15:00,2026-03-19 11:25:00,OG,Backtest,AdxDiCrossBracketOG,OG_AdxDiCrossBracketOG,OG,NQ,NQ JUN26,LONG,1,24530.25,24486.25,-884.36,-888.72,-177.7,LOSS,STOP_HIT,24416.25,2280.00,2026-05-07 09:31:13
2026-03-20,2026-03-20 11:30:00,2026-03-20 11:55:00,OG,Backtest,AdxDiCrossBracketOG,OG_AdxDiCrossBracketOG,OG,NQ,NQ JUN26,LONG,1,24274.25,24294.00,390.64,386.28,77.3,WIN,STOP_HIT,24165.75,2170.00,2026-05-07 09:31:13
2026-03-24,2026-03-24 11:00:00,2026-03-24 11:35:00,OG,Backtest,AdxDiCrossBracketOG,OG_AdxDiCrossBracketOG,OG,NQ,NQ JUN26,LONG,1,24281.50,24304.75,460.64,456.28,91.3,WIN,STOP_HIT,24156.00,2510.00,2026-05-07 09:31:13
2026-03-25,2026-03-25 11:20:00,2026-03-25 12:00:00,OG,Backtest,AdxDiCrossBracketOG,OG_AdxDiCrossBracketOG,OG,NQ,NQ JUN26,SHORT,1,24386.00,24392.50,-134.36,-138.72,-27.7,LOSS,STOP_HIT,24488.75,2055.00,2026-05-07 09:31:13
2026-03-27,2026-03-27 11:40:00,2026-03-27 12:00:00,OG,Backtest,AdxDiCrossBracketOG,OG_AdxDiCrossBracketOG,OG,NQ,NQ JUN26,LONG,1,23597.00,23559.75,-749.36,-753.72,-150.7,LOSS,STOP_HIT,23486.50,2210.00,2026-05-07 09:31:13
2026-01-06,2026-01-06 11:00:00,2026-01-06 11:10:00,OG,Backtest,AdxDiCrossBracketOG,OG_AdxDiCrossBracketOG,OG,NQ,NQ JUN26,SHORT,1,25909.25,25852.00,1140.64,1136.28,227.3,WIN,TARGET_HIT,25967.00,1155.00,2026-05-07 09:31:13
2026-04-02,2026-04-02 10:45:00,2026-04-02 11:25:00,OG,Backtest,AdxDiCrossBracketOG,OG_AdxDiCrossBracketOG,OG,NQ,NQ JUN26,LONG,1,24210.25,24121.00,-1789.36,-1793.72,-358.7,LOSS,STOP_HIT,24059.00,3025.00,2026-05-07 09:31:13
2026-01-07,2026-01-07 09:50:00,2026-01-07 10:00:00,OG,Backtest,AdxDiCrossBracketOG,OG_AdxDiCrossBracketOG,OG,NQ,NQ JUN26,LONG,1,26063.75,26063.00,-19.36,-23.72,-4.7,LOSS,STOP_HIT,26030.75,660.00,2026-05-07 09:31:13
2026-04-06,2026-04-06 10:55:00,2026-04-06 11:05:00,OG,Backtest,AdxDiCrossBracketOG,OG_AdxDiCrossBracketOG,OG,NQ,NQ JUN26,SHORT,1,24269.25,24306.75,-754.36,-758.72,-151.7,LOSS,STOP_HIT,24372.75,2070.00,2026-05-07 09:31:13
2026-01-09,2026-01-09 09:45:00,2026-01-09 09:50:00,OG,Backtest,AdxDiCrossBracketOG,OG_AdxDiCrossBracketOG,OG,NQ,NQ JUN26,LONG,1,25965.00,25910.75,-1089.36,-1093.72,-218.7,LOSS,STOP_HIT,25911.25,1075.00,2026-05-07 09:31:13
2026-01-06,2026-01-06 11:00:00,2026-01-06 11:10:00,OG,Backtest,AdxDiCrossBracketOG,OG_AdxDiCrossBracketOG,OG,NQ,NQ JUN26,SHORT,1,25909.25,25852.00,1140.64,1136.28,227.3,WIN,TARGET_HIT,25967.00,1155.00,2026-05-07 09:31:13
2026-01-16,2026-01-16 11:30:00,2026-01-16 11:35:00,OG,Backtest,AdxDiCrossBracketOG,OG_AdxDiCrossBracketOG,OG,NQ,NQ JUN26,LONG,1,25911.50,25925.25,270.64,266.28,53.3,WIN,STOP_HIT,25839.25,1445.00,2026-05-07 09:31:13
2026-01-07,2026-01-07 09:50:00,2026-01-07 10:00:00,OG,Backtest,AdxDiCrossBracketOG,OG_AdxDiCrossBracketOG,OG,NQ,NQ JUN26,LONG,1,26063.75,26063.00,-19.36,-23.72,-4.7,LOSS,STOP_HIT,26030.75,660.00,2026-05-07 09:31:13
2026-04-21,2026-04-21 11:05:00,2026-04-21 11:10:00,OG,Backtest,AdxDiCrossBracketOG,OG_AdxDiCrossBracketOG,OG,NQ,NQ JUN26,SHORT,1,26737.25,26667.50,1390.64,1386.28,277.3,WIN,TARGET_HIT,26806.00,1375.00,2026-05-07 09:31:13
2026-01-09,2026-01-09 09:45:00,2026-01-09 09:50:00,OG,Backtest,AdxDiCrossBracketOG,OG_AdxDiCrossBracketOG,OG,NQ,NQ JUN26,LONG,1,25965.00,25910.75,-1089.36,-1093.72,-218.7,LOSS,STOP_HIT,25911.25,1075.00,2026-05-07 09:31:13
2026-05-01,2026-05-01 11:10:00,2026-05-01 11:20:00,OG,Backtest,AdxDiCrossBracketOG,OG_AdxDiCrossBracketOG,OG,NQ,NQ JUN26,SHORT,1,27795.25,27837.25,-844.36,-848.72,-169.7,LOSS,STOP_HIT,27877.50,1645.00,2026-05-07 09:31:13
2026-01-16,2026-01-16 11:30:00,2026-01-16 11:35:00,OG,Backtest,AdxDiCrossBracketOG,OG_AdxDiCrossBracketOG,OG,NQ,NQ JUN26,LONG,1,25911.50,25925.25,270.64,266.28,53.3,WIN,STOP_HIT,25839.25,1445.00,2026-05-07 09:31:13
2026-01-07,2026-01-07 09:50:00,2026-01-07 10:00:00,OG,Backtest,AdxDiCrossBracketOG,OG_AdxDiCrossBracketOG,OG,NQ,NQ JUN26,LONG,1,26063.75,26063.00,-19.36,-23.72,-4.7,LOSS,STOP_HIT,26030.75,660.00,2026-05-07 09:31:13
2026-02-11,2026-02-11 11:05:00,2026-02-11 11:10:00,OG,Backtest,AdxDiCrossBracketOG,OG_AdxDiCrossBracketOG,OG,NQ,NQ JUN26,LONG,1,25453.50,25418.25,-709.36,-713.72,-142.7,LOSS,STOP_HIT,25333.00,2410.00,2026-05-07 09:31:13
2026-01-09,2026-01-09 09:55:00,2026-01-09 10:10:00,OG,Backtest,AdxDiCrossBracketOG,OG_AdxDiCrossBracketOG,OG,NQ,NQ JUN26,SHORT,1,25913.25,25921.75,-174.36,-178.72,-35.7,LOSS,STOP_HIT,25981.00,1355.00,2026-05-07 09:31:13
2026-01-07,2026-01-07 09:50:00,2026-01-07 10:00:00,OG,Backtest,AdxDiCrossBracketOG,OG_AdxDiCrossBracketOG,OG,NQ,NQ JUN26,LONG,1,26063.75,26063.00,-19.36,-23.72,-4.7,LOSS,STOP_HIT,26030.75,660.00,2026-05-07 09:31:13
2026-01-16,2026-01-16 11:30:00,2026-01-16 11:35:00,OG,Backtest,AdxDiCrossBracketOG,OG_AdxDiCrossBracketOG,OG,NQ,NQ JUN26,LONG,1,25911.50,25925.25,270.64,266.28,53.3,WIN,STOP_HIT,25839.25,1445.00,2026-05-07 09:31:13
2026-01-09,2026-01-09 09:45:00,2026-01-09 09:50:00,OG,Backtest,AdxDiCrossBracketOG,OG_AdxDiCrossBracketOG,OG,NQ,NQ JUN26,LONG,1,25965.00,25910.75,-1089.36,-1093.72,-218.7,LOSS,STOP_HIT,25911.25,1075.00,2026-05-07 09:31:13
2026-01-20,2026-01-20 10:50:00,2026-01-20 10:55:00,OG,Backtest,AdxDiCrossBracketOG,OG_AdxDiCrossBracketOG,OG,NQ,NQ JUN26,LONG,1,25598.00,25559.50,-774.36,-778.72,-155.7,LOSS,STOP_HIT,25503.75,1885.00,2026-05-07 09:31:13
2026-02-10,2026-02-10 09:45:00,2026-02-10 09:45:00,OG,Backtest,AdxDiCrossBracketOG,OG_AdxDiCrossBracketOG,OG,NQ,NQ JUN26,SHORT,1,25535.25,25488.50,930.64,926.28,185.3,WIN,TARGET_HIT,25583.50,965.00,2026-05-07 09:31:13
2026-03-06,2026-03-06 11:10:00,2026-03-06 11:15:00,OG,Backtest,AdxDiCrossBracketOG,OG_AdxDiCrossBracketOG,OG,NQ,NQ JUN26,LONG,1,25101.50,25059.00,-854.36,-858.72,-171.7,LOSS,STOP_HIT,24975.75,2515.00,2026-05-07 09:31:13
2026-01-16,2026-01-16 11:30:00,2026-01-16 11:35:00,OG,Backtest,AdxDiCrossBracketOG,OG_AdxDiCrossBracketOG,OG,NQ,NQ JUN26,LONG,1,25911.50,25925.25,270.64,266.28,53.3,WIN,STOP_HIT,25839.25,1445.00,2026-05-07 09:31:13
2026-02-03,2026-02-03 09:50:00,2026-02-03 10:00:00,OG,Backtest,AdxDiCrossBracketOG,OG_AdxDiCrossBracketOG,OG,NQ,NQ JUN26,SHORT,1,25960.75,25888.75,1435.64,1431.28,286.3,WIN,TARGET_HIT,26034.25,1470.00,2026-05-07 09:31:13
2026-03-12,2026-03-12 11:50:00,2026-03-12 11:55:00,OG,Backtest,AdxDiCrossBracketOG,OG_AdxDiCrossBracketOG,OG,NQ,NQ JUN26,LONG,1,24898.00,24865.50,-654.36,-658.72,-131.7,LOSS,STOP_HIT,24792.00,2120.00,2026-05-07 09:31:13
2026-01-21,2026-01-21 11:45:00,2026-01-21 11:55:00,OG,Backtest,AdxDiCrossBracketOG,OG_AdxDiCrossBracketOG,OG,NQ,NQ JUN26,SHORT,1,25543.75,25467.25,1525.64,1521.28,304.3,WIN,TARGET_HIT,25620.75,1540.00,2026-05-07 09:31:13
2026-02-10,2026-02-10 09:45:00,2026-02-10 09:45:00,OG,Backtest,AdxDiCrossBracketOG,OG_AdxDiCrossBracketOG,OG,NQ,NQ JUN26,SHORT,1,25535.25,25488.50,930.64,926.28,185.3,WIN,TARGET_HIT,25583.50,965.00,2026-05-07 09:31:13
2026-02-24,2026-02-24 10:10:00,2026-02-24 10:15:00,OG,Backtest,AdxDiCrossBracketOG,OG_AdxDiCrossBracketOG,OG,NQ,NQ JUN26,SHORT,1,25048.75,25109.25,-1214.36,-1218.72,-243.7,LOSS,STOP_HIT,25134.75,1720.00,2026-05-07 09:31:13
2026-02-11,2026-02-11 10:20:00,2026-02-11 10:25:00,OG,Backtest,AdxDiCrossBracketOG,OG_AdxDiCrossBracketOG,OG,NQ,NQ JUN26,SHORT,1,25396.00,25293.75,2040.64,2036.28,407.3,WIN,TARGET_HIT,25500.25,2085.00,2026-05-07 09:31:13
2026-03-03,2026-03-03 11:25:00,2026-03-03 11:40:00,OG,Backtest,AdxDiCrossBracketOG,OG_AdxDiCrossBracketOG,OG,NQ,NQ JUN26,LONG,1,24794.50,24817.25,450.64,446.28,89.3,WIN,STOP_HIT,24654.75,2795.00,2026-05-07 09:31:13
2026-02-11,2026-02-11 11:05:00,2026-02-11 11:10:00,OG,Backtest,AdxDiCrossBracketOG,OG_AdxDiCrossBracketOG,OG,NQ,NQ JUN26,LONG,1,25453.50,25418.25,-709.36,-713.72,-142.7,LOSS,STOP_HIT,25333.00,2410.00,2026-05-07 09:31:13
2026-03-06,2026-03-06 11:10:00,2026-03-06 11:15:00,OG,Backtest,AdxDiCrossBracketOG,OG_AdxDiCrossBracketOG,OG,NQ,NQ JUN26,LONG,1,25101.50,25059.00,-854.36,-858.72,-171.7,LOSS,STOP_HIT,24975.75,2515.00,2026-05-07 09:31:13
2026-02-13,2026-02-13 10:35:00,2026-02-13 10:50:00,OG,Backtest,AdxDiCrossBracketOG,OG_AdxDiCrossBracketOG,OG,NQ,NQ JUN26,LONG,1,25058.00,24983.00,-1504.36,-1508.72,-301.7,LOSS,STOP_HIT,24917.50,2810.00,2026-05-07 09:31:13
2026-03-09,2026-03-09 10:45:00,2026-03-09 11:20:00,OG,Backtest,AdxDiCrossBracketOG,OG_AdxDiCrossBracketOG,OG,NQ,NQ JUN26,LONG,1,24692.00,24832.25,2800.64,2796.28,559.3,WIN,TARGET_HIT,24552.25,2795.00,2026-05-07 09:31:13
2026-02-17,2026-02-17 11:10:00,2026-02-17 11:15:00,OG,Backtest,AdxDiCrossBracketOG,OG_AdxDiCrossBracketOG,OG,NQ,NQ JUN26,LONG,1,24861.25,24994.25,2655.64,2651.28,530.3,WIN,TARGET_HIT,24726.75,2690.00,2026-05-07 09:31:13
2026-02-17,2026-02-17 11:10:00,2026-02-17 11:15:00,OG,Backtest,AdxDiCrossBracketOG,OG_AdxDiCrossBracketOG,OG,NQ,NQ JUN26,LONG,1,24861.25,24994.25,2655.64,2651.28,530.3,WIN,TARGET_HIT,24726.75,2690.00,2026-05-07 09:31:13
2026-01-09,2026-01-09 09:55:00,2026-01-09 10:10:00,OG,Backtest,AdxDiCrossBracketOG,OG_AdxDiCrossBracketOG,OG,NQ,NQ JUN26,SHORT,1,25913.25,25921.75,-174.36,-178.72,-35.7,LOSS,STOP_HIT,25981.00,1355.00,2026-05-07 09:31:13
2026-01-20,2026-01-20 10:50:00,2026-01-20 10:55:00,OG,Backtest,AdxDiCrossBracketOG,OG_AdxDiCrossBracketOG,OG,NQ,NQ JUN26,LONG,1,25598.00,25559.50,-774.36,-778.72,-155.7,LOSS,STOP_HIT,25503.75,1885.00,2026-05-07 09:31:13
2026-03-20,2026-03-20 11:30:00,2026-03-20 11:55:00,OG,Backtest,AdxDiCrossBracketOG,OG_AdxDiCrossBracketOG,OG,NQ,NQ JUN26,LONG,1,24274.25,24294.00,390.64,386.28,77.3,WIN,STOP_HIT,24165.75,2170.00,2026-05-07 09:31:13
2026-01-20,2026-01-20 10:50:00,2026-01-20 10:55:00,OG,Backtest,AdxDiCrossBracketOG,OG_AdxDiCrossBracketOG,OG,NQ,NQ JUN26,LONG,1,25598.00,25559.50,-774.36,-778.72,-155.7,LOSS,STOP_HIT,25503.75,1885.00,2026-05-07 09:31:13
2026-03-03,2026-03-03 11:25:00,2026-03-03 11:40:00,OG,Backtest,AdxDiCrossBracketOG,OG_AdxDiCrossBracketOG,OG,NQ,NQ JUN26,LONG,1,24794.50,24817.25,450.64,446.28,89.3,WIN,STOP_HIT,24654.75,2795.00,2026-05-07 09:31:13
2026-03-25,2026-03-25 11:20:00,2026-03-25 12:25:00,OG,Backtest,AdxDiCrossBracketOG,OG_AdxDiCrossBracketOG,OG,NQ,NQ JUN26,SHORT,1,24386.00,24388.75,-59.36,-63.72,-12.7,LOSS,STOP_HIT,24488.75,2055.00,2026-05-07 09:31:13
2026-03-09,2026-03-09 10:45:00,2026-03-09 11:20:00,OG,Backtest,AdxDiCrossBracketOG,OG_AdxDiCrossBracketOG,OG,NQ,NQ JUN26,LONG,1,24692.00,24832.25,2800.64,2796.28,559.3,WIN,TARGET_HIT,24552.25,2795.00,2026-05-07 09:31:13
2026-01-28,2026-01-28 10:55:00,2026-01-28 11:15:00,OG,Backtest,AdxDiCrossBracketOG,OG_AdxDiCrossBracketOG,OG,NQ,NQ JUN26,SHORT,1,26395.25,26395.00,0.64,-3.72,-0.7,LOSS,STOP_HIT,26461.50,1325.00,2026-05-07 09:31:13
2026-03-12,2026-03-12 11:50:00,2026-03-12 11:55:00,OG,Backtest,AdxDiCrossBracketOG,OG_AdxDiCrossBracketOG,OG,NQ,NQ JUN26,LONG,1,24898.00,24865.50,-654.36,-658.72,-131.7,LOSS,STOP_HIT,24792.00,2120.00,2026-05-07 09:31:13
2026-01-06,2026-01-06 11:00:00,2026-01-06 11:10:00,OG,Backtest,AdxDiCrossBracketOG,OG_AdxDiCrossBracketOG,OG,NQ,NQ JUN26,SHORT,1,25909.25,25852.00,1140.64,1136.28,227.3,WIN,TARGET_HIT,25967.00,1155.00,2026-05-07 09:31:13
2026-02-11,2026-02-11 11:05:00,2026-02-11 11:10:00,OG,Backtest,AdxDiCrossBracketOG,OG_AdxDiCrossBracketOG,OG,NQ,NQ JUN26,LONG,1,25453.50,25418.25,-709.36,-713.72,-142.7,LOSS,STOP_HIT,25333.00,2410.00,2026-05-07 09:31:13
2026-02-10,2026-02-10 09:45:00,2026-02-10 09:45:00,OG,Backtest,AdxDiCrossBracketOG,OG_AdxDiCrossBracketOG,OG,NQ,NQ JUN26,SHORT,1,25535.25,25488.50,930.64,926.28,185.3,WIN,TARGET_HIT,25583.50,965.00,2026-05-07 09:31:13
2026-01-09,2026-01-09 09:55:00,2026-01-09 10:10:00,OG,Backtest,AdxDiCrossBracketOG,OG_AdxDiCrossBracketOG,OG,NQ,NQ JUN26,SHORT,1,25913.25,25921.75,-174.36,-178.72,-35.7,LOSS,STOP_HIT,25981.00,1355.00,2026-05-07 09:31:13
2026-01-16,2026-01-16 11:30:00,2026-01-16 11:35:00,OG,Backtest,AdxDiCrossBracketOG,OG_AdxDiCrossBracketOG,OG,NQ,NQ JUN26,LONG,1,25911.50,25925.25,270.64,266.28,53.3,WIN,STOP_HIT,25839.25,1445.00,2026-05-07 09:31:13
2026-04-02,2026-04-02 10:45:00,2026-04-02 11:25:00,OG,Backtest,AdxDiCrossBracketOG,OG_AdxDiCrossBracketOG,OG,NQ,NQ JUN26,LONG,1,24210.25,24151.25,-1184.36,-1188.72,-237.7,LOSS,STOP_HIT,24059.00,3025.00,2026-05-07 09:31:13
2026-02-24,2026-02-24 09:50:00,2026-02-24 10:05:00,OG,Backtest,AdxDiCrossBracketOG,OG_AdxDiCrossBracketOG,OG,NQ,NQ JUN26,LONG,1,25120.50,25068.25,-1049.36,-1053.72,-210.7,LOSS,STOP_HIT,25043.75,1535.00,2026-05-07 09:31:13
2026-04-06,2026-04-06 10:55:00,2026-04-06 11:05:00,OG,Backtest,AdxDiCrossBracketOG,OG_AdxDiCrossBracketOG,OG,NQ,NQ JUN26,SHORT,1,24269.25,24306.75,-754.36,-758.72,-151.7,LOSS,STOP_HIT,24372.75,2070.00,2026-05-07 09:31:13
2026-01-21,2026-01-21 11:45:00,2026-01-21 11:55:00,OG,Backtest,AdxDiCrossBracketOG,OG_AdxDiCrossBracketOG,OG,NQ,NQ JUN26,SHORT,1,25543.75,25467.25,1525.64,1521.28,304.3,WIN,TARGET_HIT,25620.75,1540.00,2026-05-07 09:31:14
2026-03-03,2026-03-03 11:25:00,2026-03-03 11:40:00,OG,Backtest,AdxDiCrossBracketOG,OG_AdxDiCrossBracketOG,OG,NQ,NQ JUN26,LONG,1,24794.50,24817.25,450.64,446.28,89.3,WIN,STOP_HIT,24654.75,2795.00,2026-05-07 09:31:14
2026-01-07,2026-01-07 09:50:00,2026-01-07 10:00:00,OG,Backtest,AdxDiCrossBracketOG,OG_AdxDiCrossBracketOG,OG,NQ,NQ JUN26,LONG,1,26063.75,26063.00,-19.36,-23.72,-4.7,LOSS,STOP_HIT,26030.75,660.00,2026-05-07 09:31:14
2026-04-16,2026-04-16 10:00:00,2026-04-16 10:10:00,OG,Backtest,AdxDiCrossBracketOG,OG_AdxDiCrossBracketOG,OG,NQ,NQ JUN26,SHORT,1,26282.00,26346.00,-1284.36,-1288.72,-257.7,LOSS,STOP_HIT,26345.50,1270.00,2026-05-07 09:31:14
2026-03-06,2026-03-06 11:10:00,2026-03-06 11:15:00,OG,Backtest,AdxDiCrossBracketOG,OG_AdxDiCrossBracketOG,OG,NQ,NQ JUN26,LONG,1,25101.50,25059.00,-854.36,-858.72,-171.7,LOSS,STOP_HIT,24975.75,2515.00,2026-05-07 09:31:14
2026-03-12,2026-03-12 11:50:00,2026-03-12 11:55:00,OG,Backtest,AdxDiCrossBracketOG,OG_AdxDiCrossBracketOG,OG,NQ,NQ JUN26,LONG,1,24898.00,24865.50,-654.36,-658.72,-131.7,LOSS,STOP_HIT,24792.00,2120.00,2026-05-07 09:31:14
2026-05-01,2026-05-01 11:10:00,2026-05-01 11:20:00,OG,Backtest,AdxDiCrossBracketOG,OG_AdxDiCrossBracketOG,OG,NQ,NQ JUN26,SHORT,1,27795.25,27837.25,-844.36,-848.72,-169.7,LOSS,STOP_HIT,27877.50,1645.00,2026-05-07 09:31:14
2026-02-10,2026-02-10 09:45:00,2026-02-10 09:45:00,OG,Backtest,AdxDiCrossBracketOG,OG_AdxDiCrossBracketOG,OG,NQ,NQ JUN26,SHORT,1,25535.25,25488.50,930.64,926.28,185.3,WIN,TARGET_HIT,25583.50,965.00,2026-05-07 09:31:14
2026-03-20,2026-03-20 11:30:00,2026-03-20 11:55:00,OG,Backtest,AdxDiCrossBracketOG,OG_AdxDiCrossBracketOG,OG,NQ,NQ JUN26,LONG,1,24274.25,24294.00,390.64,386.28,77.3,WIN,STOP_HIT,24165.75,2170.00,2026-05-07 09:31:14
2026-01-28,2026-01-28 10:55:00,2026-01-28 11:15:00,OG,Backtest,AdxDiCrossBracketOG,OG_AdxDiCrossBracketOG,OG,NQ,NQ JUN26,SHORT,1,26395.25,26395.00,0.64,-3.72,-0.7,LOSS,STOP_HIT,26461.50,1325.00,2026-05-07 09:31:14
2026-03-24,2026-03-24 11:00:00,2026-03-24 11:35:00,OG,Backtest,AdxDiCrossBracketOG,OG_AdxDiCrossBracketOG,OG,NQ,NQ JUN26,LONG,1,24281.50,24311.75,600.64,596.28,119.3,WIN,STOP_HIT,24156.00,2510.00,2026-05-07 09:31:14
2026-02-17,2026-02-17 11:10:00,2026-02-17 11:15:00,OG,Backtest,AdxDiCrossBracketOG,OG_AdxDiCrossBracketOG,OG,NQ,NQ JUN26,LONG,1,24861.25,24994.25,2655.64,2651.28,530.3,WIN,TARGET_HIT,24726.75,2690.00,2026-05-07 09:31:14
2026-03-25,2026-03-25 11:20:00,2026-03-25 11:35:00,OG,Backtest,AdxDiCrossBracketOG,OG_AdxDiCrossBracketOG,OG,NQ,NQ JUN26,SHORT,1,24386.00,24430.00,-884.36,-888.72,-177.7,LOSS,STOP_HIT,24488.75,2055.00,2026-05-07 09:31:14
2026-03-09,2026-03-09 10:45:00,2026-03-09 11:20:00,OG,Backtest,AdxDiCrossBracketOG,OG_AdxDiCrossBracketOG,OG,NQ,NQ JUN26,LONG,1,24692.00,24832.25,2800.64,2796.28,559.3,WIN,TARGET_HIT,24552.25,2795.00,2026-05-07 09:31:14
2026-03-09,2026-03-09 10:45:00,2026-03-09 11:20:00,OG,Backtest,AdxDiCrossBracketOG,OG_AdxDiCrossBracketOG,OG,NQ,NQ JUN26,LONG,1,24692.00,24832.25,2800.64,2796.28,559.3,WIN,TARGET_HIT,24552.25,2795.00,2026-05-07 09:31:14
2026-04-06,2026-04-06 10:55:00,2026-04-06 11:05:00,OG,Backtest,AdxDiCrossBracketOG,OG_AdxDiCrossBracketOG,OG,NQ,NQ JUN26,SHORT,1,24269.25,24306.75,-754.36,-758.72,-151.7,LOSS,STOP_HIT,24372.75,2070.00,2026-05-07 09:31:14
2026-03-12,2026-03-12 11:50:00,2026-03-12 11:55:00,OG,Backtest,AdxDiCrossBracketOG,OG_AdxDiCrossBracketOG,OG,NQ,NQ JUN26,LONG,1,24898.00,24865.50,-654.36,-658.72,-131.7,LOSS,STOP_HIT,24792.00,2120.00,2026-05-07 09:31:14
2026-04-06,2026-04-06 10:55:00,2026-04-06 11:05:00,OG,Backtest,AdxDiCrossBracketOG,OG_AdxDiCrossBracketOG,OG,NQ,NQ JUN26,SHORT,1,24269.25,24306.75,-754.36,-758.72,-151.7,LOSS,STOP_HIT,24372.75,2070.00,2026-05-07 09:31:14
2026-02-17,2026-02-17 11:10:00,2026-02-17 11:15:00,OG,Backtest,AdxDiCrossBracketOG,OG_AdxDiCrossBracketOG,OG,NQ,NQ JUN26,LONG,1,24861.25,24994.25,2655.64,2651.28,530.3,WIN,TARGET_HIT,24726.75,2690.00,2026-05-07 09:31:14
2026-03-20,2026-03-20 11:30:00,2026-03-20 11:55:00,OG,Backtest,AdxDiCrossBracketOG,OG_AdxDiCrossBracketOG,OG,NQ,NQ JUN26,LONG,1,24274.25,24294.00,390.64,386.28,77.3,WIN,STOP_HIT,24165.75,2170.00,2026-05-07 09:31:14
2026-03-19,2026-03-19 11:15:00,2026-03-19 11:25:00,OG,Backtest,AdxDiCrossBracketOG,OG_AdxDiCrossBracketOG,OG,NQ,NQ JUN26,LONG,1,24530.25,24486.25,-884.36,-888.72,-177.7,LOSS,STOP_HIT,24416.25,2280.00,2026-05-07 09:31:14
2026-04-16,2026-04-16 10:00:00,2026-04-16 10:10:00,OG,Backtest,AdxDiCrossBracketOG,OG_AdxDiCrossBracketOG,OG,NQ,NQ JUN26,SHORT,1,26282.00,26346.00,-1284.36,-1288.72,-257.7,LOSS,STOP_HIT,26345.50,1270.00,2026-05-07 09:31:14
2026-01-20,2026-01-20 10:50:00,2026-01-20 10:55:00,OG,Backtest,AdxDiCrossBracketOG,OG_AdxDiCrossBracketOG,OG,NQ,NQ JUN26,LONG,1,25598.00,25559.50,-774.36,-778.72,-155.7,LOSS,STOP_HIT,25503.75,1885.00,2026-05-07 09:31:14
2026-03-06,2026-03-06 11:10:00,2026-03-06 11:15:00,OG,Backtest,AdxDiCrossBracketOG,OG_AdxDiCrossBracketOG,OG,NQ,NQ JUN26,LONG,1,25101.50,25059.00,-854.36,-858.72,-171.7,LOSS,STOP_HIT,24975.75,2515.00,2026-05-07 09:31:14
2026-03-25,2026-03-25 11:20:00,2026-03-25 12:25:00,OG,Backtest,AdxDiCrossBracketOG,OG_AdxDiCrossBracketOG,OG,NQ,NQ JUN26,SHORT,1,24386.00,24388.75,-59.36,-63.72,-12.7,LOSS,STOP_HIT,24488.75,2055.00,2026-05-07 09:31:14
2026-01-28,2026-01-28 10:55:00,2026-01-28 11:10:00,OG,Backtest,AdxDiCrossBracketOG,OG_AdxDiCrossBracketOG,OG,NQ,NQ JUN26,SHORT,1,26395.25,26395.25,-4.36,-8.72,-1.7,LOSS,STOP_HIT,26461.50,1325.00,2026-05-07 09:31:14
2026-04-07,2026-04-07 11:40:00,2026-04-07 12:00:00,OG,Backtest,AdxDiCrossBracketOG,OG_AdxDiCrossBracketOG,OG,NQ,NQ JUN26,LONG,1,24071.50,24083.00,225.64,221.28,44.3,WIN,STOP_HIT,23978.75,1855.00,2026-05-07 09:31:14
2026-03-19,2026-03-19 11:15:00,2026-03-19 11:25:00,OG,Backtest,AdxDiCrossBracketOG,OG_AdxDiCrossBracketOG,OG,NQ,NQ JUN26,LONG,1,24530.25,24486.25,-884.36,-888.72,-177.7,LOSS,STOP_HIT,24416.25,2280.00,2026-05-07 09:31:14
2026-04-16,2026-04-16 10:00:00,2026-04-16 10:10:00,OG,Backtest,AdxDiCrossBracketOG,OG_AdxDiCrossBracketOG,OG,NQ,NQ JUN26,SHORT,1,26282.00,26346.00,-1284.36,-1288.72,-257.7,LOSS,STOP_HIT,26345.50,1270.00,2026-05-07 09:31:14
2026-02-10,2026-02-10 09:45:00,2026-02-10 09:45:00,OG,Backtest,AdxDiCrossBracketOG,OG_AdxDiCrossBracketOG,OG,NQ,NQ JUN26,SHORT,1,25535.25,25488.50,930.64,926.28,185.3,WIN,TARGET_HIT,25583.50,965.00,2026-05-07 09:31:14
2026-04-16,2026-04-16 10:15:00,2026-04-16 10:50:00,OG,Backtest,AdxDiCrossBracketOG,OG_AdxDiCrossBracketOG,OG,NQ,NQ JUN26,LONG,1,26347.25,26415.50,1360.64,1356.28,271.3,WIN,TARGET_HIT,26277.00,1405.00,2026-05-07 09:31:14
2026-03-25,2026-03-25 11:20:00,2026-03-25 12:00:00,OG,Backtest,AdxDiCrossBracketOG,OG_AdxDiCrossBracketOG,OG,NQ,NQ JUN26,SHORT,1,24386.00,24392.50,-134.36,-138.72,-27.7,LOSS,STOP_HIT,24488.75,2055.00,2026-05-07 09:31:14
2026-04-21,2026-04-21 11:05:00,2026-04-21 11:10:00,OG,Backtest,AdxDiCrossBracketOG,OG_AdxDiCrossBracketOG,OG,NQ,NQ JUN26,SHORT,1,26737.25,26667.50,1390.64,1386.28,277.3,WIN,TARGET_HIT,26806.00,1375.00,2026-05-07 09:31:14
2026-02-13,2026-02-13 10:35:00,2026-02-13 10:50:00,OG,Backtest,AdxDiCrossBracketOG,OG_AdxDiCrossBracketOG,OG,NQ,NQ JUN26,LONG,1,25058.00,24983.00,-1504.36,-1508.72,-301.7,LOSS,STOP_HIT,24917.50,2810.00,2026-05-07 09:31:14
2026-04-02,2026-04-02 10:45:00,2026-04-02 11:25:00,OG,Backtest,AdxDiCrossBracketOG,OG_AdxDiCrossBracketOG,OG,NQ,NQ JUN26,LONG,1,24210.25,24121.00,-1789.36,-1793.72,-358.7,LOSS,STOP_HIT,24059.00,3025.00,2026-05-07 09:31:14
2026-02-17,2026-02-17 11:10:00,2026-02-17 11:15:00,OG,Backtest,AdxDiCrossBracketOG,OG_AdxDiCrossBracketOG,OG,NQ,NQ JUN26,LONG,1,24861.25,24994.25,2655.64,2651.28,530.3,WIN,TARGET_HIT,24726.75,2690.00,2026-05-07 09:31:14
2026-04-16,2026-04-16 10:00:00,2026-04-16 10:10:00,OG,Backtest,AdxDiCrossBracketOG,OG_AdxDiCrossBracketOG,OG,NQ,NQ JUN26,SHORT,1,26282.00,26346.00,-1284.36,-1288.72,-257.7,LOSS,STOP_HIT,26345.50,1270.00,2026-05-07 09:31:14
2026-02-24,2026-02-24 09:50:00,2026-02-24 10:05:00,OG,Backtest,AdxDiCrossBracketOG,OG_AdxDiCrossBracketOG,OG,NQ,NQ JUN26,LONG,1,25120.50,25068.25,-1049.36,-1053.72,-210.7,LOSS,STOP_HIT,25043.75,1535.00,2026-05-07 09:31:14
2026-02-10,2026-02-10 09:45:00,2026-02-10 09:45:00,OG,Backtest,AdxDiCrossBracketOG,OG_AdxDiCrossBracketOG,OG,NQ,NQ JUN26,SHORT,1,25535.25,25488.50,930.64,926.28,185.3,WIN,TARGET_HIT,25583.50,965.00,2026-05-07 09:31:14
2026-02-11,2026-02-11 10:20:00,2026-02-11 10:25:00,OG,Backtest,AdxDiCrossBracketOG,OG_AdxDiCrossBracketOG,OG,NQ,NQ JUN26,SHORT,1,25396.00,25293.75,2040.64,2036.28,407.3,WIN,TARGET_HIT,25500.25,2085.00,2026-05-07 09:31:14
2026-03-03,2026-03-03 11:25:00,2026-03-03 11:40:00,OG,Backtest,AdxDiCrossBracketOG,OG_AdxDiCrossBracketOG,OG,NQ,NQ JUN26,LONG,1,24794.50,24817.25,450.64,446.28,89.3,WIN,STOP_HIT,24654.75,2795.00,2026-05-07 09:31:14
2026-03-06,2026-03-06 11:10:00,2026-03-06 11:15:00,OG,Backtest,AdxDiCrossBracketOG,OG_AdxDiCrossBracketOG,OG,NQ,NQ JUN26,LONG,1,25101.50,25059.00,-854.36,-858.72,-171.7,LOSS,STOP_HIT,24975.75,2515.00,2026-05-07 09:31:14
2026-03-09,2026-03-09 10:45:00,2026-03-09 11:20:00,OG,Backtest,AdxDiCrossBracketOG,OG_AdxDiCrossBracketOG,OG,NQ,NQ JUN26,LONG,1,24692.00,24832.25,2800.64,2796.28,559.3,WIN,TARGET_HIT,24552.25,2795.00,2026-05-07 09:31:14
2026-03-12,2026-03-12 11:50:00,2026-03-12 11:55:00,OG,Backtest,AdxDiCrossBracketOG,OG_AdxDiCrossBracketOG,OG,NQ,NQ JUN26,LONG,1,24898.00,24865.50,-654.36,-658.72,-131.7,LOSS,STOP_HIT,24792.00,2120.00,2026-05-07 09:31:14
2026-03-19,2026-03-19 11:15:00,2026-03-19 11:25:00,OG,Backtest,AdxDiCrossBracketOG,OG_AdxDiCrossBracketOG,OG,NQ,NQ JUN26,LONG,1,24530.25,24486.25,-884.36,-888.72,-177.7,LOSS,STOP_HIT,24416.25,2280.00,2026-05-07 09:31:14
2026-03-20,2026-03-20 11:30:00,2026-03-20 11:55:00,OG,Backtest,AdxDiCrossBracketOG,OG_AdxDiCrossBracketOG,OG,NQ,NQ JUN26,LONG,1,24274.25,24294.00,390.64,386.28,77.3,WIN,STOP_HIT,24165.75,2170.00,2026-05-07 09:31:14
2026-03-24,2026-03-24 11:00:00,2026-03-24 11:35:00,OG,Backtest,AdxDiCrossBracketOG,OG_AdxDiCrossBracketOG,OG,NQ,NQ JUN26,LONG,1,24281.50,24311.75,600.64,596.28,119.3,WIN,STOP_HIT,24156.00,2510.00,2026-05-07 09:31:14
2026-03-25,2026-03-25 11:20:00,2026-03-25 11:35:00,OG,Backtest,AdxDiCrossBracketOG,OG_AdxDiCrossBracketOG,OG,NQ,NQ JUN26,SHORT,1,24386.00,24430.00,-884.36,-888.72,-177.7,LOSS,STOP_HIT,24488.75,2055.00,2026-05-07 09:31:14
2026-03-27,2026-03-27 11:40:00,2026-03-27 12:00:00,OG,Backtest,AdxDiCrossBracketOG,OG_AdxDiCrossBracketOG,OG,NQ,NQ JUN26,LONG,1,23597.00,23559.75,-749.36,-753.72,-150.7,LOSS,STOP_HIT,23486.50,2210.00,2026-05-07 09:31:14
2026-04-02,2026-04-02 10:45:00,2026-04-02 11:25:00,OG,Backtest,AdxDiCrossBracketOG,OG_AdxDiCrossBracketOG,OG,NQ,NQ JUN26,LONG,1,24210.25,24151.25,-1184.36,-1188.72,-237.7,LOSS,STOP_HIT,24059.00,3025.00,2026-05-07 09:31:14
2026-04-06,2026-04-06 10:55:00,2026-04-06 11:05:00,OG,Backtest,AdxDiCrossBracketOG,OG_AdxDiCrossBracketOG,OG,NQ,NQ JUN26,SHORT,1,24269.25,24306.75,-754.36,-758.72,-151.7,LOSS,STOP_HIT,24372.75,2070.00,2026-05-07 09:31:14
2026-04-07,2026-04-07 11:40:00,2026-04-07 12:00:00,OG,Backtest,AdxDiCrossBracketOG,OG_AdxDiCrossBracketOG,OG,NQ,NQ JUN26,LONG,1,24071.50,24083.00,225.64,221.28,44.3,WIN,STOP_HIT,23978.75,1855.00,2026-05-07 09:31:14
2026-04-16,2026-04-16 10:00:00,2026-04-16 10:10:00,OG,Backtest,AdxDiCrossBracketOG,OG_AdxDiCrossBracketOG,OG,NQ,NQ JUN26,SHORT,1,26282.00,26346.00,-1284.36,-1288.72,-257.7,LOSS,STOP_HIT,26345.50,1270.00,2026-05-07 09:31:14
2026-04-16,2026-04-16 10:15:00,2026-04-16 10:50:00,OG,Backtest,AdxDiCrossBracketOG,OG_AdxDiCrossBracketOG,OG,NQ,NQ JUN26,LONG,1,26347.25,26415.50,1360.64,1356.28,271.3,WIN,TARGET_HIT,26277.00,1405.00,2026-05-07 09:31:14
2026-04-21,2026-04-21 11:05:00,2026-04-21 11:10:00,OG,Backtest,AdxDiCrossBracketOG,OG_AdxDiCrossBracketOG,OG,NQ,NQ JUN26,SHORT,1,26737.25,26667.50,1390.64,1386.28,277.3,WIN,TARGET_HIT,26806.00,1375.00,2026-05-07 09:31:14
2026-05-01,2026-05-01 11:10:00,2026-05-01 11:20:00,OG,Backtest,AdxDiCrossBracketOG,OG_AdxDiCrossBracketOG,OG,NQ,NQ JUN26,SHORT,1,27795.25,27837.25,-844.36,-848.72,-169.7,LOSS,STOP_HIT,27877.50,1645.00,2026-05-07 09:31:14
2026-01-06,2026-01-06 11:00:00,2026-01-06 11:10:00,OG,Backtest,AdxDiCrossBracketOG,OG_AdxDiCrossBracketOG,OG,NQ,NQ JUN26,SHORT,1,25909.25,25852.00,1140.64,1136.28,227.3,WIN,TARGET_HIT,25967.00,1155.00,2026-05-07 09:31:14
2026-01-07,2026-01-07 09:50:00,2026-01-07 10:00:00,OG,Backtest,AdxDiCrossBracketOG,OG_AdxDiCrossBracketOG,OG,NQ,NQ JUN26,LONG,1,26063.75,26063.00,-19.36,-23.72,-4.7,LOSS,STOP_HIT,26030.75,660.00,2026-05-07 09:31:14
2026-01-09,2026-01-09 09:45:00,2026-01-09 09:50:00,OG,Backtest,AdxDiCrossBracketOG,OG_AdxDiCrossBracketOG,OG,NQ,NQ JUN26,LONG,1,25965.00,25910.75,-1089.36,-1093.72,-218.7,LOSS,STOP_HIT,25911.25,1075.00,2026-05-07 09:31:14
2026-01-09,2026-01-09 09:55:00,2026-01-09 10:10:00,OG,Backtest,AdxDiCrossBracketOG,OG_AdxDiCrossBracketOG,OG,NQ,NQ JUN26,SHORT,1,25913.25,25921.75,-174.36,-178.72,-35.7,LOSS,STOP_HIT,25981.00,1355.00,2026-05-07 09:31:14
2026-01-07,2026-01-07 09:50:00,2026-01-07 10:00:00,OG,Backtest,AdxDiCrossBracketOG,OG_AdxDiCrossBracketOG,OG,NQ,NQ JUN26,LONG,1,26063.75,26063.00,-19.36,-23.72,-4.7,LOSS,STOP_HIT,26030.75,660.00,2026-05-07 09:31:14
2026-01-16,2026-01-16 11:30:00,2026-01-16 11:35:00,OG,Backtest,AdxDiCrossBracketOG,OG_AdxDiCrossBracketOG,OG,NQ,NQ JUN26,LONG,1,25911.50,25925.25,270.64,266.28,53.3,WIN,STOP_HIT,25839.25,1445.00,2026-05-07 09:31:14
2026-01-09,2026-01-09 09:55:00,2026-01-09 10:10:00,OG,Backtest,AdxDiCrossBracketOG,OG_AdxDiCrossBracketOG,OG,NQ,NQ JUN26,SHORT,1,25913.25,25921.75,-174.36,-178.72,-35.7,LOSS,STOP_HIT,25981.00,1355.00,2026-05-07 09:31:14
2026-01-20,2026-01-20 10:50:00,2026-01-20 10:55:00,OG,Backtest,AdxDiCrossBracketOG,OG_AdxDiCrossBracketOG,OG,NQ,NQ JUN26,LONG,1,25598.00,25559.50,-774.36,-778.72,-155.7,LOSS,STOP_HIT,25503.75,1885.00,2026-05-07 09:31:14
2026-01-06,2026-01-06 11:00:00,2026-01-06 11:10:00,OG,Backtest,AdxDiCrossBracketOG,OG_AdxDiCrossBracketOG,OG,NQ,NQ JUN26,SHORT,1,25909.25,25852.00,1140.64,1136.28,227.3,WIN,TARGET_HIT,25967.00,1155.00,2026-05-07 09:31:14
2026-01-20,2026-01-20 10:50:00,2026-01-20 10:55:00,OG,Backtest,AdxDiCrossBracketOG,OG_AdxDiCrossBracketOG,OG,NQ,NQ JUN26,LONG,1,25598.00,25559.50,-774.36,-778.72,-155.7,LOSS,STOP_HIT,25503.75,1885.00,2026-05-07 09:31:14
2026-01-07,2026-01-07 09:50:00,2026-01-07 10:00:00,OG,Backtest,AdxDiCrossBracketOG,OG_AdxDiCrossBracketOG,OG,NQ,NQ JUN26,LONG,1,26063.75,26063.00,-19.36,-23.72,-4.7,LOSS,STOP_HIT,26030.75,660.00,2026-05-07 09:31:14
2026-02-03,2026-02-03 09:50:00,2026-02-03 10:00:00,OG,Backtest,AdxDiCrossBracketOG,OG_AdxDiCrossBracketOG,OG,NQ,NQ JUN26,SHORT,1,25960.75,25888.75,1435.64,1431.28,286.3,WIN,TARGET_HIT,26034.25,1470.00,2026-05-07 09:31:14
2026-01-09,2026-01-09 09:55:00,2026-01-09 10:10:00,OG,Backtest,AdxDiCrossBracketOG,OG_AdxDiCrossBracketOG,OG,NQ,NQ JUN26,SHORT,1,25913.25,25921.75,-174.36,-178.72,-35.7,LOSS,STOP_HIT,25981.00,1355.00,2026-05-07 09:31:14
2026-02-05,2026-02-05 11:40:00,2026-02-05 11:50:00,OG,Backtest,AdxDiCrossBracketOG,OG_AdxDiCrossBracketOG,OG,NQ,NQ JUN26,LONG,1,25025.50,24992.25,-669.36,-673.72,-134.7,LOSS,STOP_HIT,24851.75,3475.00,2026-05-07 09:31:14
2026-01-21,2026-01-21 11:45:00,2026-01-21 11:55:00,OG,Backtest,AdxDiCrossBracketOG,OG_AdxDiCrossBracketOG,OG,NQ,NQ JUN26,SHORT,1,25543.75,25467.25,1525.64,1521.28,304.3,WIN,TARGET_HIT,25620.75,1540.00,2026-05-07 09:31:14
2026-01-21,2026-01-21 11:45:00,2026-01-21 11:55:00,OG,Backtest,AdxDiCrossBracketOG,OG_AdxDiCrossBracketOG,OG,NQ,NQ JUN26,SHORT,1,25543.75,25467.25,1525.64,1521.28,304.3,WIN,TARGET_HIT,25620.75,1540.00,2026-05-07 09:31:14
2026-02-11,2026-02-11 10:20:00,2026-02-11 10:25:00,OG,Backtest,AdxDiCrossBracketOG,OG_AdxDiCrossBracketOG,OG,NQ,NQ JUN26,SHORT,1,25396.00,25293.75,2040.64,2036.28,407.3,WIN,TARGET_HIT,25500.25,2085.00,2026-05-07 09:31:14
2026-01-28,2026-01-28 10:55:00,2026-01-28 11:15:00,OG,Backtest,AdxDiCrossBracketOG,OG_AdxDiCrossBracketOG,OG,NQ,NQ JUN26,SHORT,1,26395.25,26395.00,0.64,-3.72,-0.7,LOSS,STOP_HIT,26461.50,1325.00,2026-05-07 09:31:14
2026-02-13,2026-02-13 10:35:00,2026-02-13 10:50:00,OG,Backtest,AdxDiCrossBracketOG,OG_AdxDiCrossBracketOG,OG,NQ,NQ JUN26,LONG,1,25058.00,24983.00,-1504.36,-1508.72,-301.7,LOSS,STOP_HIT,24917.50,2810.00,2026-05-07 09:31:14
2026-02-10,2026-02-10 09:45:00,2026-02-10 09:45:00,OG,Backtest,AdxDiCrossBracketOG,OG_AdxDiCrossBracketOG,OG,NQ,NQ JUN26,SHORT,1,25535.25,25488.50,930.64,926.28,185.3,WIN,TARGET_HIT,25583.50,965.00,2026-05-07 09:31:14
2026-02-17,2026-02-17 11:10:00,2026-02-17 11:15:00,OG,Backtest,AdxDiCrossBracketOG,OG_AdxDiCrossBracketOG,OG,NQ,NQ JUN26,LONG,1,24861.25,24994.25,2655.64,2651.28,530.3,WIN,TARGET_HIT,24726.75,2690.00,2026-05-07 09:31:14
2026-02-11,2026-02-11 10:20:00,2026-02-11 10:25:00,OG,Backtest,AdxDiCrossBracketOG,OG_AdxDiCrossBracketOG,OG,NQ,NQ JUN26,SHORT,1,25396.00,25293.75,2040.64,2036.28,407.3,WIN,TARGET_HIT,25500.25,2085.00,2026-05-07 09:31:14
2026-02-11,2026-02-11 10:20:00,2026-02-11 10:25:00,OG,Backtest,AdxDiCrossBracketOG,OG_AdxDiCrossBracketOG,OG,NQ,NQ JUN26,SHORT,1,25396.00,25293.75,2040.64,2036.28,407.3,WIN,TARGET_HIT,25500.25,2085.00,2026-05-07 09:31:14
2026-03-03,2026-03-03 11:25:00,2026-03-03 11:40:00,OG,Backtest,AdxDiCrossBracketOG,OG_AdxDiCrossBracketOG,OG,NQ,NQ JUN26,LONG,1,24794.50,24817.25,450.64,446.28,89.3,WIN,STOP_HIT,24654.75,2795.00,2026-05-07 09:31:14
2026-02-13,2026-02-13 10:35:00,2026-02-13 10:50:00,OG,Backtest,AdxDiCrossBracketOG,OG_AdxDiCrossBracketOG,OG,NQ,NQ JUN26,LONG,1,25058.00,24983.00,-1504.36,-1508.72,-301.7,LOSS,STOP_HIT,24917.50,2810.00,2026-05-07 09:31:14
2026-03-03,2026-03-03 11:25:00,2026-03-03 11:40:00,OG,Backtest,AdxDiCrossBracketOG,OG_AdxDiCrossBracketOG,OG,NQ,NQ JUN26,LONG,1,24794.50,24817.25,450.64,446.28,89.3,WIN,STOP_HIT,24654.75,2795.00,2026-05-07 09:31:14
2026-02-17,2026-02-17 11:10:00,2026-02-17 11:15:00,OG,Backtest,AdxDiCrossBracketOG,OG_AdxDiCrossBracketOG,OG,NQ,NQ JUN26,LONG,1,24861.25,24994.25,2655.64,2651.28,530.3,WIN,TARGET_HIT,24726.75,2690.00,2026-05-07 09:31:14
2026-03-12,2026-03-12 11:50:00,2026-03-12 11:55:00,OG,Backtest,AdxDiCrossBracketOG,OG_AdxDiCrossBracketOG,OG,NQ,NQ JUN26,LONG,1,24898.00,24865.50,-654.36,-658.72,-131.7,LOSS,STOP_HIT,24792.00,2120.00,2026-05-07 09:31:14
2026-02-24,2026-02-24 10:10:00,2026-02-24 10:15:00,OG,Backtest,AdxDiCrossBracketOG,OG_AdxDiCrossBracketOG,OG,NQ,NQ JUN26,SHORT,1,25048.75,25109.25,-1214.36,-1218.72,-243.7,LOSS,STOP_HIT,25134.75,1720.00,2026-05-07 09:31:14
2026-02-24,2026-02-24 09:50:00,2026-02-24 10:05:00,OG,Backtest,AdxDiCrossBracketOG,OG_AdxDiCrossBracketOG,OG,NQ,NQ JUN26,LONG,1,25120.50,25043.25,-1549.36,-1553.72,-310.7,LOSS,STOP_HIT,25043.75,1535.00,2026-05-07 09:31:14
2026-03-20,2026-03-20 11:30:00,2026-03-20 11:55:00,OG,Backtest,AdxDiCrossBracketOG,OG_AdxDiCrossBracketOG,OG,NQ,NQ JUN26,LONG,1,24274.25,24294.00,390.64,386.28,77.3,WIN,STOP_HIT,24165.75,2170.00,2026-05-07 09:31:14
2026-03-06,2026-03-06 11:10:00,2026-03-06 11:15:00,OG,Backtest,AdxDiCrossBracketOG,OG_AdxDiCrossBracketOG,OG,NQ,NQ JUN26,LONG,1,25101.50,25059.00,-854.36,-858.72,-171.7,LOSS,STOP_HIT,24975.75,2515.00,2026-05-07 09:31:14
2026-01-28,2026-01-28 10:55:00,2026-01-28 11:15:00,OG,Backtest,AdxDiCrossBracketOG,OG_AdxDiCrossBracketOG,OG,NQ,NQ JUN26,SHORT,1,26395.25,26395.00,0.64,-3.72,-0.7,LOSS,STOP_HIT,26461.50,1325.00,2026-05-07 09:31:14
2026-03-24,2026-03-24 11:00:00,2026-03-24 11:35:00,OG,Backtest,AdxDiCrossBracketOG,OG_AdxDiCrossBracketOG,OG,NQ,NQ JUN26,LONG,1,24281.50,24304.75,460.64,456.28,91.3,WIN,STOP_HIT,24156.00,2510.00,2026-05-07 09:31:14
2026-02-03,2026-02-03 09:50:00,2026-02-03 10:00:00,OG,Backtest,AdxDiCrossBracketOG,OG_AdxDiCrossBracketOG,OG,NQ,NQ JUN26,SHORT,1,25960.75,25888.75,1435.64,1431.28,286.3,WIN,TARGET_HIT,26034.25,1470.00,2026-05-07 09:31:14
2026-03-19,2026-03-19 11:15:00,2026-03-19 11:25:00,OG,Backtest,AdxDiCrossBracketOG,OG_AdxDiCrossBracketOG,OG,NQ,NQ JUN26,LONG,1,24530.25,24486.25,-884.36,-888.72,-177.7,LOSS,STOP_HIT,24416.25,2280.00,2026-05-07 09:31:14
2026-04-06,2026-04-06 10:55:00,2026-04-06 11:05:00,OG,Backtest,AdxDiCrossBracketOG,OG_AdxDiCrossBracketOG,OG,NQ,NQ JUN26,SHORT,1,24269.25,24306.75,-754.36,-758.72,-151.7,LOSS,STOP_HIT,24372.75,2070.00,2026-05-07 09:31:14
2026-04-02,2026-04-02 10:45:00,2026-04-02 11:25:00,OG,Backtest,AdxDiCrossBracketOG,OG_AdxDiCrossBracketOG,OG,NQ,NQ JUN26,LONG,1,24210.25,24121.00,-1789.36,-1793.72,-358.7,LOSS,STOP_HIT,24059.00,3025.00,2026-05-07 09:31:14
2026-03-27,2026-03-27 11:40:00,2026-03-27 12:00:00,OG,Backtest,AdxDiCrossBracketOG,OG_AdxDiCrossBracketOG,OG,NQ,NQ JUN26,LONG,1,23597.00,23559.75,-749.36,-753.72,-150.7,LOSS,STOP_HIT,23486.50,2210.00,2026-05-07 09:31:14
2026-04-16,2026-04-16 10:00:00,2026-04-16 10:10:00,OG,Backtest,AdxDiCrossBracketOG,OG_AdxDiCrossBracketOG,OG,NQ,NQ JUN26,SHORT,1,26282.00,26346.00,-1284.36,-1288.72,-257.7,LOSS,STOP_HIT,26345.50,1270.00,2026-05-07 09:31:14
2026-02-17,2026-02-17 11:10:00,2026-02-17 11:15:00,OG,Backtest,AdxDiCrossBracketOG,OG_AdxDiCrossBracketOG,OG,NQ,NQ JUN26,LONG,1,24861.25,24994.25,2655.64,2651.28,530.3,WIN,TARGET_HIT,24726.75,2690.00,2026-05-07 09:31:14
2026-04-16,2026-04-16 10:15:00,2026-04-16 10:50:00,OG,Backtest,AdxDiCrossBracketOG,OG_AdxDiCrossBracketOG,OG,NQ,NQ JUN26,LONG,1,26347.25,26415.50,1360.64,1356.28,271.3,WIN,TARGET_HIT,26277.00,1405.00,2026-05-07 09:31:14
2026-02-24,2026-02-24 09:50:00,2026-02-24 10:05:00,OG,Backtest,AdxDiCrossBracketOG,OG_AdxDiCrossBracketOG,OG,NQ,NQ JUN26,LONG,1,25120.50,25043.25,-1549.36,-1553.72,-310.7,LOSS,STOP_HIT,25043.75,1535.00,2026-05-07 09:31:14
2026-04-06,2026-04-06 10:55:00,2026-04-06 11:05:00,OG,Backtest,AdxDiCrossBracketOG,OG_AdxDiCrossBracketOG,OG,NQ,NQ JUN26,SHORT,1,24269.25,24306.75,-754.36,-758.72,-151.7,LOSS,STOP_HIT,24372.75,2070.00,2026-05-07 09:31:14
2026-04-16,2026-04-16 10:15:00,2026-04-16 10:50:00,OG,Backtest,AdxDiCrossBracketOG,OG_AdxDiCrossBracketOG,OG,NQ,NQ JUN26,LONG,1,26347.25,26415.50,1360.64,1356.28,271.3,WIN,TARGET_HIT,26277.00,1405.00,2026-05-07 09:31:14
2026-05-01,2026-05-01 11:10:00,2026-05-01 11:20:00,OG,Backtest,AdxDiCrossBracketOG,OG_AdxDiCrossBracketOG,OG,NQ,NQ JUN26,SHORT,1,27795.25,27837.25,-844.36,-848.72,-169.7,LOSS,STOP_HIT,27877.50,1645.00,2026-05-07 09:31:14
2026-04-16,2026-04-16 10:00:00,2026-04-16 10:10:00,OG,Backtest,AdxDiCrossBracketOG,OG_AdxDiCrossBracketOG,OG,NQ,NQ JUN26,SHORT,1,26282.00,26346.00,-1284.36,-1288.72,-257.7,LOSS,STOP_HIT,26345.50,1270.00,2026-05-07 09:31:14
2026-01-28,2026-01-28 10:55:00,2026-01-28 11:15:00,OG,Backtest,AdxDiCrossBracketOG,OG_AdxDiCrossBracketOG,OG,NQ,NQ JUN26,SHORT,1,26395.25,26395.00,0.64,-3.72,-0.7,LOSS,STOP_HIT,26461.50,1325.00,2026-05-07 09:31:14
2026-03-09,2026-03-09 10:45:00,2026-03-09 11:20:00,OG,Backtest,AdxDiCrossBracketOG,OG_AdxDiCrossBracketOG,OG,NQ,NQ JUN26,LONG,1,24692.00,24832.25,2800.64,2796.28,559.3,WIN,TARGET_HIT,24552.25,2795.00,2026-05-07 09:31:14
2026-02-03,2026-02-03 09:50:00,2026-02-03 10:00:00,OG,Backtest,AdxDiCrossBracketOG,OG_AdxDiCrossBracketOG,OG,NQ,NQ JUN26,SHORT,1,25960.75,25888.75,1435.64,1431.28,286.3,WIN,TARGET_HIT,26034.25,1470.00,2026-05-07 09:31:14
2026-05-01,2026-05-01 11:10:00,2026-05-01 11:20:00,OG,Backtest,AdxDiCrossBracketOG,OG_AdxDiCrossBracketOG,OG,NQ,NQ JUN26,SHORT,1,27795.25,27837.25,-844.36,-848.72,-169.7,LOSS,STOP_HIT,27877.50,1645.00,2026-05-07 09:31:14
2026-03-19,2026-03-19 11:15:00,2026-03-19 11:25:00,OG,Backtest,AdxDiCrossBracketOG,OG_AdxDiCrossBracketOG,OG,NQ,NQ JUN26,LONG,1,24530.25,24486.25,-884.36,-888.72,-177.7,LOSS,STOP_HIT,24416.25,2280.00,2026-05-07 09:31:14
2026-02-10,2026-02-10 09:45:00,2026-02-10 09:45:00,OG,Backtest,AdxDiCrossBracketOG,OG_AdxDiCrossBracketOG,OG,NQ,NQ JUN26,SHORT,1,25535.25,25488.50,930.64,926.28,185.3,WIN,TARGET_HIT,25583.50,965.00,2026-05-07 09:31:14
2026-01-07,2026-01-07 09:50:00,2026-01-07 10:00:00,OG,Backtest,AdxDiCrossBracketOG,OG_AdxDiCrossBracketOG,OG,NQ,NQ JUN26,LONG,1,26063.75,26063.00,-19.36,-23.72,-4.7,LOSS,STOP_HIT,26030.75,660.00,2026-05-07 09:31:14
2026-03-25,2026-03-25 11:20:00,2026-03-25 12:25:00,OG,Backtest,AdxDiCrossBracketOG,OG_AdxDiCrossBracketOG,OG,NQ,NQ JUN26,SHORT,1,24386.00,24388.75,-59.36,-63.72,-12.7,LOSS,STOP_HIT,24488.75,2055.00,2026-05-07 09:31:14
2026-01-09,2026-01-09 09:55:00,2026-01-09 10:10:00,OG,Backtest,AdxDiCrossBracketOG,OG_AdxDiCrossBracketOG,OG,NQ,NQ JUN26,SHORT,1,25913.25,25921.75,-174.36,-178.72,-35.7,LOSS,STOP_HIT,25981.00,1355.00,2026-05-07 09:31:14
2026-02-17,2026-02-17 11:10:00,2026-02-17 11:15:00,OG,Backtest,AdxDiCrossBracketOG,OG_AdxDiCrossBracketOG,OG,NQ,NQ JUN26,LONG,1,24861.25,24994.25,2655.64,2651.28,530.3,WIN,TARGET_HIT,24726.75,2690.00,2026-05-07 09:31:14
2026-01-16,2026-01-16 11:30:00,2026-01-16 11:35:00,OG,Backtest,AdxDiCrossBracketOG,OG_AdxDiCrossBracketOG,OG,NQ,NQ JUN26,LONG,1,25911.50,25925.25,270.64,266.28,53.3,WIN,STOP_HIT,25839.25,1445.00,2026-05-07 09:31:14
2026-04-02,2026-04-02 10:45:00,2026-04-02 11:55:00,OG,Backtest,AdxDiCrossBracketOG,OG_AdxDiCrossBracketOG,OG,NQ,NQ JUN26,LONG,1,24210.25,24132.25,-1564.36,-1568.72,-313.7,LOSS,STOP_HIT,24059.00,3025.00,2026-05-07 09:31:14
2026-01-21,2026-01-21 11:45:00,2026-01-21 11:55:00,OG,Backtest,AdxDiCrossBracketOG,OG_AdxDiCrossBracketOG,OG,NQ,NQ JUN26,SHORT,1,25543.75,25467.25,1525.64,1521.28,304.3,WIN,TARGET_HIT,25620.75,1540.00,2026-05-07 09:31:14
2026-03-03,2026-03-03 11:25:00,2026-03-03 11:40:00,OG,Backtest,AdxDiCrossBracketOG,OG_AdxDiCrossBracketOG,OG,NQ,NQ JUN26,LONG,1,24794.50,24817.25,450.64,446.28,89.3,WIN,STOP_HIT,24654.75,2795.00,2026-05-07 09:31:14
2026-04-07,2026-04-07 11:40:00,2026-04-07 12:00:00,OG,Backtest,AdxDiCrossBracketOG,OG_AdxDiCrossBracketOG,OG,NQ,NQ JUN26,LONG,1,24071.50,24083.00,225.64,221.28,44.3,WIN,STOP_HIT,23978.75,1855.00,2026-05-07 09:31:14
2026-02-03,2026-02-03 09:50:00,2026-02-03 10:00:00,OG,Backtest,AdxDiCrossBracketOG,OG_AdxDiCrossBracketOG,OG,NQ,NQ JUN26,SHORT,1,25960.75,25888.75,1435.64,1431.28,286.3,WIN,TARGET_HIT,26034.25,1470.00,2026-05-07 09:31:14
2026-03-12,2026-03-12 11:50:00,2026-03-12 11:55:00,OG,Backtest,AdxDiCrossBracketOG,OG_AdxDiCrossBracketOG,OG,NQ,NQ JUN26,LONG,1,24898.00,24865.50,-654.36,-658.72,-131.7,LOSS,STOP_HIT,24792.00,2120.00,2026-05-07 09:31:14
2026-04-16,2026-04-16 10:15:00,2026-04-16 10:50:00,OG,Backtest,AdxDiCrossBracketOG,OG_AdxDiCrossBracketOG,OG,NQ,NQ JUN26,LONG,1,26347.25,26415.50,1360.64,1356.28,271.3,WIN,TARGET_HIT,26277.00,1405.00,2026-05-07 09:31:14
2026-03-20,2026-03-20 11:30:00,2026-03-20 11:55:00,OG,Backtest,AdxDiCrossBracketOG,OG_AdxDiCrossBracketOG,OG,NQ,NQ JUN26,LONG,1,24274.25,24294.00,390.64,386.28,77.3,WIN,STOP_HIT,24165.75,2170.00,2026-05-07 09:31:14
2026-02-17,2026-02-17 11:10:00,2026-02-17 11:15:00,OG,Backtest,AdxDiCrossBracketOG,OG_AdxDiCrossBracketOG,OG,NQ,NQ JUN26,LONG,1,24861.25,24994.25,2655.64,2651.28,530.3,WIN,TARGET_HIT,24726.75,2690.00,2026-05-07 09:31:14
2026-05-01,2026-05-01 11:10:00,2026-05-01 11:20:00,OG,Backtest,AdxDiCrossBracketOG,OG_AdxDiCrossBracketOG,OG,NQ,NQ JUN26,SHORT,1,27795.25,27837.25,-844.36,-848.72,-169.7,LOSS,STOP_HIT,27877.50,1645.00,2026-05-07 09:31:14
2026-02-24,2026-02-24 10:10:00,2026-02-24 10:15:00,OG,Backtest,AdxDiCrossBracketOG,OG_AdxDiCrossBracketOG,OG,NQ,NQ JUN26,SHORT,1,25048.75,25109.25,-1214.36,-1218.72,-243.7,LOSS,STOP_HIT,25134.75,1720.00,2026-05-07 09:31:14
2026-04-07,2026-04-07 11:40:00,2026-04-07 12:00:00,OG,Backtest,AdxDiCrossBracketOG,OG_AdxDiCrossBracketOG,OG,NQ,NQ JUN26,LONG,1,24071.50,24083.00,225.64,221.28,44.3,WIN,STOP_HIT,23978.75,1855.00,2026-05-07 09:31:14
2026-03-03,2026-03-03 11:25:00,2026-03-03 11:40:00,OG,Backtest,AdxDiCrossBracketOG,OG_AdxDiCrossBracketOG,OG,NQ,NQ JUN26,LONG,1,24794.50,24817.25,450.64,446.28,89.3,WIN,STOP_HIT,24654.75,2795.00,2026-05-07 09:31:14
2026-04-16,2026-04-16 10:00:00,2026-04-16 10:10:00,OG,Backtest,AdxDiCrossBracketOG,OG_AdxDiCrossBracketOG,OG,NQ,NQ JUN26,SHORT,1,26282.00,26346.00,-1284.36,-1288.72,-257.7,LOSS,STOP_HIT,26345.50,1270.00,2026-05-07 09:31:14
2026-03-06,2026-03-06 11:10:00,2026-03-06 11:15:00,OG,Backtest,AdxDiCrossBracketOG,OG_AdxDiCrossBracketOG,OG,NQ,NQ JUN26,LONG,1,25101.50,25059.00,-854.36,-858.72,-171.7,LOSS,STOP_HIT,24975.75,2515.00,2026-05-07 09:31:14
2026-04-16,2026-04-16 10:15:00,2026-04-16 10:50:00,OG,Backtest,AdxDiCrossBracketOG,OG_AdxDiCrossBracketOG,OG,NQ,NQ JUN26,LONG,1,26347.25,26415.50,1360.64,1356.28,271.3,WIN,TARGET_HIT,26277.00,1405.00,2026-05-07 09:31:14
2026-03-09,2026-03-09 10:45:00,2026-03-09 11:20:00,OG,Backtest,AdxDiCrossBracketOG,OG_AdxDiCrossBracketOG,OG,NQ,NQ JUN26,LONG,1,24692.00,24832.25,2800.64,2796.28,559.3,WIN,TARGET_HIT,24552.25,2795.00,2026-05-07 09:31:14
2026-04-21,2026-04-21 11:05:00,2026-04-21 11:10:00,OG,Backtest,AdxDiCrossBracketOG,OG_AdxDiCrossBracketOG,OG,NQ,NQ JUN26,SHORT,1,26737.25,26667.50,1390.64,1386.28,277.3,WIN,TARGET_HIT,26806.00,1375.00,2026-05-07 09:31:14
2026-03-12,2026-03-12 11:50:00,2026-03-12 11:55:00,OG,Backtest,AdxDiCrossBracketOG,OG_AdxDiCrossBracketOG,OG,NQ,NQ JUN26,LONG,1,24898.00,24865.50,-654.36,-658.72,-131.7,LOSS,STOP_HIT,24792.00,2120.00,2026-05-07 09:31:14
2026-05-01,2026-05-01 11:10:00,2026-05-01 11:20:00,OG,Backtest,AdxDiCrossBracketOG,OG_AdxDiCrossBracketOG,OG,NQ,NQ JUN26,SHORT,1,27795.25,27837.25,-844.36,-848.72,-169.7,LOSS,STOP_HIT,27877.50,1645.00,2026-05-07 09:31:14
2026-03-19,2026-03-19 11:15:00,2026-03-19 11:25:00,OG,Backtest,AdxDiCrossBracketOG,OG_AdxDiCrossBracketOG,OG,NQ,NQ JUN26,LONG,1,24530.25,24486.25,-884.36,-888.72,-177.7,LOSS,STOP_HIT,24416.25,2280.00,2026-05-07 09:31:14
2026-03-20,2026-03-20 11:30:00,2026-03-20 11:55:00,OG,Backtest,AdxDiCrossBracketOG,OG_AdxDiCrossBracketOG,OG,NQ,NQ JUN26,LONG,1,24274.25,24294.00,390.64,386.28,77.3,WIN,STOP_HIT,24165.75,2170.00,2026-05-07 09:31:14
2026-03-24,2026-03-24 11:00:00,2026-03-24 11:35:00,OG,Backtest,AdxDiCrossBracketOG,OG_AdxDiCrossBracketOG,OG,NQ,NQ JUN26,LONG,1,24281.50,24304.75,460.64,456.28,91.3,WIN,STOP_HIT,24156.00,2510.00,2026-05-07 09:31:14
2026-03-25,2026-03-25 11:20:00,2026-03-25 12:00:00,OG,Backtest,AdxDiCrossBracketOG,OG_AdxDiCrossBracketOG,OG,NQ,NQ JUN26,SHORT,1,24386.00,24392.50,-134.36,-138.72,-27.7,LOSS,STOP_HIT,24488.75,2055.00,2026-05-07 09:31:14
2026-03-27,2026-03-27 11:40:00,2026-03-27 12:00:00,OG,Backtest,AdxDiCrossBracketOG,OG_AdxDiCrossBracketOG,OG,NQ,NQ JUN26,LONG,1,23597.00,23559.75,-749.36,-753.72,-150.7,LOSS,STOP_HIT,23486.50,2210.00,2026-05-07 09:31:14
2026-04-02,2026-04-02 10:45:00,2026-04-02 11:25:00,OG,Backtest,AdxDiCrossBracketOG,OG_AdxDiCrossBracketOG,OG,NQ,NQ JUN26,LONG,1,24210.25,24121.00,-1789.36,-1793.72,-358.7,LOSS,STOP_HIT,24059.00,3025.00,2026-05-07 09:31:14
2026-04-06,2026-04-06 10:55:00,2026-04-06 11:05:00,OG,Backtest,AdxDiCrossBracketOG,OG_AdxDiCrossBracketOG,OG,NQ,NQ JUN26,SHORT,1,24269.25,24306.75,-754.36,-758.72,-151.7,LOSS,STOP_HIT,24372.75,2070.00,2026-05-07 09:31:14
2026-04-07,2026-04-07 11:40:00,2026-04-07 12:00:00,OG,Backtest,AdxDiCrossBracketOG,OG_AdxDiCrossBracketOG,OG,NQ,NQ JUN26,LONG,1,24071.50,24083.00,225.64,221.28,44.3,WIN,STOP_HIT,23978.75,1855.00,2026-05-07 09:31:14
2026-04-16,2026-04-16 10:00:00,2026-04-16 10:10:00,OG,Backtest,AdxDiCrossBracketOG,OG_AdxDiCrossBracketOG,OG,NQ,NQ JUN26,SHORT,1,26282.00,26346.00,-1284.36,-1288.72,-257.7,LOSS,STOP_HIT,26345.50,1270.00,2026-05-07 09:31:14
2026-04-16,2026-04-16 10:15:00,2026-04-16 10:50:00,OG,Backtest,AdxDiCrossBracketOG,OG_AdxDiCrossBracketOG,OG,NQ,NQ JUN26,LONG,1,26347.25,26415.50,1360.64,1356.28,271.3,WIN,TARGET_HIT,26277.00,1405.00,2026-05-07 09:31:14
2026-04-21,2026-04-21 11:05:00,2026-04-21 11:10:00,OG,Backtest,AdxDiCrossBracketOG,OG_AdxDiCrossBracketOG,OG,NQ,NQ JUN26,SHORT,1,26737.25,26667.50,1390.64,1386.28,277.3,WIN,TARGET_HIT,26806.00,1375.00,2026-05-07 09:31:14
2026-05-01,2026-05-01 11:10:00,2026-05-01 11:20:00,OG,Backtest,AdxDiCrossBracketOG,OG_AdxDiCrossBracketOG,OG,NQ,NQ JUN26,SHORT,1,27795.25,27837.25,-844.36,-848.72,-169.7,LOSS,STOP_HIT,27877.50,1645.00,2026-05-07 09:31:14
2026-01-06,2026-01-06 11:00:00,2026-01-06 11:10:00,OG,Backtest,AdxDiCrossBracketOG,OG_AdxDiCrossBracketOG,OG,NQ,NQ JUN26,SHORT,1,25909.25,25852.00,1140.64,1136.28,227.3,WIN,TARGET_HIT,25967.00,1155.00,2026-05-07 09:31:14
2026-01-07,2026-01-07 09:50:00,2026-01-07 10:00:00,OG,Backtest,AdxDiCrossBracketOG,OG_AdxDiCrossBracketOG,OG,NQ,NQ JUN26,LONG,1,26063.75,26063.00,-19.36,-23.72,-4.7,LOSS,STOP_HIT,26030.75,660.00,2026-05-07 09:31:14
2026-01-09,2026-01-09 09:45:00,2026-01-09 09:50:00,OG,Backtest,AdxDiCrossBracketOG,OG_AdxDiCrossBracketOG,OG,NQ,NQ JUN26,LONG,1,25965.00,25910.75,-1089.36,-1093.72,-218.7,LOSS,STOP_HIT,25911.25,1075.00,2026-05-07 09:31:14
2026-01-09,2026-01-09 09:55:00,2026-01-09 10:10:00,OG,Backtest,AdxDiCrossBracketOG,OG_AdxDiCrossBracketOG,OG,NQ,NQ JUN26,SHORT,1,25913.25,25921.75,-174.36,-178.72,-35.7,LOSS,STOP_HIT,25981.00,1355.00,2026-05-07 09:31:14
2026-01-16,2026-01-16 11:30:00,2026-01-16 11:35:00,OG,Backtest,AdxDiCrossBracketOG,OG_AdxDiCrossBracketOG,OG,NQ,NQ JUN26,LONG,1,25911.50,25925.25,270.64,266.28,53.3,WIN,STOP_HIT,25839.25,1445.00,2026-05-07 09:31:14
2026-01-20,2026-01-20 10:50:00,2026-01-20 10:55:00,OG,Backtest,AdxDiCrossBracketOG,OG_AdxDiCrossBracketOG,OG,NQ,NQ JUN26,LONG,1,25598.00,25559.50,-774.36,-778.72,-155.7,LOSS,STOP_HIT,25503.75,1885.00,2026-05-07 09:31:14
2026-01-21,2026-01-21 11:45:00,2026-01-21 11:55:00,OG,Backtest,AdxDiCrossBracketOG,OG_AdxDiCrossBracketOG,OG,NQ,NQ JUN26,SHORT,1,25543.75,25467.25,1525.64,1521.28,304.3,WIN,TARGET_HIT,25620.75,1540.00,2026-05-07 09:31:14
2026-01-28,2026-01-28 10:55:00,2026-01-28 11:15:00,OG,Backtest,AdxDiCrossBracketOG,OG_AdxDiCrossBracketOG,OG,NQ,NQ JUN26,SHORT,1,26395.25,26395.00,0.64,-3.72,-0.7,LOSS,STOP_HIT,26461.50,1325.00,2026-05-07 09:31:14
2026-02-03,2026-02-03 09:50:00,2026-02-03 10:00:00,OG,Backtest,AdxDiCrossBracketOG,OG_AdxDiCrossBracketOG,OG,NQ,NQ JUN26,SHORT,1,25960.75,25888.75,1435.64,1431.28,286.3,WIN,TARGET_HIT,26034.25,1470.00,2026-05-07 09:31:14
2026-02-05,2026-02-05 11:40:00,2026-02-05 11:50:00,OG,Backtest,AdxDiCrossBracketOG,OG_AdxDiCrossBracketOG,OG,NQ,NQ JUN26,LONG,1,25025.50,24992.25,-669.36,-673.72,-134.7,LOSS,STOP_HIT,24851.75,3475.00,2026-05-07 09:31:14
2026-02-10,2026-02-10 09:45:00,2026-02-10 09:45:00,OG,Backtest,AdxDiCrossBracketOG,OG_AdxDiCrossBracketOG,OG,NQ,NQ JUN26,SHORT,1,25535.25,25488.50,930.64,926.28,185.3,WIN,TARGET_HIT,25583.50,965.00,2026-05-07 09:31:14
2026-02-11,2026-02-11 10:20:00,2026-02-11 10:25:00,OG,Backtest,AdxDiCrossBracketOG,OG_AdxDiCrossBracketOG,OG,NQ,NQ JUN26,SHORT,1,25396.00,25293.75,2040.64,2036.28,407.3,WIN,TARGET_HIT,25500.25,2085.00,2026-05-07 09:31:14
2026-01-06,2026-01-06 11:00:00,2026-01-06 11:10:00,OG,Backtest,AdxDiCrossBracketOG,OG_AdxDiCrossBracketOG,OG,NQ,NQ JUN26,SHORT,1,25909.25,25852.00,1140.64,1136.28,227.3,WIN,TARGET_HIT,25967.00,1155.00,2026-05-07 09:31:14
2026-01-07,2026-01-07 09:50:00,2026-01-07 10:00:00,OG,Backtest,AdxDiCrossBracketOG,OG_AdxDiCrossBracketOG,OG,NQ,NQ JUN26,LONG,1,26063.75,26063.00,-19.36,-23.72,-4.7,LOSS,STOP_HIT,26030.75,660.00,2026-05-07 09:31:14
2026-02-17,2026-02-17 11:10:00,2026-02-17 11:15:00,OG,Backtest,AdxDiCrossBracketOG,OG_AdxDiCrossBracketOG,OG,NQ,NQ JUN26,LONG,1,24861.25,24994.25,2655.64,2651.28,530.3,WIN,TARGET_HIT,24726.75,2690.00,2026-05-07 09:31:14
2026-01-09,2026-01-09 09:55:00,2026-01-09 10:10:00,OG,Backtest,AdxDiCrossBracketOG,OG_AdxDiCrossBracketOG,OG,NQ,NQ JUN26,SHORT,1,25913.25,25921.75,-174.36,-178.72,-35.7,LOSS,STOP_HIT,25981.00,1355.00,2026-05-07 09:31:14
2026-02-24,2026-02-24 09:50:00,2026-02-24 10:05:00,OG,Backtest,AdxDiCrossBracketOG,OG_AdxDiCrossBracketOG,OG,NQ,NQ JUN26,LONG,1,25120.50,25043.25,-1549.36,-1553.72,-310.7,LOSS,STOP_HIT,25043.75,1535.00,2026-05-07 09:31:14
2026-01-20,2026-01-20 10:50:00,2026-01-20 10:55:00,OG,Backtest,AdxDiCrossBracketOG,OG_AdxDiCrossBracketOG,OG,NQ,NQ JUN26,LONG,1,25598.00,25559.50,-774.36,-778.72,-155.7,LOSS,STOP_HIT,25503.75,1885.00,2026-05-07 09:31:14
2026-01-20,2026-01-20 10:50:00,2026-01-20 10:55:00,OG,Backtest,AdxDiCrossBracketOG,OG_AdxDiCrossBracketOG,OG,NQ,NQ JUN26,LONG,1,25598.00,25559.50,-774.36,-778.72,-155.7,LOSS,STOP_HIT,25503.75,1885.00,2026-05-07 09:31:14
2026-03-03,2026-03-03 11:25:00,2026-03-03 11:40:00,OG,Backtest,AdxDiCrossBracketOG,OG_AdxDiCrossBracketOG,OG,NQ,NQ JUN26,LONG,1,24794.50,24817.25,450.64,446.28,89.3,WIN,STOP_HIT,24654.75,2795.00,2026-05-07 09:31:14
2026-01-21,2026-01-21 11:45:00,2026-01-21 11:55:00,OG,Backtest,AdxDiCrossBracketOG,OG_AdxDiCrossBracketOG,OG,NQ,NQ JUN26,SHORT,1,25543.75,25467.25,1525.64,1521.28,304.3,WIN,TARGET_HIT,25620.75,1540.00,2026-05-07 09:31:14
2026-03-06,2026-03-06 11:10:00,2026-03-06 11:15:00,OG,Backtest,AdxDiCrossBracketOG,OG_AdxDiCrossBracketOG,OG,NQ,NQ JUN26,LONG,1,25101.50,25059.00,-854.36,-858.72,-171.7,LOSS,STOP_HIT,24975.75,2515.00,2026-05-07 09:31:14
2026-01-28,2026-01-28 10:55:00,2026-01-28 11:15:00,OG,Backtest,AdxDiCrossBracketOG,OG_AdxDiCrossBracketOG,OG,NQ,NQ JUN26,SHORT,1,26395.25,26395.00,0.64,-3.72,-0.7,LOSS,STOP_HIT,26461.50,1325.00,2026-05-07 09:31:14
2026-02-10,2026-02-10 09:45:00,2026-02-10 09:45:00,OG,Backtest,AdxDiCrossBracketOG,OG_AdxDiCrossBracketOG,OG,NQ,NQ JUN26,SHORT,1,25535.25,25488.50,930.64,926.28,185.3,WIN,TARGET_HIT,25583.50,965.00,2026-05-07 09:31:14
2026-02-03,2026-02-03 09:50:00,2026-02-03 10:00:00,OG,Backtest,AdxDiCrossBracketOG,OG_AdxDiCrossBracketOG,OG,NQ,NQ JUN26,SHORT,1,25960.75,25888.75,1435.64,1431.28,286.3,WIN,TARGET_HIT,26034.25,1470.00,2026-05-07 09:31:14
2026-03-19,2026-03-19 11:15:00,2026-03-19 11:25:00,OG,Backtest,AdxDiCrossBracketOG,OG_AdxDiCrossBracketOG,OG,NQ,NQ JUN26,LONG,1,24530.25,24486.25,-884.36,-888.72,-177.7,LOSS,STOP_HIT,24416.25,2280.00,2026-05-07 09:31:14
2026-02-13,2026-02-13 10:35:00,2026-02-13 10:50:00,OG,Backtest,AdxDiCrossBracketOG,OG_AdxDiCrossBracketOG,OG,NQ,NQ JUN26,LONG,1,25058.00,24983.00,-1504.36,-1508.72,-301.7,LOSS,STOP_HIT,24917.50,2810.00,2026-05-07 09:31:14
2026-03-24,2026-03-24 11:00:00,2026-03-24 11:45:00,OG,Backtest,AdxDiCrossBracketOG,OG_AdxDiCrossBracketOG,OG,NQ,NQ JUN26,LONG,1,24281.50,24348.25,1330.64,1326.28,265.3,WIN,STOP_HIT,24156.00,2510.00,2026-05-07 09:31:14
2026-02-24,2026-02-24 09:50:00,2026-02-24 10:05:00,OG,Backtest,AdxDiCrossBracketOG,OG_AdxDiCrossBracketOG,OG,NQ,NQ JUN26,LONG,1,25120.50,25043.25,-1549.36,-1553.72,-310.7,LOSS,STOP_HIT,25043.75,1535.00,2026-05-07 09:31:14
2026-02-13,2026-02-13 10:35:00,2026-02-13 10:50:00,OG,Backtest,AdxDiCrossBracketOG,OG_AdxDiCrossBracketOG,OG,NQ,NQ JUN26,LONG,1,25058.00,24983.00,-1504.36,-1508.72,-301.7,LOSS,STOP_HIT,24917.50,2810.00,2026-05-07 09:31:14
2026-03-27,2026-03-27 11:40:00,2026-03-27 12:00:00,OG,Backtest,AdxDiCrossBracketOG,OG_AdxDiCrossBracketOG,OG,NQ,NQ JUN26,LONG,1,23597.00,23559.75,-749.36,-753.72,-150.7,LOSS,STOP_HIT,23486.50,2210.00,2026-05-07 09:31:14
2026-03-03,2026-03-03 11:25:00,2026-03-03 11:40:00,OG,Backtest,AdxDiCrossBracketOG,OG_AdxDiCrossBracketOG,OG,NQ,NQ JUN26,LONG,1,24794.50,24817.25,450.64,446.28,89.3,WIN,STOP_HIT,24654.75,2795.00,2026-05-07 09:31:14
2026-02-24,2026-02-24 09:50:00,2026-02-24 10:05:00,OG,Backtest,AdxDiCrossBracketOG,OG_AdxDiCrossBracketOG,OG,NQ,NQ JUN26,LONG,1,25120.50,25043.25,-1549.36,-1553.72,-310.7,LOSS,STOP_HIT,25043.75,1535.00,2026-05-07 09:31:14
2026-03-06,2026-03-06 11:10:00,2026-03-06 11:15:00,OG,Backtest,AdxDiCrossBracketOG,OG_AdxDiCrossBracketOG,OG,NQ,NQ JUN26,LONG,1,25101.50,25059.00,-854.36,-858.72,-171.7,LOSS,STOP_HIT,24975.75,2515.00,2026-05-07 09:31:14
2026-04-07,2026-04-07 11:40:00,2026-04-07 12:00:00,OG,Backtest,AdxDiCrossBracketOG,OG_AdxDiCrossBracketOG,OG,NQ,NQ JUN26,LONG,1,24071.50,24083.00,225.64,221.28,44.3,WIN,STOP_HIT,23978.75,1855.00,2026-05-07 09:31:14
2026-03-09,2026-03-09 10:45:00,2026-03-09 11:20:00,OG,Backtest,AdxDiCrossBracketOG,OG_AdxDiCrossBracketOG,OG,NQ,NQ JUN26,LONG,1,24692.00,24832.25,2800.64,2796.28,559.3,WIN,TARGET_HIT,24552.25,2795.00,2026-05-07 09:31:14
2026-04-16,2026-04-16 10:00:00,2026-04-16 10:10:00,OG,Backtest,AdxDiCrossBracketOG,OG_AdxDiCrossBracketOG,OG,NQ,NQ JUN26,SHORT,1,26282.00,26346.00,-1284.36,-1288.72,-257.7,LOSS,STOP_HIT,26345.50,1270.00,2026-05-07 09:31:14
2026-03-12,2026-03-12 11:50:00,2026-03-12 11:55:00,OG,Backtest,AdxDiCrossBracketOG,OG_AdxDiCrossBracketOG,OG,NQ,NQ JUN26,LONG,1,24898.00,24865.50,-654.36,-658.72,-131.7,LOSS,STOP_HIT,24792.00,2120.00,2026-05-07 09:31:14
2026-04-21,2026-04-21 11:05:00,2026-04-21 11:10:00,OG,Backtest,AdxDiCrossBracketOG,OG_AdxDiCrossBracketOG,OG,NQ,NQ JUN26,SHORT,1,26737.25,26667.50,1390.64,1386.28,277.3,WIN,TARGET_HIT,26806.00,1375.00,2026-05-07 09:31:14
2026-01-20,2026-01-20 10:50:00,2026-01-20 10:55:00,OG,Backtest,AdxDiCrossBracketOG,OG_AdxDiCrossBracketOG,OG,NQ,NQ JUN26,LONG,1,25598.00,25559.50,-774.36,-778.72,-155.7,LOSS,STOP_HIT,25503.75,1885.00,2026-05-07 09:31:14
2026-03-19,2026-03-19 11:15:00,2026-03-19 11:25:00,OG,Backtest,AdxDiCrossBracketOG,OG_AdxDiCrossBracketOG,OG,NQ,NQ JUN26,LONG,1,24530.25,24486.25,-884.36,-888.72,-177.7,LOSS,STOP_HIT,24416.25,2280.00,2026-05-07 09:31:14
2026-03-24,2026-03-24 11:00:00,2026-03-24 11:45:00,OG,Backtest,AdxDiCrossBracketOG,OG_AdxDiCrossBracketOG,OG,NQ,NQ JUN26,LONG,1,24281.50,24348.25,1330.64,1326.28,265.3,WIN,STOP_HIT,24156.00,2510.00,2026-05-07 09:31:14
2026-01-28,2026-01-28 10:55:00,2026-01-28 11:15:00,OG,Backtest,AdxDiCrossBracketOG,OG_AdxDiCrossBracketOG,OG,NQ,NQ JUN26,SHORT,1,26395.25,26395.00,0.64,-3.72,-0.7,LOSS,STOP_HIT,26461.50,1325.00,2026-05-07 09:31:14
2026-02-11,2026-02-11 10:20:00,2026-02-11 10:25:00,OG,Backtest,AdxDiCrossBracketOG,OG_AdxDiCrossBracketOG,OG,NQ,NQ JUN26,SHORT,1,25396.00,25293.75,2040.64,2036.28,407.3,WIN,TARGET_HIT,25500.25,2085.00,2026-05-07 09:31:14
2026-03-27,2026-03-27 11:40:00,2026-03-27 12:00:00,OG,Backtest,AdxDiCrossBracketOG,OG_AdxDiCrossBracketOG,OG,NQ,NQ JUN26,LONG,1,23597.00,23559.75,-749.36,-753.72,-150.7,LOSS,STOP_HIT,23486.50,2210.00,2026-05-07 09:31:14
2026-03-27,2026-03-27 11:40:00,2026-03-27 12:00:00,OG,Backtest,AdxDiCrossBracketOG,OG_AdxDiCrossBracketOG,OG,NQ,NQ JUN26,LONG,1,23597.00,23559.75,-749.36,-753.72,-150.7,LOSS,STOP_HIT,23486.50,2210.00,2026-05-07 09:31:14
2026-02-13,2026-02-13 10:35:00,2026-02-13 10:50:00,OG,Backtest,AdxDiCrossBracketOG,OG_AdxDiCrossBracketOG,OG,NQ,NQ JUN26,LONG,1,25058.00,24983.00,-1504.36,-1508.72,-301.7,LOSS,STOP_HIT,24917.50,2810.00,2026-05-07 09:31:14
2026-04-02,2026-04-02 10:45:00,2026-04-02 11:55:00,OG,Backtest,AdxDiCrossBracketOG,OG_AdxDiCrossBracketOG,OG,NQ,NQ JUN26,LONG,1,24210.25,24132.25,-1564.36,-1568.72,-313.7,LOSS,STOP_HIT,24059.00,3025.00,2026-05-07 09:31:14
2026-02-17,2026-02-17 11:10:00,2026-02-17 11:15:00,OG,Backtest,AdxDiCrossBracketOG,OG_AdxDiCrossBracketOG,OG,NQ,NQ JUN26,LONG,1,24861.25,24994.25,2655.64,2651.28,530.3,WIN,TARGET_HIT,24726.75,2690.00,2026-05-07 09:31:14
2026-02-13,2026-02-13 10:35:00,2026-02-13 10:50:00,OG,Backtest,AdxDiCrossBracketOG,OG_AdxDiCrossBracketOG,OG,NQ,NQ JUN26,LONG,1,25058.00,24983.00,-1504.36,-1508.72,-301.7,LOSS,STOP_HIT,24917.50,2810.00,2026-05-07 09:31:14
2026-02-24,2026-02-24 09:50:00,2026-02-24 10:05:00,OG,Backtest,AdxDiCrossBracketOG,OG_AdxDiCrossBracketOG,OG,NQ,NQ JUN26,LONG,1,25120.50,25043.25,-1549.36,-1553.72,-310.7,LOSS,STOP_HIT,25043.75,1535.00,2026-05-07 09:31:14
2026-02-17,2026-02-17 11:10:00,2026-02-17 11:15:00,OG,Backtest,AdxDiCrossBracketOG,OG_AdxDiCrossBracketOG,OG,NQ,NQ JUN26,LONG,1,24861.25,24994.25,2655.64,2651.28,530.3,WIN,TARGET_HIT,24726.75,2690.00,2026-05-07 09:31:14
2026-03-03,2026-03-03 11:25:00,2026-03-03 11:40:00,OG,Backtest,AdxDiCrossBracketOG,OG_AdxDiCrossBracketOG,OG,NQ,NQ JUN26,LONG,1,24794.50,24817.25,450.64,446.28,89.3,WIN,STOP_HIT,24654.75,2795.00,2026-05-07 09:31:14
2026-02-24,2026-02-24 10:10:00,2026-02-24 10:15:00,OG,Backtest,AdxDiCrossBracketOG,OG_AdxDiCrossBracketOG,OG,NQ,NQ JUN26,SHORT,1,25048.75,25109.25,-1214.36,-1218.72,-243.7,LOSS,STOP_HIT,25134.75,1720.00,2026-05-07 09:31:14
2026-03-09,2026-03-09 10:45:00,2026-03-09 11:20:00,OG,Backtest,AdxDiCrossBracketOG,OG_AdxDiCrossBracketOG,OG,NQ,NQ JUN26,LONG,1,24692.00,24832.25,2800.64,2796.28,559.3,WIN,TARGET_HIT,24552.25,2795.00,2026-05-07 09:31:14
2026-03-06,2026-03-06 11:10:00,2026-03-06 11:15:00,OG,Backtest,AdxDiCrossBracketOG,OG_AdxDiCrossBracketOG,OG,NQ,NQ JUN26,LONG,1,25101.50,25059.00,-854.36,-858.72,-171.7,LOSS,STOP_HIT,24975.75,2515.00,2026-05-07 09:31:14
2026-03-19,2026-03-19 11:15:00,2026-03-19 11:25:00,OG,Backtest,AdxDiCrossBracketOG,OG_AdxDiCrossBracketOG,OG,NQ,NQ JUN26,LONG,1,24530.25,24486.25,-884.36,-888.72,-177.7,LOSS,STOP_HIT,24416.25,2280.00,2026-05-07 09:31:14
2026-03-12,2026-03-12 11:50:00,2026-03-12 11:55:00,OG,Backtest,AdxDiCrossBracketOG,OG_AdxDiCrossBracketOG,OG,NQ,NQ JUN26,LONG,1,24898.00,24865.50,-654.36,-658.72,-131.7,LOSS,STOP_HIT,24792.00,2120.00,2026-05-07 09:31:14
2026-03-24,2026-03-24 11:00:00,2026-03-24 11:45:00,OG,Backtest,AdxDiCrossBracketOG,OG_AdxDiCrossBracketOG,OG,NQ,NQ JUN26,LONG,1,24281.50,24348.25,1330.64,1326.28,265.3,WIN,STOP_HIT,24156.00,2510.00,2026-05-07 09:31:14
2026-03-19,2026-03-19 11:15:00,2026-03-19 11:25:00,OG,Backtest,AdxDiCrossBracketOG,OG_AdxDiCrossBracketOG,OG,NQ,NQ JUN26,LONG,1,24530.25,24486.25,-884.36,-888.72,-177.7,LOSS,STOP_HIT,24416.25,2280.00,2026-05-07 09:31:14
2026-03-20,2026-03-20 11:30:00,2026-03-20 11:55:00,OG,Backtest,AdxDiCrossBracketOG,OG_AdxDiCrossBracketOG,OG,NQ,NQ JUN26,LONG,1,24274.25,24294.00,390.64,386.28,77.3,WIN,STOP_HIT,24165.75,2170.00,2026-05-07 09:31:14
2026-03-27,2026-03-27 11:40:00,2026-03-27 12:00:00,OG,Backtest,AdxDiCrossBracketOG,OG_AdxDiCrossBracketOG,OG,NQ,NQ JUN26,LONG,1,23597.00,23559.75,-749.36,-753.72,-150.7,LOSS,STOP_HIT,23486.50,2210.00,2026-05-07 09:31:14
2026-03-24,2026-03-24 11:00:00,2026-03-24 11:45:00,OG,Backtest,AdxDiCrossBracketOG,OG_AdxDiCrossBracketOG,OG,NQ,NQ JUN26,LONG,1,24281.50,24348.25,1330.64,1326.28,265.3,WIN,STOP_HIT,24156.00,2510.00,2026-05-07 09:31:14
2026-04-02,2026-04-02 10:45:00,2026-04-02 11:55:00,OG,Backtest,AdxDiCrossBracketOG,OG_AdxDiCrossBracketOG,OG,NQ,NQ JUN26,LONG,1,24210.25,24132.25,-1564.36,-1568.72,-313.7,LOSS,STOP_HIT,24059.00,3025.00,2026-05-07 09:31:14
2026-03-27,2026-03-27 11:40:00,2026-03-27 12:00:00,OG,Backtest,AdxDiCrossBracketOG,OG_AdxDiCrossBracketOG,OG,NQ,NQ JUN26,LONG,1,23597.00,23559.75,-749.36,-753.72,-150.7,LOSS,STOP_HIT,23486.50,2210.00,2026-05-07 09:31:14
2026-04-07,2026-04-07 11:40:00,2026-04-07 12:00:00,OG,Backtest,AdxDiCrossBracketOG,OG_AdxDiCrossBracketOG,OG,NQ,NQ JUN26,LONG,1,24071.50,24083.00,225.64,221.28,44.3,WIN,STOP_HIT,23978.75,1855.00,2026-05-07 09:31:14
2026-04-02,2026-04-02 10:45:00,2026-04-02 11:55:00,OG,Backtest,AdxDiCrossBracketOG,OG_AdxDiCrossBracketOG,OG,NQ,NQ JUN26,LONG,1,24210.25,24132.25,-1564.36,-1568.72,-313.7,LOSS,STOP_HIT,24059.00,3025.00,2026-05-07 09:31:14
2026-04-16,2026-04-16 10:00:00,2026-04-16 10:10:00,OG,Backtest,AdxDiCrossBracketOG,OG_AdxDiCrossBracketOG,OG,NQ,NQ JUN26,SHORT,1,26282.00,26346.00,-1284.36,-1288.72,-257.7,LOSS,STOP_HIT,26345.50,1270.00,2026-05-07 09:31:14
2026-04-07,2026-04-07 11:40:00,2026-04-07 12:00:00,OG,Backtest,AdxDiCrossBracketOG,OG_AdxDiCrossBracketOG,OG,NQ,NQ JUN26,LONG,1,24071.50,24083.00,225.64,221.28,44.3,WIN,STOP_HIT,23978.75,1855.00,2026-05-07 09:31:14
2026-04-21,2026-04-21 11:05:00,2026-04-21 11:10:00,OG,Backtest,AdxDiCrossBracketOG,OG_AdxDiCrossBracketOG,OG,NQ,NQ JUN26,SHORT,1,26737.25,26667.50,1390.64,1386.28,277.3,WIN,TARGET_HIT,26806.00,1375.00,2026-05-07 09:31:14
2026-04-16,2026-04-16 10:15:00,2026-04-16 10:50:00,OG,Backtest,AdxDiCrossBracketOG,OG_AdxDiCrossBracketOG,OG,NQ,NQ JUN26,LONG,1,26347.25,26415.50,1360.64,1356.28,271.3,WIN,TARGET_HIT,26277.00,1405.00,2026-05-07 09:31:14
2026-05-01,2026-05-01 11:10:00,2026-05-01 11:20:00,OG,Backtest,AdxDiCrossBracketOG,OG_AdxDiCrossBracketOG,OG,NQ,NQ JUN26,SHORT,1,27795.25,27837.25,-844.36,-848.72,-169.7,LOSS,STOP_HIT,27877.50,1645.00,2026-05-07 09:31:14
2026-05-01,2026-05-01 11:10:00,2026-05-01 11:20:00,OG,Backtest,AdxDiCrossBracketOG,OG_AdxDiCrossBracketOG,OG,NQ,NQ JUN26,SHORT,1,27795.25,27837.25,-844.36,-848.72,-169.7,LOSS,STOP_HIT,27877.50,1645.00,2026-05-07 09:31:14
2026-01-06,2026-01-06 11:00:00,2026-01-06 11:10:00,OG,Backtest,AdxDiCrossBracketOG,OG_AdxDiCrossBracketOG,OG,NQ,NQ JUN26,SHORT,1,25909.25,25852.00,1140.64,1136.28,227.3,WIN,TARGET_HIT,25967.00,1155.00,2026-05-07 09:31:14
2026-01-07,2026-01-07 09:50:00,2026-01-07 10:05:00,OG,Backtest,AdxDiCrossBracketOG,OG_AdxDiCrossBracketOG,OG,NQ,NQ JUN26,LONG,1,26063.75,26030.25,-674.36,-678.72,-135.7,LOSS,STOP_HIT,26030.75,660.00,2026-05-07 09:31:14
2026-01-07,2026-01-07 10:10:00,2026-01-07 10:35:00,OG,Backtest,AdxDiCrossBracketOG,OG_AdxDiCrossBracketOG,OG,NQ,NQ JUN26,SHORT,1,26050.75,26086.25,-714.36,-718.72,-143.7,LOSS,STOP_HIT,26094.00,865.00,2026-05-07 09:31:14
2026-01-09,2026-01-09 09:45:00,2026-01-09 09:50:00,OG,Backtest,AdxDiCrossBracketOG,OG_AdxDiCrossBracketOG,OG,NQ,NQ JUN26,LONG,1,25965.00,25910.75,-1089.36,-1093.72,-218.7,LOSS,STOP_HIT,25911.25,1075.00,2026-05-07 09:31:14
2026-01-09,2026-01-09 09:55:00,2026-01-09 10:10:00,OG,Backtest,AdxDiCrossBracketOG,OG_AdxDiCrossBracketOG,OG,NQ,NQ JUN26,SHORT,1,25913.25,25921.75,-174.36,-178.72,-35.7,LOSS,STOP_HIT,25981.00,1355.00,2026-05-07 09:31:14
2026-01-09,2026-01-09 10:30:00,2026-01-09 10:55:00,OG,Backtest,AdxDiCrossBracketOG,OG_AdxDiCrossBracketOG,OG,NQ,NQ JUN26,LONG,1,26009.25,25980.75,-574.36,-578.72,-115.7,LOSS,STOP_HIT,25910.75,1970.00,2026-05-07 09:31:14
2026-01-12,2026-01-12 11:25:00,2026-01-12 11:35:00,OG,Backtest,AdxDiCrossBracketOG,OG_AdxDiCrossBracketOG,OG,NQ,NQ JUN26,LONG,1,26158.75,26150.00,-179.36,-183.72,-36.7,LOSS,STOP_HIT,26104.75,1080.00,2026-05-07 09:31:14
2026-01-13,2026-01-13 10:10:00,2026-01-13 10:20:00,OG,Backtest,AdxDiCrossBracketOG,OG_AdxDiCrossBracketOG,OG,NQ,NQ JUN26,SHORT,1,26138.00,26078.25,1190.64,1186.28,237.3,WIN,TARGET_HIT,26197.75,1195.00,2026-05-07 09:31:14
2026-01-16,2026-01-16 11:30:00,2026-01-16 11:35:00,OG,Backtest,AdxDiCrossBracketOG,OG_AdxDiCrossBracketOG,OG,NQ,NQ JUN26,LONG,1,25911.50,25925.25,270.64,266.28,53.3,WIN,STOP_HIT,25839.25,1445.00,2026-05-07 09:31:14
2026-01-16,2026-01-16 11:40:00,2026-01-16 12:05:00,OG,Backtest,AdxDiCrossBracketOG,OG_AdxDiCrossBracketOG,OG,NQ,NQ JUN26,LONG,1,25923.75,25924.75,15.64,11.28,2.3,WIN,STOP_HIT,25854.75,1380.00,2026-05-07 09:31:14
2026-01-20,2026-01-20 10:50:00,2026-01-20 10:55:00,OG,Backtest,AdxDiCrossBracketOG,OG_AdxDiCrossBracketOG,OG,NQ,NQ JUN26,LONG,1,25598.00,25559.50,-774.36,-778.72,-155.7,LOSS,STOP_HIT,25503.75,1885.00,2026-05-07 09:31:14
2026-01-20,2026-01-20 11:10:00,2026-01-20 11:15:00,OG,Backtest,AdxDiCrossBracketOG,OG_AdxDiCrossBracketOG,OG,NQ,NQ JUN26,LONG,1,25587.50,25601.00,265.64,261.28,52.3,WIN,STOP_HIT,25494.00,1870.00,2026-05-07 09:31:14
2026-01-21,2026-01-21 11:45:00,2026-01-21 11:55:00,OG,Backtest,AdxDiCrossBracketOG,OG_AdxDiCrossBracketOG,OG,NQ,NQ JUN26,SHORT,1,25543.75,25467.25,1525.64,1521.28,304.3,WIN,TARGET_HIT,25620.75,1540.00,2026-05-07 09:31:14
2026-01-23,2026-01-23 10:10:00,2026-01-23 10:40:00,OG,Backtest,AdxDiCrossBracketOG,OG_AdxDiCrossBracketOG,OG,NQ,NQ JUN26,LONG,1,25921.00,25989.75,1370.64,1366.28,273.3,WIN,TARGET_HIT,25850.75,1405.00,2026-05-07 09:31:14
2026-01-28,2026-01-28 10:55:00,2026-01-28 11:20:00,OG,Backtest,AdxDiCrossBracketOG,OG_AdxDiCrossBracketOG,OG,NQ,NQ JUN26,SHORT,1,26395.25,26393.00,40.64,36.28,7.3,WIN,STOP_HIT,26461.50,1325.00,2026-05-07 09:31:14
2026-01-30,2026-01-30 10:55:00,2026-01-30 11:00:00,OG,Backtest,AdxDiCrossBracketOG,OG_AdxDiCrossBracketOG,OG,NQ,NQ JUN26,LONG,1,26117.25,26072.25,-904.36,-908.72,-181.7,LOSS,STOP_HIT,26003.25,2280.00,2026-05-07 09:31:14
2026-02-03,2026-02-03 09:50:00,2026-02-03 10:00:00,OG,Backtest,AdxDiCrossBracketOG,OG_AdxDiCrossBracketOG,OG,NQ,NQ JUN26,SHORT,1,25960.75,25888.75,1435.64,1431.28,286.3,WIN,TARGET_HIT,26034.25,1470.00,2026-05-07 09:31:14
2026-02-05,2026-02-05 11:40:00,2026-02-05 11:50:00,OG,Backtest,AdxDiCrossBracketOG,OG_AdxDiCrossBracketOG,OG,NQ,NQ JUN26,LONG,1,25025.50,24992.25,-669.36,-673.72,-134.7,LOSS,STOP_HIT,24851.75,3475.00,2026-05-07 09:31:14
2026-02-10,2026-02-10 09:45:00,2026-02-10 09:45:00,OG,Backtest,AdxDiCrossBracketOG,OG_AdxDiCrossBracketOG,OG,NQ,NQ JUN26,SHORT,1,25535.25,25488.50,930.64,926.28,185.3,WIN,TARGET_HIT,25583.50,965.00,2026-05-07 09:31:14
2026-02-11,2026-02-11 10:20:00,2026-02-11 10:25:00,OG,Backtest,AdxDiCrossBracketOG,OG_AdxDiCrossBracketOG,OG,NQ,NQ JUN26,SHORT,1,25396.00,25293.75,2040.64,2036.28,407.3,WIN,TARGET_HIT,25500.25,2085.00,2026-05-07 09:31:14
2026-02-11,2026-02-11 11:05:00,2026-02-11 11:10:00,OG,Backtest,AdxDiCrossBracketOG,OG_AdxDiCrossBracketOG,OG,NQ,NQ JUN26,LONG,1,25453.50,25418.25,-709.36,-713.72,-142.7,LOSS,STOP_HIT,25333.00,2410.00,2026-05-07 09:31:14
2026-02-11,2026-02-11 11:20:00,2026-02-11 11:25:00,OG,Backtest,AdxDiCrossBracketOG,OG_AdxDiCrossBracketOG,OG,NQ,NQ JUN26,LONG,1,25468.00,25457.75,-209.36,-213.72,-42.7,LOSS,STOP_HIT,25346.75,2425.00,2026-05-07 09:31:14
2026-02-13,2026-02-13 10:35:00,2026-02-13 10:50:00,OG,Backtest,AdxDiCrossBracketOG,OG_AdxDiCrossBracketOG,OG,NQ,NQ JUN26,LONG,1,25058.00,24983.00,-1504.36,-1508.72,-301.7,LOSS,STOP_HIT,24917.50,2810.00,2026-05-07 09:31:14
2026-02-17,2026-02-17 11:10:00,2026-02-17 11:15:00,OG,Backtest,AdxDiCrossBracketOG,OG_AdxDiCrossBracketOG,OG,NQ,NQ JUN26,LONG,1,24861.25,24994.25,2655.64,2651.28,530.3,WIN,TARGET_HIT,24726.75,2690.00,2026-05-07 09:31:14
2026-02-24,2026-02-24 09:50:00,2026-02-24 10:05:00,OG,Backtest,AdxDiCrossBracketOG,OG_AdxDiCrossBracketOG,OG,NQ,NQ JUN26,LONG,1,25120.50,25043.25,-1549.36,-1553.72,-310.7,LOSS,STOP_HIT,25043.75,1535.00,2026-05-07 09:31:14
2026-02-24,2026-02-24 10:10:00,2026-02-24 10:15:00,OG,Backtest,AdxDiCrossBracketOG,OG_AdxDiCrossBracketOG,OG,NQ,NQ JUN26,SHORT,1,25048.75,25109.25,-1214.36,-1218.72,-243.7,LOSS,STOP_HIT,25134.75,1720.00,2026-05-07 09:31:14
2026-03-02,2026-03-02 11:15:00,2026-03-02 11:20:00,OG,Backtest,AdxDiCrossBracketOG,OG_AdxDiCrossBracketOG,OG,NQ,NQ JUN26,LONG,1,25187.00,25180.75,-129.36,-133.72,-26.7,LOSS,STOP_HIT,25072.75,2285.00,2026-05-07 09:31:14
2026-03-03,2026-03-03 11:25:00,2026-03-03 11:40:00,OG,Backtest,AdxDiCrossBracketOG,OG_AdxDiCrossBracketOG,OG,NQ,NQ JUN26,LONG,1,24794.50,24817.25,450.64,446.28,89.3,WIN,STOP_HIT,24654.75,2795.00,2026-05-07 09:31:14
2026-03-06,2026-03-06 11:10:00,2026-03-06 11:15:00,OG,Backtest,AdxDiCrossBracketOG,OG_AdxDiCrossBracketOG,OG,NQ,NQ JUN26,LONG,1,25101.50,25059.00,-854.36,-858.72,-171.7,LOSS,STOP_HIT,24975.75,2515.00,2026-05-07 09:31:14
2026-03-09,2026-03-09 10:45:00,2026-03-09 11:20:00,OG,Backtest,AdxDiCrossBracketOG,OG_AdxDiCrossBracketOG,OG,NQ,NQ JUN26,LONG,1,24692.00,24832.25,2800.64,2796.28,559.3,WIN,TARGET_HIT,24552.25,2795.00,2026-05-07 09:31:14
2026-03-12,2026-03-12 11:50:00,2026-03-12 11:55:00,OG,Backtest,AdxDiCrossBracketOG,OG_AdxDiCrossBracketOG,OG,NQ,NQ JUN26,LONG,1,24898.00,24865.50,-654.36,-658.72,-131.7,LOSS,STOP_HIT,24792.00,2120.00,2026-05-07 09:31:14
2026-03-13,2026-03-13 10:50:00,2026-03-13 11:00:00,OG,Backtest,AdxDiCrossBracketOG,OG_AdxDiCrossBracketOG,OG,NQ,NQ JUN26,SHORT,1,24805.00,24706.00,1975.64,1971.28,394.3,WIN,TARGET_HIT,24902.50,1950.00,2026-05-07 09:31:14
2026-03-17,2026-03-17 11:15:00,2026-03-17 12:10:00,OG,Backtest,AdxDiCrossBracketOG,OG_AdxDiCrossBracketOG,OG,NQ,NQ JUN26,SHORT,1,25020.50,24951.00,1385.64,1381.28,276.3,WIN,TARGET_HIT,25091.50,1420.00,2026-05-07 09:31:14
2026-03-19,2026-03-19 11:15:00,2026-03-19 11:25:00,OG,Backtest,AdxDiCrossBracketOG,OG_AdxDiCrossBracketOG,OG,NQ,NQ JUN26,LONG,1,24530.25,24486.25,-884.36,-888.72,-177.7,LOSS,STOP_HIT,24416.25,2280.00,2026-05-07 09:31:14
2026-03-20,2026-03-20 11:30:00,2026-03-20 12:30:00,OG,Backtest,AdxDiCrossBracketOG,OG_AdxDiCrossBracketOG,OG,NQ,NQ JUN26,LONG,1,24274.25,24309.75,705.64,701.28,140.3,WIN,STOP_HIT,24165.75,2170.00,2026-05-07 09:31:14
2026-03-24,2026-03-24 11:00:00,2026-03-24 12:00:00,OG,Backtest,AdxDiCrossBracketOG,OG_AdxDiCrossBracketOG,OG,NQ,NQ JUN26,LONG,1,24281.50,24320.75,780.64,776.28,155.3,WIN,STOP_HIT,24156.00,2510.00,2026-05-07 09:31:14
2026-03-25,2026-03-25 11:20:00,2026-03-25 12:25:00,OG,Backtest,AdxDiCrossBracketOG,OG_AdxDiCrossBracketOG,OG,NQ,NQ JUN26,SHORT,1,24386.00,24388.75,-59.36,-63.72,-12.7,LOSS,STOP_HIT,24488.75,2055.00,2026-05-07 09:31:14
2026-03-27,2026-03-27 11:40:00,2026-03-27 12:10:00,OG,Backtest,AdxDiCrossBracketOG,OG_AdxDiCrossBracketOG,OG,NQ,NQ JUN26,LONG,1,23597.00,23538.50,-1174.36,-1178.72,-235.7,LOSS,STOP_HIT,23486.50,2210.00,2026-05-07 09:31:14
2026-04-02,2026-04-02 10:45:00,2026-04-02 11:55:00,OG,Backtest,AdxDiCrossBracketOG,OG_AdxDiCrossBracketOG,OG,NQ,NQ JUN26,LONG,1,24210.25,24132.25,-1564.36,-1568.72,-313.7,LOSS,STOP_HIT,24059.00,3025.00,2026-05-07 09:31:14
2026-04-06,2026-04-06 10:55:00,2026-04-06 11:05:00,OG,Backtest,AdxDiCrossBracketOG,OG_AdxDiCrossBracketOG,OG,NQ,NQ JUN26,SHORT,1,24269.25,24306.75,-754.36,-758.72,-151.7,LOSS,STOP_HIT,24372.75,2070.00,2026-05-07 09:31:14
2026-04-06,2026-04-06 11:35:00,2026-04-06 11:50:00,OG,Backtest,AdxDiCrossBracketOG,OG_AdxDiCrossBracketOG,OG,NQ,NQ JUN26,SHORT,1,24280.75,24293.50,-259.36,-263.72,-52.7,LOSS,STOP_HIT,24370.25,1790.00,2026-05-07 09:31:14
2026-04-07,2026-04-07 11:40:00,2026-04-07 12:05:00,OG,Backtest,AdxDiCrossBracketOG,OG_AdxDiCrossBracketOG,OG,NQ,NQ JUN26,LONG,1,24071.50,24163.75,1840.64,1836.28,367.3,WIN,TARGET_HIT,23978.75,1855.00,2026-05-07 09:31:14
2026-04-10,2026-04-10 11:45:00,2026-04-10 12:45:00,OG,Backtest,AdxDiCrossBracketOG,OG_AdxDiCrossBracketOG,OG,NQ,NQ JUN26,SHORT,1,25301.50,25237.75,1270.64,1266.28,253.3,WIN,TARGET_HIT,25366.25,1295.00,2026-05-07 09:31:14
2026-04-13,2026-04-13 10:00:00,2026-04-13 10:20:00,OG,Backtest,AdxDiCrossBracketOG,OG_AdxDiCrossBracketOG,OG,NQ,NQ JUN26,LONG,1,25271.50,25281.75,200.64,196.28,39.3,WIN,STOP_HIT,25200.75,1415.00,2026-05-07 09:31:14
2026-04-16,2026-04-16 10:00:00,2026-04-16 10:10:00,OG,Backtest,AdxDiCrossBracketOG,OG_AdxDiCrossBracketOG,OG,NQ,NQ JUN26,SHORT,1,26282.00,26346.00,-1284.36,-1288.72,-257.7,LOSS,STOP_HIT,26345.50,1270.00,2026-05-07 09:31:14
2026-04-16,2026-04-16 10:15:00,2026-04-16 10:50:00,OG,Backtest,AdxDiCrossBracketOG,OG_AdxDiCrossBracketOG,OG,NQ,NQ JUN26,LONG,1,26347.25,26415.50,1360.64,1356.28,271.3,WIN,TARGET_HIT,26277.00,1405.00,2026-05-07 09:31:14
2026-04-21,2026-04-21 11:05:00,2026-04-21 11:10:00,OG,Backtest,AdxDiCrossBracketOG,OG_AdxDiCrossBracketOG,OG,NQ,NQ JUN26,SHORT,1,26737.25,26667.50,1390.64,1386.28,277.3,WIN,TARGET_HIT,26806.00,1375.00,2026-05-07 09:31:14
2026-04-29,2026-04-29 11:15:00,2026-04-29 11:20:00,OG,Backtest,AdxDiCrossBracketOG,OG_AdxDiCrossBracketOG,OG,NQ,NQ JUN26,SHORT,1,27249.50,27231.00,365.64,361.28,72.3,WIN,STOP_HIT,27310.00,1210.00,2026-05-07 09:31:14
2026-05-01,2026-05-01 11:10:00,2026-05-01 11:20:00,OG,Backtest,AdxDiCrossBracketOG,OG_AdxDiCrossBracketOG,OG,NQ,NQ JUN26,SHORT,1,27795.25,27837.25,-844.36,-848.72,-169.7,LOSS,STOP_HIT,27877.50,1645.00,2026-05-07 09:31:14
2026-05-04,2026-05-04 11:05:00,2026-05-04 11:20:00,OG,Backtest,AdxDiCrossBracketOG,OG_AdxDiCrossBracketOG,OG,NQ,NQ JUN26,SHORT,1,27881.50,27813.00,1365.64,1361.28,272.3,WIN,TARGET_HIT,27951.00,1390.00,2026-05-07 09:31:14
2026-05-04,2026-05-04 03:25:00,2026-05-04 03:35:00,OG,SimADX1,AdxDiCrossBracketOG 5m Trinity false,OG_AdxDiCrossBracketOG,OG,NQ,NQ JUN26,LONG,1,27940.25,27929.75,-210.00,-210.00,-42.0,LOSS,STOP_HIT,27926.50,275.00,2026-05-07 09:35:05
2026-05-04,2026-05-04 14:05:00,2026-05-04 14:15:00,OG,SimADX1,AdxDiCrossBracketOG 5m Trinity false,OG_AdxDiCrossBracketOG,OG,NQ,NQ JUN26,LONG,1,27792.25,27791.00,-25.00,-25.00,-5.0,LOSS,STOP_HIT,27759.25,660.00,2026-05-07 09:35:05
2026-05-04,2026-05-04 14:25:00,2026-05-04 14:30:00,OG,SimADX1,AdxDiCrossBracketOG 5m Trinity false,OG_AdxDiCrossBracketOG,OG,NQ,NQ JUN26,SHORT,1,27774.25,27763.75,210.00,210.00,42.0,WIN,STOP_HIT,27805.00,615.00,2026-05-07 09:35:05
2026-05-06,2026-05-06 09:55:00,2026-05-06 09:55:00,OG,SimADX1,AdxDiCrossBracketOG 5m Trinity false,OG_AdxDiCrossBracketOG,OG,NQ,NQ JUN26,LONG,1,28468.75,28425.25,-870.00,-870.00,-174.0,LOSS,STOP_HIT,28425.25,870.00,2026-05-07 09:35:05
2026-05-06,2026-05-06 10:00:00,2026-05-06 10:05:00,OG,SimADX1,AdxDiCrossBracketOG 5m Trinity false,OG_AdxDiCrossBracketOG,OG,NQ,NQ JUN26,SHORT,1,28495.25,28449.00,925.00,925.00,185.0,WIN,TARGET_HIT,28541.50,925.00,2026-05-07 09:35:05
2026-05-06,2026-05-06 10:55:00,2026-05-06 11:15:00,OG,SimADX1,AdxDiCrossBracketOG 5m Trinity false,OG_AdxDiCrossBracketOG,OG,NQ,NQ JUN26,LONG,1,28536.50,28536.25,-5.00,-5.00,-1.0,LOSS,STOP_HIT,28488.75,955.00,2026-05-07 09:35:05
2026-05-07,2026-05-07 04:35:00,2026-05-07 04:55:00,OG,SimADX1,AdxDiCrossBracketOG 5m Trinity false,OG_AdxDiCrossBracketOG,OG,NQ,NQ JUN26,SHORT,1,28747.25,28747.25,0.00,0.00,0.0,SCRATCH,STOP_HIT,28769.25,440.00,2026-05-07 09:35:05
